public/data/weather/2019/09/28/0000-wind-isobaric-850hPa-gfs-1.0.json
{"header": { "discipline":0, "disciplineName":"Meteorological products", "gribEdition":2, "gribLength":80807, "center":7, "centerName":"US National Weather Service - NCEP(WMC)", "subcenter":0, "refTime":"2019-09-28T00:00:00.000Z", "significanceOfRT":1, "significanceOfRTName":"Start of forecast", "productStatus":0, "productStatusName":"Operational products", "productType":1, "productTypeName":"Forecast products", "productDefinitionTemplate":0, "productDefinitionTemplateName":"Analysis/forecast at horizontal level/layer at a point in time", "parameterCategory":2, "parameterCategoryName":"Momentum", "parameterNumber":3, "parameterNumberName":"V-component_of_wind", "parameterUnit":"m.s-1", "genProcessType":2, "genProcessTypeName":"Forecast", "forecastTime":0, "surface1Type":100, "surface1TypeName":"Isobaric surface", "surface1Value":85000.0, "surface2Type":255, "surface2TypeName":"Missing", "surface2Value":0.0, "gridDefinitionTemplate":0, "gridDefinitionTemplateName":"Latitude_Longitude", "numberPoints":65160, "shape":6, "shapeName":"Earth spherical with radius of 6,371,229.0 m", "gridUnits":"degrees", "resolution":48, "winds":"true", "scanMode":0, "nx":360, "ny":181, "basicAngle":0, "lo1":0.0, "la1":90.0, "lo2":359.0, "la2":-90.0, "dx":1.0, "dy":1.0 }, "data":
[rows 78 to 103 of 181, columns 59 to 117 of 360]
2.1488159,1.538816,0.4888159,-0.3611841,-1.0011841,-2.461184,-2.5411842,-2.6111841,-1.6211841,-0.5311841,1.288816,1.4788159,0.3888159,1.2488159,0.50881594,0.3588159,-1.2211841,-0.6411841,0.95881593,1.0088159,1.3888159,0.70881593,-0.4811841,-1.7711841,-2.751184,-2.0911841,-2.1011841,-2.5811841,-2.271184,-2.371184,-2.441184,-1.2211841,-0.60118407,-0.3611841,0.06881592,0.9188159,2.238816,1.438816,2.508816,1.3388159,-0.7011841,-3.0411842,-2.5511842,-0.24118409,-3.451184,-2.391184,-3.651184,-8.021184,-0.6311841,-3.631184,-9.111184,-4.541184,-3.8511841,-2.131184,-2.261184,-2.5411842,-2.881184,-2.5311842,-1.451184
3.068816,1.8888159,0.9688159,-0.25118408,-1.711184,-1.551184,-1.581184,-2.871184,-0.9111841,-0.23118408,-0.041184083,0.3888159,0.03881592,0.3588159,1.198816,-0.80118406,-3.201184,-1.7411841,-2.001184,-0.041184083,0.17881592,-0.92118406,-2.261184,-3.121184,-3.511184,-3.171184,-2.5911841,-3.2911842,-2.8611841,-2.461184,-1.801184,-1.2811841,-1.0911841,-0.93118405,-1.211184,-0.3611841,1.1388159,1.6088159,0.9388159,2.078816,-0.32118407,-0.21118408,-1.9111841,-0.28118408,-2.911184,-6.271184,-7.9111843,0.63881594,-1.311184,-6.391184,-6.341184,-5.051184,-3.251184,-2.171184,-1.6211841,-2.381184,-2.901184,-2.901184,0.9388159
2.778816,1.8288159,0.7788159,-0.05118408,-1.4011841,-2.2811842,-0.99118406,-0.5311841,-0.29118407,-0.8811841,0.11881592,-0.22118407,-0.6511841,-0.7011841,0.22881591,-2.211184,-3.241184,-3.8311841,-0.2611841,-2.451184,-1.9211841,-2.641184,-3.0511842,-3.631184,-3.7911842,-3.911184,-4.261184,-3.8011842,-3.681184,-2.8211842,-2.241184,-1.9811841,-0.3611841,-0.79118407,-1.321184,-0.5611841,0.108815916,0.88881594,1.948816,-0.9411841,1.1588159,-1.3511841,-1.8411841,-1.681184,-4.111184,-5.421184,-1.8911841,0.3588159,-5.941184,-3.521184,-3.181184,-2.8211842,-2.0611842,-1.561184,-1.0111841,-1.5111841,-1.7411841,0.018815918,1.818816
2.058816,1.188816,0.06881592,-1.311184,-0.7111841,-0.7611841,-1.681184,-1.581184,-1.301184,-1.5411841,-0.17118408,-0.43118408,-1.9011841,-1.051184,-0.54118407,-2.5511842,-3.511184,-3.3211842,-1.191184,-3.401184,-3.921184,-3.761184,-4.111184,-4.821184,-4.591184,-3.741184,-2.741184,-2.871184,-3.1011841,-2.691184,-2.3011842,-2.471184,-1.1611841,-1.211184,-1.1011841,-0.09118408,0.21881592,0.028815918,1.938816,1.548816,0.31881592,0.42881593,-0.68118405,-1.5211841,-3.441184,-3.6011841,-2.3311841,-5.631184,-2.501184,0.64881593,-1.2711841,-1.2911841,-1.191184,-1.0111841,-0.08118408,0.37881592,0.46881592,1.3688159,1.788816
1.038816,-0.4911841,-1.1611841,-0.60118407,-0.85118407,-1.5911841,-1.7211841,-1.7411841,-1.7411841,-0.6511841,-0.7711841,-0.8211841,-1.7311841,-2.0711842,-1.331184,-3.391184,-2.751184,-2.8211842,-2.181184,-5.581184,-4.551184,-4.731184,-4.061184,-1.8911841,-3.231184,-2.411184,-2.8111842,-3.381184,-2.901184,-1.7711841,-0.9411841,-1.8511841,-1.571184,-1.0311841,0.09881592,0.6188159,0.31881592,0.18881592,1.448816,1.6188159,1.0088159,-0.6311841,-1.4011841,-1.6311841,-1.1211841,-2.121184,-4.391184,-2.1111841,-0.5311841,-1.6411841,-1.0311841,-0.5811841,-0.16118409,0.3588159,1.2188159,0.9988159,0.9388159,-0.41118407,0.56881595
0.048815917,-0.99118406,-1.4811841,-1.451184,-1.071184,-1.7811841,-2.0711842,-1.4711841,-1.1711841,0.048815917,-0.7711841,-1.321184,-2.0411842,-2.731184,-3.001184,-3.641184,-2.741184,-2.8511841,-3.941184,-6.071184,-6.811184,-6.921184,-3.931184,-5.4511843,-3.651184,-1.1211841,-0.79118407,-1.331184,-1.0011841,-1.2711841,-0.55118406,-0.5811841,-0.8811841,-1.4711841,-0.5711841,1.688816,1.2788159,0.64881593,2.228816,0.9888159,0.8588159,0.6088159,-1.1011841,-2.401184,-1.201184,-1.551184,-1.301184,-0.5111841,-0.6511841,-0.55118406,-0.25118408,-0.12118408,1.3788159,0.19881591,0.5988159,1.798816,0.3888159,0.81881595,0.8688159
-1.0411841,-1.0211841,-1.3411841,-1.2611841,-1.4811841,-1.7511841,-1.3711841,-0.5811841,-0.47118407,-1.6011841,-0.05118408,-0.071184084,-2.901184,-2.691184,-2.621184,-2.221184,-1.561184,-3.2911842,-4.921184,-6.061184,-6.531184,-2.001184,-7.351184,-5.9311843,-4.691184,-3.5711842,-2.661184,-2.5911841,-2.6111841,-1.831184,-0.32118407,-0.86118406,-0.3311841,1.0188159,0.40881592,0.8588159,2.4088159,2.6688159,2.228816,1.8688159,1.8988159,0.51881593,0.81881595,-0.21118408,-0.24118409,-0.47118407,-0.40118408,-0.74118406,-0.80118406,-0.6211841,-0.8211841,-1.0911841,0.03881592,-0.2611841,0.078815915,2.058816,1.928816,1.048816,0.8488159
-1.6411841,-1.2211841,-1.441184,-2.761184,-2.3611841,-1.1711841,-0.4511841,0.018815918,0.22881591,-1.6311841,-2.121184,-1.961184,-0.86118406,-1.0411841,-2.0811841,-2.5611842,-2.241184,-4.531184,-6.811184,-7.401184,-6.751184,-4.941184,-7.4511843,-7.341184,-5.091184,-3.3111842,-3.011184,-0.05118408,1.9588159,0.16881591,1.2488159,1.3688159,-0.21118408,-0.2711841,-0.3611841,0.22881591,0.13881592,-1.561184,2.368816,3.858816,1.3388159,1.698816,0.39881593,-0.41118407,0.36881593,0.5588159,0.5888159,0.08881592,-0.4911841,-0.5211841,-1.2311841,-0.85118407,0.3888159,1.6288159,1.3888159,1.5288159,1.4888159,1.8988159,1.168816
-2.731184,-1.8411841,-1.9811841,-1.961184,-0.7111841,-0.22118407,0.16881591,-0.13118409,-0.5811841,-1.5111841,-1.8611841,-1.4111841,-0.4211841,-0.7511841,-1.5111841,-1.6311841,-3.661184,-4.381184,-6.561184,-9.471184,-5.7211843,-5.591184,-9.7111845,-8.081184,-4.881184,-3.5711842,-3.0311842,4.768816,9.638816,5.828816,5.688816,6.418816,1.3888159,0.70881593,-0.16118409,-0.7611841,-0.55118406,-0.6511841,-1.3711841,2.268816,2.348816,1.8388159,0.16881591,-0.9011841,-0.5911841,1.678816,1.188816,-0.12118408,0.36881593,0.18881592,0.06881592,-0.55118406,0.27881593,1.7288159,1.9788159,2.2188158,1.538816,1.818816,1.938816
-2.411184,-2.8111842,-1.831184,-1.071184,-1.0311841,-0.37118408,0.33881593,-0.9511841,-1.2411841,-1.5411841,-1.6011841,-0.3611841,-0.18118408,-1.1411841,-1.431184,-0.16118409,-4.271184,-3.751184,-5.1811843,-8.511184,-7.301184,-7.821184,-8.521184,-6.751184,-3.6111841,-3.6111841,2.308816,11.298816,9.808816,9.818816,7.748816,4.538816,2.7088158,0.7188159,0.24881592,-0.13118409,0.70881593,-0.8411841,0.03881592,-2.721184,1.5788159,3.298816,0.6088159,-0.9011841,0.15881592,0.49881592,1.048816,0.7288159,0.4188159,-0.021184081,1.568816,3.4488158,2.818816,2.988816,3.1488159,2.348816,1.538816,1.4788159,2.1788158
-3.731184,-3.421184,-1.9111841,-0.8711841,-0.92118406,-0.7711841,-1.2311841,-0.61118406,-1.2411841,-0.9711841,-1.5411841,-0.6311841,-1.6311841,-3.3311841,-1.9711841,-0.5211841,-5.711184,-5.061184,-3.421184,-6.761184,-7.761184,-8.031184,-6.631184,-5.511184,-5.561184,-5.521184,5.148816,11.368816,11.618816,11.478816,7.598816,3.3888159,1.1388159,0.03881592,-0.9511841,-0.43118408,-1.551184,-1.2811841,0.28881592,1.3388159,-0.31118408,1.678816,1.298816,1.038816,1.568816,1.5988159,0.89881593,0.4188159,0.43881592,1.168816,1.6288159,3.788816,2.828816,3.6988158,2.608816,2.978816,2.4288158,1.418816,3.528816
-5.421184,-4.061184,-1.8511841,-1.691184,-1.2311841,-1.711184,-2.201184,-0.5911841,-0.22118407,-0.11118408,-0.3311841,-0.80118406,-1.1111841,-2.671184,-2.521184,-3.1111841,-0.61118406,-5.061184,-5.1611843,-7.4711843,-3.8311841,-7.131184,-4.041184,-3.481184,-2.731184,-1.801184,7.098816,9.988816,11.148816,6.678816,7.928816,5.828816,1.7788159,1.938816,0.39881593,-0.8711841,-0.4811841,1.9788159,1.058816,1.178816,-1.811184,2.118816,2.878816,3.988816,2.778816,1.448816,0.6288159,-0.21118408,-1.1611841,0.028815918,0.76881593,2.298816,2.728816,3.778816,3.578816,1.678816,2.768816,1.8488159,3.1488159
-4.281184,-3.3611841,-2.011184,-2.651184,-2.0711842,-1.6111841,0.7988159,1.558816,0.16881591,-0.16118409,-0.35118407,0.95881593,-0.7511841,-2.431184,-2.381184,-2.461184,0.42881593,-0.98118407,-4.441184,-2.951184,-5.601184,-2.381184,-3.3511841,-1.7511841,-1.1211841,-0.6911841,6.928816,8.588816,7.698816,8.838816,7.668816,6.538816,5.788816,1.8688159,-0.9511841,-0.9611841,0.20881592,1.8688159,5.3188157,1.048816,-0.5211841,-0.35118407,2.878816,3.9588158,2.118816,1.7788159,0.9088159,0.4788159,-0.29118407,-1.4211841,0.27881593,1.9088159,3.1588159,2.9188159,2.6588159,3.028816,3.368816,2.1888158,2.298816
-4.4511843,-3.621184,-3.7911842,-3.161184,-2.0311842,-1.331184,-0.34118408,-0.3611841,-0.3311841,-0.11118408,-2.491184,-2.181184,-0.8911841,-1.1611841,-1.4911841,-0.9011841,-1.451184,-2.261184,-1.2611841,-3.401184,-4.9511843,-2.7911842,-0.60118407,-0.92118406,0.82881594,0.7388159,3.488816,3.6488159,4.938816,6.358816,7.348816,5.718816,4.128816,2.998816,-0.28118408,0.33881593,-0.2611841,0.048815917,-0.3011841,-0.3911841,-0.74118406,-1.3711841,2.618816,5.498816,5.558816,4.2788157,3.608816,2.278816,0.9888159,-2.0411842,-0.4511841,0.7788159,2.548816,3.538816,2.3988159,3.248816,3.498816,3.8888159,1.5088159
-5.4111843,-4.111184,-3.2811842,-1.931184,-1.9211841,-1.551184,-1.1311841,-1.1611841,-0.9111841,-1.5211841,-3.441184,-2.8211842,-2.151184,-2.991184,-1.941184,-1.441184,-0.37118408,-2.191184,-1.5311841,-0.001184082,-0.40118408,-2.181184,-0.23118408,2.508816,-1.5311841,-1.0311841,0.028815918,1.0988159,3.6688159,3.9588158,2.738816,2.508816,3.478816,3.3988159,1.168816,2.548816,1.548816,0.048815917,0.13881592,-0.22118407,0.2988159,-0.5811841,-1.311184,4.8388157,5.168816,3.848816,3.998816,3.1388159,1.418816,-1.4211841,-1.1211841,0.15881592,1.1488159,2.488816,5.478816,4.888816,2.348816,5.168816,3.4188159
-4.521184,-3.181184,-1.9711841,-3.241184,-3.201184,-2.691184,-2.191184,-2.5411842,-1.7411841,-1.2911841,-2.231184,-3.0311842,-2.5411842,-1.8811841,-1.8911841,-0.4511841,-0.46118408,-0.99118406,-1.051184,-1.2211841,0.4188159,0.16881591,-0.7711841,-2.711184,-1.2311841,-2.421184,-1.451184,0.7488159,0.37881592,2.558816,0.31881592,2.4588158,1.448816,2.278816,2.3888159,2.6588159,2.298816,2.9488158,2.2088158,0.88881594,0.7988159,-0.61118406,-1.561184,-1.4711841,3.038816,3.528816,3.298816,4.0688157,2.478816,-1.1711841,-0.041184083,1.198816,0.5288159,1.1088159,1.7588159,2.358816,2.018816,6.558816,4.648816
-4.211184,-3.151184,-2.8611841,-2.8511841,-2.641184,-2.471184,-2.201184,-2.3211842,-2.711184,-1.581184,-0.7711841,-1.3911841,-1.6311841,-1.0911841,-1.7411841,-0.5111841,-0.40118408,-0.9611841,-1.951184,-1.5911841,-1.6511841,-2.431184,-1.0311841,-0.9111841,0.4888159,-0.61118406,0.6788159,1.2188159,0.7988159,2.588816,1.448816,1.1488159,1.3388159,-0.73118407,0.34881592,0.57881594,2.118816,2.9688158,2.768816,1.318816,1.9888159,0.7988159,-1.8411841,-5.061184,-0.9511841,1.1588159,2.078816,2.348816,0.88881594,0.05881592,0.95881593,-1.6211841,-0.20118408,0.76881593,2.568816,3.9488158,5.418816,6.448816,3.1688159
-3.0911841,-2.021184,-2.2911842,-2.251184,-2.6111841,-2.221184,-2.231184,-2.921184,-2.0611842,-1.4711841,-1.3811841,-0.101184085,-2.521184,-0.8411841,-1.6211841,-1.0911841,-0.54118407,-0.071184084,-1.4111841,-2.2811842,-2.871184,-2.751184,-3.6011841,-2.431184,-1.7511841,-0.22118407,1.058816,1.7288159,0.7388159,1.1288159,2.358816,1.798816,2.478816,2.528816,0.6288159,-0.41118407,0.7188159,1.0288159,2.9688158,2.308816,0.75881594,-0.001184082,-0.80118406,-0.5311841,-2.0511842,-1.311184,0.5388159,0.17881592,1.3888159,1.688816,2.328816,-0.28118408,-4.651184,0.2588159,0.4888159,4.198816,3.878816,5.3388157,5.118816
-2.441184,-3.001184,-3.211184,-2.3311841,-2.761184,-2.461184,-2.491184,-1.9811841,-2.5411842,-1.1711841,-1.4811841,-1.9811841,-1.801184,-1.3611841,0.39881593,0.69881594,0.27881593,0.028815918,-0.3611841,-2.6111841,-3.461184,-4.231184,-4.601184,-3.1011841,-2.011184,-1.321184,-0.80118406,0.2988159,0.11881592,0.45881593,1.5888159,2.2088158,2.538816,2.2088158,1.0788159,-0.44118407,-0.6211841,0.39881593,0.82881594,1.818816,2.2188158,0.6688159,-0.22118407,-1.551184,-2.8411841,-3.411184,-1.3711841,-1.1611841,0.69881594,0.88881594,0.6788159,0.49881592,-2.021184,-0.11118408,0.2988159,4.408816,5.108816,4.388816,2.728816
-3.491184,-2.981184,-2.8511841,-1.6311841,-1.701184,-2.021184,-1.3511841,-1.301184,-1.1311841,-1.321184,-0.67118406,-1.6411841,-0.38118407,-0.5111841,-0.47118407,0.95881593,1.0288159,1.2288159,1.2588159,-0.3011841,-1.5911841,-2.021184,-2.151184,-3.221184,-2.421184,-1.6511841,-0.99118406,-0.3311841,0.5288159,0.03881592,1.0788159,0.21881592,0.31881592,1.2188159,0.6788159,0.018815918,0.7788159,0.33881593,-0.41118407,-0.16118409,1.188816,1.2288159,0.33881593,-2.381184,-1.7611841,-0.35118407,0.2988159,1.3788159,-0.85118407,1.7788159,-0.19118409,-0.3911841,-1.3411841,-0.25118408,0.13881592,4.468816,4.618816,3.6888158,0.69881594
-2.201184,-1.1411841,-0.92118406,-0.2711841,-1.6311841,-2.511184,-1.2911841,-0.5311841,-1.321184,-1.0311841,-1.1511841,-0.8911841,-0.7211841,-1.3711841,-0.46118408,0.36881593,1.288816,0.9688159,1.438816,1.318816,-0.4211841,-1.4711841,-3.021184,-2.241184,-1.551184,-1.1411841,-0.6911841,-0.28118408,-0.5811841,-0.13118409,-0.19118409,0.7188159,0.94881594,1.6188159,1.688816,0.9388159,0.63881594,-0.011184082,-0.14118408,-1.061184,0.18881592,0.95881593,0.20881592,-1.4911841,-1.6511841,-0.99118406,-0.5111841,0.11881592,0.8088159,0.76881593,1.6288159,-0.13118409,0.17881592,2.288816,0.94881594,-0.7211841,1.2788159,0.9088159,1.068816
0.078815915,0.36881593,0.24881592,-0.5011841,0.028815918,-0.55118406,-1.0011841,-1.071184,-0.8411841,-0.67118406,-0.68118405,-0.46118408,-0.7611841,-0.9611841,-0.7111841,-0.15118408,0.33881593,0.49881592,1.298816,0.7788159,0.9888159,-0.17118408,-0.44118407,-0.12118408,-0.9011841,-1.8411841,-1.8611841,-1.181184,-1.071184,-0.8311841,-0.18118408,-0.5911841,-1.5111841,-0.60118407,-0.4511841,0.8388159,0.6588159,0.28881592,0.078815915,1.2088159,2.4488158,2.068816,1.568816,0.23881592,-0.25118408,-0.9111841,-0.6211841,0.9888159,0.6888159,0.7288159,1.1288159,0.23881592,-0.071184084,0.6688159,1.0088159,1.288816,1.1288159,1.678816,1.9088159
-0.31118408,-0.4911841,0.31881592,-0.13118409,-0.2711841,0.4788159,0.19881591,0.7388159,0.76881593,0.2588159,-0.3611841,0.39881593,0.94881594,0.8488159,0.3888159,0.028815918,0.03881592,-0.5811841,-1.0211841,-1.3411841,-0.9611841,-0.98118407,-1.4711841,-0.13118409,-0.47118407,-2.0511842,-1.7811841,-1.6711841,-1.6011841,-1.8811841,0.69881594,0.08881592,0.9188159,0.75881594,0.2688159,1.2088159,1.8988159,1.0888159,1.3388159,1.698816,1.9088159,1.198816,1.2588159,0.5288159,-0.31118408,-0.41118407,0.09881592,0.8588159,0.63881594,-0.16118409,-0.3311841,-0.32118407,-0.61118406,0.4788159,0.6288159,0.7288159,1.3488159,1.548816,-0.101184085
0.028815918,0.9088159,0.63881594,0.08881592,-0.20118408,0.40881592,1.038816,1.308816,1.0888159,0.7888159,1.3888159,1.3288159,1.428816,2.348816,1.3288159,0.20881592,-0.8711841,-1.2911841,-1.8411841,-2.3511841,-2.8311841,-2.2811842,-2.261184,-2.2811842,-1.2611841,-1.8811841,-1.7911841,-0.29118407,-0.5111841,-0.9511841,-1.7311841,-1.061184,-1.311184,-1.1611841,-0.68118405,0.018815918,0.8688159,1.2588159,1.5988159,1.668816,2.038816,1.448816,1.918816,1.438816,1.1288159,0.33881593,-0.2711841,-1.051184,-0.14118408,-0.44118407,-0.6511841,-1.2311841,-1.1511841,0.3888159,1.188816,0.5988159,-0.13118409,-1.1011841,-1.5911841
-0.2611841,-0.021184081,0.03881592,0.46881592,0.11881592,-0.3311841,0.9388159,1.8888159,1.7188159,1.5788159,1.0888159,1.2388159,2.338816,2.738816,2.248816,1.318816,1.2188159,0.18881592,-2.871184,-4.541184,-5.021184,-3.8411841,-3.451184,-3.901184,-2.421184,-1.8611841,-2.5811841,-3.421184,-1.4111841,-0.041184083,0.2688159,-0.8411841,-1.3811841,-0.44118407,0.4488159,0.2688159,0.4788159,0.46881592,1.1188159,1.0088159,1.1588159,1.0888159,1.4788159,0.23881592,-0.13118409,-0.5911841,-0.09118408,0.078815915,-1.0211841,-1.711184,-0.8911841,-0.8311841,-0.37118408,0.8088159,1.0888159,1.6088159,-0.6211841,-1.211184,-2.0711842
1.068816,1.3388159,2.048816,2.4488158,1.7288159,2.278816,2.118816,0.7888159,1.288816,1.3888159,1.688816,2.1488159,2.998816,2.278816,1.6288159,0.6088159,0.37881592,0.8488159,-1.2211841,-4.241184,-4.401184,-4.391184,-3.0511842,-2.5311842,-3.441184,-3.5311842,-4.231184,-3.881184,-3.461184,-0.85118407,-0.4511841,-0.8111841,-1.301184,-1.071184,-0.37118408,0.3888159,0.75881594,1.2688159,1.3388159,1.7788159,1.4788159,0.7288159,0.6688159,0.03881592,0.5888159,-0.7611841,-1.3911841,-0.7111841,-0.54118407,-0.47118407,-1.201184,-0.6211841,0.2588159,1.7688159,1.8988159,1.4888159,-0.37118408,-2.3311841,-2.731184
