public/data/weather/2019/09/28/0000-wind-isobaric-70hPa-gfs-1.0.json
{"header": { "discipline":0, "disciplineName":"Meteorological products", "gribEdition":2, "gribLength":69453, "center":7, "centerName":"US National Weather Service - NCEP(WMC)", "subcenter":0, "refTime":"2019-09-28T00:00:00.000Z", "significanceOfRT":1, "significanceOfRTName":"Start of forecast", "productStatus":0, "productStatusName":"Operational products", "productType":1, "productTypeName":"Forecast products", "productDefinitionTemplate":0, "productDefinitionTemplateName":"Analysis/forecast at horizontal level/layer at a point in time", "parameterCategory":2, "parameterCategoryName":"Momentum", "parameterNumber":2, "parameterNumberName":"U-component_of_wind", "parameterUnit":"m.s-1", "genProcessType":2, "genProcessTypeName":"Forecast", "forecastTime":0, "surface1Type":100, "surface1TypeName":"Isobaric surface", "surface1Value":7000.0, "surface2Type":255, "surface2TypeName":"Missing", "surface2Value":0.0, "gridDefinitionTemplate":0, "gridDefinitionTemplateName":"Latitude_Longitude", "numberPoints":65160, "shape":6, "shapeName":"Earth spherical with radius of 6,371,229.0 m", "gridUnits":"degrees", "resolution":48, "winds":"true", "scanMode":0, "nx":360, "ny":181, "basicAngle":0, "lo1":0.0, "la1":90.0, "lo2":359.0, "la2":-90.0, "dx":1.0, "dy":1.0 }, "data":
[rows 27 to 53 of 181, columns 300 to 359 of 360]
2.281311,2.211311,1.941311,2.081311,2.311311,2.651311,3.521311,3.751311,3.591311,3.731311,3.321311,3.261311,3.4413111,3.6613111,2.471311,2.791311,3.021311,1.3513111,0.11131103,0.71131104,1.921311,2.401311,2.571311,2.1913111,2.021311,1.691311,1.671311,1.141311,0.59131104,0.44131103,0.851311,1.2513111,1.7413111,1.531311,1.631311,2.301311,1.951311,1.791311,1.891311,1.651311,1.321311,0.981311,0.621311,1.011311,0.69131106,0.801311,1.211311,1.421311,1.281311,1.151311,1.171311,1.131311,1.641311,2.051311,2.091311,2.271311,2.081311,2.031311,2.051311,2.201311
2.341311,1.841311,1.411311,1.691311,1.711311,2.011311,2.281311,2.9413111,3.611311,3.651311,3.6913111,2.791311,1.891311,2.031311,3.071311,2.861311,2.571311,3.021311,2.451311,0.90131104,0.71131104,1.271311,2.461311,2.9313111,2.861311,2.6713111,2.731311,2.961311,2.541311,2.221311,2.321311,2.241311,2.321311,2.511311,1.881311,2.081311,1.941311,1.531311,1.901311,2.1813111,2.241311,1.6013111,1.541311,0.97131103,0.70131105,1.0013111,1.331311,2.091311,2.241311,2.051311,1.881311,1.9813111,2.451311,2.461311,2.371311,2.221311,2.241311,2.201311,2.571311,2.601311
2.601311,2.071311,1.301311,1.061311,1.711311,1.521311,2.001311,2.4413111,3.091311,3.9113111,3.591311,2.961311,2.9213111,1.1013111,1.941311,3.061311,3.6913111,2.9413111,2.251311,2.831311,2.6913111,2.1713111,1.941311,2.641311,3.381311,3.611311,4.051311,3.771311,3.701311,3.831311,3.4413111,2.771311,2.531311,2.811311,2.9413111,2.111311,2.1813111,2.231311,2.051311,2.321311,2.811311,2.591311,2.4113111,2.221311,1.441311,1.8513111,2.141311,3.121311,3.031311,3.4413111,3.731311,3.501311,3.321311,3.211311,2.731311,2.591311,2.581311,2.721311,2.9413111,3.1613111
1.951311,1.451311,1.011311,1.341311,1.581311,2.041311,2.031311,2.061311,2.591311,3.091311,3.591311,2.741311,2.901311,2.701311,1.891311,2.451311,3.551311,3.901311,2.531311,2.371311,3.241311,3.481311,4.861311,4.5613112,4.141311,4.511311,4.951311,5.211311,5.101311,4.841311,4.731311,4.181311,3.721311,3.751311,3.731311,3.4213111,2.721311,2.551311,2.741311,2.9213111,3.4113111,3.451311,3.1713111,2.841311,3.281311,3.061311,3.731311,4.501311,4.381311,5.091311,5.971311,5.991311,4.921311,4.451311,3.6813111,3.741311,3.751311,3.981311,3.9213111,4.321311
1.771311,0.801311,1.451311,2.211311,1.9813111,1.571311,1.511311,2.301311,2.6613111,2.621311,2.841311,3.391311,2.211311,2.221311,2.861311,2.641311,3.731311,3.841311,3.331311,2.9313111,2.991311,3.981311,4.901311,5.431311,5.011311,4.521311,5.751311,6.621311,6.761311,6.431311,5.611311,4.351311,3.971311,4.441311,4.281311,3.501311,3.521311,3.451311,3.091311,3.331311,3.6813111,3.6913111,3.461311,3.291311,3.571311,3.651311,4.491311,5.241311,5.8113112,6.501311,6.781311,6.841311,6.491311,6.011311,5.5613112,5.421311,4.661311,4.5413113,4.611311,4.501311
2.301311,2.301311,2.721311,2.231311,2.711311,2.511311,1.421311,1.6213111,2.151311,2.361311,1.891311,1.941311,2.121311,2.771311,2.811311,2.861311,3.901311,4.571311,4.261311,4.271311,3.521311,2.9113111,3.9413111,4.991311,6.021311,5.971311,5.111311,6.021311,6.481311,6.911311,6.241311,5.021311,4.121311,4.031311,4.101311,3.251311,3.011311,2.821311,2.981311,2.701311,3.1613111,3.971311,4.441311,4.2913113,4.301311,4.631311,4.691311,4.781311,5.771311,6.701311,7.121311,7.731311,7.941311,7.621311,7.801311,7.411311,6.5613112,5.821311,5.891311,5.631311
3.791311,4.301311,4.731311,3.901311,3.231311,3.091311,2.821311,2.891311,1.401311,2.001311,2.261311,2.1713111,1.651311,1.9813111,2.881311,4.2913113,4.251311,3.741311,4.251311,4.011311,4.671311,4.741311,3.9313111,4.531311,5.881311,5.951311,5.471311,4.661311,5.241311,5.591311,5.671311,5.831311,4.921311,3.851311,3.951311,4.0413113,3.031311,3.091311,2.9313111,3.611311,3.571311,3.811311,4.391311,4.641311,4.781311,5.081311,5.501311,5.691311,5.761311,6.2913113,6.341311,6.841311,7.751311,8.291311,8.5513115,8.241311,7.631311,7.581311,7.031311,7.001311
6.251311,5.961311,6.771311,6.531311,5.421311,5.351311,4.741311,3.721311,3.021311,2.4313111,1.9813111,1.411311,2.471311,2.631311,2.751311,3.121311,3.381311,4.461311,5.431311,5.971311,6.151311,5.761311,5.531311,5.221311,5.711311,5.011311,5.131311,5.491311,5.501311,5.231311,5.141311,4.781311,4.951311,5.091311,4.721311,4.001311,3.961311,3.871311,4.0413113,4.271311,4.011311,4.781311,5.401311,5.831311,5.571311,5.5413113,5.961311,6.211311,6.211311,6.341311,6.191311,6.341311,6.341311,6.5613112,6.841311,7.151311,6.971311,6.711311,7.031311,7.491311
8.421311,8.181311,8.031311,7.501311,6.611311,6.251311,5.481311,5.181311,3.751311,3.861311,3.351311,2.881311,2.011311,1.7413111,3.051311,2.4113111,3.6613111,5.231311,6.101311,6.7913113,7.871311,8.041311,7.211311,5.7913113,6.001311,5.111311,4.921311,5.831311,6.5413113,5.991311,5.421311,5.141311,5.091311,5.101311,5.111311,4.931311,4.971311,5.251311,5.431311,5.571311,6.001311,6.121311,6.111311,6.411311,6.131311,6.381311,6.511311,6.841311,6.711311,6.5413113,6.131311,6.871311,7.111311,6.581311,5.901311,6.081311,6.721311,7.411311,7.171311,6.921311
9.741311,9.081311,8.311311,7.411311,7.231311,7.051311,6.701311,6.961311,4.951311,4.521311,4.111311,4.171311,4.081311,3.331311,2.6613111,2.551311,3.281311,4.751311,6.0613112,7.481311,7.7913113,8.161311,7.901311,7.501311,6.8113112,6.961311,5.431311,5.141311,5.981311,6.331311,6.011311,5.8113112,5.951311,6.451311,6.3113112,5.971311,5.801311,5.781311,5.751311,6.381311,6.741311,6.691311,6.8113112,7.401311,7.871311,7.831311,7.521311,7.2913113,7.181311,6.961311,7.191311,7.0413113,7.991311,7.161311,7.101311,8.331311,8.061311,7.351311,7.511311,7.721311
10.751311,9.981311,9.291311,8.591311,7.5613112,8.061311,7.621311,6.971311,6.621311,6.141311,5.831311,5.521311,5.2913113,5.641311,4.761311,4.151311,3.641311,4.711311,5.091311,6.781311,7.001311,7.411311,7.691311,7.871311,7.421311,5.831311,6.461311,5.5613112,5.2913113,6.261311,5.711311,6.441311,7.201311,7.491311,7.151311,7.161311,7.261311,6.931311,7.171311,7.531311,7.371311,7.511311,7.611311,7.651311,7.941311,8.341311,8.781311,8.851311,8.771311,8.241311,8.331311,8.701311,8.711311,8.831311,8.451311,8.701311,9.001311,8.521311,9.021311,9.661311
11.451311,9.861311,9.961311,9.381311,9.521311,8.041311,8.421311,8.111311,7.671311,7.381311,6.741311,6.691311,6.0613112,5.531311,5.691311,5.251311,4.931311,4.871311,5.171311,5.841311,6.741311,6.711311,6.641311,7.5413113,7.451311,6.051311,5.991311,5.931311,7.981311,6.511311,7.341311,7.611311,7.471311,8.851311,9.011311,9.001311,8.961311,8.631311,8.481311,8.251311,8.181311,8.171311,7.7913113,8.421311,8.5513115,8.631311,8.511311,9.351311,9.641311,9.681311,9.241311,9.731311,8.911311,9.331311,9.921311,10.641311,10.741311,8.711311,10.251311,9.671311
10.941311,11.411311,10.311311,9.591311,10.721311,9.841311,8.571311,8.0513115,8.501311,8.181311,7.471311,6.951311,6.841311,6.261311,5.711311,5.871311,6.0613112,6.281311,6.551311,6.221311,6.471311,6.251311,5.411311,5.011311,5.511311,5.801311,6.681311,7.151311,7.621311,8.651311,7.961311,7.611311,7.361311,8.451311,8.771311,8.901311,9.211311,8.661311,8.141311,7.871311,6.951311,7.911311,7.991311,8.111311,8.341311,9.181311,8.891311,9.231311,9.361311,9.291311,8.811311,9.701311,8.8013115,8.521311,8.371311,8.251311,9.841311,9.641311,9.611311,10.531311
10.631311,10.591311,11.941311,10.471311,10.591311,10.871311,9.761311,8.381311,8.061311,8.441311,8.401311,7.631311,6.921311,5.931311,5.831311,5.781311,5.721311,7.221311,7.3113112,6.751311,6.991311,6.591311,6.711311,5.141311,5.7913113,6.241311,6.021311,7.671311,6.761311,6.691311,6.911311,6.841311,6.451311,7.591311,8.341311,8.081311,7.411311,7.961311,6.571311,6.161311,5.571311,5.771311,6.031311,6.571311,7.421311,8.031311,8.331311,9.031311,8.921311,8.891311,9.091311,9.571311,9.281311,8.431311,8.3013115,8.911311,9.661311,10.511311,11.141311,10.351311
9.581311,9.841311,11.601311,10.751311,11.341311,10.781311,9.961311,8.681311,8.701311,8.381311,8.081311,8.031311,7.451311,6.3113112,5.831311,5.981311,6.471311,6.741311,7.841311,7.011311,6.971311,7.391311,7.121311,6.931311,7.351311,6.921311,6.871311,6.991311,7.971311,6.371311,8.281311,8.461311,8.771311,9.401311,9.891311,7.641311,8.721311,8.3013115,7.871311,7.331311,6.701311,6.171311,5.991311,6.531311,6.131311,6.741311,6.931311,7.401311,7.981311,8.411311,8.401311,8.791311,9.321311,8.841311,8.461311,8.8013115,9.161311,10.741311,9.981311,9.741311
9.391311,10.341311,9.901311,11.211311,10.211311,10.0513115,9.591311,8.741311,8.931311,8.741311,8.471311,8.001311,7.5413113,7.111311,7.781311,7.361311,6.7913113,7.481311,7.431311,7.221311,7.911311,7.531311,7.051311,8.541311,8.541311,7.531311,7.621311,8.3013115,7.691311,7.261311,8.271311,9.581311,9.721311,8.8013115,8.731311,8.761311,8.021311,8.161311,8.401311,8.011311,7.971311,7.221311,7.441311,7.451311,6.801311,7.331311,7.7913113,8.3013115,7.681311,7.971311,7.961311,8.441311,8.881311,9.231311,9.481311,9.3013115,9.221311,9.661311,9.601311,9.341311
12.121311,9.3013115,9.811311,10.601311,9.191311,9.631311,8.451311,8.651311,8.421311,8.561311,9.401311,9.441311,9.121311,8.841311,9.0513115,8.411311,7.091311,7.421311,7.321311,7.5413113,8.411311,7.671311,7.431311,7.601311,7.931311,7.241311,7.141311,8.041311,8.931311,6.861311,9.161311,10.541311,9.3013115,8.561311,8.381311,8.201311,8.081311,7.271311,8.141311,7.201311,8.161311,7.571311,7.531311,7.121311,7.421311,7.5613112,8.141311,8.251311,8.001311,7.661311,8.021311,8.241311,9.111311,9.501311,9.541311,9.251311,8.8013115,9.861311,9.941311,10.021311
11.761311,9.951311,10.781311,10.611311,10.951311,9.8013115,9.401311,9.271311,8.651311,9.441311,10.641311,11.3013115,10.961311,9.661311,9.371311,8.841311,8.361311,7.691311,7.251311,7.691311,8.091311,7.481311,7.371311,6.971311,7.2913113,6.821311,6.501311,8.081311,8.141311,9.231311,9.121311,7.871311,9.041311,7.841311,8.241311,7.941311,7.771311,6.801311,6.3113112,7.471311,7.101311,6.411311,6.301311,6.641311,6.871311,7.5413113,8.161311,8.491311,8.891311,8.871311,9.191311,9.041311,9.281311,9.391311,9.281311,9.3013115,8.921311,9.401311,9.501311,9.181311
12.951311,12.061311,11.641311,10.891311,10.781311,10.701311,10.681311,10.401311,10.761311,10.491311,10.881311,10.871311,9.971311,10.521311,9.971311,9.291311,9.321311,8.721311,8.221311,7.331311,7.441311,6.771311,7.111311,6.821311,6.661311,5.981311,5.321311,6.801311,7.281311,7.741311,7.151311,7.661311,7.161311,7.821311,7.871311,6.921311,7.331311,7.051311,6.001311,7.3113112,5.851311,5.971311,6.071311,6.301311,6.131311,6.581311,7.181311,7.581311,7.941311,8.101311,8.491311,8.711311,8.831311,9.071311,8.581311,9.411311,9.001311,8.981311,9.851311,9.981311
12.571311,12.491311,10.651311,11.971311,12.731311,11.571311,11.221311,11.031311,10.5513115,11.321311,11.191311,10.681311,10.241311,10.161311,9.821311,9.821311,8.901311,8.231311,8.001311,7.331311,6.801311,7.331311,6.851311,6.421311,5.641311,6.131311,5.8113112,7.021311,8.171311,5.481311,6.5613112,6.731311,7.021311,6.701311,6.331311,5.741311,8.561311,5.191311,6.781311,6.211311,4.891311,5.761311,5.781311,6.071311,6.241311,6.261311,5.421311,6.531311,6.751311,6.851311,7.411311,8.121311,7.781311,8.681311,8.441311,8.361311,9.701311,9.251311,10.201311,9.911311
9.441311,9.921311,11.441311,11.661311,11.531311,12.061311,11.671311,11.291311,11.911311,11.191311,10.451311,11.151311,10.401311,10.741311,10.151311,9.731311,9.271311,7.101311,6.511311,6.431311,7.031311,6.511311,7.101311,7.331311,5.901311,6.3113112,5.771311,6.871311,7.111311,5.721311,5.441311,6.231311,6.231311,5.741311,5.691311,6.601311,5.991311,5.361311,7.191311,4.471311,4.681311,5.2913113,4.341311,4.581311,4.671311,5.171311,5.981311,6.251311,6.831311,6.591311,6.401311,6.831311,7.991311,8.331311,8.531311,8.421311,9.081311,10.391311,10.171311,10.681311
11.351311,11.571311,11.011311,9.671311,10.221311,10.291311,10.851311,11.621311,11.671311,10.341311,11.0513115,11.131311,9.891311,10.021311,9.621311,8.991311,8.101311,7.621311,7.231311,7.011311,6.381311,6.711311,7.781311,6.951311,6.421311,6.031311,5.491311,6.251311,6.321311,5.511311,4.981311,5.501311,5.501311,5.131311,5.211311,4.671311,5.3113112,6.911311,3.951311,3.711311,4.251311,4.391311,3.731311,3.741311,4.391311,4.991311,5.731311,6.411311,6.391311,6.981311,7.351311,7.831311,8.031311,8.461311,8.431311,9.401311,10.121311,10.721311,10.651311,9.921311
9.511311,8.641311,8.841311,10.331311,10.081311,10.291311,10.861311,9.751311,9.971311,10.191311,11.041311,10.261311,9.261311,9.311311,8.421311,8.341311,8.391311,8.481311,7.191311,6.571311,6.451311,6.151311,6.931311,6.921311,6.051311,6.3113112,5.551311,5.861311,5.321311,5.361311,4.601311,4.741311,4.8113112,4.391311,4.451311,5.171311,4.921311,2.951311,2.781311,2.891311,3.551311,3.101311,3.9113111,4.031311,4.241311,5.201311,6.0413113,6.371311,6.651311,6.5413113,6.821311,6.941311,7.301311,7.881311,8.331311,8.951311,9.601311,9.731311,9.251311,8.991311
9.021311,9.241311,9.821311,9.261311,8.5513115,9.531311,9.391311,8.881311,9.641311,9.691311,9.471311,8.831311,9.451311,8.431311,8.961311,8.681311,8.891311,6.661311,5.881311,5.521311,5.261311,6.211311,5.931311,6.281311,6.441311,6.011311,6.011311,4.761311,4.781311,4.161311,4.231311,4.471311,4.271311,3.6613111,3.221311,2.971311,1.701311,1.881311,2.131311,2.621311,2.891311,3.801311,3.491311,4.201311,4.971311,5.5613112,6.121311,6.521311,6.651311,6.671311,6.981311,6.881311,7.021311,7.421311,7.801311,8.511311,8.971311,8.621311,8.521311,8.341311
8.371311,8.791311,7.881311,7.551311,8.121311,8.591311,8.341311,7.991311,7.851311,8.351311,8.781311,8.871311,8.491311,8.501311,8.651311,9.271311,7.731311,6.031311,4.661311,5.281311,5.661311,5.911311,5.841311,6.001311,5.7913113,5.591311,5.111311,4.371311,4.071311,3.551311,3.211311,3.241311,2.141311,1.541311,2.031311,1.061311,0.46131104,1.341311,2.071311,2.301311,2.341311,2.121311,2.4113111,3.641311,4.581311,5.0613112,5.761311,5.731311,5.891311,6.371311,6.401311,6.5413113,6.621311,7.141311,7.671311,7.641311,7.611311,7.281311,6.611311,7.361311
7.181311,7.441311,7.171311,7.111311,7.201311,7.441311,6.781311,7.001311,6.851311,8.141311,8.0513115,8.231311,8.111311,7.801311,7.841311,7.521311,6.071311,6.001311,5.261311,4.551311,5.451311,4.961311,4.251311,4.441311,3.851311,3.791311,4.201311,3.591311,3.111311,2.521311,2.081311,1.321311,1.041311,1.191311,-0.008688965,0.18131104,0.811311,2.1613111,1.921311,2.1613111,1.3713111,1.7413111,2.1813111,2.9113111,4.281311,5.151311,4.961311,5.251311,5.721311,6.121311,6.731311,6.521311,6.401311,6.5413113,7.111311,7.0613112,7.301311,6.941311,7.021311,7.661311
6.141311,5.441311,4.831311,4.751311,4.271311,4.111311,4.751311,5.121311,6.341311,7.5413113,7.411311,7.031311,5.951311,7.111311,8.141311,4.871311,4.991311,6.071311,4.441311,3.871311,3.791311,2.361311,2.101311,2.4413111,2.501311,2.451311,2.451311,2.491311,2.211311,1.161311,0.28131104,0.101311035,-0.31868896,-1.188689,-1.308689,-0.61868894,0.35131103,1.901311,1.011311,0.13131103,0.63131106,0.78131104,1.151311,2.571311,3.641311,3.771311,4.201311,4.781311,5.481311,5.881311,5.7913113,5.131311,5.471311,5.901311,6.7913113,7.2913113,7.0413113,6.831311,6.961311,6.981311
