public/data/weather/2019/09/28/0000-wind-isobaric-700hPa-gfs-1.0.json
{"header": { "discipline":0, "disciplineName":"Meteorological products", "gribEdition":2, "gribLength":78894, "center":7, "centerName":"US National Weather Service - NCEP(WMC)", "subcenter":0, "refTime":"2019-09-28T00:00:00.000Z", "significanceOfRT":1, "significanceOfRTName":"Start of forecast", "productStatus":0, "productStatusName":"Operational products", "productType":1, "productTypeName":"Forecast products", "productDefinitionTemplate":0, "productDefinitionTemplateName":"Analysis/forecast at horizontal level/layer at a point in time", "parameterCategory":2, "parameterCategoryName":"Momentum", "parameterNumber":3, "parameterNumberName":"V-component_of_wind", "parameterUnit":"m.s-1", "genProcessType":2, "genProcessTypeName":"Forecast", "forecastTime":0, "surface1Type":100, "surface1TypeName":"Isobaric surface", "surface1Value":70000.0, "surface2Type":255, "surface2TypeName":"Missing", "surface2Value":0.0, "gridDefinitionTemplate":0, "gridDefinitionTemplateName":"Latitude_Longitude", "numberPoints":65160, "shape":6, "shapeName":"Earth spherical with radius of 6,371,229.0 m", "gridUnits":"degrees", "resolution":48, "winds":"true", "scanMode":0, "nx":360, "ny":181, "basicAngle":0, "lo1":0.0, "la1":90.0, "lo2":359.0, "la2":-90.0, "dx":1.0, "dy":1.0 }, "data":
[rows 104 to 129 of 181, columns 118 to 176 of 360]
-1.5381689,0.0018310547,-0.908169,-1.4181689,-1.7981689,-0.99816895,0.87183106,0.33183107,1.391831,2.081831,3.331831,3.4018312,4.311831,5.351831,5.861831,6.7818313,7.351831,6.951831,4.771831,2.061831,1.131831,0.99183106,1.511831,0.83183104,0.24183105,0.28183106,1.9918311,3.1818311,2.301831,0.23183106,-2.0781689,-1.2881689,-2.128169,-2.8581688,-3.178169,-2.988169,-2.218169,-2.8281689,-2.0981688,-2.738169,-1.5081689,-3.278169,-4.298169,-5.308169,-3.918169,-0.50816894,-0.718169,-1.998169,-2.958169,-1.348169,-1.198169,0.041831054,-0.37816894,-0.20816894,-0.07816894,-0.14816895,-1.878169,-2.688169,-2.5981688
-1.228169,-2.008169,-2.0781689,-2.668169,-1.488169,-0.658169,0.08183105,-1.6581689,-0.86816895,0.42183104,1.3318311,3.521831,2.291831,3.831831,5.621831,5.581831,7.151831,7.401831,8.031831,5.141831,3.4018312,1.921831,0.50183105,0.31183106,-0.39816895,-1.078169,-0.39816895,0.74183106,1.3518311,1.871831,1.551831,0.28183106,-0.66816896,-3.0881689,-4.368169,-3.648169,-3.658169,-3.438169,-3.038169,-2.3481688,-2.788169,-2.3481688,-1.7781689,-6.048169,-5.028169,-4.398169,-2.3381689,-1.478169,-0.73816895,-0.45816895,-1.608169,-0.63816893,-1.8981689,-1.108169,-0.27816895,-0.55816895,-2.0781689,-2.888169,-2.808169
-1.6681689,-2.518169,-4.928169,-4.628169,-3.3281689,-2.438169,-0.75816894,-0.39816895,-1.828169,-1.328169,1.0718311,2.351831,2.4118311,2.6318312,3.941831,5.411831,6.651831,7.3018312,7.621831,8.251831,6.741831,7.221831,6.651831,2.121831,0.0018310547,-1.4281689,1.171831,-0.008168945,0.33183107,0.99183106,1.261831,1.431831,0.9218311,-0.47816893,-3.1181688,-3.758169,-5.048169,-4.658169,-3.748169,-2.688169,-3.038169,-3.898169,-4.208169,-3.0781689,-4.558169,-3.018169,-2.458169,-1.858169,-0.88816893,-0.30816895,-0.39816895,0.57183105,0.33183107,-0.50816894,-2.5881689,-1.6381689,-1.078169,-2.058169,-3.788169
-2.418169,-3.5781689,-8.368169,-7.078169,-5.108169,-4.998169,-1.5281689,-1.078169,-0.908169,-0.68816894,0.71183103,2.451831,2.061831,2.1818311,2.991831,4.271831,3.4018312,5.411831,7.491831,7.0118313,7.691831,7.361831,6.961831,6.871831,7.201831,1.881831,2.4118311,1.7418311,1.7018311,0.34183106,0.781831,-0.49816895,-0.32816896,0.90183103,-0.18816894,-1.998169,-3.498169,-4.068169,-4.308169,-3.878169,-3.6081688,-4.918169,-5.338169,-5.008169,-4.918169,-2.708169,-2.778169,-1.318169,0.94183105,0.47183105,0.32183105,0.39183104,1.6918311,1.1918311,-0.75816894,-1.1781689,-1.098169,-0.9581689,-2.028169
-1.978169,-4.898169,-10.698169,-10.448169,-8.798169,-5.778169,-4.428169,-1.578169,-1.0281689,0.62183106,0.41183105,1.871831,1.291831,2.451831,2.691831,2.691831,3.6318312,4.941831,6.081831,7.751831,7.981831,7.901831,7.591831,6.491831,6.831831,7.951831,8.951831,7.441831,4.951831,-0.85816896,-1.128169,-0.39816895,-0.40816894,0.32183105,-0.20816894,0.071831055,-2.048169,-3.0981688,-3.168169,-3.5681689,-1.938169,-1.978169,-4.028169,-5.918169,-6.278169,-6.178169,-4.4881687,-1.128169,-0.13816895,-0.22816895,1.151831,2.041831,2.481831,2.191831,-1.068169,-1.938169,1.031831,-0.41816893,-1.3081689
-2.5981688,-5.168169,-11.858169,-13.328169,-9.678169,-8.578169,-5.9881687,-1.5381689,-2.018169,-1.4081689,1.4818311,2.221831,2.701831,3.721831,4.771831,5.271831,5.361831,6.2618313,5.921831,2.451831,3.871831,6.331831,6.161831,6.471831,5.981831,6.571831,8.461831,9.061831,7.941831,1.8218311,-0.61816895,-1.5081689,-1.6581689,-0.56816894,0.33183107,-1.1781689,-1.738169,-1.4181689,-2.138169,-2.8481688,-2.448169,-1.5181689,-0.908169,-1.578169,-4.578169,-6.318169,-4.9681687,-2.488169,-0.94816893,1.2218311,0.781831,2.1318312,0.43183106,0.071831055,-0.61816895,-2.238169,-0.12816894,0.88183105,-0.73816895
-1.7881689,-7.108169,-12.808169,-15.458169,-11.528169,-8.7281685,-7.328169,-4.4681687,-3.518169,-1.9181689,0.52183104,3.971831,4.361831,3.351831,3.941831,4.491831,6.901831,9.241831,6.331831,1.6918311,-0.28816894,0.39183104,2.3918312,3.831831,4.651831,5.191831,6.681831,8.751831,9.541831,5.971831,1.931831,-0.29816896,-1.2981689,-1.4081689,-1.748169,-1.688169,-1.4181689,-1.448169,-1.448169,-0.7081689,-0.91816896,-0.13816895,0.5418311,0.111831054,-0.18816894,-2.048169,-3.698169,-2.718169,-2.398169,-2.0881689,-0.49816895,1.7118311,1.901831,-0.24816895,0.17183106,-0.60816896,-0.7081689,-0.88816893,-0.63816893
-3.728169,-6.038169,-10.538169,-13.598169,-12.688169,-9.928169,-9.218169,-4.288169,-3.528169,-1.4181689,1.011831,3.6718311,4.351831,4.441831,2.4218311,5.221831,6.131831,6.931831,7.851831,8.391831,4.501831,-0.45816895,-0.81816894,-0.48816895,1.641831,2.801831,4.191831,5.7818313,8.831831,7.5118313,4.3018312,3.281831,1.0718311,-0.45816895,-0.62816894,-0.36816895,-0.93816894,-1.4081689,-1.598169,-2.148169,-2.048169,-0.6481689,-0.07816894,0.55183107,0.57183105,-0.13816895,-1.628169,-1.7981689,-2.218169,-1.5381689,-1.1481689,-0.43816894,-1.0081689,-0.43816894,-0.36816895,-1.6381689,-2.0781689,-1.748169,-2.058169
-7.158169,-6.618169,-11.658169,-14.608169,-14.008169,-11.018169,-9.138169,-5.7181687,-3.1181688,-0.63816893,-0.5181689,0.35183105,0.46183106,1.641831,2.551831,3.751831,4.921831,6.981831,9.701831,10.2718315,8.261831,3.731831,-2.758169,-3.408169,-2.918169,0.101831056,2.301831,5.701831,7.311831,7.491831,6.681831,6.0118313,3.781831,3.321831,1.811831,0.16183105,-0.66816896,-0.7781689,-0.68816894,-2.128169,-2.718169,-2.428169,-1.348169,-1.1681689,-0.67816895,-1.2981689,-0.968169,-0.79816896,-0.87816894,-0.93816894,-1.7681689,-1.8081689,-1.4281689,-1.2781689,-1.118169,-0.39816895,-1.5081689,-2.798169,-3.018169
-8.548169,-9.048169,-8.608169,-16.78817,-15.798169,-13.318169,-10.818169,-6.418169,-2.708169,-1.5281689,0.41183105,1.511831,0.87183106,1.9718311,1.931831,4.0318313,6.501831,8.621831,12.631831,11.861831,7.521831,6.671831,2.3818312,-0.48816895,-4.928169,-2.478169,0.47183105,4.661831,5.831831,6.371831,7.691831,6.941831,4.3018312,4.631831,5.681831,4.381831,3.491831,2.811831,-0.68816894,-1.458169,-1.988169,-1.708169,-1.978169,-2.058169,-1.248169,-0.73816895,-0.80816895,-0.66816896,-1.618169,-1.438169,-1.108169,-0.45816895,-0.8281689,-1.7681689,-1.848169,-0.908169,-1.128169,-0.968169,-1.998169
-6.168169,-9.758169,-9.758169,-16.828169,-16.958168,-14.4781685,-13.108169,-8.268169,-3.408169,-1.238169,0.17183106,1.2118311,0.781831,2.481831,3.1518312,4.401831,6.871831,8.301831,12.231831,13.681831,10.531831,8.951831,6.621831,2.341831,-2.638169,-3.738169,-0.49816895,-0.968169,0.40183106,2.611831,6.571831,5.061831,1.301831,4.651831,5.721831,6.231831,3.501831,3.471831,0.28183106,-1.0381689,-0.75816894,-0.56816894,-0.88816893,-1.708169,-2.428169,-1.9081689,-1.458169,-1.6681689,-2.0881689,-1.238169,-1.238169,-1.198169,-1.7681689,-1.1381689,-1.088169,-0.5181689,0.531831,1.431831,0.24183105
-4.258169,-7.478169,-11.078169,-10.298169,-19.308168,-17.27817,-14.098169,-10.058169,-6.008169,-0.93816894,1.1118311,4.501831,2.091831,0.841831,2.581831,5.2818313,5.191831,6.871831,10.841831,12.201831,12.0218315,7.971831,7.081831,5.341831,-0.97816896,-2.698169,-0.54816896,0.29183105,3.1318312,1.751831,4.941831,5.971831,6.0118313,5.961831,2.941831,4.351831,5.221831,3.581831,-0.75816894,-0.78816897,0.39183104,0.37183106,0.25183105,-1.6781689,-2.258169,-2.0681689,-1.708169,-1.998169,-0.72816896,-0.36816895,-0.9581689,-1.2981689,-1.108169,-0.79816896,-1.4081689,-0.12816894,0.77183104,1.291831,0.021831054
-4.338169,-4.388169,-12.668169,-12.148169,-16.918169,-16.19817,-14.428169,-10.578169,-6.858169,-1.5281689,-1.358169,1.311831,1.2218311,-0.20816894,2.3818312,4.0318313,3.331831,5.331831,7.921831,10.051831,8.881831,8.181831,7.381831,6.431831,3.741831,-0.99816895,-3.658169,-1.3081689,1.771831,3.221831,0.69183105,3.951831,6.961831,7.191831,11.491831,3.611831,2.6818311,1.7318311,-0.31816894,0.41183105,1.4618311,0.7318311,-0.74816895,-0.75816894,-1.958169,-2.8281689,-2.238169,-2.218169,-0.968169,0.17183106,0.34183106,-0.028168945,-0.15816894,-0.67816895,-0.59816897,-0.78816897,-1.688169,-1.738169,-0.53816897
-1.9281689,-3.418169,-7.328169,-15.058169,-13.498169,-16.33817,-14.418169,-11.298169,-9.088169,-4.008169,-3.658169,-2.888169,-1.578169,-0.48816895,0.86183107,3.781831,4.471831,6.651831,7.091831,8.721831,9.231831,8.471831,6.161831,6.851831,7.221831,5.571831,2.971831,-0.75816894,0.30183107,1.5818311,4.651831,5.7618313,5.041831,8.011831,6.2818313,2.121831,1.771831,0.37183106,-0.8981689,-1.738169,1.301831,2.281831,0.51183105,-0.7781689,-0.61816895,-1.7781689,-2.408169,-1.818169,-1.4281689,0.96183103,0.81183106,0.80183107,0.15183106,-0.91816896,-1.078169,-0.69816893,-0.108168945,-1.328169,-2.008169
3.6818311,4.071831,-1.0181689,-14.768169,-8.708169,-11.008169,-12.838169,-10.458169,-9.558169,-6.608169,-5.1981688,-3.718169,-0.75816894,-2.558169,-0.88816893,3.521831,3.8918312,4.2818313,5.431831,8.421831,9.761831,10.641831,10.231831,6.561831,6.821831,6.5318313,6.481831,3.791831,4.941831,1.2018311,1.171831,3.261831,5.071831,5.831831,5.731831,0.70183104,-0.048168946,2.101831,-0.63816893,-4.598169,-0.008168945,1.061831,0.62183106,-0.11816894,-0.9581689,-1.488169,-4.278169,-0.15816894,0.38183105,1.4818311,1.161831,0.38183105,-0.42816895,-1.318169,-1.718169,-2.448169,-1.0581689,-0.22816895,0.08183105
1.2418311,0.31183106,-1.838169,-5.588169,-6.848169,-5.268169,-11.098169,-9.368169,-7.918169,-6.538169,-5.558169,-4.278169,-6.938169,-6.758169,-2.6081688,0.56183106,2.3818312,2.821831,5.361831,7.381831,9.651831,9.971831,11.031831,11.321831,9.791831,6.931831,5.351831,5.441831,6.041831,6.191831,6.101831,3.371831,5.001831,5.621831,4.611831,2.821831,1.161831,0.031831056,-0.59816897,-0.13816895,-4.288169,-0.84816897,0.87183106,0.27183107,-1.7781689,-3.768169,-6.338169,-0.23816894,0.6718311,0.74183106,0.6718311,-0.27816895,-0.8381689,-1.348169,-2.388169,-2.6081688,-1.688169,-0.54816896,0.6718311
-0.038168944,-0.718169,-3.298169,-2.128169,-4.348169,-5.398169,-6.098169,-5.788169,-2.978169,1.4618311,3.001831,-10.208169,-8.148169,-9.518169,-10.078169,-3.698169,-0.87816894,0.841831,4.0318313,5.041831,7.681831,10.541831,10.111831,9.961831,10.411831,8.731831,6.751831,6.941831,6.441831,4.151831,4.291831,4.351831,4.911831,4.561831,4.451831,7.231831,1.661831,-0.34816894,-1.598169,-3.1081688,-0.66816896,-2.238169,0.061831053,0.28183106,-3.468169,-6.008169,-4.098169,-1.238169,1.371831,2.321831,2.091831,-0.5881689,-2.028169,-2.308169,-2.198169,-1.818169,-0.7781689,0.74183106,1.771831
-1.0281689,-0.018168945,-1.1581689,-1.9081689,-2.008169,-1.5481689,-1.968169,-4.048169,-1.608169,-1.0481689,2.471831,4.201831,-0.008168945,0.57183105,3.061831,-5.938169,-2.678169,-1.1781689,2.351831,5.311831,9.391831,10.131831,7.541831,6.601831,6.641831,6.561831,5.881831,5.731831,6.7618313,7.411831,7.561831,6.5318313,5.2618313,4.251831,4.711831,5.241831,5.831831,4.631831,-0.53816897,-3.748169,-3.928169,-2.798169,-2.378169,-0.49816895,-3.728169,-5.088169,-4.058169,-1.3881689,0.25183105,2.701831,3.3818312,1.181831,-1.448169,-2.1181688,-1.498169,-0.718169,-0.11816894,0.37183106,0.89183104
-1.6481689,-1.108169,-2.498169,-0.22816895,0.28183106,-2.758169,-4.178169,-3.8481688,-3.1081688,-2.668169,-0.68816894,-0.60816896,1.4418311,0.17183106,-4.9681687,-7.188169,-4.768169,0.9818311,0.90183103,7.371831,9.631831,7.401831,6.241831,6.0318313,5.631831,4.961831,5.361831,6.681831,7.571831,9.081831,8.761831,7.101831,4.771831,4.391831,4.0118313,0.051831055,2.3918312,3.6618311,1.921831,-3.058169,-6.4681687,-7.7181687,-4.328169,-3.0881689,-5.888169,-5.038169,-3.498169,-1.838169,1.051831,3.581831,4.981831,1.801831,0.39183104,-1.378169,-1.228169,-0.75816894,0.031831056,0.76183105,1.281831
-1.318169,-1.8981689,-1.1781689,-2.3381689,-1.468169,-2.6081688,-5.638169,-5.458169,-2.968169,-2.0681689,-1.2781689,0.28183106,-0.19816895,-0.9581689,-2.748169,-4.568169,-1.578169,1.2418311,1.7318311,6.131831,5.651831,5.831831,5.041831,3.731831,3.781831,4.341831,5.721831,9.411831,11.841831,12.661831,12.371831,10.421831,7.651831,4.111831,0.63183105,-1.9081689,-5.858169,-2.728169,1.5818311,-2.218169,-10.098169,-10.628169,-6.758169,-4.088169,-9.278169,-6.348169,-4.788169,-2.648169,-0.61816895,2.561831,4.621831,1.2118311,0.28183106,-0.068168946,-0.37816894,0.29183105,1.521831,2.001831,2.731831
1.791831,0.77183104,-0.24816895,-0.99816895,-2.248169,-2.948169,-2.728169,-4.568169,-6.038169,-4.9681687,-1.8981689,-0.29816896,0.43183106,0.83183104,0.041831054,0.81183106,1.781831,1.8418311,4.2818313,5.211831,3.601831,3.9218311,2.311831,1.2218311,2.731831,5.171831,9.671831,12.001831,11.571831,12.791831,14.691831,14.461831,12.101831,10.851831,8.651831,2.9218311,-9.598169,-11.888169,-7.138169,-2.668169,-7.538169,-6.9481688,-6.638169,-4.788169,-9.738169,-8.378169,-4.858169,-2.888169,-1.098169,0.77183104,2.501831,2.941831,0.37183106,-0.49816895,-0.068168946,0.48183104,2.281831,3.801831,4.731831
5.441831,3.491831,2.4318311,2.071831,-0.27816895,-2.458169,-4.068169,-5.138169,-5.548169,-3.768169,-1.1681689,-0.19816895,-0.56816894,-0.018168945,1.2318311,3.611831,3.461831,3.4118311,6.361831,3.061831,1.931831,2.4218311,2.6418312,2.1618311,3.8918312,7.291831,9.031831,9.671831,13.371831,15.371831,15.791831,13.311831,9.2718315,10.681831,9.541831,7.961831,-5.438169,-17.148169,-12.998169,-6.538169,-7.398169,-8.298169,-7.518169,-7.258169,-10.178169,-11.218169,-4.928169,-3.798169,0.041831054,1.8318311,2.6818311,3.091831,0.29183105,-0.058168944,0.68183106,1.551831,2.971831,5.201831,6.131831
5.161831,4.871831,5.491831,3.6318312,1.1118311,-0.108168945,-0.92816895,-2.5681689,-3.6181688,-3.028169,-1.578169,-0.79816896,-0.81816894,-2.0681689,-1.8081689,0.28183106,1.7318311,5.361831,4.441831,2.581831,0.32183105,1.131831,1.061831,2.1518312,5.071831,6.571831,7.291831,10.341831,14.031831,14.751831,15.741831,14.201831,12.921831,15.871831,15.431831,6.091831,-3.778169,-9.288169,-14.998169,-7.648169,-8.368169,-9.2281685,-9.958169,-8.368169,-10.588169,-10.178169,-6.518169,-2.8381689,-1.3081689,-0.018168945,2.521831,0.30183107,-0.50816894,-0.53816897,0.43183106,1.271831,4.001831,3.991831,5.221831
4.591831,4.321831,4.521831,4.251831,4.681831,4.2618313,1.881831,0.41183105,-0.15816894,-0.19816895,-0.658169,-0.038168944,0.8518311,1.401831,0.68183106,-2.0781689,-0.8381689,1.311831,0.86183107,0.09183106,0.52183104,0.44183105,0.82183105,2.9218311,4.961831,5.461831,5.8018312,9.431831,12.641831,15.331831,17.15183,17.351831,18.581831,21.96183,12.691831,5.221831,-1.2981689,-3.918169,-15.188169,-6.818169,-5.368169,-7.608169,-8.898169,-9.968169,-9.108169,-7.558169,-6.928169,-3.018169,-0.73816895,-0.46816894,-1.478169,-0.92816895,-0.53816897,-0.40816894,0.68183106,1.621831,3.6718311,5.641831,5.731831
2.861831,3.111831,3.1618311,3.8918312,4.591831,4.451831,4.681831,5.041831,4.221831,1.931831,0.69183105,-0.23816894,0.35183105,1.681831,1.2218311,-2.0681689,-4.118169,-3.628169,-3.008169,-1.5281689,-0.718169,1.011831,0.86183107,1.9518311,3.031831,3.511831,5.371831,9.691831,14.111831,15.931831,14.761831,15.841831,17.291832,16.031832,11.751831,8.041831,-1.688169,-7.368169,-9.648169,-5.008169,-2.688169,-7.748169,-8.348169,-10.278169,-9.338169,-9.378169,-7.688169,-3.218169,-1.7581689,-1.498169,-1.218169,-0.74816895,0.031831056,-0.25816894,0.21183105,1.6918311,4.271831,7.061831,7.591831
0.8518311,0.71183103,0.69183105,0.94183105,2.061831,3.1818311,4.021831,4.821831,5.541831,4.891831,2.821831,0.18183106,-1.0381689,-0.12816894,0.19183105,-1.198169,-2.478169,-3.548169,-3.238169,-2.888169,-0.73816895,-0.78816897,0.9118311,0.99183106,1.771831,2.731831,5.321831,8.631831,11.821831,14.401831,13.401831,11.601831,14.031831,11.551831,9.5218315,3.721831,-2.5781689,-7.758169,-3.3381689,-1.238169,-2.738169,-7.038169,-5.588169,-8.988169,-7.258169,-8.578169,-4.608169,-3.258169,-2.398169,-1.1781689,-1.078169,-0.108168945,0.6018311,-0.068168946,0.23183106,1.9818311,4.881831,7.841831,8.621831
