public/data/weather/2019/09/28/0000-wind-isobaric-1000hPa-gfs-1.0.json
{"header": { "discipline":0, "disciplineName":"Meteorological products", "gribEdition":2, "gribLength":79074, "center":7, "centerName":"US National Weather Service - NCEP(WMC)", "subcenter":0, "refTime":"2019-09-28T00:00:00.000Z", "significanceOfRT":1, "significanceOfRTName":"Start of forecast", "productStatus":0, "productStatusName":"Operational products", "productType":1, "productTypeName":"Forecast products", "productDefinitionTemplate":0, "productDefinitionTemplateName":"Analysis/forecast at horizontal level/layer at a point in time", "parameterCategory":2, "parameterCategoryName":"Momentum", "parameterNumber":2, "parameterNumberName":"U-component_of_wind", "parameterUnit":"m.s-1", "genProcessType":2, "genProcessTypeName":"Forecast", "forecastTime":0, "surface1Type":100, "surface1TypeName":"Isobaric surface", "surface1Value":95000.0, "surface2Type":255, "surface2TypeName":"Missing", "surface2Value":0.0, "gridDefinitionTemplate":0, "gridDefinitionTemplateName":"Latitude_Longitude", "numberPoints":65160, "shape":6, "shapeName":"Earth spherical with radius of 6,371,229.0 m", "gridUnits":"degrees", "resolution":48, "winds":"true", "scanMode":0, "nx":360, "ny":181, "basicAngle":0, "lo1":0.0, "la1":90.0, "lo2":359.0, "la2":-90.0, "dx":1.0, "dy":1.0 }, "data":
[rows 75 to 99 of 181, columns 285 to 341 of 360]
-5.7085643,-6.8485646,-6.8485646,-6.8385644,-7.2785645,-7.5885644,-7.7885647,-7.3585644,-7.4785643,-6.7185645,-6.8185644,-5.1985645,-5.2285643,-3.5085645,-5.1385646,-6.8785644,-6.3485646,-5.7385645,-6.4985642,-5.5485644,-4.8785644,-3.9485645,-3.5785644,-3.9485645,-2.6185644,-0.48856446,1.7414355,4.6114354,6.8614354,7.5314355,8.461435,8.431436,8.861436,6.4014354,4.2914357,1.3214356,0.39143553,-3.3185644,-4.2985644,-4.3585644,-5.1685643,-5.6485643,-6.2385645,-6.1985645,-5.4985642,-6.0085645,-5.4585643,-6.3085647,-5.1585646,-4.6585646,-3.6385643,-0.66856444,-1.0985645,-1.0085645,0.6314356,3.0314355,3.0514355
-6.0085645,-6.3385644,-6.9085646,-7.8285646,-8.278564,-9.148564,-9.108564,-8.2385645,-8.308564,-7.2285643,-7.1185646,-6.5785646,-5.018564,-5.3185644,-7.4085646,-6.7085643,-7.3285646,-5.5485644,-6.1485643,-6.6285644,-5.2585645,-4.9185643,-3.2685645,-2.9785645,-2.7385645,-1.9485644,-0.34856445,2.6914356,4.3014355,5.2714357,6.5714355,6.9314356,6.6814356,4.5314355,3.9114356,1.1014355,0.48143554,-2.0885644,-3.9685645,-4.7185645,-5.4585643,-5.5985646,-6.4485645,-6.2385645,-5.8785644,-5.5585647,-5.2185645,-5.1385646,-4.3585644,-1.9185644,-1.1285645,-2.4485645,-1.3285644,-0.44856444,1.4114356,3.3414354,4.2414355
-5.6085644,-7.1585646,-9.098564,-9.888564,-10.858564,-10.638564,-10.388564,-9.278564,-8.568564,-8.388564,-7.4085646,-6.8685646,-5.8385644,-6.7585645,-5.8785644,-5.9885645,-6.6785645,-7.5585647,-6.8685646,-6.7485642,-5.7785645,-4.4885645,-3.7185645,-3.2585645,-2.3885643,-1.9085644,-0.53856444,1.2014356,1.9214356,3.6814356,5.4314356,5.8314357,4.0414357,4.7414355,2.7714355,1.1214355,-0.89856446,-2.2585645,-4.9385643,-5.4885645,-5.9685645,-5.6485643,-5.9385643,-6.0285645,-6.1285644,-5.8185644,-5.0585647,-4.7785645,-3.5385644,-3.5185645,-2.8885643,-1.6285645,-0.5085645,0.37143555,1.3514355,2.9214356,4.0314355
-4.1385646,-5.7785645,-7.7985644,-7.5585647,-12.398564,-12.368565,-11.458565,-10.128565,-9.4885645,-8.698565,-8.208565,-6.8385644,-6.9985642,-6.5485644,-6.7985644,-6.6085644,-6.2485642,-4.4585643,-6.6285644,-6.7285643,-6.4685645,-5.4685645,-4.2385645,-3.5285645,-2.5185645,-2.1385643,-0.6285645,-0.37856445,0.9314355,3.3814356,3.4314356,3.7214355,3.6714356,2.8214355,0.64143556,-1.4885645,-1.6785644,-3.9685645,-5.7385645,-5.7385645,-5.6385646,-5.5785646,-5.9385643,-5.8085647,-6.2185645,-6.6585646,-6.4685645,-5.7885647,-5.1485643,-4.3685646,-4.018564,-3.1685646,-1.8985645,-0.64856446,0.55143553,2.1814356,2.8114355
-1.6885644,-1.4085644,0.61143553,-1.7885644,-5.7785645,-11.328565,-6.2585645,-10.778564,-10.138564,-8.258564,-9.448565,-8.778564,-7.5685644,-7.1985645,-5.8085647,-5.7585645,-6.2785645,-5.6785645,-5.6185646,-5.9185643,-5.8685646,-6.2585645,-5.2385645,-4.0985646,-2.7785645,-1.7985644,-2.1885645,-1.4085644,1.1314355,2.6214356,2.7214355,2.8314354,1.9314356,0.30143556,-1.0385644,-2.2485645,-3.0785644,-4.4485645,-6.5685644,-4.8485646,-5.8285646,-5.5585647,-5.2485642,-5.6385646,-6.268564,-7.1785645,-7.1185646,-6.1185646,-6.4785643,-6.4385643,-6.2085643,-5.4685645,-4.4085646,-3.1485643,-2.2485645,-0.30856445,0.55143553
6.4514356,5.4414353,-1.9385644,-0.41856444,0.89143556,-1.6485645,-2.0685644,-0.09856445,-0.76856446,-0.90856445,-5.768564,-0.6785644,-5.2785645,-4.8785644,-6.5885644,-6.0885644,-5.1585646,-5.3285646,-5.1385646,-5.7385645,-5.5985646,-5.1785645,-5.0085645,-4.7285643,-4.0885644,-2.5185645,-0.9385645,-0.048564453,0.73143554,0.53143555,0.31143555,-0.76856446,-1.1985644,-1.7885644,-2.5285645,-3.8385644,-3.1385643,-4.9085646,-6.6085644,-5.1785645,-5.6685643,-6.6985645,-6.4385643,-4.7385645,-6.5985646,-6.1585646,-7.5985646,-7.7585645,-7.7485642,-7.5685644,-6.6985645,-5.0885644,-4.5785646,-3.8785644,-2.3385644,-2.0185645,-1.2785645
3.0214355,2.4714355,-1.5085645,-1.3785645,-1.5685644,0.6214355,-0.8785645,-0.058564454,-3.3585644,-4.2985644,-0.45856446,-8.948565,-8.868565,-10.178564,-6.7985644,-5.0385647,-5.0885644,-4.8985643,-5.7885647,-6.2785645,-6.3985643,-5.8785644,-4.768564,-3.9385645,-2.7985644,-2.5885644,-1.9485644,-1.4185644,-1.3985645,-1.8285644,-2.2085645,-2.1385643,-2.2785645,-2.7385645,-4.1385646,-4.5085645,-3.9585645,-6.4985642,-6.6285644,-5.3985643,-5.5885644,-6.2585645,-6.1185646,-5.4485645,-5.4685645,-6.9985642,-7.7085643,-7.8885646,-8.368565,-6.6685643,-5.018564,-2.9285645,-2.8685644,-2.8885643,-1.7485645,0.021435548,2.0214355
2.2714355,0.89143556,-1.3185644,-1.5585644,0.51143557,-0.53856444,-0.77856445,-0.77856445,-2.6685646,-4.3485646,-1.6885644,-2.8785644,-5.4185643,-8.638564,-7.7485642,-5.6485643,-4.9485645,-6.5085645,-6.518564,-6.4585643,-6.6385646,-5.9285645,-5.2285643,-4.6485643,-4.6185646,-4.0785646,-3.7485645,-3.3685644,-3.4485645,-3.8185644,-4.1185646,-3.4885645,-3.9585645,-3.5385644,-5.0485644,-4.8985643,-5.0985646,-6.7385645,-6.5485644,-5.1385646,-5.2885647,-4.8485646,-4.9085646,-5.5985646,-4.9185643,-5.0085645,-5.1385646,-5.4985642,-5.8385644,-5.4885645,-3.6885645,-1.8885645,0.051435545,-0.59856445,0.65143555,1.3014356,2.4814355
0.021435548,-1.8785645,-1.3385644,-0.58856446,0.14143555,0.25143555,0.48143554,-1.5485644,-3.6185644,-2.9985645,-3.1385643,-0.89856446,-0.37856445,-7.4085646,-7.2285643,-5.8185644,-7.2085643,-5.4985642,-6.9985642,-7.6085644,-8.268564,-7.1585646,-6.7385645,-6.3285646,-5.1985645,-5.518564,-5.1585646,-4.8385644,-4.6785645,-5.6585646,-5.5985646,-5.1185646,-5.1685643,-5.3185644,-6.1285644,-5.8885646,-6.3585644,-6.5885644,-6.518564,-6.0585647,-4.2185645,-3.3785644,-4.4785643,-5.1585646,-4.8385644,-3.6885645,-1.7885644,-0.33856446,-0.14856446,-1.4085644,-0.048564453,0.011435547,0.71143556,1.1114355,2.3014355,1.4614356,2.6214356
1.2114356,-1.7685645,-1.2085644,1.4214356,-0.54856443,0.27143556,1.4314356,-0.09856445,-1.3985645,0.15143555,0.32143554,-2.1185644,0.90143555,-0.69856447,-0.17856446,-3.4485645,-6.5985646,-5.4885645,-6.4885645,-8.818564,-8.818564,-8.978564,-8.148564,-7.1185646,-6.6285644,-6.8985643,-6.268564,-5.7885647,-6.0385647,-6.7285643,-6.6385646,-6.7185645,-6.0985646,-7.8785644,-6.9885645,-5.9185643,-7.6285644,-6.2885647,-6.4085646,-6.0685644,-4.7285643,-4.4485645,-4.6485643,-5.3885646,-5.1285644,-3.6485643,-1.2185645,0.5614355,3.2214355,3.5114355,1.9314356,1.0614356,1.8614355,1.3214356,3.0214355,3.1114357,3.9414356
2.0714355,-1.6985644,0.86143553,-0.52856445,-1.2485645,0.07143555,0.77143556,0.91143554,-0.34856445,4.2414355,0.79143554,0.011435547,-4.4885645,2.5714355,0.86143553,0.80143553,-4.6785645,-4.4285645,-4.2885647,-5.2185645,-8.718564,-9.528564,-10.978564,-9.068564,-7.3285646,-7.2285643,-7.1585646,-6.9085646,-7.1985645,-7.2385645,-7.2285643,-6.6885643,-7.1785645,-8.088565,-7.8485646,-7.5085645,-6.6285644,-6.9385643,-6.2785645,-5.5085645,-3.9385645,-3.3885643,-3.8285644,-3.2585645,-1.1685644,0.48143554,1.7214355,1.8114356,0.96143556,0.89143556,1.6114355,1.3014356,2.0414355,2.6314356,2.4814355,2.7014356,3.4014356
-1.2785645,1.6014355,-0.65856445,-0.24856445,-3.5085645,-0.18856445,-0.058564454,2.2414355,4.4714355,-0.16856445,-0.36856446,0.34143555,0.20143555,-1.6785644,2.0614355,-2.6385643,-3.8685644,-0.37856445,0.46143556,-3.2485645,-5.1585646,-11.268564,-11.618565,-10.408565,-7.3285646,-8.498565,-7.7485642,-7.6885643,-7.9185643,-7.5385647,-9.168565,-7.9085646,-8.578565,-8.858564,-9.108564,-8.398564,-7.9185643,-7.3285646,-6.8785644,-5.6885643,-4.9785643,-4.4985642,-3.1085644,-1.2785645,-0.66856444,-0.32856447,0.08143555,-0.48856446,-0.58856446,-0.17856446,0.19143555,0.35143554,0.53143555,1.9314356,1.4214356,1.9614356,2.2614355
-2.4585645,0.18143554,-0.6785644,2.0514355,-2.6485643,-2.5085645,-0.73856443,-0.47856444,3.1914356,3.9314356,7.6514354,1.4214356,0.16143554,-6.0085645,-0.29856446,-4.4585643,-3.7985644,2.6014357,3.6114357,-4.5285645,-4.5785646,-4.0985646,-8.928564,-11.638564,-8.398564,-8.908565,-9.428564,-8.828565,-8.718564,-9.138564,-10.718564,-10.088565,-9.628565,-8.9885645,-9.918565,-9.278564,-8.298565,-7.1085644,-6.8985643,-5.8085647,-5.6085644,-4.1385646,-3.1385643,-3.3785644,-2.6885645,-1.5985645,-1.8785645,-2.0085645,-1.5885644,-0.82856447,0.031435546,-0.6885645,0.33143556,0.79143554,1.2814355,0.8814356,1.2714355
1.5514356,-2.2085645,0.44143555,1.6714356,-5.8485646,-4.6085644,-0.65856445,1.0714356,1.4214356,2.7714355,0.90143555,1.7814355,0.061435547,-3.4885645,-0.7485645,-4.7185645,-1.8085644,1.9314356,-4.3685646,-2.7585645,-8.058564,-4.5485644,-8.468564,-10.588565,-9.928564,-9.098564,-9.628565,-9.638564,-10.658565,-10.138564,-11.418565,-10.378565,-11.298565,-10.648564,-9.958565,-9.658565,-8.328565,-7.6385646,-6.9385643,-6.3685646,-6.0285645,-5.3585644,-4.4985642,-3.3785644,-3.2985644,-3.0185645,-3.6385643,-3.1085644,-2.3885643,-1.9285644,-1.3485645,-1.4285644,-0.24856445,-0.25856444,-0.5585644,0.77143556,0.65143555
3.3314354,-2.6885645,-0.9985645,-1.7285645,-3.5285645,-4.1485643,-0.15856445,1.3414356,1.5114355,-0.71856445,-0.13856445,-4.5085645,-3.4585645,-4.4185643,3.1314356,-1.1285645,0.20143555,0.44143555,3.1314356,-7.0085645,-5.7385645,-1.0085645,-6.5985646,-10.148564,-10.968564,-9.698565,-9.298565,-10.478564,-11.198565,-11.298565,-11.2385645,-11.808564,-12.198565,-11.508564,-10.058564,-10.018564,-8.858564,-7.9585643,-7.768564,-7.3585644,-6.7085643,-5.8685646,-5.2285643,-4.7985644,-4.5685644,-4.6085644,-4.3485646,-4.0085645,-3.3185644,-2.9785645,-2.5185645,-0.70856446,-1.0085645,-1.4285644,-0.14856446,-0.88856447,-0.83856446
2.7614355,1.9314356,-3.8085644,-0.9285644,-4.7585645,-3.3985643,-1.2485645,-0.18856445,-0.6185644,-3.6185644,-3.4785645,1.4014355,-1.5385644,0.70143557,1.3514355,2.9114356,-1.9385644,0.48143554,1.4214356,-7.0885644,-2.5785644,-4.6585646,-10.368565,-11.438564,-10.138564,-9.928564,-10.228564,-11.268564,-11.118565,-10.568564,-11.018564,-13.008564,-12.758564,-12.658565,-10.868565,-11.458565,-9.2385645,-9.218564,-8.628565,-7.8485646,-7.7085643,-6.8585644,-6.2485642,-5.5885644,-5.5385647,-5.4885645,-5.1585646,-4.6485643,-4.4985642,-3.9285645,-3.7385645,-3.0585644,-3.2085645,-2.8685644,-2.7185645,-3.0485644,-1.8785645
-1.6385645,0.91143554,3.2414355,-2.5185645,-5.2785645,-2.3685644,-2.1985645,-1.1385645,-2.8685644,-5.0485644,-1.5985645,0.61143553,-3.8185644,-0.39856446,3.3114355,3.9514356,-1.0985645,2.5614355,-0.57856447,-1.0085645,-5.2785645,-1.8685645,-5.8885646,-10.018564,-8.918565,-9.338565,-11.648564,-13.598564,-12.188564,-10.578565,-9.858564,-12.168565,-13.508564,-13.7385645,-13.138564,-11.858564,-11.078565,-9.728564,-10.278564,-8.928564,-8.158565,-7.6785645,-6.6685643,-6.2385645,-5.9185643,-5.9585643,-5.5585647,-5.1885643,-4.5785646,-4.1385646,-4.4885645,-3.7885644,-4.4285645,-4.4585643,-4.1085644,-3.5085645,-3.4685645
-1.5685644,1.1314355,-2.6685646,-0.09856445,-4.1885643,-3.9085646,-0.94856447,-2.7485645,-1.9785645,-2.7785645,-0.95856446,-0.58856446,-6.4685645,-1.3885645,2.8114355,6.8714356,-0.5685645,-2.2785645,-3.1985645,-3.1285644,-5.6085644,-8.048565,-7.0785646,-7.3885646,-5.5385647,-7.1085644,-8.118565,-10.2385645,-11.748565,-9.778564,-10.248565,-11.458565,-13.428564,-15.378565,-15.458565,-13.498565,-11.4885645,-10.758564,-11.168565,-10.408565,-8.578565,-8.518564,-5.6485643,-6.7385645,-5.8785644,-6.1485643,-6.4685645,-6.2885647,-4.8285646,-5.1885643,-4.768564,-5.3085647,-5.2885647,-5.2585645,-4.7485642,-4.8185644,-4.1185646
-2.0685644,0.19143555,-1.9285644,-2.9185646,-3.7085645,-1.7285645,-3.9785645,-1.1285645,-4.4485645,-3.0885644,-1.8985645,-0.64856446,-1.6085645,2.0614355,4.6914353,6.8114357,8.211435,-1.8485645,-3.9885645,-3.8585644,-6.8085647,-3.6585646,-5.0285645,-6.3785644,-4.6785645,-3.0885644,-3.3085644,-7.518564,-10.508564,-6.0885644,-8.428564,-10.598564,-12.298565,-14.258564,-13.468564,-14.208565,-11.628565,-12.328565,-12.078565,-11.2385645,-9.658565,-8.578565,-7.6985645,-6.1585646,-6.2385645,-6.3085647,-6.7285643,-5.7785645,-5.6785645,-5.3685646,-5.2785645,-5.1885643,-5.6285644,-5.8585644,-5.5385647,-5.2285643,-4.6285644
-1.6485645,-1.8385644,-2.4985645,-1.4585644,-1.3685645,-0.37856445,-3.3785644,0.30143556,-4.1585646,-5.0685644,1.3914355,-5.2985644,-3.8385644,6.3014355,8.721436,0.121435545,4.7614355,1.6614356,-3.3285644,-1.5185645,-5.2985644,-1.8585645,-4.3585644,-1.1785644,-4.9585643,-1.4785645,-5.7085643,-7.3685646,-8.788565,-2.2685645,-2.4385645,-2.9885645,-4.8485646,-7.3485646,-5.1085644,-10.978564,-10.078565,-12.418565,-13.4885645,-11.798565,-9.858564,-8.808564,-7.5585647,-7.0585647,-6.5985646,-6.5785646,-7.1185646,-6.0285645,-5.5985646,-5.5685644,-5.4285645,-5.4985642,-5.5985646,-5.9285645,-6.2285643,-5.6585646,-4.8785644
-8.178564,-6.5285645,-3.0485644,1.9114356,0.95143557,-1.2385645,2.2014356,0.58143556,-1.2885644,-0.83856446,0.011435547,0.29143554,-1.4285644,0.86143553,0.021435548,5.481436,0.37143555,-1.9785645,0.64143556,-2.3985643,-3.4085646,1.4014355,-1.2585645,-3.2185645,-2.3185644,-1.0485644,-2.0085645,-4.2785645,-8.768564,-2.1885645,-2.1185644,-1.4885645,-2.2685645,-10.628565,-6.7785645,-4.0685644,-7.9185643,-14.688564,-15.038565,-12.398564,-9.168565,-8.848564,-8.318564,-7.2485642,-7.3985643,-7.3285646,-6.9585643,-6.4985642,-5.7485642,-6.3985643,-5.5685644,-5.6485643,-5.9585643,-5.9985642,-6.2485642,-5.6785645,-4.5585647
-11.448565,-8.268564,-0.29856446,3.1914356,3.8514357,0.43143556,0.79143554,-0.82856447,-2.4885645,2.7914355,0.58143556,0.18143554,1.1114355,0.8714355,-0.57856447,5.731436,-2.1385643,0.21143554,0.7514355,-0.53856444,2.0414355,-1.9485644,-4.7085643,-1.7085644,-2.6785645,-0.85856444,-1.8685645,-3.5685644,-7.4085646,-1.4985645,-0.71856445,-0.58856446,-4.2085643,-9.108564,-4.6885643,-2.7785645,-8.098564,-7.0685644,-6.7085643,-10.408565,-7.6785645,-7.9885645,-8.788565,-7.0785646,-7.018564,-7.2185645,-6.8585644,-6.7085643,-5.9785643,-6.1285644,-5.9285645,-6.0885644,-6.0385647,-6.1785645,-5.8485646,-5.1685643,-4.3085647
-8.758564,-5.5285645,1.0914356,7.3314357,5.2514358,4.3314357,-1.6185645,-1.2385645,-1.4585644,-2.1385643,-4.6385646,-0.37856445,4.3414354,4.1514354,0.07143555,0.6814355,1.2014356,-2.0985644,1.8814355,-0.6185644,1.2514355,-1.5285645,-2.2385645,-2.5085645,-8.778564,-2.6685646,-0.42856446,-4.8285646,0.64143556,-2.0285645,-2.6985645,1.2114356,-5.2385645,-6.8085647,-6.4985642,-1.7385645,-6.3385644,-9.998565,-7.1585646,-6.0985646,-7.4285645,-7.8485646,-7.6585646,-7.3585644,-7.1285644,-6.8685646,-7.1285644,-6.8085647,-6.5485644,-5.7885647,-7.0585647,-6.518564,-6.3085647,-6.0385647,-5.4585643,-4.7185645,-4.3385644
0.091435544,-3.5585644,0.70143557,3.7514355,7.9514356,-2.4085646,-3.6385643,-0.69856447,-1.5485644,-3.3985643,-2.1885645,0.20143555,3.2414355,2.6214356,0.091435544,3.4514356,0.65143555,-7.7885647,-1.0085645,2.1214356,1.0014355,-4.3385644,-5.2185645,-1.3385644,-0.42856446,-0.90856445,-2.8485644,4.9514356,3.9314356,-6.0385647,-2.3985643,-1.4585644,-4.768564,-5.1285644,-6.8585644,-4.4485645,-2.8785644,-4.8185644,-4.8685646,-5.7285643,-6.2485642,-7.1085644,-7.5585647,-6.7485642,-6.6785645,-6.8485646,-6.8485646,-6.6185646,-6.4785643,-5.9985642,-6.2985644,-6.5885644,-6.3485646,-5.6085644,-5.0985646,-4.7285643,-4.4585643
-1.8185644,3.7014356,0.53143555,2.0214355,0.31143555,2.4114356,-2.9385645,0.80143553,-1.4985645,-2.0685644,-0.22856446,-2.1985645,2.0814354,0.66143554,2.2014356,1.7214355,-0.40856445,0.5014355,-2.1985645,1.8514355,-0.07856445,-3.5385644,-7.1585646,1.0814356,-0.22856446,-5.3285646,-0.5585644,1.4314356,4.7514358,-5.8685646,-2.8185644,-3.0485644,-1.5085645,-7.0085645,-8.068564,-5.7885647,-10.918565,-6.9485645,-4.3585644,-5.1285644,-6.0885644,-7.5485644,-7.0585647,-5.9285645,-6.7085643,-5.4985642,-6.4085646,-6.4085646,-6.3285646,-6.2285643,-6.3385644,-6.0685644,-5.8585644,-5.3885646,-5.0085645,-4.9585643,-5.1785645
