public/data/weather/2019/09/28/0000-wind-isobaric-70hPa-gfs-1.0.json
{"header": { "discipline":0, "disciplineName":"Meteorological products", "gribEdition":2, "gribLength":69453, "center":7, "centerName":"US National Weather Service - NCEP(WMC)", "subcenter":0, "refTime":"2019-09-28T00:00:00.000Z", "significanceOfRT":1, "significanceOfRTName":"Start of forecast", "productStatus":0, "productStatusName":"Operational products", "productType":1, "productTypeName":"Forecast products", "productDefinitionTemplate":0, "productDefinitionTemplateName":"Analysis/forecast at horizontal level/layer at a point in time", "parameterCategory":2, "parameterCategoryName":"Momentum", "parameterNumber":2, "parameterNumberName":"U-component_of_wind", "parameterUnit":"m.s-1", "genProcessType":2, "genProcessTypeName":"Forecast", "forecastTime":0, "surface1Type":100, "surface1TypeName":"Isobaric surface", "surface1Value":7000.0, "surface2Type":255, "surface2TypeName":"Missing", "surface2Value":0.0, "gridDefinitionTemplate":0, "gridDefinitionTemplateName":"Latitude_Longitude", "numberPoints":65160, "shape":6, "shapeName":"Earth spherical with radius of 6,371,229.0 m", "gridUnits":"degrees", "resolution":48, "winds":"true", "scanMode":0, "nx":360, "ny":181, "basicAngle":0, "lo1":0.0, "la1":90.0, "lo2":359.0, "la2":-90.0, "dx":1.0, "dy":1.0 }, "data":
[rows 54 to 80 of 181, columns 240 to 299 of 360]
7.891311,8.031311,8.041311,8.221311,8.431311,9.421311,9.041311,8.601311,8.281311,8.571311,9.581311,9.691311,11.421311,13.161311,12.651311,8.491311,5.481311,8.351311,7.371311,7.701311,7.7913113,8.181311,8.961311,9.621311,8.941311,8.931311,8.941311,7.691311,8.661311,8.5513115,7.831311,8.741311,7.131311,4.891311,6.191311,6.141311,6.551311,5.711311,5.161311,3.831311,3.311311,2.811311,3.1913111,3.091311,3.741311,4.091311,4.191311,3.6713111,4.051311,3.591311,3.131311,2.571311,2.651311,3.071311,3.9113111,3.621311,3.541311,3.561311,3.741311,3.771311
7.161311,7.221311,7.601311,7.751311,7.911311,7.731311,7.691311,8.101311,8.721311,9.711311,9.951311,9.361311,10.8013115,13.121311,9.191311,7.821311,5.771311,4.341311,4.901311,5.781311,4.771311,2.641311,3.991311,5.571311,5.511311,6.091311,6.951311,7.711311,7.951311,7.8113112,7.371311,6.831311,6.591311,4.581311,4.591311,4.841311,4.861311,5.131311,4.071311,4.081311,3.271311,3.4413111,4.001311,4.671311,3.4413111,3.451311,3.491311,2.791311,2.701311,2.531311,2.001311,1.6113111,1.901311,2.271311,2.4113111,1.8713111,1.711311,1.411311,1.311311,1.511311
7.911311,7.831311,7.881311,7.581311,7.0613112,6.621311,6.411311,7.2913113,8.761311,8.951311,7.741311,7.301311,9.561311,7.781311,5.2913113,2.651311,4.641311,3.321311,2.861311,2.9213111,1.071311,2.321311,3.291311,3.131311,4.111311,5.971311,6.931311,6.591311,6.851311,6.581311,5.921311,5.591311,5.421311,5.401311,4.301311,4.161311,4.501311,4.421311,3.4113111,4.091311,4.091311,3.641311,3.601311,2.841311,2.461311,1.031311,1.431311,1.661311,1.651311,0.601311,0.39131105,0.061311036,0.57131106,0.24131103,0.94131106,0.931311,0.30131105,0.14131103,-0.36868897,-1.108689
6.5413113,6.281311,6.091311,5.751311,5.961311,5.631311,5.341311,5.801311,6.531311,6.621311,6.121311,5.871311,6.951311,5.361311,3.511311,1.201311,3.6613111,3.4313111,4.171311,4.141311,4.511311,4.531311,4.981311,5.201311,6.411311,5.881311,6.011311,6.2913113,6.281311,7.231311,6.641311,6.001311,5.321311,3.601311,3.501311,3.731311,2.871311,3.891311,3.1913111,4.211311,3.971311,3.461311,1.571311,0.94131106,0.44131103,0.37131104,0.42131102,0.541311,-0.18868896,-1.0286889,-1.568689,-1.428689,-1.5086889,-2.398689,-2.658689,-2.968689,-2.348689,-2.708689,-2.708689,-2.3386889
4.521311,4.721311,4.911311,5.211311,4.441311,4.671311,4.861311,4.771311,5.181311,4.211311,4.841311,4.581311,4.411311,4.731311,2.831311,2.231311,2.701311,3.841311,2.511311,1.701311,3.071311,3.961311,4.241311,4.7913113,5.461311,5.271311,5.031311,4.891311,5.721311,6.5613112,5.901311,5.281311,3.881311,3.491311,3.071311,2.341311,2.621311,2.481311,3.581311,3.021311,1.531311,1.811311,0.551311,0.25131103,-0.80868894,-0.37868896,-0.17868896,-0.888689,-1.298689,-1.558689,-3.028689,-3.108689,-3.188689,-3.718689,-3.618689,-4.048689,-3.8086889,-4.178689,-3.5586889,-3.888689
3.331311,3.581311,3.6913111,3.601311,2.811311,2.331311,3.031311,3.451311,3.321311,3.311311,5.101311,3.461311,3.491311,2.981311,3.371311,3.4213111,2.991311,1.091311,1.771311,2.151311,1.431311,1.181311,2.041311,2.581311,3.361311,3.991311,3.541311,4.941311,5.991311,5.581311,4.821311,4.341311,2.111311,2.641311,1.921311,1.831311,1.681311,2.201311,2.041311,1.271311,1.081311,0.47131103,-0.878689,-1.048689,-1.598689,-1.688689,-1.738689,-1.688689,-2.248689,-2.378689,-4.548689,-5.178689,-5.538689,-5.718689,-6.168689,-5.838689,-5.768689,-5.408689,-5.358689,-4.868689
1.641311,1.571311,1.1013111,0.89131105,1.1013111,1.571311,1.4713111,1.931311,1.311311,1.961311,2.521311,2.761311,2.561311,1.4913111,2.141311,0.48131102,1.1213111,-0.37868896,-0.11868896,-0.66868895,-0.59868896,-0.42868897,0.731311,1.061311,1.711311,2.481311,3.4413111,3.4113111,3.371311,4.401311,3.461311,2.581311,3.291311,1.671311,0.921311,1.271311,0.22131103,0.671311,1.0013111,0.35131103,-0.61868894,-1.218689,-2.168689,-1.4986889,-2.5786889,-1.718689,-2.688689,-3.348689,-5.198689,-6.308689,-7.868689,-7.808689,-7.7086887,-7.898689,-7.818689,-7.078689,-8.138689,-8.028689,-6.658689,-7.698689
-1.3886889,-1.298689,-0.78868896,-0.35868895,0.21131104,0.601311,1.071311,0.35131103,0.18131104,0.031311035,0.96131104,0.32131103,0.24131103,-0.568689,-1.448689,-0.28868896,-1.708689,-1.158689,-2.178689,-1.668689,-1.618689,-1.5286889,-0.44868895,0.37131104,1.051311,1.2313111,2.361311,1.761311,2.141311,2.621311,2.231311,1.451311,1.041311,0.14131103,0.11131103,-0.30868897,0.12131104,-0.49868897,-0.628689,-1.5286889,-1.428689,-2.628689,-2.758689,-3.278689,-3.0886889,-3.498689,-4.288689,-5.528689,-6.928689,-8.798689,-9.458689,-9.648689,-9.828689,-9.688689,-8.608689,-8.038689,-8.968689,-8.338689,-9.068689,-8.758689
-1.608689,-2.238689,-2.768689,-2.998689,-2.0786889,-1.818689,-1.358689,-2.0686889,-0.818689,-1.6286889,-2.228689,-2.548689,-2.358689,-2.798689,-3.438689,-4.168689,-2.968689,-2.858689,-3.148689,-2.918689,-2.5686889,-1.798689,-2.388689,-0.99868894,0.91131103,1.181311,2.281311,1.2313111,1.1213111,0.38131103,-0.39868897,-0.18868896,-1.158689,-1.048689,-0.878689,-0.648689,-1.7686889,-1.548689,-2.3086889,-3.0686889,-3.8086889,-3.708689,-4.238689,-3.748689,-3.678689,-5.358689,-6.138689,-6.738689,-7.748689,-9.678689,-10.378689,-8.758689,-9.528689,-11.118689,-9.148689,-9.308689,-10.048689,-10.828689,-11.138689,-10.578689
-2.098689,-2.458689,-3.608689,-3.938689,-3.508689,-3.118689,-3.098689,-2.548689,-3.128689,-3.8086889,-4.408689,-4.568689,-5.2086887,-5.038689,-6.098689,-6.408689,-5.318689,-5.918689,-5.098689,-4.448689,-3.708689,-3.0586889,-2.638689,-1.328689,-0.83868897,0.011311036,0.89131105,0.35131103,-0.92868894,-1.928689,-2.108689,-1.9986889,-2.998689,-2.0886889,-1.3886889,-2.8386889,-3.108689,-3.378689,-4.018689,-4.428689,-5.008689,-4.668689,-4.508689,-4.4586887,-5.668689,-7.248689,-6.808689,-7.128689,-9.348689,-10.648689,-10.058689,-10.658689,-10.308689,-10.528689,-9.428689,-10.648689,-11.328689,-12.678689,-12.128689,-11.758689
-2.8086889,-3.988689,-5.518689,-5.338689,-5.058689,-4.998689,-4.318689,-4.828689,-5.358689,-6.008689,-5.528689,-5.668689,-5.9586887,-7.598689,-8.148689,-7.538689,-7.778689,-7.738689,-6.578689,-6.418689,-4.068689,-4.358689,-3.538689,-2.678689,-2.478689,-1.808689,-0.938689,-1.558689,-2.478689,-3.368689,-3.3286889,-4.178689,-3.488689,-2.598689,-2.778689,-3.5886889,-4.238689,-5.048689,-4.388689,-5.338689,-5.518689,-5.978689,-5.6886888,-6.668689,-7.568689,-8.048689,-7.878689,-8.788689,-9.638689,-10.318689,-10.9486885,-10.928689,-11.088689,-10.938689,-11.148689,-11.628689,-12.288689,-12.348689,-12.118689,-11.638689
-4.128689,-4.578689,-6.418689,-6.108689,-6.118689,-4.948689,-6.308689,-6.078689,-6.668689,-6.928689,-6.828689,-7.288689,-9.048689,-9.248689,-8.9486885,-8.898689,-10.078689,-9.058689,-7.638689,-6.898689,-6.358689,-5.608689,-4.018689,-4.088689,-3.128689,-2.458689,-2.898689,-2.868689,-3.038689,-4.218689,-4.948689,-4.048689,-4.398689,-4.368689,-4.498689,-5.228689,-6.088689,-5.428689,-5.298689,-5.888689,-6.238689,-6.828689,-7.4586887,-8.638689,-9.618689,-9.158689,-9.268689,-10.4486885,-10.678689,-10.228689,-11.768689,-11.958689,-12.288689,-12.808689,-13.208689,-12.838689,-11.508689,-11.508689,-12.378689,-12.218689
-5.148689,-6.138689,-6.528689,-6.838689,-6.398689,-6.1886888,-7.528689,-7.918689,-8.818689,-7.7086887,-9.498689,-10.658689,-10.268689,-10.158689,-10.468689,-11.818689,-11.298689,-9.238689,-7.618689,-7.9386888,-7.088689,-7.4586887,-6.068689,-5.328689,-4.368689,-4.158689,-4.678689,-4.728689,-5.508689,-5.968689,-5.528689,-5.768689,-6.118689,-6.218689,-6.4586887,-5.9386888,-6.008689,-6.898689,-6.728689,-6.768689,-7.4386888,-8.838689,-10.058689,-10.898689,-10.348689,-9.548689,-9.718689,-10.158689,-10.258689,-10.868689,-12.808689,-13.588689,-13.028689,-13.578689,-14.008689,-13.858689,-12.988689,-13.128689,-12.598689,-13.138689
-5.648689,-6.358689,-7.078689,-6.728689,-7.098689,-7.1886888,-7.488689,-9.488689,-8.968689,-9.658689,-12.528689,-12.498689,-10.438689,-9.648689,-11.618689,-15.018689,-11.408689,-10.128689,-8.9486885,-7.888689,-8.528689,-8.228689,-7.288689,-6.718689,-5.548689,-4.918689,-6.498689,-6.568689,-6.968689,-6.698689,-6.768689,-7.118689,-6.978689,-7.368689,-7.378689,-6.608689,-7.668689,-8.318689,-8.508689,-8.208689,-9.578689,-10.688689,-11.618689,-11.238689,-10.878689,-11.428689,-11.578689,-10.348689,-10.438689,-12.998689,-13.9486885,-14.258689,-13.268689,-13.228689,-12.268689,-12.068689,-13.968689,-12.498689,-13.148689,-13.238689
-5.648689,-5.9386888,-6.968689,-7.058689,-7.4386888,-9.478689,-9.158689,-9.858689,-9.908689,-12.438689,-12.638689,-11.008689,-10.808689,-11.128689,-13.388689,-14.158689,-11.528689,-10.108689,-9.568689,-8.538689,-9.968689,-8.978689,-8.668689,-8.488689,-7.038689,-6.508689,-7.878689,-7.488689,-6.988689,-7.328689,-6.838689,-7.758689,-7.198689,-6.698689,-6.578689,-7.968689,-8.348689,-9.288689,-8.728689,-10.088689,-11.388689,-11.108689,-11.578689,-11.018689,-10.668689,-12.258689,-11.378689,-10.918689,-10.678689,-13.208689,-13.9486885,-15.068689,-14.058689,-13.148689,-13.438689,-14.008689,-14.398689,-13.388689,-12.158689,-12.548689
-6.078689,-6.988689,-6.858689,-6.928689,-7.788689,-9.318689,-9.668689,-11.078689,-12.078689,-13.318689,-11.558689,-10.358689,-11.478689,-12.808689,-13.838689,-13.128689,-13.088689,-11.438689,-10.238689,-10.048689,-9.938689,-9.998689,-10.438689,-10.568689,-9.118689,-7.668689,-8.018689,-8.568689,-8.078689,-7.748689,-7.718689,-8.298689,-8.4486885,-7.868689,-9.088689,-8.398689,-9.958689,-10.098689,-10.218689,-10.888689,-10.6986885,-10.538689,-12.328689,-11.718689,-12.338689,-12.628689,-12.058689,-12.088689,-12.878689,-14.208689,-14.338689,-15.568689,-14.728689,-14.108689,-13.218689,-13.668689,-13.918689,-15.138689,-13.608689,-13.238689
-5.728689,-6.848689,-7.138689,-6.998689,-7.768689,-9.548689,-11.098689,-12.078689,-12.148689,-12.898689,-10.458689,-9.998689,-11.718689,-14.288689,-13.988689,-11.878689,-12.568689,-11.868689,-11.138689,-11.038689,-11.008689,-10.268689,-9.278689,-11.258689,-9.758689,-8.738689,-8.798689,-8.248689,-9.008689,-8.578689,-8.658689,-9.158689,-9.418689,-9.728689,-10.228689,-9.718689,-10.338689,-10.728689,-10.108689,-9.518689,-10.728689,-11.318689,-12.458689,-12.708689,-12.288689,-13.088689,-12.848689,-13.558689,-14.078689,-14.718689,-14.168689,-15.658689,-15.758689,-13.868689,-13.548689,-14.008689,-13.668689,-14.268689,-14.158689,-14.548689
-4.928689,-5.918689,-6.928689,-7.288689,-7.598689,-9.368689,-10.758689,-10.928689,-11.688689,-12.018689,-10.718689,-9.678689,-11.898689,-14.038689,-14.778689,-11.708689,-13.038689,-11.628689,-12.718689,-12.918689,-10.778689,-9.748689,-9.208689,-9.998689,-9.008689,-7.9386888,-6.348689,-8.488689,-9.508689,-10.918689,-11.308689,-9.758689,-11.278689,-11.458689,-10.978689,-11.058689,-10.748689,-10.898689,-9.968689,-9.368689,-9.838689,-11.798689,-13.368689,-12.458689,-12.188689,-13.388689,-12.298689,-13.308689,-15.078689,-15.818689,-16.018688,-15.6986885,-15.398689,-14.718689,-13.268689,-12.888689,-13.848689,-14.148689,-15.728689,-14.778689
-4.448689,-6.548689,-6.988689,-7.1886888,-6.928689,-8.208689,-10.118689,-9.648689,-11.338689,-10.958689,-10.138689,-10.908689,-12.428689,-14.038689,-13.758689,-12.728689,-14.128689,-13.058689,-12.778689,-12.148689,-10.618689,-10.508689,-8.248689,-9.538689,-8.068689,-7.128689,-7.768689,-9.608689,-9.608689,-11.778689,-13.018689,-12.688689,-13.618689,-12.488689,-12.528689,-11.588689,-11.138689,-10.548689,-10.018689,-8.778689,-10.318689,-11.758689,-13.758689,-11.458689,-13.488689,-13.398689,-12.858689,-14.678689,-14.638689,-15.688689,-15.788689,-15.218689,-14.538689,-13.998689,-13.558689,-13.398689,-13.9486885,-15.098689,-15.258689,-14.968689
-5.718689,-7.248689,-7.278689,-6.718689,-6.948689,-7.6886888,-8.458689,-9.118689,-10.358689,-10.268689,-9.828689,-13.028689,-13.768689,-11.9486885,-13.138689,-12.558689,-12.498689,-12.648689,-12.6986885,-12.658689,-11.648689,-9.258689,-8.148689,-7.588689,-7.138689,-9.9486885,-9.098689,-10.008689,-11.848689,-12.418689,-14.388689,-13.028689,-14.768689,-14.908689,-12.458689,-12.258689,-11.468689,-11.008689,-10.378689,-9.978689,-10.048689,-10.588689,-13.148689,-13.358689,-14.068689,-14.108689,-13.848689,-14.288689,-14.568689,-15.538689,-15.228689,-15.538689,-14.738689,-14.898689,-13.308689,-14.128689,-14.368689,-14.438689,-14.498689,-14.238689
-6.098689,-7.118689,-6.348689,-6.768689,-6.358689,-7.218689,-7.378689,-7.858689,-8.998689,-9.828689,-9.868689,-11.728689,-12.168689,-10.478689,-11.388689,-11.158689,-10.368689,-12.498689,-10.178689,-10.348689,-10.648689,-9.038689,-8.928689,-8.118689,-9.048689,-9.778689,-10.808689,-10.358689,-12.628689,-12.808689,-14.908689,-13.758689,-14.848689,-15.268689,-13.218689,-13.458689,-13.018689,-12.678689,-11.738689,-9.848689,-9.908689,-10.9486885,-13.228689,-14.128689,-14.908689,-15.058689,-15.1986885,-15.178689,-14.338689,-13.498689,-14.848689,-15.478689,-15.508689,-15.158689,-14.088689,-14.018689,-13.568689,-13.958689,-13.658689,-13.268689
-4.808689,-5.808689,-6.048689,-6.638689,-5.428689,-5.848689,-6.788689,-7.158689,-8.438689,-8.6986885,-9.858689,-10.918689,-11.898689,-9.968689,-9.488689,-8.728689,-10.028689,-9.868689,-9.328689,-7.888689,-8.478689,-8.138689,-8.478689,-5.618689,-6.168689,-8.578689,-10.638689,-14.588689,-11.838689,-12.488689,-14.928689,-15.068689,-15.648689,-14.678689,-14.928689,-14.748689,-14.438689,-13.458689,-11.678689,-9.868689,-8.058689,-11.328689,-12.848689,-15.078689,-14.388689,-15.228689,-14.528689,-16.128689,-14.678689,-14.178689,-14.458689,-15.718689,-15.148689,-14.398689,-14.688689,-13.978689,-14.158689,-13.568689,-12.798689,-12.498689
-5.138689,-5.168689,-5.498689,-5.388689,-4.798689,-4.968689,-4.538689,-5.058689,-7.518689,-9.648689,-10.4486885,-10.978689,-10.798689,-9.978689,-6.278689,-6.078689,-7.468689,-8.718689,-8.998689,-7.158689,-8.338689,-6.418689,-8.838689,-8.338689,-6.318689,-4.178689,-4.858689,-12.078689,-15.138689,-13.758689,-15.338689,-14.898689,-15.788689,-14.528689,-15.118689,-15.748689,-14.018689,-13.438689,-11.958689,-11.928689,-10.268689,-10.578689,-12.318689,-15.1986885,-14.538689,-16.08869,-15.268689,-15.028689,-14.538689,-13.998689,-13.958689,-14.248689,-14.498689,-13.668689,-14.328689,-14.128689,-13.828689,-12.738689,-12.268689,-11.968689
-4.1886888,-4.478689,-4.4386888,-4.448689,-3.8186889,-5.348689,-5.418689,-5.508689,-6.838689,-9.438689,-10.158689,-10.238689,-9.648689,-9.288689,-6.598689,-6.118689,-8.118689,-8.988689,-7.668689,-6.638689,-7.398689,-6.168689,-7.338689,-9.168689,-8.488689,-5.828689,-4.788689,-9.188689,-15.938689,-13.618689,-13.798689,-15.178689,-15.748689,-15.058689,-15.1986885,-14.568689,-14.518689,-14.438689,-12.538689,-11.998689,-10.648689,-10.9486885,-13.508689,-15.848689,-15.938689,-15.778689,-16.848688,-15.988689,-14.998689,-15.648689,-14.358689,-14.658689,-13.018689,-13.538689,-13.998689,-13.798689,-13.798689,-14.338689,-13.158689,-11.968689
-3.728689,-4.278689,-3.958689,-2.768689,-4.308689,-5.348689,-5.368689,-7.048689,-6.518689,-8.778689,-9.788689,-10.208689,-9.418689,-7.918689,-4.968689,-5.6886888,-6.578689,-6.678689,-7.098689,-7.4386888,-8.118689,-5.7086887,-6.168689,-8.368689,-9.538689,-9.118689,-7.758689,-7.378689,-12.278689,-14.408689,-11.998689,-13.6986885,-14.558689,-15.368689,-13.778689,-15.1986885,-13.248689,-14.318689,-13.168689,-11.558689,-12.528689,-12.998689,-14.608689,-17.348688,-17.448689,-17.048689,-17.15869,-16.47869,-15.478689,-15.788689,-15.498689,-16.24869,-12.748689,-13.368689,-13.258689,-13.688689,-13.228689,-13.868689,-13.628689,-12.318689
-2.978689,-3.368689,-3.638689,-2.468689,-3.448689,-4.578689,-4.578689,-5.748689,-6.798689,-7.928689,-10.578689,-10.508689,-9.568689,-7.888689,-5.548689,-6.408689,-6.408689,-7.178689,-7.158689,-6.298689,-5.228689,-2.948689,-4.838689,-9.108689,-9.328689,-8.408689,-6.028689,-8.958689,-10.628689,-14.578689,-12.358689,-12.718689,-12.308689,-13.878689,-13.708689,-13.998689,-11.328689,-12.868689,-13.238689,-11.918689,-12.248689,-14.618689,-16.388689,-18.548689,-18.06869,-18.878689,-17.33869,-16.788689,-16.218689,-16.888689,-15.9486885,-14.748689,-14.138689,-14.138689,-13.168689,-13.078689,-13.128689,-12.758689,-13.238689,-12.038689
-1.838689,-2.868689,-3.438689,-2.678689,-3.268689,-2.908689,-3.0886889,-4.128689,-6.558689,-7.718689,-7.238689,-8.978689,-10.428689,-9.258689,-7.408689,-6.848689,-7.808689,-7.168689,-6.978689,-5.138689,-5.928689,-3.698689,-7.468689,-10.498689,-7.778689,-8.268689,-6.448689,-8.048689,-9.348689,-11.478689,-10.428689,-10.728689,-11.528689,-12.958689,-14.408689,-11.688689,-11.648689,-10.938689,-11.308689,-11.688689,-11.188689,-12.738689,-13.568689,-15.928689,-15.768689,-14.928689,-14.178689,-13.538689,-14.518689,-16.298689,-16.178688,-14.748689,-15.188689,-14.508689,-14.018689,-12.398689,-12.568689,-13.128689,-12.858689,-12.468689
