public/data/weather/2019/09/28/0000-wind-isobaric-70hPa-gfs-1.0.json
{"header": { "discipline":0, "disciplineName":"Meteorological products", "gribEdition":2, "gribLength":66726, "center":7, "centerName":"US National Weather Service - NCEP(WMC)", "subcenter":0, "refTime":"2019-09-28T00:00:00.000Z", "significanceOfRT":1, "significanceOfRTName":"Start of forecast", "productStatus":0, "productStatusName":"Operational products", "productType":1, "productTypeName":"Forecast products", "productDefinitionTemplate":0, "productDefinitionTemplateName":"Analysis/forecast at horizontal level/layer at a point in time", "parameterCategory":2, "parameterCategoryName":"Momentum", "parameterNumber":3, "parameterNumberName":"V-component_of_wind", "parameterUnit":"m.s-1", "genProcessType":2, "genProcessTypeName":"Forecast", "forecastTime":0, "surface1Type":100, "surface1TypeName":"Isobaric surface", "surface1Value":7000.0, "surface2Type":255, "surface2TypeName":"Missing", "surface2Value":0.0, "gridDefinitionTemplate":0, "gridDefinitionTemplateName":"Latitude_Longitude", "numberPoints":65160, "shape":6, "shapeName":"Earth spherical with radius of 6,371,229.0 m", "gridUnits":"degrees", "resolution":48, "winds":"true", "scanMode":0, "nx":360, "ny":181, "basicAngle":0, "lo1":0.0, "la1":90.0, "lo2":359.0, "la2":-90.0, "dx":1.0, "dy":1.0 }, "data":
[rows 0 to 26 of 181, columns 120 to 179 of 360]
-1.84458,-1.6945801,-1.5445801,-1.3945801,-1.24458,-1.09458,-0.9445801,-0.7945801,-0.6345801,-0.48458007,-0.33458006,-0.17458008,-0.024580078,0.12541991,0.27541992,0.43541992,0.5854199,0.7354199,0.8854199,1.0454199,1.1954199,1.3454199,1.49542,1.64542,1.7954199,1.9454199,2.09542,2.24542,2.3854198,2.53542,2.68542,2.82542,2.97542,3.1154199,3.25542,3.3954198,3.54542,3.6754198,3.81542,3.95542,4.09542,4.22542,4.35542,4.49542,4.62542,4.7554197,4.87542,5.0054197,5.12542,5.2554197,5.37542,5.49542,5.61542,5.72542,5.84542,5.95542,6.06542,6.17542,6.28542,6.39542
-1.35458,-1.21458,-1.0745801,-0.9345801,-0.8045801,-0.6645801,-0.52458006,-0.39458007,-0.24458008,-0.11458008,0.025419923,0.17541993,0.3154199,0.45541993,0.5854199,0.72541994,0.8654199,0.9954199,1.13542,1.26542,1.40542,1.53542,1.6654199,1.7954199,1.9254199,2.05542,2.18542,2.31542,2.43542,2.56542,2.69542,2.81542,2.93542,3.05542,3.1754198,3.29542,3.4154198,3.54542,3.6654198,3.77542,3.8954198,4.01542,4.13542,4.24542,4.36542,4.47542,4.59542,4.70542,4.81542,4.93542,5.0454197,5.15542,5.26542,5.37542,5.47542,5.58542,5.68542,5.7954197,5.88542,5.99542
-1.1745801,-1.0545801,-0.9345801,-0.8245801,-0.70458007,-0.58458006,-0.47458008,-0.35458007,-0.24458008,-0.13458008,-0.024580078,0.08541992,0.20541993,0.3154199,0.41541994,0.52541995,0.6354199,0.7454199,0.84541994,0.9554199,1.0654199,1.15542,1.26542,1.3554199,1.4554199,1.5454199,1.64542,1.7354199,1.8254199,1.9154199,2.01542,2.09542,2.18542,2.27542,2.3654199,2.46542,2.55542,2.6554198,2.75542,2.84542,2.95542,3.05542,3.1654198,3.26542,3.3754199,3.48542,3.59542,3.70542,3.81542,3.9254198,4.0454197,4.15542,4.26542,4.38542,4.49542,4.60542,4.71542,4.82542,4.94542,5.0454197
-1.4045801,-1.2945801,-1.1845801,-1.0545801,-0.9445801,-0.8245801,-0.70458007,-0.58458006,-0.47458008,-0.36458007,-0.25458008,-0.15458007,-0.04458008,0.04541992,0.14541993,0.22541992,0.3154199,0.39541993,0.48541993,0.5654199,0.66541994,0.7454199,0.84541994,0.9554199,1.0654199,1.1754199,1.28542,1.40542,1.51542,1.64542,1.77542,1.90542,2.02542,2.1554198,2.27542,2.3954198,2.51542,2.6254199,2.73542,2.83542,2.9254198,3.01542,3.1054199,3.18542,3.26542,3.34542,3.43542,3.52542,3.6154199,3.71542,3.81542,3.9254198,4.03542,4.14542,4.26542,4.37542,4.49542,4.60542,4.72542,4.83542
-0.8245801,-0.71458006,-0.59458005,-0.47458008,-0.35458007,-0.22458008,-0.08458008,0.06541992,0.20541993,0.36541992,0.52541995,0.6754199,0.8354199,0.9954199,1.15542,1.3054199,1.4454199,1.5954199,1.74542,1.88542,2.03542,2.1754198,2.31542,2.45542,2.59542,2.72542,2.8554199,2.98542,3.1154199,3.23542,3.3654199,3.48542,3.6054199,3.72542,3.83542,3.93542,4.03542,4.11542,4.18542,4.2554197,4.31542,4.37542,4.42542,4.47542,4.5254197,4.57542,4.61542,4.67542,4.72542,4.78542,4.83542,4.89542,4.95542,5.0054197,5.06542,5.12542,5.17542,5.2354198,5.2954197,5.35542
0.4754199,0.6154199,0.7454199,0.8654199,0.97541994,1.0854199,1.2054199,1.3054199,1.4254199,1.53542,1.63542,1.74542,1.8554199,1.9654199,2.06542,2.1554198,2.24542,2.33542,2.4154198,2.50542,2.59542,2.68542,2.78542,2.8954198,3.00542,3.1254199,3.24542,3.3754199,3.51542,3.6654198,3.80542,3.94542,4.08542,4.21542,4.34542,4.45542,4.55542,4.63542,4.68542,4.74542,4.78542,4.83542,4.87542,4.92542,4.95542,4.99542,5.03542,5.08542,5.14542,5.21542,5.2954197,5.36542,5.40542,5.43542,5.44542,5.45542,5.46542,5.4854198,5.51542,5.56542
0.91541994,1.02542,1.13542,1.2354199,1.3254199,1.4154199,1.50542,1.5854199,1.6754199,1.76542,1.8554199,1.9354199,2.02542,2.1254199,2.22542,2.3554199,2.50542,2.6654198,2.81542,2.96542,3.1154199,3.26542,3.4154198,3.56542,3.71542,3.8854198,4.05542,4.2354198,4.40542,4.57542,4.7354198,4.89542,5.03542,5.16542,5.2754197,5.37542,5.47542,5.56542,5.63542,5.70542,5.7554197,5.7954197,5.82542,5.84542,5.85542,5.86542,5.87542,5.89542,5.92542,5.95542,5.9854198,6.0054197,6.01542,6.0054197,5.96542,5.91542,5.83542,5.74542,5.64542,5.55542
0.91541994,1.00542,1.1154199,1.1854199,1.26542,1.3254199,1.39542,1.4654199,1.5654199,1.6654199,1.8054199,1.9654199,2.1354198,2.32542,2.52542,2.71542,2.9254198,3.1154199,3.30542,3.49542,3.6754198,3.84542,4.0054197,4.16542,4.30542,4.44542,4.55542,4.64542,4.72542,4.78542,4.84542,4.89542,4.93542,4.96542,4.99542,5.01542,5.03542,5.06542,5.08542,5.10542,5.13542,5.16542,5.20542,5.24542,5.2954197,5.32542,5.35542,5.37542,5.39542,5.42542,5.44542,5.4854198,5.51542,5.5454197,5.58542,5.62542,5.65542,5.66542,5.64542,5.58542
1.3454199,1.5454199,1.74542,1.9454199,2.1354198,2.34542,2.56542,2.76542,2.9254198,3.04542,3.1354198,3.21542,3.28542,3.3754199,3.49542,3.6254199,3.76542,3.9254198,4.09542,4.2754197,4.44542,4.61542,4.7554197,4.87542,4.96542,5.0454197,5.08542,5.12542,5.13542,5.14542,5.13542,5.10542,5.06542,5.01542,4.96542,4.94542,4.91542,4.90542,4.88542,4.85542,4.80542,4.74542,4.68542,4.60542,4.55542,4.51542,4.49542,4.4854198,4.49542,4.5054197,4.53542,4.58542,4.65542,4.7354198,4.83542,4.95542,5.09542,5.21542,5.33542,5.44542
1.51542,1.5454199,1.53542,1.5554199,1.5854199,1.62542,1.64542,1.64542,1.63542,1.63542,1.64542,1.6854199,1.75542,1.8554199,1.9654199,2.08542,2.22542,2.34542,2.47542,2.6154199,2.73542,2.83542,2.8954198,2.96542,3.00542,3.09542,3.18542,3.31542,3.44542,3.6154199,3.76542,3.9054198,4.05542,4.20542,4.36542,4.5254197,4.65542,4.76542,4.84542,4.88542,4.91542,4.91542,4.90542,4.87542,4.81542,4.72542,4.64542,4.56542,4.51542,4.49542,4.49542,4.5054197,4.5254197,4.57542,4.62542,4.71542,4.82542,4.96542,5.11542,5.2954197
1.1854199,1.2054199,1.2254199,1.2354199,1.24542,1.27542,1.3454199,1.4254199,1.49542,1.5854199,1.64542,1.64542,1.6054199,1.5654199,1.5454199,1.53542,1.5554199,1.5854199,1.5954199,1.5954199,1.5954199,1.62542,1.7154199,1.8654199,2.07542,2.27542,2.45542,2.6154199,2.75542,2.8854198,2.97542,3.03542,3.1154199,3.20542,3.31542,3.44542,3.59542,3.74542,3.8754199,3.98542,4.07542,4.12542,4.15542,4.17542,4.20542,4.2754197,4.37542,4.47542,4.5454197,4.59542,4.64542,4.70542,4.7754197,4.84542,4.89542,4.95542,5.03542,5.12542,5.22542,5.36542
0.72541994,0.6454199,0.6754199,0.78541994,0.8954199,0.9554199,0.97541994,1.03542,1.1654199,1.3254199,1.49542,1.62542,1.6754199,1.6954199,1.7054199,1.7054199,1.6754199,1.6154199,1.62542,1.7054199,1.7354199,1.6954199,1.7054199,1.7254199,1.76542,1.8254199,1.90542,2.01542,2.1554198,2.32542,2.49542,2.6554198,2.78542,2.8854198,2.98542,3.1154199,3.25542,3.3654199,3.4054198,3.4254198,3.46542,3.54542,3.6454198,3.75542,3.8954198,4.08542,4.30542,4.51542,4.68542,4.87542,5.07542,5.2754197,5.44542,5.59542,5.71542,5.80542,5.86542,5.89542,5.91542,5.89542
0.4454199,0.5754199,0.65541995,0.6954199,0.7654199,0.9354199,1.1854199,1.39542,1.4654199,1.51542,1.5954199,1.6854199,1.8154199,1.9354199,1.9354199,1.87542,1.88542,1.9554199,1.9454199,1.9754199,2.02542,2.04542,2.07542,2.1154199,2.09542,2.06542,2.06542,2.07542,2.08542,2.08542,2.08542,2.09542,2.1254199,2.19542,2.28542,2.4054198,2.55542,2.68542,2.77542,2.8554199,2.98542,3.1754198,3.4054198,3.6554198,3.9254198,4.19542,4.46542,4.71542,4.93542,5.13542,5.30542,5.46542,5.59542,5.74542,5.89542,6.0454197,6.18542,6.32542,6.4854198,6.67542
0.60541993,0.72541994,0.8354199,1.0854199,1.3354199,1.4154199,1.4454199,1.5754199,1.6754199,1.7154199,1.7954199,1.9154199,2.01542,2.08542,2.1354198,2.18542,2.1754198,2.19542,2.18542,2.1354198,2.22542,2.21542,2.1354198,2.18542,2.21542,2.1254199,2.03542,1.9354199,1.8554199,1.76542,1.6954199,1.6754199,1.6954199,1.75542,1.8654199,2.04542,2.24542,2.3954198,2.56542,2.77542,3.00542,3.23542,3.46542,3.72542,4.06542,4.47542,4.87542,5.20542,5.42542,5.57542,5.72542,5.92542,6.21542,6.53542,6.81542,7.05542,7.2354198,7.36542,7.42542,7.45542
0.84541994,0.91541994,0.9354199,0.90541995,1.0554199,1.3554199,1.53542,1.6054199,1.6654199,1.6054199,1.51542,1.4754199,1.4554199,1.49542,1.4854199,1.4454199,1.4454199,1.5554199,1.6654199,1.76542,1.7354199,1.5954199,1.62542,1.7054199,1.7354199,1.6954199,1.65542,1.62542,1.6054199,1.6054199,1.65542,1.7054199,1.7154199,1.7054199,1.7254199,1.8154199,1.9854199,2.1554198,2.34542,2.6154199,2.9154198,3.21542,3.56542,3.98542,4.44542,4.7954197,5.10542,5.5054197,5.94542,6.32542,6.59542,6.82542,7.10542,7.37542,7.49542,7.47542,7.39542,7.35542,7.39542,7.45542
1.14542,1.0854199,0.97541994,0.7554199,0.6254199,0.7054199,0.8854199,1.02542,1.0654199,1.0854199,1.0454199,1.0454199,1.0754199,1.0654199,1.01542,0.8854199,0.7054199,0.5854199,0.5654199,0.60541993,0.7054199,0.8154199,0.8754199,0.9354199,1.0454199,1.2154199,1.3154199,1.28542,1.26542,1.28542,1.2954199,1.38542,1.6054199,1.8354199,1.9654199,2.09542,2.22542,2.30542,2.46542,2.73542,3.1454198,3.59542,4.01542,4.42542,4.71542,4.92542,5.2354198,5.60542,5.96542,6.21542,6.39542,6.60542,6.82542,7.0054197,7.13542,7.17542,7.20542,7.2554197,7.31542,7.41542
1.38542,1.49542,1.52542,1.5754199,1.64542,1.5854199,1.4254199,1.3054199,1.1854199,1.0954199,0.91541994,0.71541995,0.6254199,0.49541992,0.3154199,0.10541992,-0.11458008,-0.28458008,-0.3745801,-0.4645801,-0.47458008,-0.47458008,-0.5045801,-0.39458007,-0.14458008,0.06541992,0.35541993,0.6954199,0.96541995,1.0954199,1.1154199,1.1654199,1.3454199,1.62542,1.9154199,2.26542,2.6254199,3.01542,3.4054198,3.79542,4.06542,4.14542,4.26542,4.53542,4.76542,5.0254197,5.2754197,5.62542,5.86542,6.08542,6.31542,6.55542,6.81542,7.07542,7.28542,7.41542,7.5454197,7.80542,8.12542,8.35542
1.9854199,2.1254199,2.21542,2.19542,2.08542,2.06542,2.05542,2.02542,1.9654199,1.75542,1.4654199,1.1054199,0.5754199,-0.024580078,-0.42458007,-0.70458007,-0.8245801,-0.8645801,-0.96458006,-1.10458,-1.1345801,-1.0345801,-1.0545801,-1.0445801,-0.89458007,-0.7445801,-0.4345801,0.025419923,0.42541993,0.8254199,1.15542,1.3354199,1.53542,1.8154199,2.1654198,2.3754199,2.68542,3.03542,3.30542,3.58542,3.84542,4.05542,4.2554197,4.64542,4.76542,4.7754197,4.97542,5.36542,5.83542,6.28542,6.57542,6.71542,6.80542,6.90542,7.0454197,7.36542,7.76542,8.01542,8.05542,8.04542
2.8954198,3.04542,3.07542,2.93542,2.76542,2.76542,2.6154199,2.46542,2.46542,2.3754199,2.20542,1.9454199,1.6154199,1.14542,0.5854199,-0.04458008,-0.6745801,-1.10458,-1.3145801,-1.4545801,-1.4145801,-1.60458,-1.75458,-1.7945801,-1.6745801,-1.3245801,-0.8845801,-0.35458007,0.39541993,0.72541994,1.03542,1.3454199,1.64542,1.8054199,2.1054199,2.4154198,2.6754198,2.93542,3.29542,3.6254199,3.83542,4.0054197,4.09542,3.96542,3.97542,4.15542,4.45542,5.05542,5.62542,6.0054197,6.32542,6.67542,6.88542,7.42542,7.94542,8.30542,8.70542,8.87542,8.9954195,8.90542
4.10542,4.34542,4.63542,4.63542,4.38542,4.06542,3.74542,3.50542,2.93542,2.83542,2.52542,2.18542,2.04542,1.6654199,1.28542,0.8754199,0.43541992,-0.12458008,-0.9245801,-1.49458,-1.73458,-1.8845801,-1.99458,-2.16458,-2.26458,-2.28458,-2.02458,-1.61458,-0.7945801,0.16541992,0.91541994,1.0654199,1.2354199,1.5554199,1.7154199,1.9554199,2.31542,2.8554199,3.44542,3.6154199,3.6654198,3.6554198,3.44542,3.29542,3.27542,3.6054199,4.2954197,4.70542,5.2354198,5.85542,6.43542,7.2554197,7.92542,8.2454195,8.67542,8.79542,9.25542,9.44542,9.7454195,9.79542
3.75542,4.0054197,4.07542,4.12542,4.35542,4.60542,4.46542,3.80542,3.84542,3.8854198,2.82542,2.6554198,2.6654198,2.3754199,2.30542,1.65542,0.97541994,0.3754199,-0.28458008,-1.1545801,-1.8245801,-2.1345801,-2.41458,-2.65458,-2.5745802,-2.56458,-2.45458,-2.30458,-1.97458,-1.2645801,-0.39458007,0.40541992,0.72541994,0.8954199,1.2254199,1.6054199,2.09542,2.71542,3.21542,3.03542,3.08542,3.02542,2.8754199,2.8954198,3.1654198,3.47542,3.93542,4.76542,5.89542,6.7954197,7.61542,7.9854198,8.64542,9.22542,9.44542,9.84542,9.93542,9.89542,9.94542,10.4954195
3.76542,3.94542,4.01542,4.07542,4.07542,3.9254198,3.75542,4.2954197,4.7354198,3.47542,3.44542,3.32542,2.23542,1.28542,1.4854199,1.26542,0.9354199,0.22541992,-0.59458005,-0.95458007,-1.85458,-2.6145802,-2.8945801,-3.1345801,-2.95458,-2.77458,-2.6345801,-2.3645802,-2.04458,-1.7645801,-1.36458,-0.9145801,-0.17458008,0.38541993,0.8054199,1.0954199,1.3654199,1.8554199,2.3854198,2.53542,2.4054198,2.54542,2.68542,2.8954198,2.95542,3.6054199,4.71542,6.03542,7.12542,7.70542,8.34542,8.83542,9.77542,9.94542,10.18542,10.29542,10.66542,10.83542,11.23542,10.72542
3.9054198,3.94542,4.0454197,4.28542,4.7354198,5.2754197,4.97542,4.10542,3.30542,3.97542,4.05542,2.8554199,2.6554198,3.09542,2.83542,2.1454198,1.75542,1.01542,0.025419923,-0.8145801,-1.9145801,-2.66458,-2.97458,-3.23458,-3.6445801,-3.53458,-3.20458,-2.8545802,-2.3445802,-2.1045802,-1.50458,-1.2945801,-1.10458,-0.33458006,0.29541993,0.6354199,0.91541994,1.1854199,1.4654199,1.65542,1.8454199,2.45542,2.99542,3.25542,3.49542,4.20542,5.34542,6.51542,7.20542,8.11542,9.37542,9.81542,10.09542,10.42542,10.90542,11.80542,11.67542,11.30542,10.97542,10.92542
4.2754197,3.48542,2.75542,2.23542,1.9254199,2.1354198,2.6054199,2.9154198,2.6154199,1.87542,1.6954199,2.02542,2.26542,1.8554199,1.6754199,1.75542,1.4854199,0.7654199,0.45541993,-0.5145801,-1.1645801,-2.1245801,-3.04458,-3.16458,-2.94458,-3.3545802,-3.6345801,-3.41458,-3.3445802,-2.97458,-2.48458,-1.6945801,-1.00458,-0.6745801,-0.17458008,0.30541992,0.5754199,0.8954199,1.0554199,1.3654199,1.8054199,2.6654198,3.3754199,3.75542,4.05542,4.5454197,5.83542,6.92542,7.62542,8.73542,9.29542,9.96542,10.68542,10.785419,11.45542,11.67542,12.32542,12.60542,12.31542,11.97542
2.9054198,2.3754199,2.04542,1.9754199,2.1554198,2.4054198,2.81542,3.20542,3.24542,3.04542,2.52542,1.8354199,1.3554199,1.2154199,0.8854199,0.9454199,0.41541994,0.10541992,-0.6045801,-0.84458005,-1.5245801,-2.1345801,-2.67458,-3.3245802,-3.5745802,-3.3245802,-3.44458,-3.65458,-3.66458,-3.27458,-2.80458,-2.68458,-1.7745801,-0.9145801,-0.5545801,0.09541992,0.43541992,0.5054199,0.7354199,1.12542,1.6854199,2.69542,3.56542,4.31542,4.59542,5.11542,6.2754197,7.2554197,8.21542,8.56542,9.19542,9.93542,10.31542,10.79542,11.05542,11.61542,12.52542,12.68542,12.42542,12.12542
1.99542,2.57542,3.09542,3.33542,3.6754198,4.12542,4.5254197,3.83542,2.8954198,1.9354199,1.38542,1.40542,1.3454199,0.8154199,0.5754199,0.09541992,0.15541992,-0.14458008,-0.53458005,-1.2045801,-1.86458,-2.06458,-1.99458,-2.31458,-3.31458,-3.8945801,-3.8445802,-3.8245802,-3.74458,-3.23458,-3.03458,-2.51458,-2.29458,-1.6945801,-1.12458,-0.45458007,0.06541992,0.2554199,0.4454199,0.8654199,1.4354199,2.1754198,3.1554198,3.8754199,4.56542,4.95542,5.88542,6.76542,7.45542,8.29542,8.91542,9.23542,9.73542,9.93542,10.59542,11.41542,11.82542,11.94542,11.87542,11.81542
1.9654199,2.19542,1.9654199,1.50542,1.6954199,2.3554199,2.68542,2.44542,1.63542,0.97541994,0.54541993,0.6954199,0.46541992,-0.28458008,-0.9245801,-0.70458007,-1.10458,-1.8045801,-1.6345801,-1.3045801,-1.36458,-2.02458,-2.3845801,-2.6445801,-2.76458,-3.1345801,-3.73458,-3.3945801,-3.21458,-3.0845802,-2.8445802,-2.5745802,-2.40458,-2.18458,-1.74458,-1.4045801,-1.0145801,-0.47458008,0.035419922,0.6354199,1.25542,1.6154199,2.4154198,3.4054198,3.98542,4.80542,5.5054197,6.13542,6.7354198,7.82542,8.66542,9.00542,9.25542,9.96542,10.66542,11.27542,11.59542,11.785419,12.04542,12.19542
