public/data/weather/2019/09/28/0000-wind-isobaric-700hPa-gfs-1.0.json
{"header": { "discipline":0, "disciplineName":"Meteorological products", "gribEdition":2, "gribLength":77703, "center":7, "centerName":"US National Weather Service - NCEP(WMC)", "subcenter":0, "refTime":"2019-09-28T00:00:00.000Z", "significanceOfRT":1, "significanceOfRTName":"Start of forecast", "productStatus":0, "productStatusName":"Operational products", "productType":1, "productTypeName":"Forecast products", "productDefinitionTemplate":0, "productDefinitionTemplateName":"Analysis/forecast at horizontal level/layer at a point in time", "parameterCategory":2, "parameterCategoryName":"Momentum", "parameterNumber":2, "parameterNumberName":"U-component_of_wind", "parameterUnit":"m.s-1", "genProcessType":2, "genProcessTypeName":"Forecast", "forecastTime":0, "surface1Type":100, "surface1TypeName":"Isobaric surface", "surface1Value":70000.0, "surface2Type":255, "surface2TypeName":"Missing", "surface2Value":0.0, "gridDefinitionTemplate":0, "gridDefinitionTemplateName":"Latitude_Longitude", "numberPoints":65160, "shape":6, "shapeName":"Earth spherical with radius of 6,371,229.0 m", "gridUnits":"degrees", "resolution":48, "winds":"true", "scanMode":0, "nx":360, "ny":181, "basicAngle":0, "lo1":0.0, "la1":90.0, "lo2":359.0, "la2":-90.0, "dx":1.0, "dy":1.0 }, "data":
[rows 26 to 51 of 181, columns 236 to 294 of 360]
2.9857519,3.655752,3.545752,4.6357517,5.445752,5.6157517,4.715752,4.065752,4.185752,4.6357517,4.245752,4.415752,3.7257519,3.5157518,3.555752,3.655752,4.005752,3.7557518,3.465752,3.295752,3.075752,3.425752,3.795752,2.925752,2.2457519,3.345752,2.5157518,2.455752,1.845752,1.5457519,-1.3242481,-3.374248,-4.374248,-4.514248,-3.454248,-5.494248,-6.294248,-7.524248,-8.244248,-7.774248,-7.3642483,-6.044248,-5.124248,-5.494248,-4.8642483,-5.514248,-4.644248,-2.384248,-1.6742481,-0.77424806,-0.91424805,-1.384248,-2.844248,-2.704248,-1.984248,-4.174248,-3.164248,-6.6142483,-8.894248
2.5057518,3.185752,3.665752,4.535752,4.705752,4.935752,4.775752,4.045752,3.4757519,4.595752,5.435752,5.085752,5.105752,4.875752,4.415752,4.665752,4.525752,4.395752,3.965752,4.625752,3.455752,2.895752,2.845752,3.775752,3.545752,2.415752,3.025752,3.935752,3.335752,3.2457519,1.865752,0.52575195,-3.214248,-2.634248,-1.024248,-1.274248,-2.934248,-4.564248,-6.294248,-6.254248,-6.104248,-6.304248,-7.464248,-8.154248,-8.944248,-9.774248,-9.434248,-7.274248,-5.414248,-3.2742481,-0.72424805,1.255752,1.145752,0.17575195,-0.074248046,-0.22424805,-0.59424806,0.43575194,-4.964248
4.015752,4.305752,4.055752,3.5057518,2.275752,2.615752,3.045752,2.825752,3.655752,4.045752,5.3657517,4.695752,4.445752,5.1157517,5.025752,5.045752,4.625752,4.785752,4.765752,4.515752,3.415752,2.845752,4.025752,4.175752,4.085752,4.055752,4.755752,4.965752,4.825752,3.895752,4.825752,4.225752,4.735752,4.875752,4.315752,3.915752,2.845752,0.04575195,-2.324248,-4.164248,-4.004248,-5.104248,-4.8642483,-5.444248,-6.224248,-5.474248,-3.964248,-3.414248,-2.784248,-2.0042481,-0.21424805,2.195752,3.2657518,2.855752,1.525752,1.3257519,0.50575197,2.405752,3.085752
4.785752,4.3857517,4.185752,3.355752,2.965752,2.815752,1.865752,2.715752,3.535752,3.7257519,4.085752,4.3857517,4.305752,3.805752,3.545752,3.405752,3.845752,4.105752,4.595752,5.215752,4.525752,5.055752,4.595752,5.3657517,5.905752,5.845752,6.455752,6.375752,6.745752,4.765752,4.355752,5.315752,6.245752,7.165752,5.565752,4.785752,3.185752,4.285752,2.465752,-1.754248,-3.164248,-4.064248,-4.624248,-5.814248,-5.354248,-6.104248,-5.944248,-4.894248,-3.564248,-2.2742481,-0.29424804,-0.13424805,1.7057519,3.615752,3.375752,2.9957519,1.655752,3.425752,4.305752
3.7557518,3.405752,4.475752,4.715752,5.085752,4.745752,4.225752,3.685752,3.605752,3.7657518,3.465752,2.845752,2.345752,2.2357519,2.365752,2.525752,3.335752,4.495752,5.455752,5.815752,6.815752,6.435752,7.195752,6.8657517,6.855752,7.3857517,8.135752,8.345752,8.305752,8.385752,9.045752,7.095752,4.405752,5.595752,6.955752,8.525752,6.805752,6.645752,4.875752,2.105752,0.20575196,-1.604248,-1.624248,-2.224248,-4.744248,-3.604248,-2.954248,-2.134248,-1.774248,0.9857519,1.6657519,1.005752,0.72575194,2.365752,4.045752,3.7457519,3.315752,1.645752,3.955752
4.315752,2.875752,2.805752,3.045752,4.345752,3.2357519,4.305752,5.065752,4.805752,4.945752,4.415752,5.085752,5.335752,5.195752,5.395752,5.305752,5.315752,5.065752,5.045752,5.825752,6.855752,6.855752,6.985752,7.335752,7.735752,8.085752,8.505752,9.345752,9.435752,9.755752,10.975752,12.355752,14.6257515,16.565752,17.255753,13.155752,13.315752,13.275752,9.895752,8.205752,5.305752,4.525752,4.055752,5.005752,5.875752,5.8857517,4.355752,3.7657518,1.0757519,3.135752,5.235752,4.645752,2.715752,3.4957519,3.655752,3.405752,3.315752,3.045752,2.705752
2.035752,1.645752,1.475752,1.0457519,1.2857519,1.9357519,2.7457519,3.095752,3.535752,4.935752,6.075752,7.235752,6.055752,5.645752,6.775752,6.245752,5.665752,4.8657517,4.715752,5.525752,5.105752,6.075752,5.095752,6.235752,7.085752,7.205752,8.055752,7.6157517,8.055752,9.515752,10.795752,9.965752,10.705752,12.435752,13.795752,15.415752,16.465752,15.525752,14.325752,12.935752,10.6257515,9.765752,8.865752,7.155752,5.895752,6.595752,5.1157517,4.735752,3.7257519,2.4757519,6.515752,5.605752,4.565752,4.315752,4.3857517,4.015752,3.325752,4.3857517,2.875752
-3.184248,-2.034248,-1.4442481,-1.774248,-1.1842481,-1.2142481,-0.15424804,0.46575195,1.085752,1.635752,1.885752,2.305752,3.0157518,4.055752,3.815752,3.7257519,4.315752,4.075752,3.5157518,3.865752,4.175752,4.335752,5.375752,5.395752,5.175752,5.665752,5.795752,6.3657517,7.3657517,8.305752,9.115752,9.835752,10.485752,11.835752,12.115752,12.035752,12.975752,14.665752,15.765752,15.115752,14.855752,13.415752,11.465752,11.015752,11.215752,9.425752,7.575752,5.395752,3.155752,5.455752,6.945752,9.445752,7.805752,6.125752,6.145752,5.375752,5.405752,4.355752,6.6157517
-8.644248,-10.244248,-7.6342483,-6.024248,-4.854248,-3.684248,-2.554248,-1.604248,-1.594248,-1.9442481,-2.0142481,-1.8042481,-0.97424805,-0.32424805,0.9857519,2.065752,2.845752,2.965752,2.9857519,4.075752,4.445752,4.755752,4.505752,4.295752,4.585752,4.545752,5.1157517,5.165752,6.765752,7.8657517,8.295752,9.925752,10.815752,10.715752,10.935752,12.535752,13.825752,14.3757515,14.575752,13.835752,13.635752,12.005752,10.785752,10.205752,9.215752,9.085752,8.885752,8.755752,6.295752,9.855752,9.445752,7.535752,9.925752,8.675752,7.855752,8.175752,7.165752,5.535752,6.515752
-11.864248,-13.1242485,-18.094248,-12.1242485,-8.824248,-6.714248,-5.464248,-4.374248,-3.454248,-3.094248,-3.454248,-2.924248,-1.6942481,-1.504248,0.24575195,0.83575195,1.835752,2.935752,3.295752,3.805752,4.545752,4.3657517,4.455752,4.175752,4.955752,5.045752,5.3857517,6.065752,6.755752,7.8657517,8.805752,9.6257515,10.505752,11.195752,11.405752,11.765752,11.705752,12.485752,13.095752,14.3757515,12.475752,12.115752,12.585752,10.965752,10.335752,11.195752,8.565752,8.405752,8.145752,11.385752,11.075752,10.595752,9.465752,9.505752,9.265752,9.955752,9.485752,8.345752,7.705752
-8.8742485,-10.134248,-10.994248,-15.084248,-11.754248,-8.094248,-4.824248,-4.944248,-3.194248,-2.9842482,-2.364248,-1.3242481,-1.4542481,-1.034248,0.19575195,0.97575194,1.875752,2.155752,2.5057518,2.065752,3.335752,3.815752,3.7357519,3.875752,4.6157517,5.825752,6.665752,7.245752,7.8857517,8.595752,9.525752,10.135752,10.795752,11.895752,12.465752,12.515752,12.165752,12.495752,12.255752,11.655752,11.855752,12.565752,12.835752,10.865752,12.305752,12.305752,12.105752,12.1257515,12.785752,8.825752,8.965752,8.575752,8.975752,8.6257515,9.495752,10.645752,11.365752,10.595752,8.705752
-5.574248,-6.104248,-3.854248,-15.784248,-6.204248,-6.894248,-8.844248,-5.424248,-4.344248,-2.0242481,-1.2942481,-1.0542481,0.24575195,0.63575196,1.1857519,1.025752,1.985752,2.775752,3.075752,2.7457519,3.7557518,4.485752,5.035752,6.265752,7.405752,8.415752,9.275752,9.955752,9.975752,10.025752,10.745752,11.775752,11.645752,11.495752,11.645752,12.425752,12.8757515,13.305752,14.305752,14.305752,14.035752,13.055752,11.915752,12.795752,12.575752,9.935752,14.595752,11.855752,11.945752,12.215752,9.655752,8.345752,9.685752,8.635752,8.675752,9.345752,11.015752,11.265752,11.235752
-4.554248,-2.384248,-5.284248,-8.054248,-10.104248,-5.554248,-3.7742481,-4.264248,-6.604248,-3.4942482,-1.784248,-1.144248,-0.53424805,0.44575197,1.0757519,1.105752,1.395752,1.985752,2.9957519,3.895752,5.285752,6.355752,7.295752,8.595752,8.245752,8.095752,9.185752,9.685752,9.475752,10.045752,10.615752,11.495752,12.1257515,11.985752,11.715752,11.855752,11.795752,11.3757515,11.895752,12.545752,12.545752,13.325752,14.695752,14.785752,14.445752,14.345752,13.315752,14.665752,18.595753,16.025751,11.025752,10.005752,11.035752,9.925752,7.805752,8.265752,10.065752,10.295752,12.315752
-4.824248,-6.194248,-6.534248,-5.844248,-10.924248,-6.784248,-3.784248,-5.084248,-7.594248,-9.094248,-1.374248,-1.5842481,-1.384248,-0.9542481,-0.16424805,1.0757519,2.645752,4.325752,5.305752,6.525752,7.725752,8.385752,8.395752,8.975752,10.535752,10.115752,10.595752,11.6257515,10.8757515,11.015752,11.695752,12.255752,11.645752,11.065752,11.725752,11.645752,11.355752,11.075752,11.595752,12.785752,15.845752,17.015753,15.895752,18.715752,23.295752,17.425753,16.945751,19.555752,21.715752,19.985752,17.365751,10.955752,12.795752,11.135752,9.055752,8.275752,7.025752,8.275752,9.845752
-8.004248,-2.404248,-1.764248,-2.574248,-0.97424805,-2.714248,-5.274248,-2.554248,-0.98424804,-7.734248,-2.544248,0.90575194,0.9257519,1.085752,2.5057518,4.265752,5.025752,6.355752,8.595752,9.195752,9.655752,9.865752,9.255752,10.265752,10.855752,11.815752,12.015752,13.045752,12.575752,11.325752,11.905752,12.885752,12.885752,13.515752,15.035752,14.175752,14.075752,16.145752,15.775752,15.415752,15.635752,15.465752,18.505753,14.695752,17.015753,18.015753,17.515753,17.865751,18.975752,17.235752,16.395752,13.945752,12.865752,12.335752,11.095752,10.595752,9.705752,8.225752,10.305752
1.9557519,2.445752,1.755752,2.925752,4.315752,3.325752,-5.314248,-2.364248,-3.114248,-2.894248,-6.344248,-2.414248,0.25575197,3.185752,5.565752,7.675752,8.695752,7.095752,8.205752,7.145752,8.005752,9.6257515,9.425752,7.395752,7.525752,8.005752,8.805752,9.225752,9.295752,10.955752,12.145752,13.995752,14.715752,14.285752,13.615752,14.445752,13.735752,12.385752,12.675752,13.305752,11.905752,11.265752,14.115752,15.765752,15.195752,15.055752,13.905752,16.075752,14.495752,12.975752,12.095752,11.605752,15.1257515,13.565752,10.995752,13.695752,13.365752,13.695752,13.285752
12.015752,9.735752,8.025752,5.075752,2.5057518,6.245752,7.395752,3.175752,5.095752,3.065752,0.46575195,-7.254248,-3.104248,-0.12424805,1.875752,5.285752,8.075752,8.905752,8.435752,9.735752,8.175752,7.265752,9.775752,10.765752,10.465752,9.735752,11.505752,10.885752,9.865752,9.545752,10.025752,10.485752,11.365752,11.595752,9.765752,11.295752,13.185752,13.645752,13.615752,13.505752,13.545752,13.525752,16.425753,19.315752,15.015752,19.855751,18.685753,21.165752,19.715752,17.865751,19.005753,14.235752,18.275751,14.655752,12.895752,12.845752,15.635752,17.185753,16.595753
13.965752,15.485752,13.645752,9.355752,6.405752,9.155752,8.245752,7.825752,8.945752,9.6257515,8.405752,9.505752,4.595752,3.425752,-1.754248,0.105751954,1.875752,7.1157517,7.785752,7.425752,8.925752,9.035752,8.115752,8.785752,12.145752,12.8757515,10.865752,8.885752,10.725752,12.025752,13.055752,13.205752,11.535752,11.105752,13.725752,13.915752,15.6257515,17.405752,16.985752,20.715752,22.585752,18.865751,17.905752,20.315752,20.995752,22.195751,25.265753,26.175753,25.745752,25.375751,26.805752,23.355751,20.345753,20.405752,16.275751,15.885752,15.905752,17.965752,14.725752
12.755752,13.395752,16.285751,14.405752,5.6157517,10.825752,13.885752,14.205752,8.905752,9.115752,5.295752,5.455752,4.495752,5.595752,1.0357519,3.035752,1.145752,2.7557518,6.255752,8.795752,8.845752,9.645752,11.205752,11.765752,9.515752,12.325752,11.845752,14.335752,15.915752,14.505752,13.345752,13.465752,13.905752,14.145752,16.325752,17.355751,18.985752,19.205751,23.735752,22.155752,19.535751,21.105751,24.025751,23.795752,23.395752,23.895752,26.165752,25.535751,27.525751,28.485752,26.315752,23.355751,23.575752,20.975752,19.545752,17.465752,16.605751,15.215752,15.355752
11.655752,10.195752,15.485752,12.775752,14.395752,10.495752,7.195752,6.585752,8.095752,8.705752,8.745752,8.595752,7.6157517,5.075752,4.035752,1.8057519,2.945752,2.305752,3.205752,5.185752,6.165752,9.785752,12.045752,11.955752,12.685752,13.955752,14.355752,16.305752,15.455752,14.955752,13.385752,13.725752,16.015753,17.255753,13.195752,12.905752,15.535752,15.165752,17.125751,19.735752,20.795752,23.565752,22.315752,19.515753,18.095753,22.985752,24.935753,26.735752,26.065752,27.205751,26.525751,22.465752,21.505753,21.845753,20.775751,18.215752,16.055752,14.635752,15.105752
11.455752,9.605752,10.915752,7.485752,8.455752,7.315752,5.425752,7.625752,5.025752,4.105752,3.885752,0.39575195,4.345752,3.945752,3.7657518,-0.5742481,2.335752,0.6757519,4.515752,3.0157518,1.385752,1.645752,3.9757519,7.855752,9.295752,11.905752,10.345752,11.345752,12.485752,12.715752,12.505752,12.655752,12.425752,11.355752,15.445752,15.755752,15.785752,16.685753,19.725752,27.315752,25.065752,22.545752,18.055752,13.065752,17.345753,21.115751,23.055752,23.685753,23.015753,20.135752,21.045752,17.475752,18.295752,19.115751,17.185753,16.395752,15.485752,14.675752,12.865752
6.795752,6.075752,9.325752,4.985752,5.185752,4.855752,5.745752,4.215752,7.145752,7.875752,5.015752,6.525752,5.785752,4.825752,5.515752,4.715752,5.475752,9.355752,10.105752,4.1357517,3.165752,8.465752,9.355752,10.025752,11.055752,12.865752,9.935752,10.005752,11.425752,12.095752,17.755753,13.735752,17.505753,16.025751,16.715752,15.305752,18.085752,22.015753,26.485752,23.395752,22.465752,16.305752,19.645752,26.845753,23.035751,24.335752,22.475752,19.755753,16.715752,15.925752,14.725752,14.605752,15.005752,13.685752,15.045752,14.895752,13.855752,12.575752,12.465752
2.205752,7.125752,3.655752,4.775752,4.725752,4.525752,4.935752,4.765752,5.945752,5.155752,1.355752,3.7457519,3.945752,7.045752,8.3757515,10.015752,10.015752,11.615752,7.725752,13.405752,13.355752,7.785752,7.205752,9.085752,6.795752,7.575752,8.255752,8.435752,13.475752,14.725752,12.145752,13.715752,10.865752,20.485752,20.375751,22.595753,22.325752,22.465752,22.825752,23.365751,18.355751,18.815752,17.725752,22.355751,21.825752,19.265753,16.865751,12.695752,11.665752,9.115752,7.8657517,9.525752,10.835752,10.8757515,10.755752,10.245752,11.1257515,10.515752,10.385752
4.195752,2.855752,7.565752,6.8857517,12.195752,11.835752,14.205752,12.675752,11.025752,5.205752,4.825752,5.675752,10.085752,10.465752,9.235752,9.535752,4.075752,-1.114248,-4.844248,-0.98424804,2.0157518,4.695752,6.585752,7.715752,6.8857517,7.595752,14.595752,6.555752,6.315752,6.845752,7.495752,16.805752,21.225752,19.545752,20.625751,22.705751,21.885752,20.345753,16.865751,19.015753,22.005753,15.975752,16.865751,17.285751,14.785752,13.3757515,10.715752,10.1257515,8.385752,5.265752,3.665752,5.225752,6.595752,7.065752,7.795752,8.995752,9.485752,9.525752,9.025752
9.485752,6.965752,8.295752,10.755752,10.245752,10.855752,5.825752,9.155752,10.965752,10.915752,5.935752,4.055752,5.245752,7.915752,9.545752,7.985752,6.3857517,6.495752,7.3857517,-12.774248,-4.594248,0.865752,2.205752,4.595752,4.6357517,4.125752,2.585752,3.425752,8.995752,16.505753,18.835752,18.845753,20.855751,21.525751,19.715752,18.265753,17.165752,16.635752,13.425752,10.445752,12.775752,13.535752,11.785752,10.885752,9.995752,7.305752,5.575752,3.575752,4.835752,4.515752,6.775752,7.105752,7.295752,8.705752,8.225752,8.505752,8.005752,7.3657517,7.315752
14.275752,14.745752,13.275752,10.485752,12.975752,8.255752,8.825752,9.075752,8.3757515,6.8657517,7.705752,7.485752,7.995752,9.6257515,7.125752,8.165752,7.735752,4.565752,7.255752,0.76575196,2.335752,-0.5142481,2.175752,6.125752,6.645752,8.335752,11.595752,16.125751,16.115751,14.695752,17.225752,16.955751,16.535751,14.065752,13.445752,12.705752,11.635752,10.275752,11.915752,11.495752,11.105752,14.1257515,13.515752,10.815752,9.815752,5.735752,8.355752,6.875752,7.935752,9.145752,9.025752,8.525752,7.505752,6.395752,6.935752,6.125752,6.215752,7.015752,6.795752
