public/data/weather/2019/09/28/0000-wind-isobaric-250hPa-gfs-1.0.json
{"header": { "discipline":0, "disciplineName":"Meteorological products", "gribEdition":2, "gribLength":50724, "center":7, "centerName":"US National Weather Service - NCEP(WMC)", "subcenter":0, "refTime":"2019-09-28T00:00:00.000Z", "significanceOfRT":1, "significanceOfRTName":"Start of forecast", "productStatus":0, "productStatusName":"Operational products", "productType":1, "productTypeName":"Forecast products", "productDefinitionTemplate":0, "productDefinitionTemplateName":"Analysis/forecast at horizontal level/layer at a point in time", "parameterCategory":2, "parameterCategoryName":"Momentum", "parameterNumber":3, "parameterNumberName":"V-component_of_wind", "parameterUnit":"m.s-1", "genProcessType":2, "genProcessTypeName":"Forecast", "forecastTime":0, "surface1Type":100, "surface1TypeName":"Isobaric surface", "surface1Value":25000.0, "surface2Type":255, "surface2TypeName":"Missing", "surface2Value":0.0, "gridDefinitionTemplate":0, "gridDefinitionTemplateName":"Latitude_Longitude", "numberPoints":65160, "shape":6, "shapeName":"Earth spherical with radius of 6,371,229.0 m", "gridUnits":"degrees", "resolution":48, "winds":"true", "scanMode":0, "nx":360, "ny":181, "basicAngle":0, "lo1":0.0, "la1":90.0, "lo2":359.0, "la2":-90.0, "dx":1.0, "dy":1.0 }, "data":
[rows 125 to 149 of 181, columns 116 to 173 of 360]
-0.30092162,0.39907837,1.2990783,1.4990784,1.9990784,1.1990783,0.59907836,0.49907836,1.9990784,3.4990783,3.6990783,3.9990783,3.6990783,2.3990784,1.4990784,1.0990784,0.6990784,0.29907838,-1.0009216,-0.40092164,0.29907838,1.6990783,1.5990784,3.4990783,5.2990785,2.5990784,0.59907836,2.1990783,4.4990783,7.2990785,12.099078,16.299078,21.699078,27.09908,30.299078,29.09908,18.799078,12.699079,7.4990783,3.6990783,-2.7009215,-9.800921,-17.700922,-21.200922,-18.100922,-11.800921,-10.500921,-8.500921,-3.1009216,0.39907837,3.3990784,5.7990785,4.6990786,1.8990784,-0.10092163,-2.3009217,-3.6009216,-3.8009217
-2.3009217,-1.7009217,-0.70092165,-0.10092163,1.0990784,2.5990784,3.6990783,3.0990784,3.6990783,4.4990783,5.6990786,6.599078,7.3990784,5.9990783,4.4990783,3.6990783,3.0990784,0.09907837,-2.0009217,-2.9009216,-2.7009215,-2.1009216,-1.4009216,1.1990783,1.0990784,-3.7009215,-0.20092162,1.1990783,6.1990786,8.999079,13.099078,19.199078,25.899078,33.39908,35.89908,28.799078,19.09908,10.099078,3.8990784,-1.7009217,-6.6009216,-12.600922,-15.500921,-21.100922,-17.40092,-14.500921,-12.900922,-8.300921,-3.9009216,1.1990783,5.1990786,6.4990783,3.5990784,-0.40092164,0.09907837,-2.2009215,-2.5009217,-2.1009216
-4.7009215,-3.9009216,-3.2009215,-2.2009215,-1.2009217,1.2990783,2.9990783,4.1990786,5.599078,5.2990785,6.4990783,7.6990786,9.099078,9.499079,10.099078,9.199079,6.1990786,-0.20092162,-4.0009217,-5.1009216,-6.5009217,-6.6009216,-5.0009217,-2.1009216,-5.8009214,-4.8009214,-3.5009217,0.6990784,5.6990786,8.599078,14.899078,22.59908,26.399078,31.399078,33.499077,27.799078,16.199078,10.999079,3.1990783,-3.8009217,-9.900922,-14.100922,-16.500921,-18.700922,-17.500921,-17.700922,-13.600922,-8.400922,-3.7009215,-9.216309E-4,4.099078,6.1990786,2.5990784,-1.5009216,-2.5009217,-2.5009217,-2.3009217,-1.1009216
-6.1009216,-4.900922,-4.400922,-3.7009215,-3.8009217,-1.1009216,-0.40092164,1.1990783,3.2990785,5.2990785,6.8990784,7.7990785,9.699079,11.699079,12.599078,12.299078,8.999079,2.5990784,-5.400922,-7.3009214,-8.700922,-9.000921,-6.8009214,-6.2009215,-9.100922,-6.5009217,-2.0009217,1.4990784,3.8990784,7.599078,14.299078,20.59908,25.799078,30.199078,30.499079,24.699078,19.499079,15.599078,8.099078,1.7990783,-6.1009216,-11.000921,-15.600922,-19.000921,-16.700922,-17.000921,-13.000921,-8.300921,-5.0009217,-0.70092165,2.9990783,4.4990783,2.0990784,-0.90092164,-2.3009217,-1.4009216,-1.2009217,0.39907837
-6.3009214,-4.5009217,-4.3009214,-4.8009214,-4.1009216,-4.2009215,-2.0009217,-1.1009216,-0.40092164,1.3990784,3.1990783,4.7990785,6.8990784,8.599078,11.499079,11.899078,9.599078,4.099078,-4.1009216,-8.900922,-9.600922,-9.300921,-8.900922,-12.300921,-9.500921,-5.7009215,-1.7009217,1.9990784,2.6990783,6.6990786,13.599078,18.799078,23.999079,28.199078,30.499079,27.699078,19.999079,15.999079,10.199079,4.099078,-2.0009217,-9.100922,-15.200922,-16.800922,-14.600922,-13.300921,-11.900922,-10.400922,-7.0009217,-2.3009217,0.49907836,1.5990784,1.5990784,-0.20092162,0.19907837,-0.70092165,-0.5009216,1.2990783
-3.4009216,-2.4009216,-3.2009215,-3.5009217,-4.5009217,-4.8009214,-4.1009216,-3.4009216,-3.9009216,-2.6009216,-0.90092164,0.89907837,2.4990783,5.2990785,7.1990786,7.7990785,7.4990783,3.6990783,-2.2009215,-5.8009214,-8.500921,-11.100922,-14.200922,-12.600922,-7.6009216,-4.1009216,-1.6009216,1.3990784,3.2990785,5.9990783,11.499079,16.799078,21.499079,26.299078,28.699078,29.499079,26.09908,20.299078,13.999079,5.7990785,2.6990783,-3.5009217,-8.700922,-12.300921,-12.500921,-9.900922,-9.700922,-10.800921,-7.5009217,-3.6009216,-0.8009216,0.6990784,-0.30092162,-9.216309E-4,1.2990783,0.49907836,0.9990784,1.7990783
-7.8009214,-5.400922,-4.400922,-4.1009216,-3.9009216,-4.7009215,-5.400922,-4.900922,-5.0009217,-4.6009216,-4.8009214,-3.1009216,-2.2009215,-9.216309E-4,1.7990783,2.7990785,3.8990784,3.0990784,-1.2009217,-5.0009217,-8.300921,-11.400922,-12.500921,-10.700922,-7.0009217,-3.9009216,-1.9009216,1.1990783,2.5990784,6.4990783,7.9990783,12.299078,17.09908,21.799078,26.09908,27.499079,26.499079,24.299078,20.499079,14.299078,5.7990785,2.2990785,-0.90092164,-4.2009215,-4.2009215,-6.900922,-8.700922,-8.400922,-6.8009214,-4.3009214,-2.7009215,-0.60092163,1.4990784,1.5990784,0.29907838,0.6990784,1.5990784,2.3990784
-5.7009215,-3.8009217,-2.7009215,-0.8009216,-2.3009217,-4.400922,-5.400922,-6.400922,-7.0009217,-7.2009215,-6.1009216,-6.900922,-6.2009215,-5.0009217,-3.2009215,-2.6009216,-2.1009216,-0.70092165,-3.2009215,-6.2009215,-7.7009215,-11.500921,-10.400922,-8.900922,-6.400922,-5.400922,-2.5009217,0.79907835,2.3990784,5.1990786,9.399078,9.599078,13.699079,17.299078,21.799078,24.09908,24.399078,22.299078,21.299078,20.199078,17.09908,9.899078,3.7990785,-2.2009215,-1.5009216,-4.6009216,-5.7009215,-5.2009215,-4.3009214,-3.8009217,-4.0009217,-3.8009217,-1.8009217,-1.2009217,-0.60092163,0.89907837,0.59907836,2.7990785
-1.4009216,-1.4009216,-0.40092164,0.09907837,0.19907837,-1.5009216,-3.0009217,-4.7009215,-6.2009215,-7.400922,-9.000921,-9.900922,-8.800921,-8.500921,-9.800921,-7.7009215,-7.6009216,-7.1009216,-6.7009215,-8.000921,-9.000921,-9.000921,-8.300921,-7.1009216,-6.7009215,-5.900922,-3.8009217,-1.6009216,-0.30092162,2.4990783,6.099078,10.299078,11.699079,14.599078,17.899078,20.799078,21.699078,21.899078,20.299078,19.59908,18.999079,17.399078,13.899078,7.1990786,2.2990785,-2.8009217,-4.8009214,-6.7009215,-5.3009214,-5.400922,-6.2009215,-5.1009216,-4.2009215,-2.1009216,0.49907836,2.8990784,1.4990784,3.6990783
-0.30092162,0.9990784,1.8990784,1.8990784,1.5990784,0.59907836,-0.70092165,-2.8009217,-4.6009216,-7.2009215,-8.300921,-10.100922,-11.700922,-12.900922,-13.000921,-13.600922,-12.500921,-12.500921,-10.700922,-9.700922,-9.200922,-8.700922,-8.500921,-7.3009214,-6.6009216,-5.3009214,-3.9009216,-2.6009216,-1.0009216,0.9990784,3.2990785,5.6990786,9.199079,12.099078,14.999079,17.699078,18.799078,19.699078,19.499079,19.499079,17.699078,16.999079,16.09908,13.999079,11.699079,7.4990783,1.8990784,-0.40092164,-2.7009215,-5.8009214,-5.8009214,-3.6009216,-2.4009216,-0.60092163,-0.90092164,-1.8009217,2.0990784,5.7990785
0.89907837,1.8990784,2.6990783,3.1990783,3.5990784,3.1990783,2.2990785,0.59907836,-2.0009217,-4.2009215,-7.0009217,-10.100922,-12.900922,-15.400922,-17.200922,-17.40092,-17.600922,-17.100922,-15.500921,-14.000921,-11.000921,-9.300921,-8.700922,-7.400922,-6.400922,-5.5009217,-4.0009217,-2.6009216,-1.2009217,0.09907837,2.3990784,4.099078,6.4990783,9.099078,12.199079,14.299078,15.699079,16.799078,16.59908,16.399078,17.499079,17.999079,15.899078,13.399078,12.299078,11.599078,10.299078,9.299078,7.1990786,2.9990783,-0.70092165,-1.8009217,2.8990784,1.2990783,-0.30092162,0.19907837,1.5990784,4.8990784
2.1990783,3.1990783,4.1990786,5.099078,5.599078,5.599078,5.099078,3.1990783,-0.20092162,-2.8009217,-6.400922,-8.600922,-11.100922,-13.600922,-17.100922,-18.700922,-21.000921,-20.800922,-20.100922,-17.800922,-15.600922,-13.100922,-10.300921,-8.100922,-7.0009217,-6.1009216,-4.900922,-3.3009217,-2.0009217,-0.60092163,1.2990783,3.3990784,5.4990783,7.3990784,9.099078,11.499079,12.999079,13.099078,14.399078,15.599078,15.499079,16.09908,16.699078,15.399078,13.399078,11.399078,10.399078,9.799078,9.299078,8.399078,7.3990784,8.099078,5.7990785,5.7990785,2.0990784,1.0990784,1.9990784,3.9990783
5.599078,6.8990784,8.099078,9.499079,10.199079,9.399078,7.6990786,4.1990786,1.5990784,-2.3009217,-5.400922,-7.5009217,-9.800921,-11.700922,-13.800921,-17.000921,-20.200922,-21.300922,-20.90092,-19.90092,-18.200922,-16.100922,-14.200922,-11.500921,-9.800921,-7.7009215,-5.3009214,-3.9009216,-2.3009217,-0.5009216,1.1990783,2.4990783,4.6990786,6.7990785,7.3990784,8.599078,9.999079,10.899078,11.899078,13.199079,14.199079,14.399078,13.399078,13.099078,12.499079,10.999079,9.699079,8.399078,8.199079,7.2990785,7.7990785,8.699079,8.499079,8.099078,7.6990786,8.399078,7.6990786,6.2990785
9.299078,10.799078,11.299078,11.599078,10.899078,10.599078,7.9990783,4.7990785,1.0990784,-2.3009217,-5.5009217,-7.2009215,-9.200922,-11.100922,-12.600922,-14.500921,-16.300922,-18.90092,-19.800922,-19.800922,-18.500921,-17.000921,-14.700922,-12.700922,-10.400922,-8.200922,-7.0009217,-4.5009217,-2.8009217,-1.0009216,0.59907836,2.4990783,3.6990783,4.9990783,6.1990786,7.8990784,7.7990785,9.499079,10.999079,12.399078,13.199079,13.299078,13.599078,10.499079,9.099078,8.199079,8.099078,8.199079,7.3990784,7.1990786,6.7990785,6.7990785,7.9990783,9.199079,9.399078,9.199079,9.799078,11.199079
12.199079,12.699079,13.699079,14.099078,12.799078,11.499079,9.699079,6.1990786,2.5990784,-1.8009217,-5.5009217,-7.7009215,-9.100922,-10.300921,-11.700922,-13.300921,-14.800921,-15.200922,-16.300922,-16.800922,-17.500921,-16.000921,-14.600922,-13.100922,-11.700922,-9.300921,-7.0009217,-5.400922,-4.3009214,-1.6009216,0.6990784,2.0990784,2.9990783,3.9990783,5.1990786,6.2990785,7.099078,8.499079,8.399078,7.9990783,9.099078,10.899078,12.299078,10.699079,8.599078,7.2990785,6.599078,6.2990785,6.099078,6.099078,6.3990784,7.599078,9.299078,10.599078,12.399078,14.099078,15.299078,15.899078
13.499079,14.299078,14.699079,14.399078,13.999079,11.999079,9.999079,7.6990786,4.7990785,0.89907837,-3.2009215,-6.0009217,-7.7009215,-9.200922,-11.000921,-12.200922,-12.500921,-13.300921,-13.600922,-13.800921,-14.200922,-13.700922,-12.900922,-12.400922,-10.800921,-8.700922,-7.6009216,-6.5009217,-5.0009217,-4.2009215,-2.2009215,0.79907835,2.9990783,4.6990786,5.2990785,6.1990786,6.9990783,6.599078,6.7990785,5.7990785,5.7990785,7.2990785,8.899078,8.099078,6.9990783,6.8990784,7.1990786,6.8990784,6.599078,6.4990783,7.1990786,6.9990783,9.199079,10.899078,13.199079,13.699079,14.399078,14.499079
15.599078,15.499079,15.699079,15.699079,14.199079,12.699079,10.999079,9.199079,6.9990783,3.2990785,-0.40092164,-3.3009217,-5.0009217,-6.8009214,-8.500921,-9.900922,-10.800921,-11.500921,-11.600922,-11.500921,-11.500921,-11.300921,-10.700922,-9.700922,-8.100922,-7.2009215,-5.0009217,-4.5009217,-2.4009216,-2.0009217,-0.90092164,0.19907837,0.49907836,1.0990784,2.9990783,3.5990784,4.2990785,3.5990784,3.0990784,3.4990783,4.2990785,4.7990785,4.8990784,4.1990786,4.099078,4.7990785,4.9990783,5.4990783,5.9990783,6.3990784,7.099078,8.499079,9.199079,10.799078,11.799078,12.199079,11.799078,12.299078
17.399078,16.999079,16.699078,15.399078,13.599078,13.099078,11.899078,9.699079,7.099078,4.7990785,1.7990783,-0.90092164,-2.5009217,-4.400922,-6.2009215,-7.5009217,-8.500921,-9.000921,-9.600922,-9.500921,-9.700922,-10.100922,-9.700922,-8.600922,-7.2009215,-5.900922,-5.1009216,-3.4009216,-2.9009216,-2.7009215,-2.2009215,-0.70092165,0.29907838,0.79907835,0.6990784,0.49907836,0.9990784,0.89907837,0.49907836,0.79907835,2.0990784,2.2990785,2.3990784,3.3990784,3.5990784,3.4990783,3.8990784,4.4990783,5.7990785,6.1990786,6.7990785,7.4990783,8.799078,10.399078,11.199079,10.599078,10.399078,10.499079
17.399078,16.899078,16.09908,13.699079,13.699079,12.899078,11.899078,10.699079,8.499079,5.6990786,2.6990783,0.49907836,-1.1009216,-2.4009216,-3.7009215,-5.400922,-6.900922,-7.6009216,-8.200922,-8.500921,-8.500921,-8.700922,-8.200922,-7.900922,-7.5009217,-6.5009217,-5.400922,-4.3009214,-3.5009217,-2.7009215,-2.1009216,-1.2009217,-0.20092162,0.29907838,0.79907835,1.2990783,1.2990783,0.59907836,0.79907835,0.29907838,0.6990784,0.89907837,1.6990783,2.1990783,2.6990783,3.4990783,3.8990784,5.1990786,4.8990784,4.1990786,6.099078,7.1990786,8.699079,9.899078,9.699079,9.199079,10.099078,10.599078
17.299078,16.299078,14.599078,14.399078,14.099078,12.999079,11.999079,10.999079,8.999079,6.4990783,4.1990786,1.8990784,-0.10092163,-1.5009216,-2.5009217,-3.6009216,-4.900922,-6.2009215,-7.900922,-9.100922,-9.400922,-9.300921,-8.600922,-7.8009214,-6.900922,-6.2009215,-5.2009215,-4.0009217,-3.0009217,-2.0009217,-1.2009217,-0.60092163,-0.10092163,-9.216309E-4,0.09907837,0.29907838,0.39907837,0.79907835,0.59907836,0.49907836,0.59907836,0.59907836,0.6990784,0.29907838,1.2990783,2.3990784,3.0990784,3.0990784,3.7990785,3.7990785,5.2990785,7.1990786,7.1990786,8.599078,8.499079,9.399078,9.999079,11.299078
16.59908,15.599078,15.199079,14.699079,13.499079,12.999079,12.499079,10.899078,9.099078,6.7990785,4.4990783,2.3990784,0.59907836,-0.60092163,-1.4009216,-2.2009215,-2.8009217,-4.0009217,-5.2009215,-6.6009216,-8.000921,-8.600922,-8.600922,-7.8009214,-6.900922,-5.900922,-4.900922,-3.5009217,-2.7009215,-2.2009215,-1.6009216,-1.4009216,-0.60092163,-0.20092162,0.29907838,0.49907836,0.29907838,-0.10092163,-0.10092163,-0.10092163,-0.30092162,-0.40092164,-0.40092164,-0.8009216,-0.60092163,0.29907838,1.3990784,1.6990783,2.1990783,3.5990784,6.099078,5.599078,6.599078,7.3990784,8.899078,9.699079,10.699079,10.699079
15.399078,15.399078,14.499079,13.899078,13.399078,12.299078,11.099078,9.799078,8.099078,6.4990783,4.7990785,2.9990783,1.1990783,-0.20092162,-1.2009217,-2.2009215,-3.4009216,-4.400922,-5.400922,-6.400922,-7.1009216,-7.5009217,-7.6009216,-7.400922,-6.7009215,-5.900922,-5.400922,-4.5009217,-3.8009217,-3.1009216,-2.6009216,-2.0009217,-1.3009217,-0.70092165,-0.5009216,-0.5009216,-0.30092162,-0.70092165,-0.90092164,-0.90092164,-1.1009216,-0.8009216,-1.0009216,-2.3009217,-1.8009217,-1.0009216,-0.8009216,-1.0009216,1.9990784,3.5990784,4.9990783,4.8990784,6.2990785,7.599078,8.799078,9.399078,9.599078,10.099078
15.099078,14.599078,14.299078,13.999079,12.599078,11.599078,10.099078,8.899078,7.3990784,6.3990784,5.1990786,3.5990784,2.1990783,0.89907837,-0.40092164,-1.7009217,-2.8009217,-4.0009217,-5.1009216,-6.0009217,-6.400922,-6.900922,-7.3009214,-7.3009214,-7.1009216,-6.5009217,-5.5009217,-4.7009215,-4.0009217,-3.4009216,-2.8009217,-2.6009216,-2.3009217,-1.8009217,-1.3009217,-1.2009217,-1.2009217,-1.1009216,-1.1009216,-1.4009216,-1.4009216,-2.0009217,-2.7009215,-3.6009216,-3.4009216,-1.5009216,-0.90092164,0.89907837,1.5990784,1.6990783,3.2990785,4.6990786,5.9990783,6.9990783,7.3990784,7.9990783,8.499079,9.199079
13.499079,13.699079,13.499079,12.699079,11.699079,10.299078,8.999079,8.899078,8.099078,6.6990786,5.6990786,4.3990784,3.4990783,2.3990784,1.1990783,-0.20092162,-1.6009216,-3.0009217,-4.3009214,-5.3009214,-6.1009216,-6.3009214,-6.0009217,-5.900922,-5.900922,-5.5009217,-4.8009214,-4.2009215,-3.7009215,-3.2009215,-2.6009216,-2.3009217,-2.6009216,-2.4009216,-2.2009215,-1.6009216,-1.9009216,-2.1009216,-2.3009217,-2.5009217,-2.8009217,-3.0009217,-2.6009216,-2.6009216,-2.4009216,-1.4009216,-1.3009217,-0.5009216,0.6990784,1.8990784,3.2990785,4.3990784,4.9990783,5.4990783,6.1990786,7.1990786,8.399078,9.199079
12.799078,12.599078,12.399078,11.799078,10.999079,10.299078,9.499079,7.6990786,6.8990784,6.3990784,5.3990784,4.099078,2.8990784,1.6990783,0.79907835,-0.10092163,-0.8009216,-1.6009216,-2.7009215,-3.9009216,-4.8009214,-5.6009216,-5.8009214,-5.6009216,-5.400922,-5.1009216,-4.7009215,-4.1009216,-3.6009216,-3.6009216,-3.6009216,-3.2009215,-3.1009216,-3.1009216,-3.0009217,-3.0009217,-3.1009216,-3.2009215,-3.2009215,-3.2009215,-3.5009217,-3.5009217,-3.3009217,-3.3009217,-3.1009216,-2.2009215,-1.6009216,-0.70092165,0.29907838,1.6990783,2.6990783,3.5990784,4.1990786,5.099078,6.3990784,7.599078,8.599078,9.399078
