public/data/weather/2019/09/28/0000-wind-isobaric-250hPa-gfs-1.0.json
{"header": { "discipline":0, "disciplineName":"Meteorological products", "gribEdition":2, "gribLength":49593, "center":7, "centerName":"US National Weather Service - NCEP(WMC)", "subcenter":0, "refTime":"2019-09-28T00:00:00.000Z", "significanceOfRT":1, "significanceOfRTName":"Start of forecast", "productStatus":0, "productStatusName":"Operational products", "productType":1, "productTypeName":"Forecast products", "productDefinitionTemplate":0, "productDefinitionTemplateName":"Analysis/forecast at horizontal level/layer at a point in time", "parameterCategory":2, "parameterCategoryName":"Momentum", "parameterNumber":2, "parameterNumberName":"U-component_of_wind", "parameterUnit":"m.s-1", "genProcessType":2, "genProcessTypeName":"Forecast", "forecastTime":0, "surface1Type":100, "surface1TypeName":"Isobaric surface", "surface1Value":25000.0, "surface2Type":255, "surface2TypeName":"Missing", "surface2Value":0.0, "gridDefinitionTemplate":0, "gridDefinitionTemplateName":"Latitude_Longitude", "numberPoints":65160, "shape":6, "shapeName":"Earth spherical with radius of 6,371,229.0 m", "gridUnits":"degrees", "resolution":48, "winds":"true", "scanMode":0, "nx":360, "ny":181, "basicAngle":0, "lo1":0.0, "la1":90.0, "lo2":359.0, "la2":-90.0, "dx":1.0, "dy":1.0 }, "data":
[rows 54 to 80 of 181, columns 60 to 119 of 360]
29.5897,28.7897,28.0897,28.4897,25.689701,24.2897,22.3897,21.2897,19.7897,19.0897,17.689701,17.2897,17.689701,19.2897,20.3897,21.4897,20.5897,20.0897,19.5897,17.5897,16.9897,17.7897,17.3897,18.7897,21.0897,21.689701,21.3897,20.5897,19.9897,19.0897,18.689701,19.8897,20.4897,19.7897,19.0897,18.8897,18.5897,19.4897,18.189701,16.189701,16.5897,14.3897,14.3897,13.6897,13.7897005,11.589701,8.4897,5.9897003,5.4897003,6.7897005,8.6897,11.3897,12.9897,13.8897,15.2897005,17.689701,20.4897,21.689701,20.8897,21.7897
31.2897,30.3897,30.3897,28.3897,27.2897,25.0897,22.8897,21.7897,21.7897,21.4897,20.7897,20.189701,19.5897,19.2897,21.189701,21.8897,20.4897,20.4897,20.3897,20.189701,19.8897,18.189701,22.3897,25.4897,26.4897,25.9897,25.8897,26.2897,25.7897,24.0897,22.3897,21.8897,21.189701,20.0897,19.689701,18.8897,19.0897,19.9897,17.9897,15.6897,16.689701,15.4897,14.9897,14.7897005,12.9897,12.589701,9.2897005,7.9897003,8.3897,9.589701,11.2897005,13.4897,14.2897005,15.7897005,17.5897,18.7897,19.2897,17.7897,20.4897,26.0897
27.9897,27.5897,27.7897,27.189701,26.189701,25.8897,24.7897,24.3897,24.3897,23.2897,23.3897,24.2897,20.2897,17.3897,20.9897,20.689701,22.3897,22.0897,22.3897,20.9897,17.0897,17.8897,17.8897,18.7897,21.189701,22.689701,24.7897,25.9897,26.2897,26.3897,26.7897,27.3897,24.0897,22.0897,20.9897,21.2897,22.189701,22.2897,18.189701,18.189701,18.0897,17.7897,14.3897,15.2897005,12.9897,11.589701,10.589701,10.8897,10.7897005,12.4897,14.9897,16.0897,15.089701,15.7897005,17.689701,16.8897,16.4897,18.689701,25.3897,29.5897
25.9897,23.9897,24.2897,23.689701,23.7897,23.9897,24.7897,23.2897,23.0897,22.689701,23.0897,21.2897,20.5897,19.3897,19.2897,19.3897,20.2897,20.7897,21.2897,20.4897,15.589701,11.4897,16.8897,16.7897,18.3897,18.7897,20.189701,23.189701,23.9897,24.3897,25.689701,24.3897,24.9897,23.689701,23.0897,22.189701,20.7897,21.189701,20.7897,19.8897,19.2897,18.3897,17.7897,16.3897,13.4897,11.589701,10.8897,11.4897,11.8897,13.089701,14.1897,14.6897,14.589701,14.7897005,15.7897005,17.189701,18.3897,23.9897,28.0897,29.5897
24.3897,23.8897,21.189701,21.4897,20.4897,19.9897,19.7897,18.2897,18.2897,19.5897,18.3897,17.9897,16.7897,16.0897,16.8897,15.089701,15.7897005,17.2897,17.189701,15.7897005,14.589701,14.4897,10.4897,10.8897,9.7897005,9.9897,13.089701,15.089701,17.2897,18.8897,21.189701,22.4897,22.4897,20.4897,22.9897,24.2897,21.2897,20.0897,19.689701,18.5897,18.189701,18.0897,16.3897,15.7897005,14.089701,11.8897,10.7897005,10.8897,12.2897005,13.2897005,13.6897,14.6897,13.9897,16.3897,17.689701,19.4897,23.5897,27.4897,28.2897,26.689701
20.8897,19.5897,18.5897,17.8897,17.8897,17.689701,16.4897,15.589701,17.5897,14.589701,15.3897,15.2897005,15.7897005,15.2897005,14.589701,15.3897,17.3897,18.0897,18.2897,15.7897005,13.3897,12.6897,8.6897,6.6897,6.3897004,6.6897,8.089701,9.589701,12.8897,17.8897,19.189701,21.0897,18.4897,19.689701,21.689701,19.8897,19.2897,17.8897,17.4897,16.2897,16.7897,16.5897,14.589701,12.9897,13.7897005,11.7897005,10.089701,11.4897,12.589701,13.089701,14.589701,15.589701,16.0897,18.0897,20.189701,24.5897,28.5897,26.5897,26.0897,23.7897
15.8897,15.589701,14.9897,14.9897,15.2897005,14.6897,14.2897005,14.589701,14.089701,15.089701,15.589701,14.4897,15.3897,15.1897,14.6897,14.2897005,14.1897,14.4897,14.2897005,14.089701,13.9897,12.089701,10.9897,9.7897005,8.9897,8.7897005,8.089701,10.4897,7.2897005,14.589701,16.2897,17.4897,20.3897,19.689701,20.3897,18.189701,17.9897,15.089701,14.6897,13.589701,13.9897,15.1897,13.7897005,12.4897,11.589701,10.8897,10.8897,12.2897005,13.4897,14.3897,15.2897005,16.3897,16.9897,19.189701,24.0897,28.3897,26.9897,24.689701,22.7897,20.4897
11.089701,11.2897005,11.2897005,10.8897,10.7897005,11.8897,12.589701,12.6897,11.8897,12.3897,11.589701,11.2897005,12.1897,11.9897,13.3897,15.089701,18.2897,20.0897,20.7897,20.8897,20.2897,20.4897,18.689701,15.8897,16.9897,19.2897,17.3897,17.8897,12.089701,13.589701,13.1897,14.9897,13.6897,17.3897,17.5897,17.3897,17.189701,15.3897,12.2897005,10.2897005,12.089701,11.9897,11.3897,10.7897005,10.589701,10.4897,11.4897,11.8897,14.1897,15.1897,15.1897,16.189701,18.4897,24.0897,27.8897,25.7897,24.7897,21.5897,19.8897,16.3897
4.4897003,5.2897005,4.6897,5.5897,6.3897004,5.7897005,6.5897,7.2897005,8.1897,7.6897,7.7897005,8.6897,11.089701,16.0897,16.9897,17.189701,16.0897,17.4897,19.0897,21.689701,24.4897,25.4897,23.8897,22.189701,22.9897,19.5897,16.9897,16.2897,16.5897,17.8897,15.4897,14.7897005,13.589701,12.9897,17.3897,18.189701,16.689701,14.4897,11.6897,9.6897,9.7897005,9.8897,8.7897005,9.8897,9.9897,10.6897,11.6897,13.7897005,13.8897,14.7897005,16.2897,18.8897,23.3897,26.0897,24.5897,23.189701,21.0897,19.689701,15.8897,12.089701
-0.6102997,1.2897003,-0.21029969,0.8897003,1.4897003,2.7897003,3.4897003,3.8897004,3.9897003,5.2897005,5.5897,8.1897,11.089701,9.089701,12.089701,14.2897005,16.4897,17.189701,18.2897,17.8897,18.9897,17.689701,17.0897,16.8897,17.689701,18.689701,18.689701,17.689701,17.689701,16.9897,18.7897,14.8897,13.4897,12.589701,14.1897,16.3897,16.689701,12.2897005,10.6897,9.9897,8.6897,9.4897,8.3897,8.7897005,9.4897,10.7897005,11.9897,12.6897,13.4897,16.2897,18.5897,21.8897,23.5897,22.4897,22.4897,21.3897,19.689701,16.8897,13.4897,8.3897
-3.3102996,-3.2102997,-1.9102997,-0.5102997,-0.4102997,1.9897003,2.0897002,1.7897003,1.6897004,4.4897003,9.7897005,9.6897,9.8897,12.2897005,11.9897,9.089701,15.8897,14.7897005,10.8897,13.2897005,12.4897,10.4897,13.9897,12.1897,7.3897004,15.589701,16.8897,17.7897,16.0897,17.689701,15.9897,13.589701,12.589701,12.6897,11.1897,12.589701,12.9897,9.9897,8.7897005,8.589701,8.9897,9.6897,10.089701,8.8897,8.8897,10.7897005,12.3897,14.589701,15.8897,17.7897,21.0897,21.8897,20.4897,19.9897,20.9897,20.8897,19.7897,15.3897,9.6897,5.9897003
-3.8102996,-3.7102997,-3.1102996,-3.7102997,-2.2102997,-1.2102997,-2.6102996,1.3897003,7.8897004,7.5897,10.3897,10.1897,10.1897,7.0897,5.8897004,11.6897,16.4897,11.7897005,7.8897004,9.1897,7.6897,8.4897,12.2897005,12.3897,8.4897,16.0897,9.2897005,9.9897,13.1897,15.3897,11.1897,10.4897,7.6897,12.2897005,9.589701,8.7897005,8.4897,7.3897004,5.0897,7.1897,7.9897003,8.2897005,9.4897,8.7897005,9.2897005,11.9897,13.1897,14.3897,17.7897,20.0897,19.8897,17.8897,19.189701,19.3897,20.5897,20.3897,16.3897,12.6897,7.0897,4.0897
-8.0103,-6.2102995,-5.7102995,-2.9102998,1.0897003,5.7897005,7.8897004,6.5897,5.4897003,8.4897,9.9897,8.9897,8.4897,8.3897,9.3897,10.7897005,7.4897003,8.3897,7.9897003,7.4897003,7.6897,5.2897005,7.6897,9.7897005,5.8897004,5.9897003,6.5897,6.6897,9.089701,12.089701,9.1897,7.2897005,6.8897004,10.589701,8.8897,6.3897004,4.3897004,3.3897004,2.7897003,3.9897003,5.4897003,8.089701,8.4897,7.4897003,9.4897,12.9897,13.2897005,16.7897,18.8897,18.3897,16.7897,17.3897,17.689701,17.8897,19.5897,15.589701,11.9897,8.9897,5.8897004,3.7897003
0.18970032,-0.21029969,1.0897003,3.8897004,5.5897,3.2897003,4.1897,4.1897,6.3897004,7.1897,5.0897,3.9897003,2.5897002,4.8897004,6.3897004,8.7897005,3.1897004,3.1897004,0.7897003,4.2897005,6.5897,7.8897004,3.8897004,4.8897004,5.3897004,6.8897004,10.089701,4.5897,9.089701,7.9897003,7.6897,5.1897,6.9897003,5.4897003,6.3897004,4.3897004,2.1897004,-0.3102997,1.0897003,1.3897003,4.3897004,6.2897005,10.1897,12.1897,12.089701,12.589701,14.7897005,16.689701,14.9897,14.6897,16.2897,16.689701,15.9897,17.2897,14.9897,11.2897005,8.6897,4.8897004,2.8897004,2.8897004
1.5897003,2.0897002,3.3897004,5.1897,2.2897003,2.5897002,2.9897003,1.6897004,2.9897003,2.8897004,4.7897005,5.5897,4.0897,4.5897,5.6897,3.8897004,1.7897003,0.48970032,-0.21029969,3.7897003,9.8897,7.7897005,1.7897003,3.5897002,3.1897004,3.6897004,3.5897002,2.7897003,6.1897,4.8897004,3.1897004,2.7897003,4.3897004,3.2897003,4.4897003,4.0897,2.5897002,1.7897003,1.9897003,2.9897003,3.4897003,5.8897004,7.9897003,10.589701,12.089701,12.7897005,13.589701,13.3897,14.1897,15.089701,16.189701,14.589701,15.589701,14.6897,11.7897005,7.6897,5.5897,2.7897003,1.2897003,1.0897003
-0.4102997,-0.7102997,-0.110299684,0.08970032,-0.8102997,-1.5102997,1.2897003,0.7897003,1.4897003,4.1897,6.3897004,6.8897004,4.5897,5.5897,-0.010299683,-0.91029966,-0.110299684,3.0897002,4.7897005,7.9897003,6.0897,4.9897003,0.7897003,1.1897004,1.2897003,0.6897003,2.2897003,1.6897004,0.58970034,0.9897003,1.7897003,0.9897003,0.18970032,1.9897003,3.6897004,3.6897004,1.6897004,2.9897003,2.9897003,4.1897,5.4897003,7.7897005,8.589701,8.7897005,10.6897,11.3897,12.1897,12.7897005,15.089701,16.4897,13.6897,14.8897,13.9897,11.589701,8.1897,5.1897,2.5897002,1.0897003,0.6897003,-0.8102997
-0.91029966,-1.7102997,-5.0102997,-4.3103,-1.9102997,-0.3102997,-0.3102997,-2.2102997,0.08970032,3.2897003,0.28970033,0.7897003,-3.5102997,-5.4103,-3.4102998,-3.0102997,-3.1102996,-4.4103,-4.1102996,-5.0102997,-4.8103,-4.0102997,-3.9102998,-1.8102996,-0.010299683,0.58970034,-3.4102998,-2.4102998,-3.1102996,-3.7102997,-1.8102996,-0.8102997,0.38970032,0.7897003,0.58970034,0.08970032,1.3897003,2.7897003,4.7897005,6.3897004,8.4897,8.089701,9.4897,9.8897,10.589701,11.6897,12.8897,14.6897,12.9897,12.4897,13.7897005,13.6897,10.7897005,7.9897003,5.0897,3.3897004,2.2897003,1.7897003,1.0897003,-0.91029966
-6.9103,-6.6102996,-5.4103,-5.3103,-3.9102998,-4.8103,-3.6102996,-4.8103,-4.6102996,-3.3102996,-2.8102996,-6.4103,-7.6102996,-7.2102995,-6.0102997,-7.2102995,-9.2102995,-9.6103,-8.3103,-8.6103,-7.9103,-6.4103,-4.2102995,-3.8102996,-3.3102996,-2.8102996,-3.4102998,-4.1102996,-5.4103,-4.3103,-5.1102996,-4.1102996,-1.9102997,-0.6102997,-1.1102997,-4.0102997,-1.7102997,1.9897003,5.3897004,7.7897005,9.2897005,10.9897,10.6897,12.3897,12.089701,12.2897005,11.9897,10.9897,11.3897,13.9897,11.2897005,9.8897,7.6897,3.7897003,3.4897003,1.4897003,1.1897004,1.2897003,-0.7102997,-2.5102997
-7.8103,-8.410299,-9.2102995,-9.7102995,-9.1103,-8.7102995,-11.1103,-11.7102995,-10.5103,-11.5103,-11.2102995,-9.3103,-10.5103,-9.910299,-11.5103,-11.5103,-9.910299,-8.3103,-7.1102996,-8.410299,-9.3103,-7.5102997,-7.0102997,-5.8103,-5.2102995,-4.9103,-4.3103,-7.1102996,-7.5102997,-7.3103,-5.0102997,-4.9103,-0.5102997,-3.1102996,-4.8103,-3.3102996,-1.4102997,1.2897003,2.2897003,5.4897003,6.9897003,6.2897005,4.7897005,6.9897003,7.6897,7.4897003,8.4897,10.1897,7.7897005,7.8897004,6.7897005,6.2897005,3.2897003,1.8897003,2.3897004,0.8897003,0.58970034,-1.2102997,-3.3102996,-4.0102997
-12.3103,-13.6103,-12.7102995,-11.3103,-9.6103,-10.5103,-11.3103,-10.8103,-9.910299,-10.1103,-10.8103,-13.3103,-12.8103,-9.7102995,-10.7102995,-11.5103,-10.8103,-11.6103,-11.0103,-11.6103,-10.8103,-10.6103,-10.910299,-9.410299,-8.6103,-9.6103,-9.3103,-8.910299,-8.1103,-9.410299,-6.9103,-7.1102996,-5.8103,-8.410299,-5.6102996,-5.3103,-1.4102997,-0.7102997,2.5897002,4.0897,1.1897004,-1.4102997,-1.2102997,1.2897003,5.2897005,7.5897,6.2897005,5.0897,4.3897004,4.4897003,2.6897004,1.5897003,0.7897003,0.08970032,-0.4102997,0.18970032,-1.1102997,-2.1102996,-5.5102997,-6.4103
-11.2102995,-11.2102995,-10.5103,-10.8103,-11.910299,-12.910299,-12.2102995,-11.5103,-11.5103,-11.1103,-13.6103,-11.8103,-12.0103,-11.8103,-13.5103,-13.0103,-14.2102995,-15.5103,-16.9103,-15.3103,-15.0103,-13.910299,-13.5103,-12.910299,-13.3103,-12.3103,-11.0103,-13.2102995,-14.410299,-12.5103,-10.8103,-9.7102995,-7.8103,-8.7102995,-10.3103,-3.7102997,-0.5102997,-1.7102997,-1.5102997,-0.5102997,-1.7102997,-0.6102997,1.5897003,3.1897004,6.0897,4.7897005,3.0897002,1.8897003,0.6897003,0.48970032,-1.2102997,-0.7102997,-1.6102997,-2.4102998,-0.3102997,0.28970033,-1.0102997,-2.5102997,-5.7102995,-5.8103
-10.0103,-9.5103,-11.1103,-11.7102995,-11.3103,-12.7102995,-15.0103,-13.410299,-13.2102995,-14.2102995,-13.1103,-14.6103,-15.1103,-14.0103,-14.0103,-14.5103,-17.310299,-17.2103,-17.0103,-17.4103,-16.6103,-15.6103,-15.410299,-13.5103,-13.7102995,-13.8103,-17.1103,-15.910299,-13.1103,-14.910299,-12.910299,-11.1103,-10.2102995,-9.5103,-7.6102996,-2.1102996,-3.0102997,-1.3102996,-1.2102997,0.38970032,0.28970033,0.08970032,1.1897004,1.8897003,1.8897003,1.8897003,1.1897004,-1.1102997,-2.9102998,-2.3102996,-3.3102996,-2.3102996,-2.3102996,-0.91029966,0.9897003,0.9897003,-0.21029969,-3.1102996,-5.5102997,-7.1102996
-14.1103,-18.310299,-16.810299,-16.6103,-15.7102995,-16.810299,-15.8103,-15.2102995,-16.1103,-16.7103,-18.2103,-15.410299,-16.2103,-15.7102995,-17.4103,-17.9103,-17.310299,-15.3103,-15.8103,-14.7102995,-14.8103,-12.910299,-12.6103,-13.6103,-16.4103,-17.0103,-17.4103,-17.1103,-16.7103,-13.910299,-13.7102995,-11.7102995,-9.8103,-8.8103,-4.9103,-4.3103,-3.6102996,-1.1102997,-0.91029966,-0.91029966,-1.0102997,-0.8102997,0.9897003,0.18970032,-0.4102997,-1.4102997,-3.0102997,-3.9102998,-5.0102997,-4.9103,-5.1102996,-3.5102997,-2.9102998,-1.7102997,0.08970032,-0.91029966,-1.9102997,-6.3103,-8.3103,-10.6103
-16.5103,-18.310299,-18.4103,-19.6103,-20.0103,-18.2103,-17.7103,-18.7103,-20.9103,-20.1103,-18.9103,-17.4103,-16.7103,-17.9103,-19.5103,-18.810299,-18.0103,-17.310299,-16.0103,-16.2103,-15.0103,-14.6103,-14.910299,-13.6103,-16.7103,-15.5103,-15.2102995,-15.1103,-13.2102995,-11.7102995,-11.7102995,-12.8103,-11.5103,-8.3103,-6.3103,-5.7102995,-5.5102997,-3.2102997,-2.0102997,-1.8102996,-1.5102997,-1.6102997,-2.9102998,-1.0102997,-2.3102996,-2.9102998,-4.8103,-4.8103,-6.9103,-8.410299,-5.0102997,-6.0102997,-4.7102995,-4.5102997,-3.9102998,-4.5102997,-8.2102995,-10.7102995,-11.910299,-13.2102995
-13.5103,-11.3103,-15.2102995,-15.8103,-15.910299,-17.7103,-18.4103,-19.0103,-18.4103,-17.1103,-17.7103,-19.0103,-18.7103,-18.810299,-19.7103,-21.2103,-20.0103,-20.1103,-20.7103,-19.0103,-17.5103,-16.0103,-15.1103,-15.410299,-14.8103,-13.410299,-12.7102995,-13.2102995,-12.2102995,-12.2102995,-9.6103,-7.2102995,-4.6102996,-6.0102997,-5.5102997,-4.7102995,-4.1102996,-4.0102997,-1.9102997,-2.4102998,-4.0102997,-3.7102997,-4.7102995,-4.8103,-5.6102996,-6.0102997,-5.2102995,-5.9103,-7.3103,-6.9103,-6.7102995,-5.4103,-6.4103,-9.1103,-8.7102995,-9.7102995,-12.2102995,-14.910299,-14.0103,-12.0103
-12.410299,-13.0103,-13.2102995,-13.1103,-12.910299,-14.7102995,-16.0103,-17.5103,-20.0103,-20.6103,-19.2103,-21.1103,-22.1103,-21.4103,-22.310299,-21.4103,-21.310299,-23.2103,-22.9103,-21.7103,-21.810299,-22.1103,-20.6103,-17.4103,-16.4103,-13.7102995,-14.5103,-12.8103,-11.2102995,-9.1103,-7.7102995,-4.8103,-2.5102997,-4.1102996,-2.9102998,-1.2102997,-2.6102996,-2.3102996,-3.3102996,-3.6102996,-3.8102996,-3.5102997,-5.9103,-6.3103,-6.4103,-5.8103,-5.7102995,-7.7102995,-8.7102995,-8.8103,-8.5103,-7.6102996,-11.0103,-11.8103,-12.410299,-14.7102995,-14.8103,-17.5103,-14.410299,-14.2102995
-11.1103,-12.910299,-12.6103,-14.1103,-15.8103,-17.310299,-17.5103,-16.1103,-15.5103,-15.910299,-19.9103,-19.810299,-22.0103,-21.4103,-20.9103,-21.0103,-22.0103,-22.6103,-21.5103,-19.0103,-18.0103,-17.9103,-19.6103,-21.9103,-20.6103,-18.310299,-14.0103,-11.410299,-8.5103,-6.5102997,-4.9103,-1.2102997,-1.6102997,-0.010299683,0.38970032,0.8897003,-1.3102996,-0.7102997,-2.0102997,-4.2102995,-4.2102995,-4.1102996,-4.6102996,-6.7102995,-6.7102995,-6.1102996,-9.5103,-8.1103,-8.1103,-10.2102995,-8.7102995,-9.7102995,-9.2102995,-15.8103,-16.9103,-17.1103,-16.7103,-17.810299,-17.4103,-14.7102995
