public/data/weather/2019/09/28/0000-wind-isobaric-850hPa-gfs-1.0.json
{"header": { "discipline":0, "disciplineName":"Meteorological products", "gribEdition":2, "gribLength":80807, "center":7, "centerName":"US National Weather Service - NCEP(WMC)", "subcenter":0, "refTime":"2019-09-28T00:00:00.000Z", "significanceOfRT":1, "significanceOfRTName":"Start of forecast", "productStatus":0, "productStatusName":"Operational products", "productType":1, "productTypeName":"Forecast products", "productDefinitionTemplate":0, "productDefinitionTemplateName":"Analysis/forecast at horizontal level/layer at a point in time", "parameterCategory":2, "parameterCategoryName":"Momentum", "parameterNumber":3, "parameterNumberName":"V-component_of_wind", "parameterUnit":"m.s-1", "genProcessType":2, "genProcessTypeName":"Forecast", "forecastTime":0, "surface1Type":100, "surface1TypeName":"Isobaric surface", "surface1Value":85000.0, "surface2Type":255, "surface2TypeName":"Missing", "surface2Value":0.0, "gridDefinitionTemplate":0, "gridDefinitionTemplateName":"Latitude_Longitude", "numberPoints":65160, "shape":6, "shapeName":"Earth spherical with radius of 6,371,229.0 m", "gridUnits":"degrees", "resolution":48, "winds":"true", "scanMode":0, "nx":360, "ny":181, "basicAngle":0, "lo1":0.0, "la1":90.0, "lo2":359.0, "la2":-90.0, "dx":1.0, "dy":1.0 }, "data":
[rows 130 to 155 of 181, columns 0 to 58 of 360]
-0.25118408,0.09881592,0.45881593,0.5988159,0.6088159,1.058816,2.8888159,3.7188158,4.598816,4.458816,4.538816,4.748816,4.898816,5.598816,5.538816,5.858816,5.858816,6.5488157,6.668816,7.538816,7.638816,6.5888157,5.808816,5.178816,4.928816,5.348816,6.408816,6.998816,7.488816,6.908816,7.098816,6.268816,6.198816,4.188816,1.4088159,-2.1111841,-0.41118407,-2.3311841,-3.271184,-1.8611841,-0.86118406,-0.68118405,-1.551184,-0.5711841,-3.431184,-4.821184,-4.581184,-4.321184,-3.221184,-2.8111842,-1.701184,-0.001184082,0.3588159,1.788816,0.13881592,1.6488159,2.348816,2.8888159,3.028816
-0.92118406,-1.4111841,-1.0211841,-0.5811841,-0.5811841,0.7388159,3.298816,4.478816,4.748816,3.588816,3.358816,3.788816,4.758816,5.3188157,6.238816,6.578816,6.888816,6.768816,7.098816,8.008816,8.898816,7.738816,5.988816,5.488816,5.478816,6.438816,6.348816,6.188816,5.958816,6.158816,6.878816,7.648816,7.668816,7.168816,5.958816,4.118816,1.7188159,-0.55118406,3.048816,0.42881593,-0.16118409,-2.8411841,-4.891184,-3.171184,-3.961184,-3.731184,-3.961184,-3.511184,-2.481184,-1.2711841,-2.0611842,-0.22118407,2.4088159,0.6588159,-1.181184,-0.32118407,1.928816,2.078816,2.498816
-0.34118408,-1.331184,-1.691184,-1.7311841,-0.8911841,0.8088159,2.4588158,3.268816,3.4488158,2.988816,2.868816,4.0488157,4.808816,6.558816,6.608816,6.0488157,6.5488157,5.638816,5.878816,6.938816,6.348816,5.518816,5.408816,5.488816,5.3188157,5.8188157,7.018816,7.918816,8.648816,9.358816,8.548816,6.758816,5.978816,5.938816,5.908816,6.348816,5.268816,3.6788158,3.268816,1.0188159,3.4488158,3.628816,0.8688159,0.6188159,-5.7011843,-4.421184,-5.2011843,-4.441184,0.008815918,2.088816,-1.3411841,-1.5411841,1.048816,4.2988157,0.15881592,2.1588159,-0.35118407,0.94881594,0.89881593
0.9688159,-0.19118409,-1.301184,-1.3411841,-1.3611841,-0.40118408,0.63881594,1.3788159,1.6088159,1.6088159,1.7088159,3.838816,5.648816,6.468816,7.198816,7.658816,6.678816,6.418816,4.698816,5.8188157,6.658816,6.878816,6.908816,5.978816,5.008816,5.228816,6.518816,7.0888157,7.498816,7.238816,8.188816,7.708816,8.208816,7.368816,6.508816,5.688816,5.308816,4.508816,4.678816,3.9688158,2.6488159,2.818816,2.6488159,1.818816,0.51881593,-2.0611842,-2.231184,-1.9911841,-1.6511841,-1.9111841,2.3888159,0.81881595,-0.18118408,3.558816,3.268816,0.56881595,-0.3311841,0.21881592,0.31881592
0.22881591,-0.99118406,-1.0411841,-0.3911841,-0.8411841,-2.0411842,-1.6411841,-0.43118408,1.038816,0.45881593,1.6188159,2.358816,5.988816,8.018816,8.168816,4.5688157,5.358816,6.948816,5.668816,6.728816,7.038816,5.758816,6.158816,6.388816,6.988816,7.398816,8.128816,8.888816,8.938816,8.058816,6.5288157,5.738816,6.7988157,8.448816,7.688816,7.988816,7.238816,5.0488157,4.078816,3.768816,3.3988159,3.478816,2.6888158,1.068816,0.43881592,-0.31118408,-1.1111841,0.16881591,-2.0811841,-0.34118408,-1.7611841,-4.401184,0.09881592,1.048816,3.1888158,-0.4511841,-1.6111841,-0.101184085,-0.041184083
-3.651184,-1.8511841,-3.911184,-1.961184,-2.671184,-2.691184,-2.411184,-1.0011841,-0.19118409,-1.5911841,0.40881592,1.4588159,4.108816,6.5888157,6.168816,5.888816,6.8188157,5.128816,5.718816,5.848816,4.958816,5.108816,5.768816,6.908816,7.978816,8.488816,8.588816,8.588816,8.868816,9.078815,9.2888155,9.898816,8.858816,8.878816,5.428816,5.7988157,8.278816,8.458816,7.898816,6.538816,4.928816,2.768816,1.6488159,1.7288159,1.318816,-1.201184,-2.911184,-2.751184,-2.8011842,-2.211184,-2.2811842,-0.7211841,-1.0411841,-1.3711841,2.828816,0.14881591,-3.0911841,-1.6411841,-1.4111841
-1.081184,-1.2711841,-4.691184,-3.5411842,-5.641184,-4.791184,-3.211184,-3.261184,-1.821184,-1.5211841,-0.18118408,0.9388159,2.758816,6.378816,7.828816,6.0888157,4.668816,3.9488158,3.618816,4.328816,5.108816,6.398816,7.288816,8.188816,9.338816,10.418816,10.598816,10.878816,11.208816,11.458816,11.198816,10.7888155,11.028816,12.008816,11.7888155,11.018816,7.3188157,4.718816,6.648816,6.828816,6.558816,6.178816,4.938816,1.168816,0.57881594,0.2688159,-1.0111841,-2.5911841,-3.671184,-4.591184,-2.911184,-4.821184,-5.371184,-1.3411841,0.09881592,-1.5111841,-4.501184,-4.121184,-4.521184
0.6888159,-1.3911841,-1.1511841,-5.961184,-4.331184,-7.981184,-8.011184,-6.011184,-3.991184,-1.581184,-1.831184,0.70881593,0.33881593,4.198816,7.638816,4.448816,2.548816,2.4588158,3.9288158,5.328816,5.768816,6.878816,7.598816,8.328815,8.998816,9.888816,10.068816,9.7888155,9.828815,9.728816,9.648816,10.748816,11.198816,11.208816,11.178816,10.738816,9.798816,10.018816,7.998816,5.958816,5.918816,3.758816,3.528816,2.4088159,1.0188159,0.28881592,0.048815917,-0.79118407,-3.701184,-4.641184,-7.621184,-6.6811843,-5.571184,-4.031184,-5.091184,-3.661184,-6.271184,-5.4111843,-4.571184
2.4388158,-2.2911842,-3.0711842,-3.701184,-5.021184,-5.251184,-4.711184,-2.8311841,-5.271184,-6.791184,-2.3611841,-3.251184,-0.4811841,3.588816,5.598816,3.738816,1.6188159,3.228816,5.058816,6.0288157,7.008816,7.138816,7.208816,7.578816,8.298816,8.828815,8.658816,9.048816,9.258816,9.948816,11.118816,11.318816,11.868816,11.998816,11.758816,11.408816,10.518816,10.328815,7.098816,8.698816,5.358816,2.878816,3.128816,-0.23118408,-0.55118406,0.9388159,-2.711184,-4.351184,-5.561184,-4.9511843,-4.731184,-6.511184,-5.901184,-4.881184,-6.9711843,-7.6811843,-6.861184,-5.621184,-4.961184
2.118816,-1.9811841,-2.941184,-1.681184,-2.8211842,-5.401184,-5.2011843,-4.321184,-4.821184,-8.571184,-6.4311843,-6.081184,-3.5311842,2.028816,4.768816,2.1388159,2.568816,3.9588158,5.348816,5.908816,5.988816,6.218816,6.608816,6.978816,8.178816,7.718816,8.2888155,10.198816,10.068816,10.258816,11.988816,12.648816,12.928816,12.928816,12.108816,11.798816,9.878816,8.748816,7.158816,5.628816,4.468816,3.098816,0.9388159,-0.061184082,-3.421184,-2.901184,-2.8011842,-7.611184,-7.651184,-7.791184,-7.331184,-7.841184,-6.801184,-6.381184,-6.851184,-6.371184,-6.261184,-5.851184,-5.261184
2.508816,-1.1711841,-2.181184,-1.451184,-0.98118407,-5.881184,-6.561184,-5.941184,-6.4111843,-9.141184,-8.311184,-7.691184,-3.8011842,3.588816,2.9188159,3.118816,3.478816,3.088816,4.7988157,5.3388157,5.398816,5.968816,7.438816,7.808816,8.318816,8.398816,8.438816,9.5388155,11.828815,12.728816,13.468816,14.328815,14.268816,14.328815,13.658816,12.5388155,10.628816,8.678816,6.878816,4.5688157,-1.1611841,1.058816,2.228816,0.3588159,-1.7411841,-8.061184,-6.011184,-3.681184,-7.261184,-8.681184,-9.151184,-8.741184,-7.9711843,-7.741184,-6.641184,-5.941184,-5.781184,-5.831184,-5.301184
1.6088159,1.2788159,0.6688159,-0.5111841,-1.0011841,-4.511184,-6.421184,-6.251184,-8.441184,-10.411184,-11.031184,-8.651184,-2.981184,1.428816,2.288816,2.858816,3.798816,4.138816,4.538816,5.368816,5.458816,6.618816,7.758816,7.718816,7.888816,7.038816,7.7788157,10.878816,12.658816,13.658816,14.498816,14.7888155,14.868816,15.138816,14.938816,13.358816,12.418816,8.2888155,8.488816,5.098816,2.808816,2.028816,-0.61118406,0.27881593,-3.011184,-3.491184,-7.541184,-6.811184,-4.441184,-5.581184,-9.401184,-8.561184,-7.851184,-7.7011843,-7.501184,-7.341184,-5.251184,-4.091184,-5.741184
1.548816,1.4788159,1.8288159,-0.43118408,-1.061184,-6.081184,-6.481184,-9.171185,-11.141184,-11.511184,-9.971184,-4.111184,-2.1011841,-0.09118408,2.248816,3.608816,4.078816,4.5888157,4.728816,5.328816,6.708816,6.718816,6.788816,8.568816,8.228816,7.7788157,9.418816,11.138816,12.708816,14.118816,15.158816,14.818816,14.668816,13.978816,14.238816,13.758816,11.158816,9.348816,10.018816,9.818816,9.448816,-2.8511841,-2.171184,-0.5611841,0.8088159,-1.2711841,-5.841184,-6.631184,-7.241184,-5.141184,-5.771184,-6.111184,-8.181184,-7.341184,-6.811184,-7.621184,-5.631184,-5.051184,-4.091184
1.4088159,0.75881594,1.2788159,0.81881595,-2.621184,-7.871184,-11.051184,-12.031184,-9.591184,-6.691184,-5.401184,-3.5611842,-0.5611841,1.568816,2.548816,3.548816,3.828816,3.9488158,4.418816,6.038816,6.8388157,7.108816,7.3188157,8.118816,9.128816,9.968816,10.278816,11.608816,13.0388155,14.578815,14.848816,14.668816,14.518816,13.838816,15.968816,13.128816,10.398816,7.408816,7.468816,12.048816,3.358816,-4.761184,-1.3611841,-0.12118408,-0.7011841,-0.011184082,-2.8411841,-6.491184,-7.111184,-6.1811843,-5.7211843,-4.961184,-4.741184,-6.151184,-5.941184,-6.961184,-7.361184,-6.831184,-5.731184
1.3688159,0.33881593,-0.9611841,-2.961184,-5.821184,-6.561184,-6.551184,-7.621184,-6.781184,-5.091184,-2.3511841,-0.28118408,1.1188159,2.108816,2.7088158,3.098816,2.9188159,3.3888159,5.388816,6.958816,6.828816,7.3388157,7.968816,9.248816,10.428816,11.778816,11.968816,12.518816,13.588816,14.808816,14.918816,14.588816,13.818816,13.018816,15.278816,12.328815,9.728816,7.108816,9.908816,2.558816,2.6388159,-6.151184,-0.7011841,0.078815915,0.88881594,0.75881594,-0.60118407,-2.211184,-6.6811843,-9.271184,-5.281184,-6.321184,-5.211184,-5.631184,-5.401184,-5.821184,-5.801184,-6.331184,-5.6811843
-1.811184,-2.171184,-3.271184,-5.551184,-7.231184,-7.761184,-7.251184,-5.6811843,-3.461184,-1.2711841,0.7988159,2.018816,2.808816,2.768816,2.798816,3.028816,3.098816,4.538816,7.0488157,7.688816,8.008816,8.308816,9.108816,9.888816,11.508816,13.578815,14.528816,15.898816,15.388816,15.758816,15.068816,13.238816,13.118816,12.278816,14.338816,13.958816,14.198816,5.978816,6.5288157,4.108816,3.1388159,-0.4911841,-0.5311841,-0.4511841,0.9388159,0.63881594,1.808816,-0.20118408,-3.991184,-7.191184,-7.4111843,-5.621184,-4.9111843,-4.791184,-5.341184,-5.141184,-4.801184,-4.801184,-4.631184
-3.5711842,-4.541184,-5.561184,-6.511184,-7.691184,-7.071184,-5.261184,-2.911184,-0.99118406,0.9988159,2.9288158,3.9088159,4.368816,3.6388159,3.358816,2.9488158,3.558816,5.898816,6.828816,7.388816,7.698816,8.078815,9.438816,10.998816,12.698816,13.808816,14.998816,16.148815,15.598816,15.558816,10.518816,11.668816,13.278816,12.118816,13.848816,15.178816,10.188816,4.328816,3.848816,4.908816,-2.231184,-0.5111841,-0.68118405,-0.5811841,-0.68118405,1.0888159,1.2188159,1.8788159,1.1288159,-1.701184,-4.501184,-4.101184,-4.391184,-4.581184,-4.921184,-5.031184,-4.851184,-4.551184,-4.191184
-5.711184,-6.351184,-7.601184,-8.011184,-7.9111843,-6.311184,-3.501184,-1.061184,0.7488159,2.358816,3.758816,4.938816,4.978816,4.348816,4.038816,3.6988158,4.468816,6.138816,7.2788157,6.988816,7.7988157,9.898816,11.518816,12.518816,12.888816,13.498816,15.588816,15.168816,15.508816,13.708816,12.048816,12.098816,12.548816,12.268816,11.548816,12.648816,5.428816,4.0488157,5.108816,3.1588159,-0.8411841,-0.29118407,-0.41118407,-1.5111841,-1.7511841,-1.181184,0.9988159,1.688816,2.228816,1.7188159,-0.14118408,-1.6611841,-4.121184,-5.1611843,-4.141184,-4.991184,-5.831184,-5.491184,-3.451184
-7.511184,-8.251184,-9.591184,-9.641184,-8.581184,-6.021184,-3.231184,-0.6311841,2.068816,3.048816,3.868816,5.0888157,5.628816,5.238816,4.218816,4.018816,4.738816,6.248816,6.698816,7.258816,10.588816,10.668816,11.188816,12.198816,12.578815,13.118816,15.978816,16.358816,16.698816,14.548816,12.868816,10.7888155,10.638816,8.698816,9.888816,8.808816,6.418816,2.3988159,2.738816,-0.5311841,1.0188159,0.50881594,-0.7011841,-1.7711841,0.008815918,3.1488159,4.248816,4.018816,1.5888159,-0.19118409,0.018815918,-1.2911841,-1.711184,-1.951184,-2.761184,-2.151184,-3.401184,-4.2011843,-4.791184
-10.7111845,-11.131184,-11.571184,-10.851184,-9.141184,-6.171184,-3.3011842,-0.37118408,2.038816,3.488816,3.488816,4.888816,5.728816,5.208816,4.518816,4.718816,4.678816,5.418816,6.908816,9.498816,10.728816,11.148816,11.658816,11.968816,12.018816,12.878816,15.458816,16.148815,16.108816,14.408816,10.588816,10.448816,11.148816,8.088816,6.2788157,4.038816,1.548816,1.168816,0.028815918,-0.28118408,-1.1711841,-2.0911841,0.56881595,1.9988159,3.768816,6.268816,5.538816,5.268816,5.098816,3.268816,0.9888159,-1.071184,-2.8011842,-3.211184,-2.001184,-1.2711841,-3.201184,-5.711184,-6.4311843
-13.001184,-13.191184,-12.591184,-11.691184,-9.441184,-6.861184,-4.081184,-0.9511841,2.058816,3.6388159,3.1988158,4.768816,5.3188157,5.5888157,5.178816,5.128816,4.8388157,5.428816,7.398816,9.698816,10.728816,11.268816,11.518816,10.578815,10.678816,11.728816,13.138816,14.298816,14.328815,12.588816,10.428816,11.438816,9.838816,9.368816,4.458816,0.49881592,-0.7711841,-2.0511842,-1.1711841,-1.811184,-1.3711841,-1.071184,-0.05118408,0.8688159,3.378816,6.148816,7.788816,6.808816,5.158816,2.2188158,1.438816,1.6188159,-3.3311841,-5.781184,-4.461184,-2.141184,-2.7911842,-4.141184,-5.621184
-14.591184,-14.001184,-13.601184,-12.421185,-8.871184,-5.841184,-4.141184,-1.5311841,1.568816,2.6688159,3.018816,4.208816,4.758816,5.0888157,5.648816,5.658816,5.238816,6.218816,8.008816,9.418816,9.928816,9.848816,9.908816,9.318816,9.068816,9.828815,10.618816,10.978816,11.898816,11.318816,8.838816,8.928816,7.0888157,6.508816,4.578816,2.348816,2.818816,1.1488159,-1.3611841,-1.1611841,0.76881593,-0.68118405,-0.25118408,1.1188159,4.638816,7.328816,6.458816,4.768816,3.4288158,3.808816,3.098816,1.1488159,-1.701184,-3.651184,-3.221184,-2.741184,-4.461184,-4.641184,-5.241184
-16.401184,-14.271184,-13.491184,-11.251184,-7.711184,-5.691184,-5.271184,-3.1111841,-0.31118408,0.64881593,2.3988159,3.6388159,4.498816,5.478816,5.428816,5.428816,5.918816,6.268816,7.438816,8.128816,8.048816,7.738816,7.578816,7.738816,7.828816,8.2888155,8.888816,8.868816,8.838816,8.678816,8.368816,7.708816,7.238816,5.5688157,3.9588158,2.728816,1.7288159,0.8388159,0.19881591,0.12881592,0.8688159,2.098816,4.118816,5.2788157,5.438816,5.358816,4.0888157,3.538816,3.258816,2.308816,0.7788159,-1.1511841,-2.0411842,-2.8611841,-3.151184,-3.491184,-4.261184,-6.391184,-4.651184
-15.4611845,-12.061184,-11.231184,-9.911184,-7.9511843,-7.331184,-7.141184,-4.131184,-2.501184,-0.7111841,1.2188159,3.008816,4.0488157,4.0888157,4.578816,5.098816,5.848816,6.508816,6.448816,6.388816,6.488816,6.288816,5.998816,6.518816,7.308816,7.638816,7.418816,7.348816,7.178816,7.158816,7.218816,7.128816,6.7788157,6.188816,5.978816,5.688816,4.688816,3.248816,3.128816,3.538816,3.9488158,3.9488158,3.6388159,3.298816,3.228816,4.538816,5.598816,5.038816,3.748816,2.318816,0.6588159,-1.331184,-3.3111842,-4.281184,-3.981184,-4.6811843,-5.1811843,-4.711184,-5.081184
-13.031184,-11.651184,-9.921185,-9.291184,-8.101184,-9.131184,-7.011184,-5.631184,-3.401184,-1.051184,0.57881594,1.7688159,2.368816,3.2188158,4.378816,5.058816,5.078816,4.688816,4.828816,5.248816,5.498816,5.598816,5.5288157,5.5888157,5.858816,6.268816,6.468816,6.2988157,6.238816,6.558816,7.008816,7.658816,8.008816,8.0388155,7.638816,6.738816,5.8388157,4.8388157,4.228816,3.9288158,3.778816,3.6488159,3.6488159,3.728816,3.6388159,3.548816,3.6688159,3.498816,3.248816,1.6488159,-4.6811843,-9.551184,-6.961184,-5.771184,-4.561184,-4.4711843,-5.741184,-7.251184,-7.851184
-12.221184,-10.811184,-10.321184,-10.521184,-10.681184,-9.581184,-7.731184,-5.251184,-3.0411842,-1.5211841,-0.16118409,0.9688159,2.248816,3.338816,3.798816,4.0688157,4.148816,4.398816,4.758816,4.828816,4.788816,4.808816,5.128816,5.5488157,5.668816,5.708816,5.618816,5.218816,5.358816,5.678816,6.0288157,7.158816,8.058816,8.558816,8.868816,8.948816,8.198816,6.788816,5.3188157,3.578816,3.088816,2.9388158,2.998816,1.4988159,1.198816,1.918816,2.128816,0.28881592,-4.311184,-7.361184,-8.851184,-9.251184,-8.191184,-6.611184,-4.981184,-3.711184,-3.0611842,-2.921184,-2.771184
