public/data/weather/2019/09/28/0000-wind-isobaric-10hPa-gfs-1.0.json
{"header": { "discipline":0, "disciplineName":"Meteorological products", "gribEdition":2, "gribLength":40696, "center":7, "centerName":"US National Weather Service - NCEP(WMC)", "subcenter":0, "refTime":"2019-09-28T00:00:00.000Z", "significanceOfRT":1, "significanceOfRTName":"Start of forecast", "productStatus":0, "productStatusName":"Operational products", "productType":1, "productTypeName":"Forecast products", "productDefinitionTemplate":0, "productDefinitionTemplateName":"Analysis/forecast at horizontal level/layer at a point in time", "parameterCategory":2, "parameterCategoryName":"Momentum", "parameterNumber":3, "parameterNumberName":"V-component_of_wind", "parameterUnit":"m.s-1", "genProcessType":2, "genProcessTypeName":"Forecast", "forecastTime":0, "surface1Type":100, "surface1TypeName":"Isobaric surface", "surface1Value":1000.0, "surface2Type":255, "surface2TypeName":"Missing", "surface2Value":0.0, "gridDefinitionTemplate":0, "gridDefinitionTemplateName":"Latitude_Longitude", "numberPoints":65160, "shape":6, "shapeName":"Earth spherical with radius of 6,371,229.0 m", "gridUnits":"degrees", "resolution":48, "winds":"true", "scanMode":0, "nx":360, "ny":181, "basicAngle":0, "lo1":0.0, "la1":90.0, "lo2":359.0, "la2":-90.0, "dx":1.0, "dy":1.0 }, "data":
[rows 104 to 129 of 181, columns 114 to 170 of 360]
-4.3000245,-4.5000243,-4.9000244,-6.100024,-4.7000246,-4.0000243,-6.5000243,-6.9000244,-7.4000244,-6.5000243,-5.5000243,-4.3000245,-3.2000244,-2.7000244,-2.9000244,-2.0000243,-0.8000244,0.7999756,1.5999756,1.7999756,1.9999756,2.1999755,2.5999756,2.1999755,1.7999756,2.1999755,2.2999756,2.7999756,4.1999755,5.0999756,6.0999756,6.5999756,6.4999757,6.5999756,6.5999756,6.1999755,6.6999755,6.4999757,5.2999754,4.0999756,3.6999755,2.7999756,0.6999756,-1.5000244,-2.5000243,-4.100024,-5.5000243,-6.3000245,-7.600024,-7.3000245,-7.8000245,-9.600024,-10.700025,-12.100024,-11.400024,-10.300024,-10.100024
-3.9000244,-4.3000245,-5.4000244,-4.5000243,-3.7000244,-4.2000246,-5.5000243,-6.3000245,-6.4000244,-6.0000243,-5.8000245,-5.600024,-4.4000244,-2.7000244,-1.9000244,-1.5000244,-0.8000244,0.3999756,1.8999755,2.1999755,2.3999755,2.4999757,3.5999756,3.2999756,3.7999756,3.6999755,3.6999755,5.0999756,5.899976,6.4999757,6.899976,7.5999756,7.5999756,7.5999756,7.5999756,7.899976,7.2999754,7.1999755,6.4999757,6.2999754,5.899976,3.6999755,1.6999756,-0.4000244,-1.7000244,-3.2000244,-4.7000246,-6.3000245,-6.7000246,-7.100024,-7.2000246,-7.9000244,-10.000025,-11.400024,-12.700025,-12.000025,-11.300024
-4.4000244,-4.3000245,-4.3000245,-4.0000243,-3.3000245,-4.4000244,-6.100024,-6.100024,-5.7000246,-5.2000246,-5.0000243,-4.600024,-5.3000245,-4.2000246,-3.2000244,-2.0000243,-1.8000244,-0.50002444,0.7999756,1.8999755,2.2999756,3.4999757,4.0999756,4.5999756,4.5999756,3.8999755,4.4999757,4.399976,5.1999755,7.2999754,7.9999757,7.6999755,7.6999755,8.099976,8.499975,8.299975,7.9999757,7.399976,6.5999756,5.7999754,4.5999756,3.6999755,1.7999756,-0.10002442,-1.5000244,-3.0000243,-4.600024,-5.600024,-6.2000246,-6.7000246,-6.7000246,-7.7000246,-8.900024,-10.400024,-12.400024,-13.100024,-12.900024
-3.1000245,-2.8000245,-4.100024,-2.8000245,-3.2000244,-3.9000244,-4.9000244,-5.4000244,-5.0000243,-4.8000245,-4.2000246,-4.5000243,-4.7000246,-4.0000243,-3.7000244,-3.4000244,-2.7000244,-0.50002444,1.3999755,2.4999757,2.7999756,3.8999755,5.0999756,5.0999756,5.4999757,4.4999757,4.6999755,5.899976,6.899976,8.099976,9.099976,8.999975,9.099976,9.099976,9.399976,8.499975,8.899976,7.1999755,6.6999755,6.899976,5.0999756,3.8999755,2.1999755,-2.4414063E-5,-0.8000244,-2.8000245,-3.6000245,-4.3000245,-4.2000246,-3.6000245,-4.7000246,-5.8000245,-7.0000243,-9.200025,-11.800024,-12.700025,-14.100024
-3.4000244,-3.2000244,-4.5000243,-3.4000244,-4.2000246,-3.6000245,-4.7000246,-4.9000244,-4.100024,-4.5000243,-3.6000245,-3.6000245,-4.5000243,-3.9000244,-4.4000244,-1.7000244,-1.1000245,0.4999756,0.8999756,1.3999755,2.5999756,2.3999755,3.6999755,4.5999756,4.5999756,4.0999756,5.0999756,5.7999754,7.5999756,8.899976,9.899976,10.099976,10.199976,10.099976,10.499975,10.599976,8.999975,8.099976,7.1999755,6.2999754,4.4999757,4.1999755,3.1999755,1.9999756,0.099975586,-0.50002444,-1.3000244,-2.6000245,-2.7000244,-2.5000243,-3.3000245,-4.8000245,-6.8000245,-7.2000246,-10.200025,-11.700025,-12.800024
-3.4000244,-3.4000244,-4.3000245,-4.100024,-2.6000245,-2.2000244,-4.3000245,-4.9000244,-4.3000245,-3.9000244,-3.5000243,-3.2000244,-2.3000245,-1.9000244,-1.8000244,-0.6000244,0.4999756,1.0999756,1.4999756,3.5999756,4.4999757,4.399976,4.2999754,4.7999754,5.399976,5.399976,5.9999757,6.2999754,6.899976,8.999975,10.399976,10.799975,10.899976,10.799975,10.699976,10.799975,9.499975,7.6999755,6.9999757,5.2999754,5.0999756,4.399976,3.4999757,2.9999757,1.3999755,-0.10002442,0.099975586,-0.4000244,-1.8000244,-2.9000244,-3.0000243,-4.7000246,-5.7000246,-6.5000243,-7.100024,-9.200025,-11.000025
-6.2000246,-4.5000243,-4.8000245,-4.4000244,-3.4000244,-2.8000245,-3.3000245,-3.8000245,-2.6000245,-2.7000244,-3.1000245,-2.2000244,-2.0000243,-0.50002444,0.7999756,0.6999756,0.8999756,2.0999756,2.4999757,3.6999755,4.4999757,5.0999756,5.6999755,5.9999757,5.5999756,5.9999757,6.0999756,7.1999755,8.499975,8.999975,9.599976,9.899976,9.299975,10.799975,10.499975,10.199976,9.499975,7.2999754,6.899976,5.2999754,4.5999756,3.9999757,3.5999756,2.5999756,0.99997556,0.5999756,-2.4414063E-5,-0.20002441,-0.6000244,-1.8000244,-2.7000244,-4.0000243,-5.2000246,-5.600024,-6.2000246,-6.4000244,-7.5000243
-6.3000245,-5.5000243,-5.3000245,-5.8000245,-4.5000243,-3.0000243,-3.4000244,-3.6000245,-3.0000243,-2.1000245,-1.1000245,-1.2000244,-1.4000244,-0.7000244,0.3999756,0.6999756,1.2999756,0.8999756,1.5999756,2.8999755,3.8999755,5.5999756,5.9999757,6.1999755,6.2999754,6.4999757,6.7999754,7.9999757,9.199976,9.299975,10.399976,11.099976,11.699976,11.299975,12.199976,12.099976,10.199976,9.499975,7.1999755,6.2999754,4.7999754,3.3999755,3.2999756,3.0999756,1.0999756,-0.10002442,0.3999756,-0.20002441,-0.4000244,-1.5000244,-3.0000243,-3.3000245,-3.7000244,-4.7000246,-5.8000245,-6.3000245,-7.2000246
-5.3000245,-4.3000245,-3.3000245,-3.9000244,-3.7000244,-3.7000244,-2.7000244,-2.5000243,-1.4000244,-1.1000245,-1.2000244,-1.0000244,-0.50002444,-0.50002444,-0.7000244,0.4999756,0.8999756,0.8999756,2.5999756,3.6999755,4.899976,5.9999757,5.899976,7.0999756,7.2999754,7.4999757,8.599976,9.499975,10.699976,11.599976,12.799975,12.999975,13.399976,13.599976,13.299975,12.299975,10.599976,8.999975,7.399976,6.1999755,4.5999756,3.7999756,3.4999757,2.1999755,1.4999756,0.8999756,0.3999756,0.29997557,-0.10002442,-1.7000244,-2.4000244,-3.6000245,-4.4000244,-5.600024,-6.100024,-7.0000243,-7.2000246
-4.5000243,-4.0000243,-4.5000243,-3.0000243,-2.7000244,-2.6000245,-2.7000244,-2.5000243,-2.1000245,-1.7000244,-1.1000245,-1.2000244,-1.2000244,-0.6000244,-0.30002442,0.19997558,1.7999756,2.0999756,2.1999755,3.4999757,4.9999757,6.6999755,6.4999757,6.899976,6.6999755,8.199976,9.699976,9.999975,11.499975,11.299975,12.199976,12.599976,13.699976,13.199976,13.199976,12.999975,11.599976,9.699976,8.499975,6.7999754,5.1999755,4.2999754,2.0999756,1.5999756,0.7999756,0.7999756,0.3999756,0.6999756,-2.4414063E-5,-1.0000244,-1.9000244,-3.2000244,-4.0000243,-5.100024,-6.2000246,-6.8000245,-7.5000243
-4.5000243,-3.8000245,-3.8000245,-3.1000245,-2.5000243,-2.0000243,-1.6000245,-1.4000244,-1.8000244,-2.0000243,-2.7000244,-1.2000244,-0.4000244,-0.6000244,-0.7000244,-0.4000244,0.7999756,1.9999756,2.5999756,2.5999756,2.7999756,4.9999757,6.1999755,6.6999755,7.7999754,8.899976,10.099976,10.999975,11.399976,12.199976,12.999975,13.699976,14.399976,14.299975,14.599976,13.899976,12.199976,10.399976,8.299975,6.6999755,5.2999754,2.8999755,0.99997556,0.5999756,0.5999756,0.99997556,0.5999756,-0.7000244,-1.2000244,-1.6000245,-2.9000244,-2.9000244,-3.3000245,-3.9000244,-5.100024,-5.9000244,-6.2000246
-3.3000245,-2.1000245,-1.2000244,-1.6000245,-1.6000245,-1.0000244,-1.3000244,-0.8000244,-1.1000245,-1.4000244,-2.7000244,-2.7000244,-1.5000244,-1.6000245,-1.2000244,-1.2000244,-0.9000244,-0.20002441,1.3999755,2.0999756,3.4999757,4.7999754,6.5999756,8.299975,9.199976,9.999975,10.599976,11.599976,11.699976,12.299975,12.599976,12.399976,12.899976,12.999975,12.799975,12.099976,11.199976,10.499975,8.499975,7.2999754,6.0999756,3.9999757,2.6999755,1.0999756,1.6999756,1.3999755,0.7999756,-0.20002441,-1.0000244,-2.3000245,-3.3000245,-3.7000244,-3.5000243,-3.6000245,-4.0000243,-5.3000245,-5.4000244
-2.0000243,-1.3000244,-0.8000244,-0.4000244,-0.7000244,-0.6000244,-0.10002442,-1.2000244,-0.7000244,-1.8000244,-3.1000245,-3.1000245,-3.9000244,-3.6000245,-2.8000245,-2.3000245,-0.9000244,-1.0000244,-0.9000244,0.7999756,2.4999757,3.4999757,5.5999756,7.2999754,8.199976,7.7999754,8.999975,9.499975,9.499975,10.199976,10.999975,10.599976,11.099976,11.399976,10.299975,9.699976,9.499975,7.6999755,7.5999756,6.1999755,5.399976,4.0999756,3.5999756,2.6999755,2.3999755,2.5999756,1.7999756,0.29997557,-0.30002442,-1.2000244,-2.9000244,-2.9000244,-3.4000244,-4.100024,-4.100024,-5.3000245,-6.3000245
-1.3000244,-0.9000244,-0.7000244,-0.50002444,0.19997558,-0.30002442,-1.6000245,-2.0000243,-2.6000245,-2.7000244,-4.2000246,-5.7000246,-4.0000243,-5.0000243,-4.600024,-3.7000244,-2.6000245,-2.4000244,-1.4000244,-0.20002441,1.8999755,2.3999755,4.5999756,5.1999755,6.399976,6.5999756,6.899976,8.099976,9.399976,9.999975,10.399976,11.299975,10.499975,9.899976,8.499975,8.399976,7.9999757,7.9999757,7.5999756,6.399976,4.9999757,4.2999754,3.8999755,3.7999756,4.0999756,3.3999755,2.1999755,0.29997557,-0.6000244,-1.0000244,-1.9000244,-3.1000245,-3.5000243,-3.5000243,-4.0000243,-4.9000244,-6.2000246
-0.7000244,-0.6000244,-1.1000245,-0.50002444,-0.30002442,-0.7000244,-0.8000244,-2.4000244,-3.1000245,-3.9000244,-4.9000244,-5.0000243,-6.8000245,-4.600024,-4.9000244,-3.9000244,-2.3000245,-3.2000244,-1.7000244,0.8999756,1.5999756,3.0999756,4.5999756,4.5999756,4.5999756,5.399976,8.099976,7.1999755,7.899976,8.699976,9.599976,9.899976,9.499975,9.899976,8.799975,8.099976,7.1999755,7.1999755,6.1999755,5.4999757,4.6999755,4.0999756,3.2999756,2.7999756,2.8999755,3.4999757,2.4999757,1.5999756,-0.9000244,-1.9000244,-2.8000245,-3.9000244,-5.0000243,-5.100024,-4.7000246,-5.0000243,-4.9000244
-0.9000244,-0.30002442,-0.10002442,-0.6000244,-0.50002444,-1.3000244,-2.3000245,-2.5000243,-3.1000245,-3.6000245,-4.4000244,-4.2000246,-4.7000246,-4.2000246,-3.1000245,-2.9000244,-2.1000245,-1.2000244,0.19997558,1.6999756,1.7999756,2.5999756,3.2999756,3.6999755,4.2999754,4.7999754,5.2999754,6.2999754,7.4999757,8.299975,8.899976,8.799975,8.999975,8.999975,7.9999757,6.1999755,5.6999755,3.7999756,2.8999755,3.2999756,3.8999755,3.1999755,3.4999757,2.9999757,2.1999755,1.8999755,1.7999756,0.19997558,-0.4000244,-1.9000244,-3.1000245,-4.2000246,-4.8000245,-5.3000245,-5.2000246,-5.3000245,-5.100024
-2.4414063E-5,-0.20002441,0.3999756,-2.4414063E-5,-1.0000244,-0.6000244,-1.8000244,-2.7000244,-4.3000245,-4.5000243,-4.0000243,-3.9000244,-4.3000245,-4.3000245,-4.4000244,-2.6000245,-1.8000244,-1.3000244,-0.10002442,0.29997557,0.7999756,1.6999756,2.2999756,2.6999755,3.1999755,4.7999754,4.7999754,5.4999757,5.899976,6.4999757,6.6999755,6.9999757,6.9999757,7.1999755,6.5999756,5.7999754,4.7999754,4.399976,4.0999756,3.0999756,1.2999756,0.29997557,0.5999756,1.7999756,1.5999756,1.5999756,0.4999756,-0.20002441,-0.6000244,-1.5000244,-2.3000245,-3.3000245,-4.0000243,-4.4000244,-4.5000243,-4.100024,-4.4000244
-1.0000244,-2.4414063E-5,-0.8000244,-1.1000245,-0.8000244,-1.5000244,-1.1000245,-1.8000244,-4.100024,-4.5000243,-5.4000244,-4.2000246,-3.6000245,-2.9000244,-3.2000244,-2.5000243,-2.6000245,-2.0000243,-0.30002442,0.099975586,-0.30002442,0.6999756,0.6999756,2.2999756,1.9999756,3.0999756,3.8999755,3.4999757,3.9999757,3.9999757,4.1999755,3.2999756,3.3999755,2.5999756,3.2999756,3.6999755,3.3999755,3.1999755,2.1999755,1.8999755,1.0999756,1.7999756,1.5999756,-0.30002442,-1.0000244,-0.6000244,-0.9000244,-0.4000244,-1.3000244,-1.6000245,-2.1000245,-2.7000244,-3.2000244,-3.9000244,-4.4000244,-3.9000244,-3.9000244
-2.6000245,-1.9000244,-1.6000245,-1.7000244,-2.4000244,-1.5000244,-2.5000243,-2.2000244,-1.9000244,-3.1000245,-3.8000245,-3.8000245,-3.3000245,-3.5000243,-2.9000244,-1.8000244,-1.2000244,-0.7000244,-0.7000244,-0.4000244,-0.6000244,0.99997556,1.6999756,0.4999756,1.8999755,1.4999756,1.4999756,2.4999757,2.0999756,1.8999755,1.9999756,2.1999755,2.2999756,1.8999755,1.7999756,1.5999756,2.3999755,1.5999756,1.6999756,1.4999756,1.7999756,2.0999756,1.3999755,-0.10002442,-1.8000244,-2.2000244,-2.2000244,-2.4000244,-2.6000245,-2.9000244,-2.7000244,-2.7000244,-3.1000245,-2.7000244,-3.3000245,-3.6000245,-4.4000244
-2.4000244,-2.5000243,-2.7000244,-2.6000245,-2.2000244,-2.7000244,-2.6000245,-2.5000243,-3.0000243,-2.6000245,-1.9000244,-2.4000244,-3.2000244,-3.6000245,-3.3000245,-3.1000245,-2.8000245,-2.2000244,-1.7000244,-0.8000244,0.7999756,-2.4414063E-5,1.0999756,0.7999756,0.3999756,0.6999756,1.4999756,1.6999756,2.0999756,2.2999756,2.2999756,2.1999755,1.6999756,2.2999756,2.6999755,3.0999756,3.1999755,3.2999756,3.0999756,2.7999756,2.1999755,1.1999756,1.8999755,0.4999756,-0.50002444,-3.0000243,-3.5000243,-4.0000243,-4.5000243,-3.4000244,-3.7000244,-3.2000244,-3.2000244,-2.3000245,-2.7000244,-2.8000245,-3.1000245
-1.0000244,-2.5000243,-3.2000244,-3.1000245,-3.7000244,-4.3000245,-4.8000245,-4.5000243,-4.3000245,-3.9000244,-3.5000243,-2.5000243,-2.6000245,-3.2000244,-3.5000243,-3.4000244,-3.0000243,-2.3000245,-0.7000244,-0.4000244,-1.0000244,0.7999756,1.2999756,1.9999756,2.3999755,2.4999757,2.0999756,1.8999755,2.1999755,2.4999757,1.9999756,2.0999756,2.0999756,1.6999756,1.1999756,1.1999756,0.99997556,0.7999756,1.5999756,2.2999756,1.9999756,1.0999756,0.19997558,-0.4000244,0.7999756,-2.4414063E-5,-2.7000244,-4.600024,-5.9000244,-5.2000246,-4.8000245,-4.4000244,-3.9000244,-2.9000244,-2.2000244,-2.4000244,-2.2000244
-1.4000244,-1.6000245,-2.3000245,-3.7000244,-3.7000244,-3.8000245,-4.0000243,-4.600024,-4.3000245,-4.3000245,-3.2000244,-3.3000245,-3.4000244,-2.7000244,-1.9000244,-2.1000245,-1.9000244,-1.9000244,-1.8000244,-2.4414063E-5,0.3999756,1.2999756,1.7999756,2.3999755,1.9999756,2.0999756,2.1999755,1.9999756,1.6999756,1.9999756,2.7999756,2.3999755,1.9999756,1.4999756,1.1999756,0.99997556,1.2999756,1.6999756,1.1999756,1.0999756,0.4999756,0.19997558,-0.10002442,-1.1000245,-1.9000244,-2.3000245,-1.4000244,-2.9000244,-4.8000245,-5.7000246,-5.100024,-5.100024,-4.7000246,-4.5000243,-3.7000244,-2.8000245,-3.1000245
-1.1000245,-2.5000243,-2.8000245,-2.4000244,-2.7000244,-2.6000245,-2.7000244,-2.9000244,-2.9000244,-2.9000244,-2.2000244,-2.2000244,-1.8000244,-2.2000244,-2.6000245,-2.0000243,-1.7000244,-0.50002444,0.099975586,-0.4000244,0.19997558,0.099975586,0.19997558,0.99997556,1.2999756,1.1999756,0.99997556,1.6999756,1.5999756,1.7999756,1.3999755,1.4999756,1.8999755,2.1999755,2.2999756,2.2999756,2.4999757,1.5999756,0.99997556,-0.6000244,-0.50002444,-1.0000244,-1.6000245,-1.7000244,-1.7000244,-3.2000244,-3.7000244,-2.9000244,-2.7000244,-4.0000243,-4.3000245,-5.100024,-5.5000243,-5.3000245,-4.600024,-4.7000246,-5.2000246
-0.4000244,-0.8000244,-1.9000244,-2.7000244,-2.9000244,-2.5000243,-1.6000245,-0.6000244,-0.6000244,-0.6000244,-1.1000245,-2.3000245,-2.2000244,-2.2000244,-2.4000244,-2.5000243,-2.3000245,-2.4000244,-1.7000244,-0.7000244,-0.7000244,-0.7000244,-0.8000244,-0.9000244,-0.30002442,-0.10002442,0.8999756,-2.4414063E-5,0.6999756,0.3999756,0.7999756,1.1999756,1.0999756,1.0999756,1.3999755,1.6999756,1.3999755,0.7999756,0.4999756,-0.4000244,-0.50002444,-0.9000244,-0.4000244,-0.10002442,-0.9000244,-1.1000245,-1.9000244,-2.6000245,-3.4000244,-3.9000244,-5.100024,-4.5000243,-4.600024,-5.0000243,-5.4000244,-5.0000243,-5.0000243
0.5999756,0.3999756,0.4999756,-2.4414063E-5,-1.0000244,-1.4000244,-1.4000244,-1.4000244,-1.0000244,-1.1000245,-0.8000244,-0.9000244,-0.50002444,-1.5000244,-1.0000244,-1.4000244,-0.4000244,-0.50002444,-1.0000244,-2.0000243,-1.1000245,-1.1000245,-1.6000245,-1.8000244,-1.2000244,-0.4000244,-1.2000244,-1.0000244,-1.3000244,-1.3000244,-0.8000244,-2.4414063E-5,0.4999756,0.8999756,1.0999756,0.5999756,0.3999756,0.19997558,-0.9000244,-1.2000244,-1.7000244,-1.8000244,-1.7000244,-1.1000245,-2.3000245,-2.0000243,-1.9000244,-2.0000243,-2.4000244,-3.3000245,-3.9000244,-4.3000245,-5.0000243,-5.5000243,-5.3000245,-5.2000246,-5.100024
0.6999756,0.29997557,0.4999756,0.5999756,0.7999756,0.4999756,0.29997557,-0.30002442,-1.3000244,-2.0000243,-2.1000245,-2.8000245,-3.3000245,-2.3000245,-2.1000245,-2.0000243,-1.4000244,-0.20002441,-0.10002442,0.099975586,-0.50002444,-0.9000244,-0.8000244,-2.1000245,-2.3000245,-2.7000244,-2.0000243,-2.5000243,-1.0000244,-1.8000244,-1.5000244,-1.1000245,-0.8000244,-0.4000244,0.19997558,-0.30002442,-0.8000244,-0.4000244,-0.9000244,-2.4000244,-2.6000245,-2.7000244,-2.0000243,-2.7000244,-2.5000243,-1.5000244,-1.8000244,-3.1000245,-3.4000244,-3.0000243,-3.9000244,-4.3000245,-4.5000243,-4.9000244,-4.9000244,-4.5000243,-4.4000244
