public/data/weather/2019/09/28/0000-wind-isobaric-1000hPa-gfs-1.0.json
{"header": { "discipline":0, "disciplineName":"Meteorological products", "gribEdition":2, "gribLength":80259, "center":7, "centerName":"US National Weather Service - NCEP(WMC)", "subcenter":0, "refTime":"2019-09-28T00:00:00.000Z", "significanceOfRT":1, "significanceOfRTName":"Start of forecast", "productStatus":0, "productStatusName":"Operational products", "productType":1, "productTypeName":"Forecast products", "productDefinitionTemplate":0, "productDefinitionTemplateName":"Analysis/forecast at horizontal level/layer at a point in time", "parameterCategory":2, "parameterCategoryName":"Momentum", "parameterNumber":3, "parameterNumberName":"V-component_of_wind", "parameterUnit":"m.s-1", "genProcessType":2, "genProcessTypeName":"Forecast", "forecastTime":0, "surface1Type":100, "surface1TypeName":"Isobaric surface", "surface1Value":95000.0, "surface2Type":255, "surface2TypeName":"Missing", "surface2Value":0.0, "gridDefinitionTemplate":0, "gridDefinitionTemplateName":"Latitude_Longitude", "numberPoints":65160, "shape":6, "shapeName":"Earth spherical with radius of 6,371,229.0 m", "gridUnits":"degrees", "resolution":48, "winds":"true", "scanMode":0, "nx":360, "ny":181, "basicAngle":0, "lo1":0.0, "la1":90.0, "lo2":359.0, "la2":-90.0, "dx":1.0, "dy":1.0 }, "data":
[rows 0 to 25 of 181, columns 295 to 353 of 360]
-7.719553,-7.719553,-7.7095532,-7.6895533,-7.679553,-7.659553,-7.639553,-7.619553,-7.599553,-7.5695534,-7.539553,-7.5095534,-7.479553,-7.4395533,-7.3995533,-7.3595533,-7.3195534,-7.2795534,-7.229553,-7.179553,-7.1295533,-7.079553,-7.019553,-6.9595532,-6.8995533,-6.8395534,-6.7795534,-6.7095532,-6.639553,-6.5695534,-6.499553,-6.429553,-6.349553,-6.269553,-6.1895533,-6.1095533,-6.0295534,-5.9395533,-5.8595533,-5.769553,-5.679553,-5.579553,-5.4895535,-5.389553,-5.2995534,-5.199553,-5.099553,-4.9895535,-4.889553,-4.7795534,-4.679553,-4.5695534,-4.4595532,-4.349553,-4.2395535,-4.119553,-4.0095534,-3.8895533,-3.7795532
-6.5095534,-6.599553,-6.679553,-6.7595534,-6.849553,-6.929553,-7.0095534,-7.0895534,-7.159553,-7.2395535,-7.3195534,-7.409553,-7.469553,-7.539553,-7.6095533,-7.679553,-7.7395535,-7.7995534,-7.8595533,-7.9195533,-7.969553,-8.019553,-8.059553,-8.089553,-8.119554,-8.149553,-8.169553,-8.179553,-8.189553,-8.1995535,-8.189553,-8.189553,-8.169553,-8.159554,-8.139553,-8.109553,-8.079554,-8.049553,-7.999553,-7.949553,-7.889553,-7.829553,-7.769553,-7.7095532,-7.6295533,-7.5495534,-7.449553,-7.369553,-7.269553,-7.1695533,-7.0695534,-6.9595532,-6.849553,-6.7395535,-6.619553,-6.499553,-6.369553,-6.249553,-6.1295533
-5.7095532,-5.829553,-5.949553,-6.0695534,-6.179553,-6.289553,-6.4195533,-6.539553,-6.659553,-6.789553,-6.9195533,-7.059553,-7.179553,-7.3195534,-7.449553,-7.579553,-7.7095532,-7.829553,-7.949553,-8.049553,-8.149553,-8.239553,-8.319553,-8.409554,-8.479553,-8.549553,-8.609553,-8.649553,-8.6995535,-8.729553,-8.769553,-8.799553,-8.819553,-8.829554,-8.829554,-8.819553,-8.819553,-8.809553,-8.789554,-8.759553,-8.719553,-8.689553,-8.649553,-8.599553,-8.539554,-8.479553,-8.399553,-8.299553,-8.1995535,-8.099553,-7.9595532,-7.789553,-7.6095533,-7.4395533,-7.2395535,-7.039553,-6.8395534,-6.639553,-6.449553
-3.4195533,-3.5195532,-3.6195533,-3.7495532,-3.8895533,-4.0295534,-4.1695533,-4.3195534,-4.469553,-4.619553,-4.7595534,-4.929553,-5.0895534,-5.249553,-5.429553,-5.599553,-5.7795534,-5.9595532,-6.139553,-6.309553,-6.469553,-6.639553,-6.7995534,-6.9395533,-7.0695534,-7.2095532,-7.3395534,-7.4595532,-7.5895534,-7.7095532,-7.829553,-7.9395533,-8.049553,-8.139553,-8.229553,-8.299553,-8.379553,-8.439553,-8.509553,-8.559553,-8.599553,-8.629553,-8.659554,-8.689553,-8.709553,-8.719553,-8.719553,-8.709553,-8.689553,-8.669553,-8.609553,-8.549553,-8.4495535,-8.339553,-8.219553,-8.069553,-7.9195533,-7.789553,-7.659553
-2.1895533,-2.2395532,-2.2895532,-2.339553,-2.3695533,-2.4195533,-2.4695532,-2.5095532,-2.5595531,-2.6295533,-2.6895533,-2.7895532,-2.8795533,-2.9695532,-3.089553,-3.1895533,-3.3095531,-3.4395533,-3.5595531,-3.6995533,-3.8595533,-4.019553,-4.1895533,-4.3795533,-4.5495534,-4.729553,-4.909553,-5.099553,-5.2795534,-5.449553,-5.619553,-5.789553,-5.949553,-6.1095533,-6.2395535,-6.369553,-6.479553,-6.5895534,-6.699553,-6.8195534,-6.9195533,-7.039553,-7.1495533,-7.269553,-7.389553,-7.5095534,-7.639553,-7.7595534,-7.869553,-7.9595532,-8.039554,-8.099553,-8.139553,-8.189553,-8.229553,-8.269553,-8.299553,-8.319553,-8.329554
-1.5695533,-1.5395532,-1.5295532,-1.5395532,-1.5795532,-1.5995532,-1.6195532,-1.6795533,-1.7395532,-1.8095533,-1.8795532,-1.9695532,-2.0495532,-2.1195533,-2.1695533,-2.2395532,-2.339553,-2.4195533,-2.4795532,-2.5395532,-2.6195533,-2.7095532,-2.7895532,-2.849553,-2.9095533,-2.9695532,-3.0495532,-3.1395533,-3.2595532,-3.349553,-3.4595532,-3.589553,-3.7195532,-3.8995533,-4.059553,-4.2095532,-4.329553,-4.4395533,-4.5495534,-4.639553,-4.749553,-4.8595533,-4.9595532,-5.0695534,-5.1895533,-5.3195534,-5.4395533,-5.5695534,-5.6695533,-5.789553,-5.909553,-6.0295534,-6.1495533,-6.269553,-6.369553,-6.449553,-6.519553,-6.5895534,-6.6695533
0.6804468,0.6204468,0.5204468,0.3504468,0.20044678,0.05044678,-0.16955322,-0.32955322,-0.47955322,-0.65955323,-0.76955324,-0.8195532,-0.8595532,-0.82955325,-0.7295532,-0.51955324,-0.19955322,0.27044678,0.8304468,1.5004468,2.1104467,2.7304468,3.1804469,3.400447,3.3404467,3.0604467,2.7404468,2.3604467,1.8604468,1.4104468,0.8904468,0.060446776,-0.95955324,-1.8195533,-2.2895532,-2.4995532,-2.6195533,-2.7095532,-2.9795532,-3.2295532,-3.4095533,-3.5395532,-3.5095532,-3.4895532,-3.4495533,-3.4095533,-3.3695533,-3.3295531,-3.3795533,-3.5095532,-3.6995533,-3.9095533,-4.119553,-4.329553,-4.519553,-4.7095532,-4.8995533,-5.0695534,-5.2395535
1.6004468,1.6504468,1.5304468,1.3904468,1.3304467,1.4804468,2.0604467,2.2704468,2.8204467,3.5204468,4.8304467,6.070447,7.3104467,8.270447,9.000446,10.250446,9.110447,7.780447,6.5804467,4.7004466,2.1104467,1.4204468,3.1204467,3.9504468,3.7504468,1.9604468,1.2004467,2.2604468,0.61044675,0.53044677,1.0804467,1.8004467,1.7404468,3.5504467,3.160447,1.7504468,1.7004467,2.2204468,0.85044676,-0.31955323,-0.7995532,-1.2995533,-1.0695533,-0.6795532,4.4677735E-4,0.8704468,1.6104468,1.7804468,1.3004467,0.5204468,-0.29955322,-0.9895532,-1.5895532,-2.3595533,-3.4095533,-4.5495534,-5.5695534,-6.2595534,-6.5695534
1.7504468,1.9304467,5.2004466,10.720447,13.5504465,12.140447,10.270447,8.390447,6.2604465,4.7004466,3.2804468,3.6804469,3.5404468,3.3004467,3.0504467,3.2204468,2.910447,2.0704467,0.9604468,2.1804469,5.920447,5.420447,6.0404468,5.300447,4.5104465,3.4504468,2.650447,0.9904468,-0.3995532,-0.35955322,1.0604467,0.97044677,0.28044677,0.3804468,1.8404468,3.3204467,2.6004467,2.3904467,0.28044677,-1.3895532,-1.4895532,-1.1995533,-1.1095532,-1.0495533,-0.9395532,-0.52955323,-0.019553222,0.100446776,-0.23955323,-0.28955323,0.73044676,1.7604468,1.6004468,0.5704468,-0.65955323,-1.7495532,-2.6295533,-3.3195531,-3.9195533
12.3004465,11.650447,9.100447,9.990447,9.830447,4.530447,5.550447,8.540447,11.740447,13.060447,13.780447,13.850447,13.0504465,13.170446,12.780447,11.640447,10.080447,9.170446,9.250446,8.980447,8.180447,6.900447,5.4104466,3.8004467,2.1304467,1.0504467,0.6804468,0.78044677,1.5104468,2.3604467,2.4904468,2.4204469,2.5804467,2.660447,2.2704468,1.0504467,-0.22955322,-1.2695532,-1.6295532,-0.21955322,0.5704468,1.4704468,3.0904467,4.7004466,4.1604466,4.270447,4.780447,2.5004468,-0.12955323,-0.8795532,-0.8595532,-2.5695531,-3.4895532,-3.6295533,-3.9995532,-4.579553,-5.079553,-5.329553,-5.4195533
-0.5495532,0.010446778,1.9204468,2.8304467,3.5704467,7.3504467,9.580447,8.940447,8.470447,8.180447,7.920447,7.7404466,7.6604466,7.710447,7.800447,8.000446,7.980447,7.630447,6.960447,6.190447,5.4104466,4.690447,4.0104465,3.3304467,2.8304467,2.6004467,2.4304469,2.150447,1.8404468,1.3004467,0.4804468,-0.6095532,-1.5495533,-2.2895532,-2.4995532,-2.3795533,-2.8995533,-3.8095531,-3.8695533,-2.6995533,-2.4095533,-6.5895534,-2.599553,0.23044677,-0.44955322,0.30044678,0.67044675,0.55044675,1.4204468,1.0004468,0.05044678,-1.3795532,-3.4495533,-4.7595534,-5.199553,-5.479553,-5.749553,-5.9895535,-6.1495533
5.3104467,7.0404468,8.450447,9.530447,9.820447,9.470447,8.930447,8.350447,8.090446,8.090446,8.140447,8.160447,8.150447,8.040447,7.690447,7.280447,6.9104466,6.530447,6.1204467,5.630447,5.1204467,4.6004467,3.9204469,3.160447,2.4904468,2.0004468,1.6004468,1.1804467,0.8104468,0.4804468,4.4677735E-4,-0.6095532,-1.2595532,-2.1195533,-2.7095532,-3.0395532,-3.1995533,-3.7995532,-3.8795533,-3.2695532,-2.9295533,-2.4195533,-2.8095531,-9.139553,-9.139553,-4.1495533,-1.1695533,-2.6695533,-2.8795533,-2.3195531,-2.5695531,-3.589553,-4.9595532,-6.119553,-6.869553,-7.179553,-7.159553,-6.789553,-6.2395535
6.550447,7.530447,8.260447,9.130446,10.140447,10.810447,10.910447,10.500446,10.030447,9.400447,8.790447,8.350447,8.240447,8.290447,8.230447,7.8904467,7.250447,6.650447,6.1604466,5.730447,5.1404467,4.440447,3.660447,2.9904468,2.4404469,1.8804468,1.1704468,0.66044676,0.55044675,0.23044677,-0.09955322,-0.43955323,-0.7895532,-1.4095532,-2.0195532,-2.0795531,-1.9995532,-1.8495532,-0.9395532,-0.90955323,-2.0295532,-4.479553,-6.1695533,-9.029553,-5.8995533,-7.369553,-8.669553,-8.229553,-6.479553,-6.7095532,-6.979553,-7.349553,-7.5895534,-7.729553,-7.659553,-7.369553,-7.0895534,-6.869553,-6.2995534
13.5504465,10.960446,7.5604467,5.4704466,4.230447,3.8504467,4.0404468,4.440447,4.9104466,5.6204467,6.3304467,6.8504467,6.980447,6.7904468,6.9304466,7.170447,7.2404466,7.1204467,6.7404466,6.1004467,5.280447,4.230447,3.2904468,2.8004467,2.3504467,1.6604468,0.9904468,0.53044677,0.14044678,-0.18955322,-0.4895532,-0.8595532,-1.0495533,-1.0695533,-1.1995533,-0.8195532,-0.16955322,0.44044676,-0.17955323,-2.4795532,-1.6195532,-0.109553225,-2.7795532,-8.219553,-5.639553,-9.329554,-7.9195533,-9.369554,-10.719553,-12.219553,-11.179553,-10.349553,-9.809553,-8.959553,-7.969553,-7.2095532,-6.699553,-6.2595534,-5.659553
4.800447,3.410447,2.5004468,2.0904467,1.0104468,0.5604468,-0.51955324,2.0404468,3.5304468,4.7904468,5.4104466,5.770447,6.1804466,6.550447,6.7604465,6.8904467,6.960447,6.920447,6.780447,6.3704467,5.670447,4.900447,3.9804468,3.0404468,2.0904467,1.3904468,0.8804468,0.55044675,0.21044677,-0.079553224,-0.30955324,-0.5995532,-0.44955322,-0.46955323,-0.57955325,-1.0295532,-1.6595532,-3.089553,-4.5095534,-2.8295531,0.34044677,1.2004467,1.0004468,0.98044676,0.5604468,-8.719553,-13.149553,-11.979553,-9.719553,-11.299553,-13.149553,-12.669553,-10.929553,-9.309553,-8.179553,-7.0495534,-5.949553,-5.0095534,-3.9695532
11.180447,8.110447,5.1404467,3.3704467,2.6304467,2.4304469,2.5504467,4.020447,2.2604468,1.8704468,4.4704466,5.4904466,6.090447,6.550447,6.5604467,6.520447,6.460447,6.5604467,6.530447,6.3504467,6.0404468,5.440447,4.5104465,3.2904468,2.0104468,1.0004468,0.27044678,-0.28955323,-0.5995532,-0.9195532,-1.2795532,-1.8395532,-2.5795531,-3.1595533,-3.6695533,-4.369553,-5.929553,-7.769553,-9.169553,-10.309553,-12.059553,-11.629553,-6.139553,-3.1095533,0.80044675,-3.8995533,-8.4495535,-15.789554,-16.499554,-13.739553,-10.629553,-8.839553,-7.7995534,-7.219553,-6.0495534,-4.599553,-3.2095532,-1.8095533,-0.47955322
12.080447,11.8004465,11.910447,11.030447,9.740447,7.940447,6.2404466,5.6804466,5.860447,3.5304468,3.7904468,6.050447,7.150447,7.3504467,7.2604465,7.170447,6.800447,6.6404467,6.400447,6.1804466,5.7604465,5.1604466,4.2404466,3.1904469,2.1004467,1.1704468,0.44044676,-0.14955322,-0.52955323,-0.8695532,-1.4595532,-2.349553,-3.5495532,-5.039553,-6.8995533,-10.309553,-5.2595534,-0.44955322,0.2604468,-2.4995532,-5.2795534,-3.1395533,-0.9895532,-2.1295533,-2.9795532,-3.7295532,-6.599553,-7.119553,-8.359553,-8.859553,-7.7595534,-5.969553,-4.059553,-2.6495533,-1.7895532,-1.3395532,-1.0495533,-0.8695532,-0.8095532
14.100447,15.190447,16.690447,11.330447,11.640447,14.410447,16.050447,11.090446,2.6404467,2.8604467,1.9004468,0.7604468,6.610447,8.200447,7.840447,7.2004466,6.8904467,6.420447,5.8704467,5.270447,4.7204466,4.230447,3.5704467,2.6104467,1.3104467,-0.44955322,-2.0495532,-3.0695531,-3.8595533,-4.789553,-5.6095533,-5.969553,-7.0295534,-8.269553,-9.349553,-5.159553,-4.3795533,-2.3795533,-2.5195532,-3.3995533,-3.9795532,-1.8695532,-3.2695532,-5.769553,-6.4195533,-5.269553,-4.559553,-3.7195532,-3.6795533,-2.8895533,-1.8195533,-1.1595532,-1.2895532,-1.5495533,-2.0095532,-2.1895533,-2.0295532,-1.5195532,-1.6095532
11.740447,12.320447,14.200447,15.620447,16.570446,15.390447,13.510447,14.090446,12.790447,4.8104467,0.09044678,-0.27955323,-2.089553,-0.049553223,-0.12955323,-0.27955323,2.3704467,3.0204468,3.0104468,2.5804467,2.1804469,1.7904468,1.4804468,1.0704467,0.41044676,-0.63955325,-1.9995532,-3.599553,-5.229553,-6.4595532,-7.269553,-7.909553,-8.309553,-9.599553,-12.399553,-11.899553,-3.4895532,-3.849553,-1.4095532,0.7004468,-1.0695533,-0.9795532,-4.519553,-4.389553,-4.829553,-4.099553,-3.8795533,-2.9695532,-1.6795533,-1.3495532,-2.2195532,-3.1595533,-3.4995532,-2.8995533,-2.4695532,-3.0095532,-3.1995533,-3.4795532,-3.9195533
12.310447,13.570447,12.370447,11.220447,11.480447,13.600447,14.990447,15.490447,12.560447,8.020447,2.8104467,0.8704468,3.7504468,3.5504467,-1.3095533,2.5304468,2.3504467,2.3304467,2.5504467,2.2804468,1.5904468,0.8704468,0.2604468,-0.3995532,-1.1295532,-2.1295533,-3.1895533,-4.3395534,-5.6495533,-6.5495534,-7.269553,-7.7395535,-7.979553,-8.419553,-9.249554,-8.209553,-1.2495532,-2.4995532,-0.08955322,0.040446777,-2.4895532,-4.2395535,-3.1295533,-1.4395533,-3.9795532,-3.4695532,-2.5195532,-3.0695531,-4.079553,-4.729553,-5.099553,-4.429553,-4.229553,-3.6495533,-3.589553,-4.659553,-4.5695534,-5.3595533,-5.1895533
6.2204466,11.380446,13.840446,12.560447,11.470447,10.120447,9.610447,11.580447,13.750446,14.160447,8.740447,2.7704468,3.6304467,1.8504468,0.42044678,4.670447,3.6304467,3.4704468,2.4404469,1.8404468,1.5104468,0.9904468,0.12044678,-0.7995532,-1.6895533,-2.4995532,-3.2995532,-4.619553,-6.429553,-7.5095534,-8.389553,-10.219553,-11.589553,-10.899553,-6.9895535,2.2804468,1.8404468,0.17044678,2.7704468,-0.44955322,-2.6795533,-2.3795533,-5.0495534,-9.099553,-6.2095532,-3.2695532,-5.249553,-6.1695533,-7.1295533,-5.519553,-4.949553,-6.809553,-6.679553,-5.8595533,-5.099553,-5.1095533,-5.8795533,-6.539553,-6.0295534
-0.82955325,5.000447,10.3004465,13.650447,11.320447,9.720447,9.480447,12.470447,14.190447,16.690447,13.930447,6.7904468,-1.8995532,-4.1495533,1.5204468,8.370447,7.480447,5.0404468,3.7504468,3.0404468,2.1004467,1.5404468,0.86044675,-0.3695532,-1.6695533,-3.0495532,-4.219553,-5.469553,-6.5295534,-7.2395535,-7.5295534,-8.219553,-3.8095531,-10.359553,-7.979553,-2.9395533,-4.219553,-4.199553,-4.8595533,-3.3095531,-2.2995532,-1.7095532,-4.1895533,-7.9195533,-8.059553,-8.159554,-7.979553,-6.3995533,-6.8395534,-6.869553,-6.079553,-6.7795534,-7.909553,-6.969553,-7.079553,-7.6095533,-7.789553,-7.679553,-7.559553
-3.4195533,0.41044676,4.3704467,9.160447,12.900447,10.200447,9.790447,13.710446,14.960446,19.460447,12.460446,1.6704468,-6.9595532,-2.5795531,4.520447,5.530447,6.380447,4.840447,4.5604467,3.8504467,3.0804467,2.1004467,0.59044677,-1.3795532,-3.6895533,-5.199553,-5.539553,-5.1895533,-5.5095534,-7.849553,-4.539553,-7.0095534,-3.0495532,-0.58955324,-0.8095532,-0.4895532,-0.9295532,-1.5095532,-3.1095533,-4.5295534,-5.8595533,-7.0095534,-7.999553,-8.799553,-8.139553,-5.579553,-6.4395533,-6.8995533,-7.469553,-8.179553,-7.969553,-9.099553,-9.919553,-9.759553,-9.119554,-8.719553,-8.159554,-7.6895533,-7.3195534
2.1304467,1.7104468,2.2304468,0.7604468,13.700447,9.700447,8.600447,11.840446,13.520447,18.180447,14.760447,3.6404467,-1.2995533,-0.6195532,-0.47955322,6.4904466,5.3504467,5.9904466,5.570447,4.570447,3.4504468,1.6304468,-1.7695532,-5.6095533,-7.429553,-9.529553,-10.329554,-2.5695531,-2.3995533,-6.5895534,-4.559553,-0.7495532,-1.0595533,-2.089553,-3.2995532,-4.6095533,-5.1295533,-6.139553,-6.7395535,-6.909553,-6.659553,-5.8795533,-5.3995533,-5.3595533,-5.499553,-6.519553,-6.7595534,-7.1295533,-8.159554,-9.119554,-9.459553,-9.049553,-8.899553,-8.919553,-8.479553,-7.999553,-7.2795534,-6.1495533,-5.389553
-1.1295532,-0.17955323,0.13044678,3.1904469,5.4104466,5.8904467,6.210447,8.910447,10.790447,14.380446,16.510447,12.420446,-0.24955322,-1.7995533,0.33044678,3.3804467,5.940447,6.3504467,6.3504467,4.730447,2.8904467,-0.4295532,-5.0295534,-6.9895535,-8.099553,-9.019553,-4.199553,0.5704468,0.42044678,-2.9195533,-4.0895534,-4.039553,-4.3595533,-4.789553,-5.9195533,-6.8995533,-7.2095532,-7.1495533,-8.099553,-9.289554,-10.819553,-5.729553,-4.559553,-8.319553,-9.809553,-9.929553,-2.1695533,-3.5495532,-7.179553,-6.829553,-8.369554,-9.309553,-9.169553,-8.179553,-7.119553,-6.4395533,-4.909553,-4.289553,-3.4895532
6.1804466,4.030447,5.0604467,7.7604465,8.900447,8.750446,7.5604467,7.0104465,8.170446,9.950447,13.010447,14.870447,10.910447,-0.71955323,-1.6395532,0.9304468,4.4304466,5.770447,4.3704467,2.9604468,1.2104468,-1.8395532,-4.0295534,-4.3195534,-0.5995532,0.3504468,-4.8795533,-6.0095534,-6.2095532,-4.8795533,-4.0695534,-4.4895535,-4.8195534,-5.409553,-6.1495533,-7.389553,-8.749554,-10.639553,-9.059553,-6.4595532,-8.079554,-8.809553,-3.4595532,-7.9895535,-6.619553,-5.1495533,-2.9995532,-6.889553,-5.1895533,-6.499553,-5.869553,-4.1095533,-15.649553,-11.869554,-9.1995535,-6.0095534,-3.9795532,-2.2795532,-1.1595532
