public/data/weather/2019/09/28/0000-wind-isobaric-10hPa-gfs-1.0.json
{"header": { "discipline":0, "disciplineName":"Meteorological products", "gribEdition":2, "gribLength":40696, "center":7, "centerName":"US National Weather Service - NCEP(WMC)", "subcenter":0, "refTime":"2019-09-28T00:00:00.000Z", "significanceOfRT":1, "significanceOfRTName":"Start of forecast", "productStatus":0, "productStatusName":"Operational products", "productType":1, "productTypeName":"Forecast products", "productDefinitionTemplate":0, "productDefinitionTemplateName":"Analysis/forecast at horizontal level/layer at a point in time", "parameterCategory":2, "parameterCategoryName":"Momentum", "parameterNumber":3, "parameterNumberName":"V-component_of_wind", "parameterUnit":"m.s-1", "genProcessType":2, "genProcessTypeName":"Forecast", "forecastTime":0, "surface1Type":100, "surface1TypeName":"Isobaric surface", "surface1Value":1000.0, "surface2Type":255, "surface2TypeName":"Missing", "surface2Value":0.0, "gridDefinitionTemplate":0, "gridDefinitionTemplateName":"Latitude_Longitude", "numberPoints":65160, "shape":6, "shapeName":"Earth spherical with radius of 6,371,229.0 m", "gridUnits":"degrees", "resolution":48, "winds":"true", "scanMode":0, "nx":360, "ny":181, "basicAngle":0, "lo1":0.0, "la1":90.0, "lo2":359.0, "la2":-90.0, "dx":1.0, "dy":1.0 }, "data":
[rows 78 to 103 of 181, columns 228 to 284 of 360]
-0.10002442,0.29997557,1.2999756,1.1999756,1.5999756,1.6999756,1.2999756,2.6999755,1.7999756,1.0999756,-2.4414063E-5,0.19997558,-0.6000244,-1.7000244,-2.3000245,-2.4000244,-1.6000245,-1.8000244,-2.8000245,-3.2000244,-4.0000243,-5.0000243,-5.4000244,-5.8000245,-6.8000245,-6.8000245,-6.9000244,-7.3000245,-7.2000246,-6.2000246,-5.7000246,-4.7000246,-5.0000243,-5.3000245,-4.0000243,-4.0000243,-3.5000243,-2.6000245,-2.6000245,-2.5000243,-2.8000245,-2.2000244,-1.7000244,-2.0000243,-2.3000245,-3.1000245,-2.2000244,-2.7000244,-2.5000243,-1.9000244,-1.5000244,-0.6000244,-0.20002441,1.0999756,1.3999755,0.6999756,1.2999756
0.99997556,0.6999756,0.8999756,0.7999756,-2.4414063E-5,0.99997556,1.0999756,1.2999756,0.8999756,0.7999756,-1.0000244,-1.6000245,-0.8000244,-1.0000244,-0.9000244,-0.20002441,-1.1000245,-1.3000244,-1.6000245,-2.8000245,-3.6000245,-5.0000243,-6.0000243,-6.2000246,-5.7000246,-5.5000243,-5.0000243,-5.4000244,-6.0000243,-6.3000245,-5.7000246,-4.4000244,-3.7000244,-2.7000244,-2.9000244,-2.9000244,-3.2000244,-2.7000244,-2.9000244,-3.5000243,-3.0000243,-3.8000245,-3.4000244,-3.7000244,-3.1000245,-2.8000245,-2.8000245,-2.6000245,-1.7000244,-1.3000244,-1.0000244,-1.2000244,-0.7000244,-0.7000244,0.099975586,0.6999756,1.4999756
0.3999756,0.099975586,-0.30002442,-0.10002442,-0.50002444,-2.4414063E-5,0.19997558,-0.10002442,-0.20002441,0.3999756,-0.7000244,-1.2000244,-1.7000244,-1.1000245,-0.7000244,-0.8000244,-0.9000244,-0.4000244,-0.8000244,-1.6000245,-2.2000244,-3.5000243,-4.3000245,-4.5000243,-4.4000244,-3.9000244,-3.1000245,-2.9000244,-3.9000244,-4.8000245,-4.4000244,-4.100024,-3.8000245,-4.8000245,-3.3000245,-3.3000245,-2.9000244,-3.8000245,-4.3000245,-4.3000245,-5.3000245,-6.0000243,-5.8000245,-5.0000243,-4.4000244,-3.9000244,-2.0000243,-1.2000244,-1.8000244,-1.6000245,-1.8000244,-2.2000244,-1.0000244,-0.7000244,-1.0000244,-0.10002442,0.099975586
-1.1000245,-1.5000244,-1.5000244,-1.3000244,-1.1000245,-0.8000244,-0.50002444,-1.0000244,-0.30002442,-0.6000244,-0.4000244,-1.3000244,-1.3000244,-1.6000245,-1.3000244,-0.6000244,-2.2000244,-1.9000244,-2.1000245,-2.4000244,-2.3000245,-3.2000244,-4.4000244,-4.100024,-3.8000245,-2.9000244,-3.8000245,-3.4000244,-4.100024,-4.2000246,-4.4000244,-3.1000245,-3.1000245,-3.2000244,-4.600024,-3.6000245,-5.0000243,-5.100024,-4.5000243,-4.2000246,-5.0000243,-6.100024,-6.7000246,-6.600024,-5.5000243,-4.3000245,-3.7000244,-3.4000244,-2.8000245,-2.9000244,-2.5000243,-2.0000243,-2.0000243,-0.20002441,-0.20002441,-0.20002441,0.3999756
-1.0000244,-1.7000244,-1.7000244,-2.1000245,-1.3000244,-1.5000244,-0.9000244,-2.4414063E-5,0.19997558,1.0999756,-1.1000245,-0.30002442,-1.0000244,-1.4000244,-1.1000245,-0.6000244,-2.6000245,-2.3000245,-2.1000245,-2.7000244,-2.7000244,-3.1000245,-3.3000245,-3.4000244,-2.7000244,-2.9000244,-3.6000245,-3.9000244,-3.1000245,-3.4000244,-4.3000245,-5.0000243,-5.2000246,-4.7000246,-4.2000246,-4.600024,-5.600024,-6.0000243,-5.7000246,-5.2000246,-5.3000245,-4.9000244,-4.7000246,-4.7000246,-4.4000244,-4.600024,-4.5000243,-3.5000243,-2.9000244,-1.8000244,-1.2000244,-0.9000244,-0.50002444,-0.4000244,0.19997558,1.1999756,0.6999756
-1.5000244,-0.8000244,-0.50002444,-0.4000244,0.3999756,-0.6000244,-1.2000244,-1.7000244,-1.0000244,-1.2000244,0.19997558,0.5999756,0.8999756,0.7999756,-0.10002442,-1.1000245,-2.1000245,-1.5000244,-1.5000244,-2.0000243,-2.3000245,-1.8000244,-3.1000245,-2.6000245,-1.8000244,-1.7000244,-2.9000244,-3.2000244,-3.3000245,-2.3000245,-3.1000245,-3.1000245,-4.5000243,-4.7000246,-5.7000246,-6.2000246,-5.9000244,-5.100024,-4.8000245,-4.4000244,-3.9000244,-3.6000245,-3.4000244,-4.0000243,-4.3000245,-4.600024,-4.0000243,-3.7000244,-2.6000245,-1.2000244,-0.9000244,-1.4000244,-1.2000244,-0.7000244,-0.30002442,-0.20002441,-0.7000244
0.099975586,-0.4000244,0.29997557,-0.30002442,-0.50002444,0.29997557,-0.20002441,0.3999756,-0.4000244,-0.50002444,0.19997558,0.8999756,1.9999756,2.6999755,1.5999756,-0.50002444,-0.7000244,-1.1000245,-2.2000244,-2.5000243,-1.8000244,-3.0000243,-3.4000244,-2.3000245,-1.2000244,-0.7000244,-0.9000244,-0.9000244,-1.3000244,-2.4000244,-2.5000243,-3.0000243,-3.3000245,-3.8000245,-3.2000244,-3.4000244,-3.9000244,-3.9000244,-4.100024,-3.8000245,-2.3000245,-1.9000244,-3.3000245,-3.5000243,-3.3000245,-2.4000244,-1.7000244,-1.6000245,-2.3000245,-1.6000245,-1.8000244,-2.2000244,-2.2000244,-1.5000244,-0.50002444,0.19997558,0.99997556
-0.7000244,-0.6000244,0.29997557,-0.20002441,-2.4414063E-5,0.4999756,0.5999756,0.99997556,2.1999755,2.1999755,2.1999755,2.8999755,2.7999756,1.7999756,1.0999756,0.5999756,0.5999756,0.29997557,0.099975586,-0.6000244,-0.7000244,-0.9000244,-1.8000244,-1.6000245,-0.4000244,-0.6000244,0.6999756,0.3999756,-0.30002442,0.5999756,-0.7000244,-1.1000245,-1.6000245,-1.8000244,-2.2000244,-1.7000244,-2.5000243,-3.0000243,-5.0000243,-4.100024,-3.1000245,-3.0000243,-3.1000245,-2.7000244,-1.3000244,-0.4000244,-2.4414063E-5,-0.6000244,-0.9000244,-1.2000244,-1.7000244,-2.3000245,-2.2000244,-2.4000244,-1.5000244,-0.8000244,0.4999756
-2.0000243,-1.2000244,-0.50002444,-0.8000244,-0.4000244,0.3999756,2.2999756,3.1999755,3.9999757,3.9999757,4.0999756,2.5999756,2.1999755,0.7999756,0.099975586,0.4999756,0.6999756,-0.20002441,-0.50002444,-0.20002441,-0.50002444,-0.50002444,-0.20002441,-0.30002442,0.099975586,0.99997556,0.99997556,0.99997556,1.6999756,1.6999756,1.8999755,0.8999756,0.7999756,-0.30002442,-0.9000244,-2.3000245,-2.8000245,-3.4000244,-3.2000244,-3.8000245,-4.3000245,-4.100024,-3.2000244,-2.2000244,-1.7000244,-0.7000244,-0.8000244,-2.4414063E-5,0.4999756,-0.50002444,-1.7000244,-1.4000244,-1.8000244,-2.3000245,-2.0000243,-1.3000244,-0.30002442
-0.9000244,-0.9000244,-1.5000244,-1.2000244,-0.7000244,1.3999755,3.2999756,3.9999757,3.2999756,3.4999757,4.1999755,2.7999756,0.99997556,0.6999756,1.3999755,0.99997556,0.3999756,-0.30002442,-0.30002442,-0.6000244,0.099975586,1.0999756,1.0999756,0.8999756,-0.10002442,-0.30002442,0.6999756,1.4999756,1.9999756,2.3999755,2.2999756,2.7999756,1.8999755,1.3999755,0.5999756,0.4999756,-0.4000244,-1.9000244,-2.6000245,-3.5000243,-3.9000244,-3.5000243,-2.9000244,-2.2000244,-0.50002444,-0.50002444,-0.8000244,-0.50002444,-0.4000244,-0.50002444,-1.0000244,-0.8000244,-1.4000244,-2.4000244,-2.2000244,-1.6000245,-1.5000244
0.099975586,-0.4000244,0.29997557,0.099975586,0.3999756,0.5999756,1.2999756,1.7999756,2.1999755,1.8999755,2.2999756,2.9999757,2.0999756,1.7999756,1.1999756,0.4999756,-1.0000244,-1.8000244,-1.5000244,-0.30002442,-0.20002441,0.099975586,0.3999756,0.99997556,0.7999756,0.99997556,0.7999756,0.8999756,0.99997556,1.9999756,2.2999756,3.4999757,2.7999756,2.1999755,1.8999755,1.6999756,0.99997556,0.3999756,-0.20002441,-0.7000244,-1.4000244,-1.4000244,-1.5000244,-1.6000245,-1.2000244,-0.4000244,-0.8000244,-0.7000244,-0.20002441,0.099975586,-0.7000244,-1.1000245,-2.0000243,-1.8000244,-0.50002444,-1.0000244,-1.0000244
0.5999756,1.1999756,0.19997558,0.8999756,1.7999756,0.099975586,-0.10002442,0.6999756,1.7999756,1.2999756,1.3999755,2.1999755,2.4999757,2.8999755,1.4999756,0.099975586,-0.8000244,-1.5000244,-1.7000244,-1.8000244,-2.3000245,-2.0000243,-1.0000244,-0.6000244,-0.7000244,-1.2000244,-0.9000244,-0.30002442,-0.30002442,0.29997557,1.7999756,1.8999755,1.1999756,0.99997556,1.4999756,2.1999755,1.9999756,1.9999756,1.4999756,0.29997557,0.4999756,-0.30002442,-0.10002442,-0.6000244,-0.7000244,-1.8000244,0.099975586,0.19997558,-0.8000244,-0.7000244,-0.8000244,-1.1000245,-1.6000245,-0.10002442,-0.10002442,-1.0000244,-1.3000244
0.5999756,2.3999755,2.9999757,2.0999756,2.9999757,3.0999756,2.1999755,1.0999756,0.3999756,0.6999756,1.5999756,2.0999756,2.1999755,0.99997556,-2.4414063E-5,-0.50002444,-0.8000244,-1.1000245,-0.50002444,-1.4000244,-1.5000244,-2.2000244,-2.9000244,-1.8000244,-1.2000244,-0.7000244,-0.20002441,0.19997558,-0.6000244,-1.0000244,0.4999756,1.5999756,1.6999756,1.6999756,0.99997556,1.6999756,2.5999756,3.0999756,3.2999756,2.7999756,1.5999756,1.3999755,1.0999756,0.4999756,0.29997557,0.6999756,0.6999756,-0.20002441,-1.0000244,-1.0000244,0.099975586,-0.4000244,0.19997558,0.6999756,0.29997557,-1.2000244,-0.10002442
0.29997557,1.3999755,2.7999756,3.5999756,2.4999757,3.0999756,2.5999756,1.6999756,1.1999756,-2.4414063E-5,-0.4000244,-0.4000244,0.8999756,1.4999756,0.7999756,-0.20002441,-2.4414063E-5,-0.10002442,-2.4414063E-5,-0.20002441,-0.20002441,-0.6000244,-0.6000244,-1.1000245,-1.5000244,-1.1000245,-0.6000244,-0.30002442,-0.6000244,-0.6000244,-0.20002441,-2.4414063E-5,0.7999756,0.3999756,0.6999756,2.0999756,3.1999755,4.2999754,3.5999756,3.5999756,2.8999755,2.4999757,2.2999756,1.2999756,1.9999756,1.3999755,0.4999756,0.4999756,0.4999756,0.29997557,0.19997558,0.29997557,0.29997557,-0.30002442,0.099975586,-0.30002442,-0.4000244
0.3999756,1.0999756,1.4999756,1.4999756,2.4999757,2.5999756,3.1999755,1.6999756,1.2999756,0.099975586,-0.7000244,-0.4000244,-0.6000244,-0.30002442,1.1999756,1.9999756,1.9999756,2.1999755,1.8999755,1.5999756,1.2999756,0.6999756,-0.30002442,-0.9000244,-1.8000244,-2.4000244,-1.9000244,-1.1000245,-1.1000245,-0.30002442,-0.10002442,-1.0000244,-1.0000244,-0.7000244,0.29997557,1.9999756,3.0999756,3.7999756,3.4999757,3.2999756,2.5999756,2.1999755,1.8999755,2.0999756,2.2999756,1.4999756,0.099975586,1.2999756,2.0999756,1.2999756,0.19997558,0.29997557,-0.50002444,-0.6000244,0.19997558,1.1999756,-0.20002441
-2.8000245,-2.6000245,-2.3000245,-1.6000245,-1.1000245,-0.8000244,-1.1000245,-0.4000244,0.19997558,1.1999756,0.5999756,-0.30002442,-1.0000244,-0.6000244,-0.4000244,0.4999756,2.1999755,2.7999756,2.7999756,1.9999756,1.5999756,1.5999756,1.1999756,0.4999756,-0.8000244,-1.2000244,-0.7000244,-0.7000244,-0.9000244,-0.7000244,0.3999756,0.7999756,0.8999756,1.5999756,2.7999756,3.6999755,4.0999756,3.9999757,3.8999755,4.0999756,3.7999756,2.3999755,2.5999756,2.5999756,3.2999756,1.9999756,1.2999756,2.0999756,2.8999755,2.2999756,1.7999756,1.3999755,0.6999756,0.4999756,0.8999756,0.19997558,0.099975586
-4.100024,-4.4000244,-4.600024,-4.600024,-4.2000246,-2.9000244,-2.4000244,-2.4000244,-2.0000243,-1.2000244,-1.1000245,-1.2000244,-0.6000244,-2.4414063E-5,1.0999756,0.8999756,0.4999756,1.5999756,2.4999757,1.8999755,1.0999756,1.7999756,1.3999755,0.3999756,0.099975586,-0.10002442,-0.30002442,-0.10002442,-0.10002442,-0.10002442,0.29997557,0.6999756,1.2999756,2.2999756,3.1999755,3.8999755,3.6999755,4.399976,4.899976,4.5999756,4.1999755,3.9999757,3.4999757,3.2999756,3.2999756,3.3999755,3.4999757,2.5999756,2.4999757,2.5999756,3.0999756,2.8999755,2.9999757,2.7999756,1.6999756,1.2999756,1.2999756
-4.2000246,-4.5000243,-4.7000246,-4.3000245,-3.5000243,-3.4000244,-2.0000243,-1.0000244,-1.2000244,-1.0000244,-0.20002441,-0.10002442,-2.4414063E-5,-0.10002442,0.6999756,0.8999756,0.19997558,1.0999756,1.7999756,2.5999756,2.6999755,2.0999756,1.0999756,-0.30002442,0.29997557,1.3999755,2.3999755,1.5999756,1.0999756,0.4999756,0.3999756,0.19997558,0.4999756,0.4999756,1.4999756,2.6999755,3.1999755,3.2999756,4.899976,3.7999756,3.8999755,4.0999756,5.0999756,3.8999755,3.4999757,3.8999755,4.1999755,3.5999756,3.3999755,2.8999755,3.3999755,3.6999755,3.5999756,2.7999756,1.7999756,2.1999755,1.7999756
-4.600024,-4.600024,-4.600024,-4.7000246,-4.3000245,-3.9000244,-4.0000243,-2.5000243,-1.2000244,-0.30002442,0.5999756,1.5999756,2.2999756,2.0999756,1.4999756,1.8999755,1.7999756,0.7999756,1.9999756,3.1999755,2.7999756,2.8999755,2.3999755,2.2999756,1.3999755,1.0999756,1.4999756,2.1999755,2.4999757,2.1999755,2.1999755,2.3999755,1.9999756,0.8999756,1.7999756,1.9999756,2.2999756,2.9999757,3.9999757,5.2999754,5.2999754,5.0999756,4.899976,5.1999755,4.5999756,4.0999756,3.7999756,3.6999755,3.1999755,2.1999755,3.3999755,3.7999756,3.2999756,3.3999755,3.9999757,2.2999756,1.2999756
-4.9000244,-3.8000245,-3.2000244,-3.2000244,-3.5000243,-2.8000245,-2.6000245,-2.4000244,-1.4000244,-0.4000244,-0.10002442,0.3999756,1.6999756,2.3999755,1.8999755,2.1999755,2.2999756,1.8999755,1.4999756,1.3999755,2.3999755,2.6999755,2.6999755,3.4999757,2.3999755,1.6999756,2.2999756,3.0999756,3.6999755,5.2999754,4.6999755,4.2999754,3.6999755,1.5999756,1.4999756,1.8999755,2.0999756,2.6999755,3.2999756,3.8999755,4.7999754,5.4999757,5.399976,4.399976,4.7999754,4.1999755,4.5999756,4.4999757,3.1999755,2.3999755,2.4999757,1.8999755,1.9999756,2.4999757,3.1999755,3.4999757,2.6999755
-3.2000244,-4.0000243,-4.0000243,-2.8000245,-2.0000243,-1.9000244,-1.5000244,-1.1000245,-1.1000245,-0.6000244,0.099975586,0.3999756,0.29997557,0.3999756,0.7999756,1.2999756,2.6999755,2.7999756,2.0999756,2.2999756,2.7999756,2.5999756,2.6999755,2.6999755,2.2999756,2.6999755,2.5999756,2.8999755,3.1999755,3.9999757,4.6999755,4.1999755,4.2999754,3.1999755,2.2999756,1.4999756,1.8999755,2.0999756,2.5999756,3.7999756,4.399976,4.0999756,4.6999755,5.1999755,5.1999755,4.899976,4.0999756,3.7999756,4.0999756,3.0999756,2.1999755,1.1999756,0.7999756,0.6999756,1.8999755,2.5999756,3.6999755
-2.6000245,-1.9000244,-1.6000245,-1.9000244,-1.9000244,-1.2000244,-0.10002442,0.3999756,0.19997558,-0.6000244,-0.6000244,-0.9000244,-1.1000245,0.099975586,1.1999756,1.2999756,1.7999756,2.8999755,3.6999755,2.3999755,1.9999756,3.2999756,5.1999755,5.4999757,3.8999755,3.2999756,2.1999755,2.9999757,2.7999756,3.0999756,4.0999756,4.0999756,3.2999756,2.6999755,3.3999755,3.5999756,3.0999756,2.9999757,4.1999755,4.7999754,5.1999755,5.399976,5.9999757,5.7999754,5.2999754,5.2999754,5.2999754,4.2999754,4.0999756,4.0999756,3.3999755,2.9999757,1.9999756,0.7999756,1.0999756,0.99997556,1.7999756
-2.2000244,-2.3000245,-2.3000245,-2.1000245,-1.4000244,-1.3000244,-1.9000244,-1.1000245,-2.4414063E-5,0.5999756,0.5999756,0.99997556,1.3999755,0.7999756,0.5999756,1.3999755,1.0999756,1.7999756,2.4999757,3.4999757,2.5999756,2.4999757,3.3999755,5.1999755,6.0999756,6.1999755,3.8999755,2.6999755,2.6999755,3.2999756,2.5999756,3.1999755,2.9999757,2.1999755,0.7999756,1.4999756,3.0999756,4.1999755,4.899976,5.4999757,5.899976,5.0999756,5.1999755,5.4999757,5.399976,4.899976,5.399976,5.6999755,5.2999754,4.0999756,2.6999755,3.6999755,2.6999755,1.9999756,1.8999755,1.4999756,1.2999756
-3.4000244,-3.0000243,-2.7000244,-2.9000244,-3.2000244,-2.8000245,-2.8000245,-2.4000244,-1.7000244,-1.2000244,-0.30002442,0.4999756,1.5999756,2.6999755,2.9999757,3.8999755,3.4999757,2.6999755,1.9999756,3.1999755,4.9999757,5.399976,4.399976,4.6999755,5.399976,5.399976,6.399976,5.399976,3.7999756,3.2999756,3.1999755,2.2999756,2.0999756,1.6999756,1.9999756,2.7999756,4.2999754,5.7999754,6.4999757,6.0999756,5.6999755,4.6999755,4.9999757,5.4999757,6.399976,6.1999755,5.5999756,5.1999755,5.1999755,4.7999754,3.7999756,3.3999755,2.6999755,2.1999755,1.6999756,1.6999756,1.1999756
-0.6000244,-1.5000244,-1.5000244,-2.1000245,-3.2000244,-3.6000245,-4.3000245,-3.2000244,-2.4000244,-2.2000244,-1.3000244,0.5999756,1.6999756,1.8999755,2.1999755,3.2999756,2.4999757,3.1999755,3.9999757,4.2999754,4.2999754,4.6999755,5.2999754,5.0999756,4.399976,3.5999756,3.3999755,5.0999756,4.4999757,2.1999755,1.7999756,2.7999756,2.5999756,3.6999755,5.5999756,6.399976,6.899976,6.9999757,6.7999754,5.5999756,4.6999755,5.9999757,6.7999754,6.2999754,6.6999755,6.899976,6.9999757,6.399976,6.5999756,5.4999757,4.4999757,3.9999757,3.1999755,3.0999756,2.6999755,2.1999755,1.9999756
-3.6000245,-3.3000245,-2.7000244,-2.5000243,-3.0000243,-2.1000245,-2.4000244,-3.1000245,-3.7000244,-3.5000243,-2.1000245,-0.7000244,0.4999756,1.8999755,3.1999755,3.1999755,3.4999757,4.0999756,3.9999757,3.9999757,4.6999755,2.8999755,2.4999757,2.7999756,2.8999755,2.5999756,3.5999756,2.9999757,3.2999756,4.0999756,3.2999756,3.4999757,4.2999754,5.1999755,6.1999755,6.899976,7.2999754,7.4999757,6.9999757,5.9999757,5.6999755,5.9999757,6.5999756,6.5999756,6.9999757,7.2999754,7.5999756,8.799975,8.999975,6.899976,6.0999756,4.899976,4.4999757,3.8999755,3.2999756,2.6999755,2.2999756
