public/data/weather/2019/09/28/0000-wind-isobaric-1000hPa-gfs-1.0.json
{"header": { "discipline":0, "disciplineName":"Meteorological products", "gribEdition":2, "gribLength":80259, "center":7, "centerName":"US National Weather Service - NCEP(WMC)", "subcenter":0, "refTime":"2019-09-28T00:00:00.000Z", "significanceOfRT":1, "significanceOfRTName":"Start of forecast", "productStatus":0, "productStatusName":"Operational products", "productType":1, "productTypeName":"Forecast products", "productDefinitionTemplate":0, "productDefinitionTemplateName":"Analysis/forecast at horizontal level/layer at a point in time", "parameterCategory":2, "parameterCategoryName":"Momentum", "parameterNumber":3, "parameterNumberName":"V-component_of_wind", "parameterUnit":"m.s-1", "genProcessType":2, "genProcessTypeName":"Forecast", "forecastTime":0, "surface1Type":100, "surface1TypeName":"Isobaric surface", "surface1Value":95000.0, "surface2Type":255, "surface2TypeName":"Missing", "surface2Value":0.0, "gridDefinitionTemplate":0, "gridDefinitionTemplateName":"Latitude_Longitude", "numberPoints":65160, "shape":6, "shapeName":"Earth spherical with radius of 6,371,229.0 m", "gridUnits":"degrees", "resolution":48, "winds":"true", "scanMode":0, "nx":360, "ny":181, "basicAngle":0, "lo1":0.0, "la1":90.0, "lo2":359.0, "la2":-90.0, "dx":1.0, "dy":1.0 }, "data":
[rows 52 to 77 of 181, columns 118 to 176 of 360]
2.3704467,2.0604467,0.5704468,1.1104468,0.45044678,0.31044677,0.9504468,0.6504468,0.9904468,0.8304468,0.54044676,0.020446777,1.9204468,1.2704468,1.3604468,2.150447,4.730447,10.680447,11.790447,4.0604467,3.3704467,2.3404467,0.5804468,2.3704467,3.5404468,4.400447,3.6404467,4.1804466,4.2904468,3.8104467,3.5004468,2.5404468,-0.08955322,-2.2795532,-4.579553,-3.1395533,-2.3695533,-2.2795532,-1.2895532,0.9404468,-0.03955322,-1.8195533,-4.909553,-4.8795533,-3.8995533,-4.3195534,-4.7595534,-5.1295533,-6.679553,-7.3395534,-8.029553,-8.319553,-6.0895534,-5.7095532,-3.9195533,-5.8995533,-7.5895534,-6.619553,-7.139553
1.9204468,0.3204468,1.3904468,-0.46955323,-0.33955324,1.2804468,0.3204468,-1.1495532,-1.0895532,1.5004468,1.0104468,0.22044678,1.0804467,1.1704468,3.2504468,3.5104468,1.8804468,7.750447,3.0204468,2.6704469,2.5204468,2.0004468,2.8004467,3.5404468,4.5104465,5.2404466,4.4504466,3.9904468,3.2704468,3.2204468,2.1904469,1.1704468,0.18044677,-1.6595532,-3.4795532,-4.429553,-2.6795533,3.3404467,1.1504468,-1.6195532,-2.0595531,-3.5095532,-4.9595532,-4.8195534,-5.4195533,-6.7395535,-4.849553,-6.5295534,-6.2995534,-6.4595532,-6.5095534,-5.0295534,-5.1295533,-5.749553,-6.789553,-8.389553,-9.109553,-11.169553,-11.099553
-0.43955323,0.2604468,-1.0395532,-0.9295532,0.3804468,-0.23955323,-1.5995532,-1.0995532,0.15044677,-0.5495532,0.19044678,0.86044675,2.160447,8.070447,4.420447,4.1604466,0.39044678,7.0604467,9.360447,1.6704468,1.8104467,-0.6695532,5.0404468,4.7204466,4.110447,3.8104467,3.4504468,2.4404469,2.0804467,1.7704468,1.4304467,1.1104468,0.20044678,-0.7995532,-2.0695531,-1.2495532,0.3804468,-0.76955324,-2.2595532,-3.8195531,-4.869553,-5.179553,-5.2395535,-5.1695533,-4.7995534,-4.289553,-3.6695533,-4.3195534,-5.1695533,-6.3395534,-7.079553,-7.269553,-7.7795534,-8.149553,-9.369554,-10.209553,-11.079554,-11.569553,-8.879553
-1.3695532,-2.2195532,-3.1595533,-0.069553226,-1.8495532,-1.2395532,-0.8495532,0.34044677,-0.109553225,1.0304468,1.6404468,1.0604467,2.8204467,7.840447,-0.8695532,1.5104468,5.520447,3.3704467,6.1604466,3.9804468,0.73044676,0.7604468,3.8104467,3.6404467,3.5404468,3.1404467,2.410447,2.4704468,2.7704468,2.3704467,1.6604468,0.8804468,-0.079553224,-1.0595533,-1.5695533,-2.1995533,-2.599553,-4.5695534,-5.909553,-6.0495534,-6.1695533,-5.8195534,-5.619553,-8.9495535,-2.8095531,-4.139553,-4.6895533,-5.309553,-6.3195534,-7.769553,-8.539554,-8.639553,-8.899553,-10.509553,-10.929553,-11.329554,-10.609553,1.3704468,0.17044678
-0.9295532,-2.4895532,-1.4395533,-2.2295532,-3.1695533,-2.0295532,-0.88955325,0.86044675,0.43044677,1.2704468,5.360447,6.2604465,1.9804468,5.2904468,0.5804468,-0.7495532,1.5404468,2.9404469,0.31044677,2.7304468,1.8204467,2.8904467,2.7404468,2.7204468,2.3604467,2.0504467,2.2804468,2.5604467,2.4304469,1.7204468,1.3204467,0.15044677,-1.1495532,-2.0295532,-3.1295533,-3.5795531,-5.0095534,-5.8395534,-7.309553,-6.979553,-7.039553,-6.389553,-4.269553,-2.9995532,-4.7995534,-6.659553,-6.7395535,-6.909553,-7.5095534,-9.329554,-7.889553,-8.759553,-10.399553,-10.879553,-10.879553,-12.779553,4.880447,3.3504467,2.0304468
0.09044678,-0.9795532,-1.1795533,-3.2995532,-4.699553,-2.1095533,1.9604468,1.0404468,1.2404468,1.6504468,4.1404467,5.5404468,-0.2695532,0.8704468,1.1104468,-4.099553,-0.88955325,0.80044675,0.31044677,1.9704468,1.9004468,1.9804468,1.7404468,1.5504467,1.6204468,1.2004467,2.0704467,2.1704469,1.7104468,0.97044677,0.18044677,-1.0895532,-2.0795531,-3.2695532,-4.1095533,-4.909553,-5.5495534,-6.7395535,-8.549553,-4.249553,-2.9295533,-3.4695532,-4.539553,-6.3395534,-7.6895533,-7.159553,-7.579553,-7.729553,-8.069553,-7.469553,-7.8995533,-9.089553,-9.069553,-7.889553,-7.929553,2.3804467,2.6704469,2.3104467,2.3104467
0.100446776,-1.1395532,-1.4595532,-2.7195532,-5.019553,-1.5595533,1.2004467,-0.20955323,0.30044678,3.3304467,3.6904469,4.800447,2.2204468,-0.3695532,0.3804468,1.5704467,3.0504467,3.2904468,3.6004467,2.0904467,1.6804467,1.3304467,1.0304468,0.22044678,0.3204468,0.28044677,-0.049553223,-0.019553222,-0.5095532,-0.5395532,-0.96955323,-1.5995532,-2.6995533,-4.119553,-4.949553,-5.2995534,-6.5895534,-7.9395533,-8.329554,-3.6195533,-1.5895532,-3.4195533,-4.999553,-6.8195534,-7.2995534,-7.3395534,-7.889553,-8.749554,-8.469553,-7.999553,-8.719553,-8.1995535,-1.7795532,1.2904468,2.650447,2.660447,2.4404469,2.2804468,2.0404468
-1.2395532,-0.6095532,-0.47955322,-2.9295533,-4.449553,-3.2995532,-2.5495532,-2.4195533,-0.6195532,2.0304468,3.6304467,1.6404468,3.5704467,-3.6395533,1.5504467,4.8504467,4.6604466,8.600447,6.980447,5.0104465,2.5104468,0.84044677,0.33044678,0.6904468,-0.35955322,-0.6195532,-1.0195532,-1.8195533,-1.5895532,-2.4295533,-2.6195533,-3.1995533,-4.0095534,-5.079553,-5.4395533,-6.2595534,-6.369553,-8.399553,-7.3595533,-4.1895533,-2.1295533,-5.389553,-6.8795533,-7.679553,-9.239553,-10.139553,-9.539554,-6.119553,-1.6095532,-0.23955323,-0.049553223,0.020446777,0.42044678,0.86044675,1.1804467,1.5504467,1.5704467,1.4104468,1.6404468
0.19044678,-0.079553224,-0.65955323,-1.9895532,-3.8195531,-3.6795533,-2.4895532,-3.8095531,-1.3295532,1.3604468,2.3404467,3.3504467,2.4704468,1.9404467,4.210447,4.230447,7.5804467,6.550447,5.1004467,3.8204467,2.5704467,2.4404469,0.72044677,0.45044678,0.2604468,-0.109553225,-0.09955322,-0.51955324,-0.7495532,-1.1595532,-1.4395533,-3.2895532,-4.4395533,-5.1095533,-5.369553,-6.0295534,-7.019553,-8.009553,-8.179553,-6.9595532,-5.559553,-5.329553,-3.8595533,-4.1295533,-3.849553,-1.4895532,0.6904468,-0.57955325,-0.71955323,-0.41955322,-0.019553222,4.4677735E-4,0.010446778,0.22044678,0.41044676,0.59044677,0.5004468,0.6804468,1.2204468
0.5204468,-2.1695533,-1.7595532,-1.8795532,-6.039553,-5.3595533,-5.289553,-2.5095532,-1.0195532,0.9404468,2.5504467,5.020447,4.3704467,1.6004468,3.5304468,5.3704467,5.9704466,5.130447,5.4104466,3.2704468,2.7104468,1.8204467,1.2404468,0.46044677,0.6304468,0.5104468,1.0204468,0.20044678,-0.37955323,-1.4795532,-1.6995533,-2.089553,-2.9695532,-3.1695533,-5.229553,-6.289553,-6.5895534,-7.0295534,-6.869553,-7.5495534,-4.7395535,-2.2295532,-0.4595532,0.40044677,0.37044677,-0.41955322,-0.30955324,-0.24955322,-0.049553223,-0.03955322,-0.5695532,-1.0195532,-0.9995532,-0.4895532,0.13044678,0.15044677,0.33044678,0.8204468,1.2404468
-1.0295532,-1.3895532,-1.2395532,-3.8995533,-6.7395535,-6.519553,-5.1495533,-1.3095533,-0.31955323,1.2604468,3.9804468,3.5104468,2.9204469,2.900447,6.7604465,7.6004467,6.770447,5.320447,4.6604466,2.8104467,2.410447,0.86044675,0.9604468,0.7704468,0.42044678,0.7504468,0.28044677,0.12044678,-0.15955323,-1.1295532,-1.4595532,-1.1295532,-1.8195533,-1.6595532,-3.0195532,-3.3895533,-4.2595534,-5.6295533,-4.9395533,-3.2695532,-2.8595533,-1.3395532,-0.019553222,-0.7995532,-1.3495532,-1.4395533,-0.34955323,-0.37955323,-0.6895532,-1.4995532,-2.1595533,-2.6195533,-1.8995532,-1.6795533,-0.76955324,0.18044677,0.6204468,0.20044678,-0.08955322
-1.1195532,-0.51955324,-1.6995533,-8.309553,-8.889553,-7.599553,-2.3595533,-0.8095532,-0.079553224,2.0504467,2.7804468,1.7404468,3.1804469,3.9204469,6.1204467,5.270447,3.7404468,3.4904468,2.910447,2.6904469,1.4804468,2.1104467,0.6804468,0.7004468,1.0104468,0.7404468,0.49044678,-0.5595532,-0.46955323,-0.22955322,-0.20955323,-0.8495532,-1.0995532,-0.63955325,-1.2995533,-3.9195533,-4.719553,-0.33955324,-1.6895533,-2.2995532,-2.1195533,-0.21955322,-1.4395533,-1.2595532,-1.9995532,-2.3295531,-2.0495532,-2.4895532,-3.1595533,-2.7595532,-2.7195532,-3.1795533,-2.6495533,-2.5695531,-1.5595533,-0.89955324,-0.7395532,-1.1495532,-0.22955322
-0.6195532,-1.4095532,-9.589553,-10.419553,-6.539553,-4.0695534,-1.4695532,-0.27955323,2.0604467,2.8204467,2.7604468,1.9804468,3.1104467,3.6004467,3.9504468,4.0604467,3.6004467,3.0204468,3.5504467,2.4804468,1.8504468,0.3204468,0.42044678,0.72044677,0.4804468,-0.15955323,-0.35955322,-1.0295532,-1.3095533,-0.019553222,-0.3695532,-0.21955322,-1.3795532,-1.0495533,-0.7295532,-1.0595533,-1.2295532,-1.0695533,-2.5295532,-1.1695533,-1.4795532,-2.2795532,-2.839553,-2.2995532,-2.7795532,-2.4495533,-4.059553,-3.3895533,-4.059553,-2.4295533,-3.1895533,-2.2995532,-4.389553,-1.1295532,-1.3095533,-1.8495532,-1.4795532,-0.41955322,-0.03955322
-1.4495533,-10.749554,-12.189553,-6.999553,-0.88955325,-2.1595533,-1.8895532,0.8704468,3.2104468,3.9804468,3.1204467,3.0204468,2.4804468,2.2904468,3.7404468,3.0504467,3.7404468,1.9804468,3.650447,3.3004467,1.6404468,0.9004468,0.55044675,2.2504468,1.2804468,-0.29955322,-0.029553223,-0.019553222,-1.1995533,-1.5295532,-0.9195532,-1.0995532,-0.27955323,-0.83955324,-2.089553,-1.8395532,-3.0295532,-3.2995532,-1.3495532,-3.3795533,-4.3195534,-3.7495532,-4.5295534,-4.4395533,-4.519553,-3.3195531,-5.599553,-1.7195532,-2.3295531,-3.9195533,-3.5195532,-2.839553,-3.5395532,-2.6295533,-2.3795533,-2.6495533,-1.9595532,-0.17955323,-0.18955322
-7.1895533,-13.329554,-6.769553,0.08044678,-6.9195533,-3.339553,-1.1595532,3.1704469,2.9604468,3.6104467,3.0904467,1.9604468,0.45044678,0.9004468,1.6104468,1.3604468,1.8004467,3.4304469,3.7404468,2.3404467,2.4904468,1.6304468,0.6304468,1.9304467,1.6604468,0.2904468,-0.71955323,-1.7895532,-2.6295533,-3.1195533,-1.4495533,-2.0395532,-1.9495533,-2.2395532,-2.599553,-2.6195533,-2.3595533,-2.6095533,-2.9995532,-4.219553,-5.3395534,-4.999553,-5.4195533,-4.679553,-4.3595533,-4.2395535,-4.4895535,-3.2195532,-3.2095532,-3.7895532,-3.1695533,-4.0895534,-5.4395533,-1.6695533,-0.51955324,-1.0295532,0.53044677,1.2304468,0.8804468
-11.349553,-10.709553,1.6104468,4.4677735E-4,-8.479553,-4.7595534,-1.8695532,2.900447,3.7304468,3.3104467,1.7104468,0.40044677,0.010446778,-0.029553223,0.91044676,0.6504468,2.4404469,2.6004467,3.1104467,3.5904467,3.4304469,3.3004467,2.4504468,2.5804467,1.3904468,1.2404468,-0.6795532,-2.4595532,-3.3695533,-3.5395532,-2.8095531,-1.9395533,-2.1095533,-2.1095533,-1.2195532,-2.1795533,-2.6095533,-3.599553,-4.7995534,-4.789553,-3.6495533,-7.539553,-3.9495533,-2.6695533,-3.7595532,-3.6495533,-3.9595532,-4.6295533,-4.0695534,-3.1695533,-1.8995532,-3.099553,-4.059553,-1.3595532,-0.96955323,-0.31955323,-0.109553225,0.6204468,0.61044675
-9.389553,-5.929553,-0.43955323,-7.769553,-8.6995535,-6.7795534,-0.20955323,2.150447,2.0604467,1.7104468,0.5004468,-0.65955323,-1.6395532,-1.8695532,-0.079553224,0.98044676,1.6504468,3.5104468,5.0804467,4.650447,4.500447,3.7604468,3.0604467,2.6204467,2.0904467,1.4104468,-0.21955322,-0.9795532,-2.6195533,-3.4195533,-3.8095531,-3.5195532,-2.6395533,-2.7595532,-2.5295532,-2.8695533,-2.5395532,-4.599553,-6.369553,-5.2395535,-5.389553,-6.3595533,-2.4495533,-2.9295533,-2.339553,-2.7795532,-3.1695533,-2.9695532,-4.1495533,-2.3695533,-1.8995532,-2.6895533,-2.2195532,-1.3795532,-2.6095533,-1.3395532,-0.34955323,-1.3295532,-0.47955322
-6.499553,-2.9595532,-5.7095532,-6.599553,-7.869553,-6.1095533,-0.20955323,1.3404468,0.67044675,-0.83955324,-0.5695532,-2.9995532,-3.089553,-2.6195533,-1.4795532,0.7704468,4.440447,5.9704466,6.480447,6.4704466,5.170447,4.6404467,4.190447,3.3604467,3.0704467,1.6404468,-0.30955324,-0.5395532,-2.589553,-4.5495534,-4.8795533,-2.1895533,-3.4495533,-2.849553,-3.2195532,-3.1495533,-4.349553,-5.369553,-5.869553,-4.599553,-4.9395533,-4.829553,-4.7095532,-2.4995532,-2.3095531,-2.9895532,-3.349553,-3.0495532,-2.349553,-1.9195533,-2.2295532,-2.3995533,-2.349553,-1.5595533,-1.6895533,-0.51955324,0.100446776,1.1004468,3.1404467
-5.9195533,-5.4395533,-5.4195533,-6.639553,-6.099553,-5.2995534,-1.7695532,-0.109553225,-0.8595532,-2.8295531,-2.7595532,-4.849553,-5.659553,-4.659553,-1.2895532,2.8304467,6.4304466,8.360447,8.640447,7.730447,6.5404468,4.7204466,3.8504467,3.5104468,2.2204468,1.3104467,0.060446776,-1.5695533,-3.8595533,-4.8595533,-4.269553,-2.4395533,-3.2895532,-2.9295533,-2.3095531,-3.2395532,-4.7795534,-5.659553,-3.3695533,-2.8895533,-4.4895535,-5.469553,-3.2695532,-3.0695531,-1.5695533,-1.6195532,-2.8095531,-2.339553,-1.8895532,-2.1295533,-2.089553,-2.2395532,-2.2495532,-2.5695531,-1.6795533,-1.0095532,-1.3095533,2.7804468,4.3504467
-6.7595534,-5.8795533,-5.0895534,-3.6995533,-4.3995533,-4.3395534,-3.2595532,-1.2895532,-2.0295532,-3.2295532,-4.3595533,-6.599553,-7.4595532,-5.769553,-2.2795532,3.8104467,8.530447,11.870447,10.530447,8.720447,8.230447,6.2004466,4.9904466,3.2204468,2.3604467,1.5904468,0.040446777,-0.9295532,-2.599553,-3.7795532,-4.749553,-3.2795532,-2.8995533,-2.8095531,-2.6795533,-3.849553,-3.339553,-4.0695534,-4.099553,-3.9695532,-3.4595532,-4.659553,-3.5695531,-1.6195532,-1.6295532,-0.9295532,-0.31955323,-0.90955323,0.21044677,-0.24955322,-0.43955323,-0.31955323,0.5704468,0.72044677,-0.079553224,-0.6895532,-0.05955322,3.5604467,6.0404468
-6.039553,-5.6895533,0.14044678,-0.29955322,-0.9195532,-4.019553,-4.429553,-2.2095532,-3.8795533,-4.809553,-6.7095532,-8.299553,-9.209553,-8.149553,-3.7395532,3.900447,10.710446,15.500446,11.730447,9.540447,8.880446,7.340447,5.780447,4.000447,1.8304467,1.2004467,-0.19955322,-1.9495533,-3.0695531,-5.579553,-5.719553,-4.1295533,-4.749553,-2.8695533,-2.9995532,-3.7095532,-3.4995532,-3.2895532,-4.3795533,-3.8695533,-2.8695533,-3.0195532,-2.0095532,-0.8595532,-0.31955323,-1.1095532,1.4804468,1.8904468,0.13044678,0.010446778,-0.03955322,0.42044678,1.5304468,1.7004467,2.1204467,0.3504468,1.7704468,3.9204469,6.0804467
-5.449553,1.7504468,2.0804467,-0.4595532,-0.25955322,-4.6295533,-3.089553,-3.2895532,-4.1095533,-5.479553,-7.429553,-9.339553,-10.459553,-11.829554,-5.2095532,3.6304467,15.560447,17.450447,12.940447,10.530447,8.880446,7.2404466,4.8104467,3.6304467,3.1304467,1.4404467,-0.89955324,-2.9495533,-4.0495534,-4.099553,-4.7395535,-4.579553,-5.599553,-5.329553,-5.499553,-3.4495533,-3.0695531,-2.9395533,-2.9095533,-2.6995533,-2.9795532,-1.8995532,-1.2695532,-0.6895532,0.5104468,-0.6695532,2.6404467,2.9504468,1.7804468,2.410447,2.7204468,2.6004467,2.5304468,2.4204469,2.2904468,1.0904468,2.7304468,3.6104467,3.8504467
-2.9495533,2.9204469,1.0004468,-0.5095532,-1.3995532,-3.599553,-3.7495532,-3.9495533,-5.3195534,-5.409553,-6.7395535,-8.799553,-10.059553,-10.809553,-5.7395535,4.920447,22.830446,16.320446,13.440447,11.560447,8.250446,6.820447,4.460447,3.3304467,2.5904467,0.78044677,-1.0895532,-2.7995532,-4.2395535,-5.1895533,-4.6295533,-3.8795533,-4.4395533,-4.6895533,-4.4895535,-3.5495532,-3.7195532,-3.6595533,-3.5395532,-2.4595532,1.0704467,-0.22955322,1.0304468,1.4204468,1.7204468,1.2704468,1.5404468,2.6304467,2.7204468,2.7004468,2.5104468,1.9304467,2.4504468,1.4104468,1.6304468,1.3804468,1.6404468,1.4804468,1.8904468
0.59044677,3.5604467,2.5204468,0.060446776,-1.8495532,-2.5295532,-3.5095532,-3.2695532,-4.659553,-5.1695533,-6.119553,-6.869553,-5.179553,-4.869553,-4.0695534,22.320446,17.900446,14.770447,12.110447,11.500446,8.470447,6.520447,4.5104465,3.5004468,1.5004468,1.8004467,-1.7595532,-2.4195533,-3.5295532,-5.219553,-5.719553,-5.889553,-5.019553,-4.619553,-4.559553,-5.1095533,-4.3195534,-1.4595532,1.4104468,0.36044678,1.1304468,0.86044675,1.4504467,2.160447,1.9904468,1.9504467,2.3004467,2.0504467,1.9704468,2.4704468,2.3004467,3.9604468,3.0004468,2.8904467,2.160447,0.9904468,-0.20955323,-1.1795533,1.0904468
0.9604468,3.2704468,2.2204468,-0.31955323,-3.6795533,-2.5095532,-3.1395533,-4.2795534,-4.3595533,-4.099553,-5.3195534,-2.5695531,0.9604468,6.780447,9.750446,11.000446,12.180447,11.830447,11.320447,10.110447,8.310447,5.5804467,3.7404468,3.3204467,2.1304467,1.1704468,-1.1395532,-3.339553,-4.3395534,-5.119553,-6.159553,-6.4195533,-6.5295534,-5.8595533,-4.159553,-1.8695532,-1.0695533,2.150447,1.0504467,1.5204468,1.3204467,1.9104468,2.5304468,2.7704468,2.5104468,1.7704468,1.9104468,1.7104468,2.4404469,1.9604468,3.6004467,4.7204466,3.1404467,2.1904469,1.4704468,1.3604468,0.23044677,-0.029553223,-0.13955322
1.4904468,2.4204469,1.4504467,0.13044678,-2.3895533,-2.7295532,-2.2895532,-3.6695533,-3.1295533,-2.7095532,-1.9795532,1.8904468,7.1404467,8.630446,7.7604465,7.7204466,9.140447,8.860447,9.410447,8.830447,7.3904467,5.340447,4.2904468,2.9404469,1.9704468,0.7004468,-0.64955324,-1.4995532,-4.7595534,-5.4595532,-6.4895535,-4.8395534,-7.2395535,-4.9895535,-2.4595532,-1.4995532,-1.3295532,0.60044676,1.5704467,1.7004467,1.8504468,2.7604468,2.910447,2.3904467,2.7904468,3.0604467,2.3704467,2.5804467,3.1404467,3.3404467,3.7104468,1.0504467,1.5204468,2.160447,1.6004468,0.6404468,0.45044678,0.39044678,0.060446776
