public/data/weather/2019/09/28/0000-wind-isobaric-700hPa-gfs-1.0.json
{"header": { "discipline":0, "disciplineName":"Meteorological products", "gribEdition":2, "gribLength":78894, "center":7, "centerName":"US National Weather Service - NCEP(WMC)", "subcenter":0, "refTime":"2019-09-28T00:00:00.000Z", "significanceOfRT":1, "significanceOfRTName":"Start of forecast", "productStatus":0, "productStatusName":"Operational products", "productType":1, "productTypeName":"Forecast products", "productDefinitionTemplate":0, "productDefinitionTemplateName":"Analysis/forecast at horizontal level/layer at a point in time", "parameterCategory":2, "parameterCategoryName":"Momentum", "parameterNumber":3, "parameterNumberName":"V-component_of_wind", "parameterUnit":"m.s-1", "genProcessType":2, "genProcessTypeName":"Forecast", "forecastTime":0, "surface1Type":100, "surface1TypeName":"Isobaric surface", "surface1Value":70000.0, "surface2Type":255, "surface2TypeName":"Missing", "surface2Value":0.0, "gridDefinitionTemplate":0, "gridDefinitionTemplateName":"Latitude_Longitude", "numberPoints":65160, "shape":6, "shapeName":"Earth spherical with radius of 6,371,229.0 m", "gridUnits":"degrees", "resolution":48, "winds":"true", "scanMode":0, "nx":360, "ny":181, "basicAngle":0, "lo1":0.0, "la1":90.0, "lo2":359.0, "la2":-90.0, "dx":1.0, "dy":1.0 }, "data":
[rows 52 to 77 of 181, columns 0 to 58 of 360]
2.061831,0.9118311,-0.068168946,-1.468169,-2.288169,-3.3681688,-3.8581688,-2.268169,-0.30816895,0.49183106,2.761831,-0.29816896,-4.158169,-4.098169,-3.6181688,-3.138169,-2.028169,-2.0781689,-2.948169,-4.338169,-4.648169,-4.4481688,-3.508169,-2.558169,-3.218169,-5.158169,-5.648169,-4.068169,-2.648169,-0.97816896,0.061831053,0.7218311,4.041831,4.5318313,3.211831,1.921831,0.52183104,2.541831,3.331831,6.371831,6.5518312,7.0318313,6.001831,3.871831,4.0518312,2.011831,0.781831,1.511831,2.781831,3.1518312,4.841831,2.731831,1.391831,-0.23816894,0.40183106,2.341831,2.6518312,3.221831,1.3418311
4.991831,2.4318311,-1.4281689,-4.368169,-5.978169,-6.798169,-6.208169,-4.108169,-2.738169,-1.1581689,0.94183105,-2.898169,-6.138169,-5.978169,-5.348169,-4.268169,-2.448169,-2.218169,-2.518169,-3.3381689,-3.6181688,-3.5781689,-3.0881689,-2.638169,-2.698169,-2.728169,-3.918169,-3.3281689,-2.888169,-1.458169,0.051831055,-0.67816895,2.951831,3.071831,4.361831,2.321831,3.4218311,3.8818312,6.901831,7.981831,7.441831,5.081831,2.271831,-0.13816895,-2.1181688,2.821831,-1.458169,-0.18816894,-0.98816895,1.131831,4.7618313,4.931831,2.751831,1.2018311,3.3918312,2.791831,3.511831,2.581831,2.221831
4.991831,3.761831,-0.43816894,-3.928169,-7.818169,-11.348169,-10.948169,-6.378169,-4.808169,-3.248169,-1.488169,-5.9681687,-8.4781685,-6.458169,-4.708169,-3.8581688,-2.298169,-2.8381689,-2.788169,-2.5681689,-2.708169,-2.228169,-1.6481689,-1.8081689,-2.028169,-2.698169,-2.908169,-3.0881689,-2.748169,-1.7681689,-0.24816895,0.49183106,1.751831,2.9118311,1.7218311,3.471831,4.521831,5.7618313,8.321831,10.041831,9.381831,8.681831,5.871831,0.45183104,-4.7181687,-5.498169,-3.448169,-2.8481688,-2.018169,-0.35816896,-0.13816895,-1.978169,3.031831,5.861831,4.081831,2.941831,2.3818312,2.4318311,0.18183106
2.361831,3.491831,3.051831,-3.728169,-6.788169,-10.368169,-13.458169,-7.958169,-4.958169,-1.338169,-3.788169,-7.788169,-9.968169,-6.078169,-4.878169,-4.258169,-4.138169,-3.168169,-1.338169,-0.14816895,-0.15816894,-0.31816894,-0.22816895,-0.5281689,-1.488169,-1.6781689,-2.198169,-2.288169,-1.738169,-1.0181689,-0.53816897,-0.50816894,-0.26816896,0.74183106,2.451831,4.931831,6.571831,7.271831,10.081831,8.681831,8.931831,7.5318313,9.001831,7.571831,1.531831,-3.888169,-7.658169,-3.158169,-2.378169,-2.548169,0.63183105,1.561831,2.1518312,1.681831,1.421831,1.371831,-1.948169,-0.85816896,-2.388169
3.8818312,5.641831,1.7418311,1.911831,-3.228169,-9.838169,-14.008169,-13.568169,-6.568169,-1.8981689,-4.608169,-9.758169,-10.038169,-6.358169,-5.308169,-5.508169,-5.128169,-3.218169,-0.81816894,0.93183106,0.86183107,0.18183106,-0.018168945,-0.17816895,-0.6481689,-1.238169,-1.4081689,-1.948169,-1.7881689,-1.3881689,-1.568169,-2.0881689,-1.5481689,1.051831,4.5518312,7.0118313,9.161831,13.891831,12.151831,9.701831,9.301831,6.841831,4.861831,3.1318312,1.901831,-0.908169,-5.498169,-4.4481688,-5.118169,-1.2981689,0.71183103,1.2218311,-0.74816895,0.90183103,0.68183106,-4.438169,-4.208169,-2.268169,-4.388169
2.521831,2.841831,2.351831,-2.538169,-2.998169,-8.388169,-14.948169,-17.94817,-11.4781685,-4.328169,-6.7381687,-9.888169,-10.878169,-7.7381687,-4.6981688,-5.808169,-5.518169,-2.688169,-0.17816895,1.161831,0.99183106,0.69183105,1.3318311,0.77183104,0.23183106,-0.20816894,-0.59816897,-1.0081689,-1.7981689,-2.528169,-3.3481688,-2.8581688,-0.5881689,2.6818311,6.0118313,8.791831,13.941831,13.691831,10.791831,8.641831,5.981831,5.791831,3.941831,1.141831,-0.07816894,-0.8281689,-3.908169,-5.7181687,-7.778169,-2.808169,0.93183106,-0.5781689,-2.058169,1.401831,-3.128169,-2.8181689,-0.8981689,1.8618311,-2.388169
2.971831,1.1018311,-0.048168946,-4.368169,-4.428169,-8.008169,-14.358169,-19.668169,-12.878169,-6.518169,-5.168169,-6.808169,-9.128169,-6.9881687,-5.868169,-5.578169,-5.158169,-2.408169,-1.0381689,0.48183104,0.781831,0.6718311,0.28183106,0.70183104,0.28183106,-0.40816894,-0.39816895,-0.81816894,-1.8881689,-2.8181689,-4.078169,-2.498169,1.531831,4.631831,6.501831,12.701831,15.911831,11.711831,8.561831,7.701831,9.941831,7.041831,4.7818313,3.261831,-0.30816895,-1.728169,-3.778169,-4.938169,-5.298169,-4.508169,-0.968169,1.151831,-6.428169,-2.548169,0.42183104,2.511831,2.011831,-0.8381689,-1.378169
2.9018312,0.96183103,-3.998169,-3.638169,-6.278169,-7.628169,-12.348169,-19.228168,-12.718169,-6.308169,-7.108169,-6.598169,-7.648169,-7.848169,-7.7381687,-7.658169,-5.788169,-2.158169,-1.748169,0.49183106,-0.19816895,0.031831056,0.15183106,1.511831,0.38183105,-0.48816895,-1.2781689,-2.3181689,-3.178169,-3.998169,-3.3181689,-0.49816895,2.8818312,4.961831,8.421831,18.761831,16.011831,10.5218315,5.5118313,13.101831,8.481831,4.101831,3.211831,2.6718311,0.49183106,-4.288169,-4.438169,-5.018169,-6.378169,-8.368169,-0.8381689,-1.0481689,-2.038169,-6.478169,-1.858169,2.8918312,2.621831,0.25183105,-3.3481688
3.281831,2.4118311,-0.80816895,-2.268169,-4.638169,-4.788169,-7.728169,-14.638169,-14.178169,-10.308169,-7.938169,-5.7381687,-6.278169,-6.6981688,-7.2381687,-5.978169,-3.918169,-3.308169,-1.818169,-0.658169,-0.5181689,0.33183107,-1.318169,0.6018311,-0.038168944,-1.478169,-2.458169,-2.718169,-3.6181688,-3.8381689,-2.738169,1.301831,2.441831,4.421831,4.711831,16.05183,16.291832,10.921831,4.631831,10.331831,6.161831,2.831831,3.621831,1.7318311,0.45183104,-3.5781689,-5.408169,-5.848169,-6.9681687,-8.388169,1.401831,0.7918311,-2.938169,-3.798169,-3.178169,1.631831,1.151831,1.3318311,-2.168169
3.871831,4.491831,1.001831,-2.798169,-3.3481688,-5.878169,-7.7381687,-10.578169,-15.208169,-13.968169,-9.858169,-6.9881687,-5.838169,-6.7381687,-6.358169,-6.688169,-3.508169,-3.738169,-3.528169,-2.438169,-1.868169,-0.49816895,1.061831,3.361831,0.591831,-0.99816895,-2.3181689,-2.948169,-3.938169,-3.638169,-0.12816894,-0.35816896,2.301831,3.551831,2.771831,15.451831,15.891831,9.361831,5.811831,8.671831,2.9218311,-1.198169,4.741831,2.121831,-0.14816895,-1.318169,-2.268169,-3.268169,-5.428169,-0.21816894,1.511831,2.091831,-2.188169,-2.988169,-1.938169,-1.9281689,-2.908169,-2.478169,-1.0481689
1.031831,-0.5781689,-0.11816894,1.8218311,-1.958169,-3.258169,-4.078169,-9.048169,-12.398169,-13.098169,-6.208169,-3.0981688,-4.598169,-4.928169,-5.158169,-7.908169,-8.378169,-5.398169,-4.498169,-3.378169,-2.158169,-1.3881689,1.7018311,2.6818311,1.631831,-0.97816896,-3.0681689,-4.588169,-3.908169,-1.718169,-0.45816895,-0.88816893,2.211831,1.2018311,0.82183105,9.691831,13.921831,8.091831,9.711831,6.591831,2.6818311,0.09183106,5.171831,3.461831,2.021831,-0.69816893,-2.408169,-1.5381689,-0.8381689,-1.218169,-0.66816896,1.641831,-1.2581689,0.45183104,-2.518169,-1.6581689,-2.448169,-4.258169,-3.188169
1.051831,1.251831,0.48183104,-0.108168945,-1.0181689,-0.908169,-2.658169,-3.778169,-5.268169,-5.588169,-5.918169,-6.508169,-5.858169,-8.598169,-6.768169,-6.978169,-8.358169,-8.708169,-7.558169,-4.528169,-3.3481688,-0.69816893,1.541831,2.081831,0.17183106,-0.66816896,-2.668169,-2.388169,-2.8481688,-1.2781689,-1.078169,1.671831,1.281831,1.371831,6.8018312,13.061831,10.881831,3.481831,7.881831,5.101831,2.1518312,0.08183105,4.321831,2.6318312,0.61183107,-0.7681689,-0.5181689,-1.068169,-2.0781689,-2.468169,-0.18816894,1.181831,0.52183104,0.44183105,-3.5881689,-1.2881689,-1.458169,-4.178169,-6.658169
-0.55816895,-0.75816894,-1.838169,-4.048169,0.94183105,-0.20816894,-1.6381689,-2.778169,-6.748169,-6.438169,-5.858169,-5.598169,-6.168169,-6.978169,-7.758169,-6.498169,-8.258169,-8.138169,-7.778169,-9.538169,-6.588169,-1.338169,2.971831,1.171831,-0.068168946,-0.11816894,0.52183104,-2.048169,-2.518169,-1.988169,-1.4181689,1.5918311,4.361831,7.871831,9.991831,8.841831,7.361831,1.681831,0.47183105,2.981831,1.3518311,1.7118311,1.0818311,0.69183105,-0.058168944,-2.748169,-4.678169,-2.378169,-2.288169,-0.5181689,0.82183105,0.071831055,-0.74816895,-2.808169,-3.128169,-1.0181689,-2.298169,-4.328169,-5.388169
0.6018311,-1.5481689,-0.20816894,-1.598169,-2.378169,-1.0281689,-2.168169,-3.238169,-6.438169,-6.628169,-6.298169,-5.4881687,-4.728169,-4.408169,-7.228169,-7.168169,-6.888169,-7.808169,-8.158169,-9.928169,-8.408169,-1.468169,3.111831,1.0918311,4.611831,7.901831,5.461831,2.311831,-2.008169,-5.028169,-0.658169,5.971831,6.821831,6.631831,6.5318313,4.7618313,2.8818312,2.301831,-0.6481689,1.7318311,1.2118311,-0.16816895,-1.818169,0.94183105,-1.328169,-0.79816896,-3.708169,-4.378169,-0.33816895,-1.988169,-1.1581689,-0.30816895,-2.028169,-2.778169,-2.438169,-1.5081689,-1.438169,-1.688169,-3.3581688
0.68183106,-1.598169,-3.668169,-2.218169,-2.688169,-3.198169,-3.458169,-4.2181687,-6.228169,-6.018169,-5.958169,-5.478169,-4.278169,-5.668169,-4.498169,-7.958169,-8.538169,-7.688169,-7.838169,-10.558169,-5.438169,-1.358169,2.441831,1.541831,5.391831,7.3018312,5.241831,1.291831,-1.688169,-1.4281689,4.471831,5.911831,5.411831,4.581831,2.851831,5.591831,0.18183106,0.5418311,-3.058169,0.44183105,-2.758169,-0.88816893,-1.2581689,-1.9281689,-2.5981688,-2.268169,-4.288169,-3.898169,-1.438169,-2.908169,-2.8481688,-2.238169,-3.738169,-2.198169,-2.688169,-1.2681689,-0.75816894,-1.228169,-2.158169
-2.018169,-1.5081689,-2.798169,-2.3181689,-3.228169,-2.418169,-5.998169,-4.278169,-5.188169,-4.078169,-7.088169,-4.128169,-6.168169,-7.178169,-6.9881687,-7.598169,-10.078169,-11.808169,-7.928169,-7.088169,-3.418169,-2.8281689,2.801831,6.611831,7.961831,5.201831,1.9518311,1.0818311,1.6018311,4.5118313,4.231831,4.661831,2.1418312,0.41183105,0.9118311,4.141831,-0.41816893,-3.048169,-4.4681687,-2.0781689,-2.808169,-1.578169,-1.628169,0.17183106,-0.49816895,-3.418169,-2.8181689,-1.618169,-2.3281689,-3.178169,-7.258169,-3.458169,-4.158169,-0.908169,0.49183106,-0.5281689,-0.8981689,-2.738169,-3.448169
1.2418311,1.4518311,1.901831,2.1418312,0.23183106,-2.5881689,-6.018169,-6.618169,-3.8581688,-4.478169,-5.428169,-6.008169,-2.468169,-6.098169,-7.658169,-8.618169,-7.728169,-7.068169,-5.518169,-3.978169,-4.268169,-5.478169,4.771831,7.791831,5.041831,2.371831,1.131831,0.18183106,3.4118311,3.561831,2.731831,3.461831,1.791831,-1.698169,-0.59816897,0.051831055,-1.9281689,-4.388169,-6.148169,-2.048169,2.561831,-2.0681689,-1.478169,-0.32816896,-3.058169,-2.728169,-1.978169,-3.5981688,-4.848169,-5.028169,-6.538169,-1.7581689,-0.42816895,-4.688169,0.9718311,-0.53816897,-1.488169,-3.038169,-2.8381689
-0.18816894,0.90183103,1.4918311,1.2018311,-2.3481688,-3.558169,-4.378169,-3.3481688,-5.508169,-5.708169,-4.318169,-3.478169,-4.408169,-5.328169,-8.248169,-3.698169,-0.5781689,-7.838169,-1.608169,-1.238169,-3.8481688,3.9118311,7.0318313,5.5118313,1.151831,0.87183106,0.71183103,2.331831,3.251831,2.761831,2.021831,2.201831,-1.7981689,-1.1581689,-0.718169,-3.018169,-3.5981688,-3.258169,-5.748169,-3.788169,-1.6481689,0.48183104,-2.178169,-3.878169,-1.328169,-1.0081689,-1.6481689,-5.068169,-5.078169,-4.998169,-4.898169,-2.908169,-1.828169,-4.398169,-3.8381689,-1.0481689,-1.868169,-1.9281689,-1.6681689
-0.48816895,-1.088169,-0.84816897,-0.72816896,-3.3581688,-3.258169,-4.478169,-7.298169,-5.918169,-6.268169,-4.818169,-2.968169,-2.1081688,-3.248169,-6.328169,-5.648169,-2.758169,2.961831,-7.298169,-4.618169,2.111831,5.161831,4.091831,2.521831,1.7118311,1.501831,2.321831,2.4218311,2.331831,2.491831,1.911831,1.501831,-1.878169,-0.718169,-3.0781689,-4.758169,-2.288169,-3.978169,-5.918169,-5.4681687,-2.008169,-3.648169,-2.398169,-3.258169,-2.978169,-2.8381689,-1.738169,-8.568169,-3.458169,-4.748169,-8.908169,-7.7381687,-4.398169,-2.6081688,-1.368169,-0.718169,0.24183105,0.35183105,-1.1381689
0.36183107,-1.368169,-1.488169,-2.458169,-3.1081688,-2.678169,-3.038169,-3.728169,-6.438169,-5.408169,-6.068169,-5.558169,-3.168169,-5.2181687,-6.838169,-5.278169,-0.87816894,0.08183105,-3.908169,-8.398169,2.601831,3.731831,2.331831,-0.46816894,2.721831,1.8218311,2.261831,0.99183106,-0.37816894,-0.27816895,-0.13816895,-0.33816895,-4.068169,-3.968169,-5.138169,-6.258169,-5.758169,-6.278169,-5.398169,-5.398169,-6.338169,-6.298169,-2.968169,-3.0881689,-2.488169,-4.338169,-3.438169,-4.9681687,-5.078169,-7.958169,-5.188169,-9.138169,-2.548169,-0.97816896,-0.40816894,-0.018168945,0.23183106,-0.46816894,-1.1681689
0.83183104,0.17183106,-0.5881689,-1.8081689,-1.0481689,-2.0981688,0.23183106,-1.9281689,-6.138169,-3.168169,-4.888169,-0.67816895,-0.20816894,-0.79816896,-4.348169,-3.738169,-1.9281689,-2.3581688,-4.458169,-5.178169,-0.7081689,0.93183106,-1.568169,0.591831,0.6718311,1.171831,1.431831,2.201831,-5.298169,-1.978169,-0.5781689,-1.108169,-4.918169,-5.888169,-6.748169,-5.058169,-7.4481688,-7.648169,-9.568169,-6.628169,-5.178169,-6.878169,-5.688169,-3.498169,-2.058169,-2.948169,-1.338169,-3.438169,-4.978169,-6.088169,-7.818169,-7.788169,-6.058169,-2.698169,-1.478169,-1.4081689,0.49183106,1.3618311,1.061831
0.48183104,-0.5181689,-1.238169,-2.478169,-0.59816897,-0.67816895,-1.458169,-0.34816894,-1.6781689,-5.118169,-3.768169,1.561831,-0.47816893,0.32183105,-0.13816895,-3.3381689,-4.578169,-5.858169,-1.0081689,-1.3881689,-2.008169,-1.488169,-0.7781689,1.871831,-1.3081689,0.24183105,-1.368169,-4.378169,-5.598169,-2.988169,-3.5681689,-3.8581688,-6.248169,-5.998169,-3.0981688,-5.078169,-6.538169,-8.298169,-9.288169,-8.328169,-7.178169,-6.628169,-5.6981688,0.26183105,-5.578169,-7.208169,-6.228169,-5.728169,-5.368169,-4.328169,-6.018169,-6.118169,-4.828169,-2.748169,-0.32816896,-0.08816895,0.30183107,0.12183105,0.531831
-2.298169,-0.5881689,-1.328169,-1.8081689,-1.728169,-3.038169,-5.478169,-1.6481689,-5.508169,-6.078169,-0.5181689,1.001831,-1.2781689,-1.738169,-4.318169,-6.188169,-5.298169,-2.0881689,-0.56816894,1.401831,0.30183107,-1.988169,-2.6081688,-3.5781689,-4.1981688,-3.878169,-5.188169,-5.908169,-6.658169,-5.578169,-4.868169,-6.288169,-4.9881687,-3.998169,-4.118169,-6.338169,-5.778169,-8.068169,-7.9681687,-8.668169,-8.628169,-9.508169,-8.148169,-1.3881689,-3.668169,-5.9881687,-6.028169,-5.9481688,-3.528169,-3.788169,-4.008169,-4.098169,-1.208169,0.33183107,0.81183106,0.011831054,0.13183105,-0.32816896,-0.25816894
-4.708169,-3.198169,-4.588169,-4.4881687,-5.888169,-5.808169,-4.008169,-2.5881689,-5.638169,-1.088169,-0.5281689,-2.5681689,-2.398169,-3.728169,-7.4481688,-3.8381689,-2.228169,-0.49816895,-2.808169,-5.2181687,-4.898169,-4.048169,-3.388169,-2.678169,-4.908169,-3.5681689,-2.8381689,-5.068169,-5.478169,-6.628169,-5.028169,-5.918169,-4.538169,-3.378169,-5.118169,-4.768169,-6.288169,-6.048169,-8.318169,-8.878169,-8.548169,-9.398169,-10.108169,-5.288169,-2.1181688,-5.058169,-7.858169,-5.318169,-4.958169,-6.2181687,-6.9881687,-2.228169,1.511831,0.35183105,1.0818311,0.6018311,0.021831054,-0.038168944,0.7318311
-5.638169,-7.648169,-5.788169,-6.228169,-6.7381687,-5.618169,-5.4681687,-4.778169,-2.028169,-1.2681689,-0.97816896,-1.1581689,-1.498169,-1.2781689,-2.638169,-3.058169,-5.078169,-5.418169,-6.688169,-7.558169,-6.338169,-7.638169,-4.808169,-3.458169,-2.308169,-2.688169,0.0018310547,-2.458169,-5.188169,-0.7081689,-2.298169,-1.1781689,-2.808169,-2.658169,-2.278169,-5.088169,-6.598169,-4.408169,-3.488169,-4.118169,-7.978169,-10.588169,-9.288169,-7.848169,-4.248169,-1.748169,-5.018169,-3.748169,-4.328169,-2.508169,-4.148169,-2.768169,1.811831,1.2418311,0.48183104,-0.45816895,-1.3881689,0.21183105,1.381831
-5.368169,-5.088169,-3.218169,-3.3581688,-3.948169,-5.288169,-6.098169,-6.358169,-4.208169,-5.518169,-4.118169,-5.248169,-2.168169,-2.298169,-5.078169,-5.728169,-6.858169,-9.698169,-9.248169,-8.398169,-8.618169,-10.718169,-9.828169,-3.228169,-1.4181689,0.8518311,3.291831,0.58183104,-0.5181689,-1.2581689,-1.098169,-1.938169,-2.0981688,1.011831,-1.9281689,-2.728169,-2.8381689,-3.3181689,-0.94816893,-5.108169,-6.908169,-9.578169,-8.138169,-9.718169,-6.158169,-0.718169,-1.608169,-3.028169,1.261831,0.93183106,0.12183105,2.721831,2.231831,1.751831,-0.27816895,-1.4281689,-1.5481689,0.41183105,0.43183106
