public/data/weather/2019/09/28/0000-wind-isobaric-1000hPa-gfs-1.0.json
{"header": { "discipline":0, "disciplineName":"Meteorological products", "gribEdition":2, "gribLength":79074, "center":7, "centerName":"US National Weather Service - NCEP(WMC)", "subcenter":0, "refTime":"2019-09-28T00:00:00.000Z", "significanceOfRT":1, "significanceOfRTName":"Start of forecast", "productStatus":0, "productStatusName":"Operational products", "productType":1, "productTypeName":"Forecast products", "productDefinitionTemplate":0, "productDefinitionTemplateName":"Analysis/forecast at horizontal level/layer at a point in time", "parameterCategory":2, "parameterCategoryName":"Momentum", "parameterNumber":2, "parameterNumberName":"U-component_of_wind", "parameterUnit":"m.s-1", "genProcessType":2, "genProcessTypeName":"Forecast", "forecastTime":0, "surface1Type":100, "surface1TypeName":"Isobaric surface", "surface1Value":95000.0, "surface2Type":255, "surface2TypeName":"Missing", "surface2Value":0.0, "gridDefinitionTemplate":0, "gridDefinitionTemplateName":"Latitude_Longitude", "numberPoints":65160, "shape":6, "shapeName":"Earth spherical with radius of 6,371,229.0 m", "gridUnits":"degrees", "resolution":48, "winds":"true", "scanMode":0, "nx":360, "ny":181, "basicAngle":0, "lo1":0.0, "la1":90.0, "lo2":359.0, "la2":-90.0, "dx":1.0, "dy":1.0 }, "data":
[rows 50 to 74 of 181, columns 228 to 284 of 360]
-1.2285645,-1.1685644,-0.43856445,-0.12856445,0.38143554,1.7414355,2.9514356,2.1014357,0.90143555,1.6014355,-0.85856444,2.7214355,10.831435,10.121435,3.3314354,6.0214357,8.2614355,9.221436,-1.9585644,-0.11856446,3.8514357,5.5014358,8.571436,0.6214355,1.5514356,4.8614354,3.8014355,-1.3785645,-8.688564,-5.8685646,-5.2185645,-6.0585647,-4.1185646,-3.3885643,-3.2985644,-2.3585644,-1.3185644,-2.8185644,-3.8885643,5.6714354,10.771436,7.6214356,6.3114357,3.1314356,2.3514357,2.5114355,-1.8985645,-0.95856446,0.6914356,-0.5585644,0.66143554,1.4514356,-1.0885644,-1.8785645,-0.51856446,0.33143556,-1.3485645
-2.0385644,-1.6085645,-1.0885644,-0.26856446,0.5614355,1.8114356,3.0914354,5.3114357,5.6914353,2.9114356,-5.7385645,-0.73856443,7.6414356,9.131435,8.971436,8.121435,7.4714355,3.5314355,5.6514354,6.4114356,4.7014356,6.7514358,3.6714356,5.7014356,3.4614356,4.5714355,5.7414355,0.5014355,-4.0285645,-6.6685643,-5.5485644,-5.2085643,-4.6485643,-4.0385647,-2.0285645,0.6214355,0.18143554,4.2514358,4.481436,5.7614355,3.6114357,3.0914354,2.8514357,5.3814354,5.9214354,3.7314355,3.9114356,-1.0285645,6.5414357,0.7414355,0.18143554,-0.8685644,-1.7585645,-0.94856447,-1.3885645,-0.7485645,2.0414355
-2.6185644,-2.2885644,-1.8885645,-1.4485644,-0.31856444,1.1314355,2.8114355,4.9914355,8.421435,7.981436,6.1414356,3.0514355,1.7614355,5.4514356,7.3714356,0.27143556,5.7914357,2.3014355,5.2614355,7.9514356,6.2614355,2.4014356,4.5214357,3.8314354,3.2614355,1.3914355,-4.1185646,0.19143555,-6.2085643,-6.3785644,-5.2185645,-3.9885645,-4.4185643,-1.8985645,-3.4685645,-0.41856444,2.1514356,4.6814356,3.1614356,1.7914356,0.95143557,1.5714356,4.231436,6.0114355,8.621435,7.0314355,3.9614356,4.4314356,7.3814354,1.8414356,-0.31856444,-2.7285645,-0.51856446,-0.10856445,-2.0785644,-1.1085645,-2.9585645
-3.4085646,-2.9385645,-2.4685645,-2.1285644,-1.3685645,-0.31856444,1.3114356,2.8514357,4.4014354,5.2014356,3.8214355,9.081435,4.5514355,2.0814354,-0.84856445,-0.63856447,3.3814356,-4.6485643,3.2614355,5.0914354,10.331435,5.2014356,5.1814356,3.9814355,3.0914354,3.8914356,6.8814354,0.39143553,-7.4985642,-5.2085643,-3.6985645,-1.9885645,-0.018564453,-0.70856446,-0.9985645,-1.8085644,-0.30856445,0.44143555,0.26143554,-1.0985645,0.76143557,2.2114356,6.5014358,6.981436,6.0014358,3.7014356,0.8214356,3.7214355,1.2814355,1.0014355,-0.37856445,-1.1285645,-1.9685645,-4.2985644,-5.3885646,-5.2785645,-5.7085643
-4.6285644,-4.2285643,-3.7285645,-3.1985645,-2.3485644,-1.3385644,-0.32856447,0.70143557,1.6814356,2.3314354,3.9914355,4.5214357,2.7314355,2.6914356,1.3714355,0.54143554,0.08143555,-1.6185645,1.9414356,4.8814354,5.3314357,1.2014356,3.3114355,3.3814356,3.1114357,3.0714355,3.1714356,6.7114353,8.181436,6.0114355,4.9914355,5.5214357,4.3114357,0.021435548,-0.52856445,-2.0485644,-1.5785644,-1.1785644,-1.0285645,0.6814355,0.95143557,3.3214355,7.1714354,0.24143554,4.0314355,2.2114356,0.64143556,0.30143556,1.3414356,-1.2885644,-0.10856445,-5.268564,-3.9785645,-6.0685644,-6.3385644,-6.9185643,-4.9185643
-5.7085643,-5.0685644,-4.7385645,-3.9685645,-3.2185645,-2.2685645,-1.1085645,-0.36856446,-0.10856445,1.0414356,1.0414356,2.7914355,2.8714356,0.89143556,8.171435,10.211435,-0.6785644,1.3214356,1.6814356,4.6414356,4.4014354,1.6914356,1.4714355,3.9614356,3.6514356,2.3314354,3.3714356,6.2714357,5.9614353,5.5414357,3.4314356,5.4614353,1.4414356,-0.48856446,-2.4085646,-2.7885644,-1.3085644,1.5014355,-1.5585644,0.64143556,-0.28856444,1.3814355,2.9514356,-1.2385645,0.46143556,-0.49856445,-2.5285645,0.15143555,-1.9585644,-0.79856443,-1.7585645,-3.5785644,-0.10856445,-3.2985644,0.041435547,-0.17856446,1.4814355
-5.1385646,-5.9685645,-5.0085645,-4.4785643,-3.8585644,-3.3785644,-2.7885644,-1.3385644,-0.5085645,0.30143556,1.2014356,2.4314356,1.8614355,-0.11856446,1.5314355,3.4114356,3.1614356,2.5914354,3.9914355,2.2814355,3.5014355,4.1314354,0.98143554,3.8514357,5.2714357,1.5514356,6.6314354,5.0514355,5.6114354,1.5314355,0.83143556,0.45143554,0.051435545,-0.65856445,-4.0685644,-3.0585644,-1.4885645,-3.0985644,0.7414355,0.6314356,1.0114355,2.5814354,3.3514357,-0.9285644,4.0314355,-0.54856443,-4.5485644,-4.0885644,-3.6085644,-3.4685645,-1.1185645,-4.0785646,0.27143556,-1.3385644,0.17143555,0.10143555,1.7814355
-5.9385643,-5.3785644,-4.5385647,-3.5985644,-3.8885643,-3.1785645,-0.6185644,2.0214355,4.0614357,3.7114356,4.2714357,3.1514356,2.5914354,1.7214355,0.051435545,2.9614356,1.8214356,2.3114355,3.0514355,2.3114355,0.8114355,3.2614355,3.1714356,3.3814356,5.7514358,6.7814355,6.1414356,4.4314356,0.79143554,2.1914356,-0.37856445,-0.5585644,-2.1785645,-3.3685644,-4.1885643,-0.73856443,-2.4685645,-3.9585645,-0.22856446,0.6314356,1.3614355,4.2714357,1.0314355,3.0114355,-0.9285644,5.6914353,-1.8485645,-1.0585644,0.29143554,-5.5585647,-6.7485642,-4.4885645,-1.8785645,-1.4785645,-0.42856446,0.19143555,0.65143555
-6.0285645,-5.1385646,-4.2085643,-2.7585645,-0.35856447,1.8914355,3.4114356,4.3414354,5.6614356,6.2514358,6.4614353,5.6614356,4.8014355,3.3214355,3.2514355,2.2214355,3.5914354,-2.6385643,0.95143557,2.0414355,1.8514355,1.8414356,4.1114354,2.8314354,6.9314356,5.5714355,3.8814356,4.981436,-3.1985645,-1.5485644,0.51143557,-0.6785644,-0.64856446,-3.3185644,-2.2485645,-2.0385644,-2.8085644,-1.4585644,-2.7185645,-0.14856446,0.80143553,1.0714356,2.4814355,2.3014355,2.7414355,5.2814355,2.2814355,2.0814354,-0.79856443,-4.0685644,-5.7885647,-5.9085646,-4.1585646,-3.9285645,-3.4585645,-2.2785645,-2.8785644
-6.7385645,-4.6985645,-2.2685645,-0.45856446,2.1314356,3.9714355,5.6914353,6.481436,7.4214354,7.6614356,7.1514354,6.1614356,5.4514356,4.0314355,3.9714355,2.4414356,4.2714357,-3.6785645,0.27143556,3.4314356,3.2714355,3.6014357,3.3414354,7.6114354,10.181436,6.6514354,-0.42856446,3.3414354,-1.5685644,-2.8485644,-2.4285645,-1.4785645,1.4514356,-6.7485642,0.8214356,-4.4385643,-2.6585646,-2.6085644,-0.8185645,-1.6085645,-0.85856444,-1.9685645,-0.45856446,0.84143555,3.7014356,6.5614357,1.9214356,-0.44856444,-1.6485645,-4.6785645,-8.258564,-5.5585647,-5.4785643,-7.3185644,-6.2385645,-5.8985643,-5.7385645
-3.9785645,-2.0285645,-0.36856446,1.2614355,2.3314354,3.3614357,4.3314357,5.0714355,5.0614357,5.5714355,5.4614353,5.1314354,5.0114355,4.5114355,4.6714354,5.3814354,4.1214356,7.3214355,0.32143554,2.9914355,1.2714355,2.9314356,4.5014358,3.6514356,5.981436,4.8314357,-0.29856446,-0.35856447,-2.2585645,-2.4385645,-6.7885647,-3.8785644,-3.0085645,-2.6285644,-3.1785645,-4.9285645,-4.8185644,-3.9985645,-4.7485642,-4.5785646,-3.8385644,-3.7185645,-3.2285645,-1.7185645,-0.6785644,0.98143554,0.14143555,0.6314356,-1.7285645,-2.7685645,-6.768564,-5.3785644,-5.8485646,-7.6685643,-8.118565,-8.198565,-8.598564
-2.9985645,-0.85856444,-1.1085645,-0.06856445,0.96143556,1.3214356,1.7414355,2.2914355,2.9614356,3.1814356,3.5614355,3.9314356,3.8314354,4.1714354,4.4614353,4.8414354,5.8214355,6.0414357,4.0714355,1.9414356,3.9914355,5.2114353,3.9414356,4.1314354,6.9414353,5.7014356,-1.4985645,1.4714355,-0.89856446,-1.7785645,-1.2185645,-2.8485644,-4.7385645,-6.6585646,-7.7885647,-6.018564,-5.2985644,-4.2985644,-6.0385647,-7.0885644,-6.7185645,-6.3885646,-5.2085643,-4.6885643,-3.6985645,-2.3885643,-1.5385644,-2.4385645,-4.2785645,-4.5085645,-6.1485643,-7.4885645,-6.7185645,-7.7585645,-6.9685645,-5.8585644,-7.1085644
-1.7385645,-1.7485645,-1.5285645,-1.6985644,-0.6785644,0.011435547,0.32143554,0.38143554,0.97143555,1.4014355,1.9414356,2.7514355,3.3814356,3.6814356,4.5214357,5.2214355,5.6214356,1.6314355,7.8814354,3.3714356,3.9814355,4.7514358,4.9114356,2.2414355,3.4514356,5.9414353,-1.8885645,1.4514356,-1.3785645,-3.4085646,-2.9385645,-4.9785643,-4.7585645,-7.6685643,-7.6785645,-5.7785645,-6.6585646,-6.6985645,-7.2185645,-8.848564,-7.5685644,-8.178564,-7.0885644,-6.4285645,-5.8985643,-5.4285645,-5.7185645,-5.0085645,-6.1685643,-5.9185643,-8.978564,-8.598564,-8.178564,-5.4485645,-3.7685645,-6.518564,-9.108564
-2.1085644,-2.4385645,-2.3285644,-1.9685645,-1.8285644,-1.5385644,-1.5785644,-0.78856444,-0.26856446,0.23143555,1.1414355,2.2414355,3.2614355,3.5714355,4.1714354,4.6714354,5.481436,6.8414354,3.5814354,7.3214355,0.27143556,4.8514357,5.9514356,2.5314355,2.1314356,6.4614353,-2.6985645,-1.4785645,-0.33856446,-2.4485645,-4.3885646,-3.7985644,-4.1085644,-6.7385645,-8.898564,-6.0485644,-6.0985646,-6.1985645,-5.1785645,-5.0685644,-6.7885647,-8.968564,-7.4585643,-7.4485645,-6.7085643,-6.0885644,-6.7785645,-8.058564,-9.2385645,-6.9185643,-8.2385645,-8.358564,-6.9085646,-5.6385646,-6.1685643,-6.6685643,-6.8185644
-2.0985644,-2.6285644,-2.4185646,-2.4185646,-1.0785644,-1.2685645,0.08143555,0.47143555,0.40143555,1.2014356,1.9014355,2.3114355,2.9914355,3.2214355,3.4514356,3.8114355,4.5614357,6.0114355,7.0514355,7.7814355,7.0914354,2.2914355,5.8214355,7.4714355,3.7414355,1.9914355,0.76143557,-2.1285644,-4.4185643,-1.4285644,-6.9185643,-7.0585647,-3.0885644,-5.8085647,-6.3785644,-6.5285645,-7.2385645,-7.1585646,-7.8085647,-8.078565,-8.208565,-7.6185646,-8.038565,-9.118565,-9.338565,-9.198565,-7.8085647,-6.8285646,-5.0885644,-6.6385646,-5.8085647,-7.5085645,-6.0085645,-5.1985645,-5.7785645,-7.3885646,-8.678564
-2.0285645,-1.7585645,-1.5485644,-1.2985644,0.48143554,1.6314355,0.6214355,1.0414356,1.4814355,1.3514355,1.8814355,2.8414354,2.9014356,3.3214355,3.6114357,3.5414355,3.8214355,4.9714355,7.0214357,7.8014355,7.0514355,5.1114354,4.8514357,8.151436,9.181436,1.9614356,1.5014355,-1.6785644,-3.2385645,-2.1885645,-1.2585645,0.9914355,-1.0185645,-7.9285645,-6.7785645,-6.6985645,-7.518564,-8.078565,-7.1285644,-7.9885645,-8.308564,-8.578565,-8.508564,-9.698565,-10.128565,-8.608564,-7.9385643,-8.078565,-8.358564,-7.8285646,-8.708565,-8.888564,-7.8085647,-7.3885646,-8.2385645,-8.508564,-8.888564
-1.6785644,-0.22856446,0.08143555,-0.63856447,-1.0885644,-0.19856445,2.1814356,0.07143555,-0.36856446,0.36143553,0.76143557,1.5914356,2.7014356,2.8614357,2.8214355,3.3214355,3.9414356,4.6214356,5.7414355,7.7814355,7.7414355,7.9614353,3.9314356,7.1914353,8.621435,7.9114356,1.4014355,-0.35856447,-5.1285644,-5.4885645,0.34143555,-2.3985643,-3.2085645,-6.7085643,-7.0685644,-6.1985645,-7.5085645,-8.808564,-8.308564,-6.7485642,-8.828565,-8.478564,-9.108564,-8.928564,-9.758564,-9.248565,-8.138564,-8.328565,-7.5785646,-9.508564,-10.508564,-10.398564,-7.3985643,-8.188564,-9.308564,-6.9385643,-6.5485644
-0.72856444,-0.89856446,-1.4585644,-0.26856446,0.65143555,1.8514355,-0.25856444,-2.2885644,-3.6685646,-3.2385645,-1.8885645,-0.96856445,0.10143555,0.72143555,1.5314355,2.8314354,3.9614356,4.9114356,6.0914354,7.4614353,8.051435,8.401436,4.231436,2.3914356,6.0014358,7.4514356,5.0114355,1.3514355,-4.268564,0.89143556,-6.0385647,-6.3985643,-4.2885647,-4.1085644,-5.4985642,-6.7485642,-7.8785644,-8.918565,-8.638564,-7.7485642,-8.278564,-9.188564,-7.7585645,-9.868565,-10.358564,-9.328565,-7.4085646,-7.3685646,-6.4985642,-6.7885647,-8.598564,-6.6985645,-10.298565,-7.2785645,-5.9085646,-4.7385645,-2.0185645
-1.4185644,-1.3785645,-0.34856445,-1.8185644,-0.5085645,-1.8885645,-3.9885645,-5.4885645,-5.8685646,-4.7285643,-4.1085644,-4.1085644,-2.9385645,-1.8885645,-1.3285644,-1.2285645,0.6214355,3.6314356,5.5114355,7.1614356,8.2614355,9.171435,10.2614355,6.0714355,6.1114354,6.3114357,5.0014358,1.8914355,0.5714356,1.3014356,-5.0285645,-4.5885644,-7.1485643,-4.2185645,-6.0785646,-5.8485646,-6.9785643,-8.2385645,-9.668565,-8.398564,-7.7285643,-8.368565,-8.548565,-7.2985644,-10.368565,-8.9885645,-8.218564,-4.3385644,-4.2985644,-4.3685646,-2.6985645,-2.8785644,-3.5985644,-6.5485644,-4.6285644,-1.6785644,0.35143554
-3.5485644,-2.4785645,-2.3485644,-1.2985644,-1.6385645,-3.8585644,-3.8785644,-4.6485643,-4.4185643,-4.5885644,-2.9485645,-1.5285645,-1.6985644,-0.008564454,0.55143553,3.3414354,4.8614354,4.1714354,5.6614356,6.2714357,6.8214355,8.001435,8.881435,9.241436,6.0714355,5.2814355,3.3714356,0.79143554,0.97143555,-4.5985646,-0.11856446,-4.2385645,-2.5085645,-2.1485643,-6.7885647,-4.0985646,-3.5185645,-4.0485644,-4.2485642,-6.0785646,-6.2885647,-8.408565,-10.128565,-7.8485646,-9.438564,-8.078565,-6.6185646,-6.7385645,-7.1185646,-7.5985646,-6.9585643,-4.5585647,-2.0585644,-0.6285645,0.98143554,3.4814355,-0.73856443
-0.85856444,-2.3685644,-1.9485644,-2.1485643,-1.6385645,-2.1585646,0.7514355,2.1414356,-0.6785644,-2.4685645,-1.3285644,0.0014355469,-0.028564453,1.7914356,1.9114356,2.6214356,3.1614356,3.6214356,4.6214356,5.0814357,5.4314356,7.0814357,7.2914357,8.001435,7.1514354,4.7914357,3.7914355,1.4314356,1.9714355,0.89143556,-0.30856445,-0.84856445,-3.5185645,-3.1585646,-2.1085644,-0.9285644,-2.8785644,-2.0885644,-2.6885645,-1.9585644,-3.5585644,-6.7385645,-6.4285645,-8.468564,-8.918565,-7.2085643,-8.058564,-8.578565,-7.4785643,-6.7085643,-5.4185643,-4.3485646,-2.2485645,-0.6185644,2.4414356,-2.6485643,-0.77856445
-1.9085644,-2.2585645,-3.0685644,-3.6785645,-1.9485644,-1.3485645,0.92143553,1.5814356,0.65143555,-1.1985644,-1.8385644,-0.84856445,-1.4285644,-0.39856446,0.46143556,1.3714355,1.4814355,1.5214355,3.6014357,3.7914355,4.0914354,5.0614357,6.2614355,7.6514354,6.8914356,4.9514356,5.8714356,3.8014355,2.5214355,-0.21856445,-1.3585645,0.17143555,0.40143555,-0.11856446,-1.2285645,-0.59856445,-1.6685644,0.90143555,0.90143555,-0.29856446,-0.44856444,-2.3885643,-9.068564,-9.368565,-8.7385645,-8.368565,-7.9985642,-7.4985642,-7.518564,-6.7385645,-3.5685644,-1.5285645,-0.82856447,-0.90856445,-1.3585645,-1.9585644,-2.7485645
-2.6085644,-2.9685645,-2.2085645,-1.5985645,-1.7485645,-0.038564455,0.78143555,1.5614356,1.1814356,2.6214356,2.9914355,3.1014357,4.0614357,2.3814356,2.3714356,1.6514355,1.2014356,1.1114355,2.8114355,2.4614356,2.5714355,3.8614357,4.7714357,6.4614353,7.1114354,8.401436,7.9114356,5.2714357,6.8214355,7.0014358,0.46143556,1.2914356,1.6714356,1.2814355,-5.1185646,-2.2985644,0.84143555,-0.25856444,0.34143555,-0.58856446,-3.0585644,-4.2585645,-11.748565,-9.338565,-7.9885645,-8.318564,-8.128565,-7.9585643,-5.9985642,-4.7185645,-3.0885644,-3.3485644,-3.4185646,-3.4685645,-4.2385645,-2.8185644,-2.2985644
-1.8185644,-1.2785645,-2.4785645,-3.8285644,-3.4085646,-1.4285644,1.4514356,3.8914356,5.0914354,3.7214355,3.4414356,2.9614356,4.0314355,2.0714355,2.1314356,2.4314356,1.7314355,0.26143554,0.8114355,2.5214355,1.9914355,2.4514356,3.7114356,5.8714356,6.9714355,7.9914355,8.021436,6.7214355,6.9514356,7.1714354,2.7914355,-5.0385647,-3.1985645,0.14143555,0.32143554,-1.5485644,-1.1885644,0.34143555,0.6314356,0.76143557,-1.4085644,-4.5885644,-9.398564,-6.3285646,-8.848564,-9.138564,-10.658565,-10.018564,-7.3285646,-6.4085646,-4.5485644,-5.0085645,-3.2185645,-4.2485642,-3.5485644,-4.6285644,-4.3685646
-2.0185645,-3.4185646,-4.4485645,-4.2385645,-4.6085644,-3.0285645,-2.2985644,-0.37856445,0.5614355,1.2214355,1.5614356,1.3714355,2.0414355,1.4714355,1.8514355,2.3314354,3.2014356,0.96143556,-0.82856447,0.041435547,1.2814355,1.5714356,2.7714355,5.6014357,6.3414354,7.7714357,6.7514358,5.2814355,6.0414357,8.5114355,6.1414356,4.6914353,0.16143554,-0.8185645,-3.5685644,-0.6185644,-1.4285644,-7.0085645,-7.0485644,1.9514356,-0.83856446,-5.5385647,-9.608564,-8.908565,-7.1585646,-6.0585647,-7.7385645,-11.198565,-8.178564,-6.7885647,-6.1085644,-5.3785644,-5.6385646,-5.4585643,-4.3585644,-4.8785644,-4.6285644
