public/data/weather/2019/09/28/0000-wind-isobaric-250hPa-gfs-1.0.json
{"header": { "discipline":0, "disciplineName":"Meteorological products", "gribEdition":2, "gribLength":50724, "center":7, "centerName":"US National Weather Service - NCEP(WMC)", "subcenter":0, "refTime":"2019-09-28T00:00:00.000Z", "significanceOfRT":1, "significanceOfRTName":"Start of forecast", "productStatus":0, "productStatusName":"Operational products", "productType":1, "productTypeName":"Forecast products", "productDefinitionTemplate":0, "productDefinitionTemplateName":"Analysis/forecast at horizontal level/layer at a point in time", "parameterCategory":2, "parameterCategoryName":"Momentum", "parameterNumber":3, "parameterNumberName":"V-component_of_wind", "parameterUnit":"m.s-1", "genProcessType":2, "genProcessTypeName":"Forecast", "forecastTime":0, "surface1Type":100, "surface1TypeName":"Isobaric surface", "surface1Value":25000.0, "surface2Type":255, "surface2TypeName":"Missing", "surface2Value":0.0, "gridDefinitionTemplate":0, "gridDefinitionTemplateName":"Latitude_Longitude", "numberPoints":65160, "shape":6, "shapeName":"Earth spherical with radius of 6,371,229.0 m", "gridUnits":"degrees", "resolution":48, "winds":"true", "scanMode":0, "nx":360, "ny":181, "basicAngle":0, "lo1":0.0, "la1":90.0, "lo2":359.0, "la2":-90.0, "dx":1.0, "dy":1.0 }, "data":
[rows 100 to 124 of 181, columns 58 to 115 of 360]
1.5990784,0.6990784,0.49907836,0.9990784,1.2990783,-0.20092162,0.59907836,0.89907837,0.9990784,1.3990784,1.1990783,1.5990784,2.5990784,2.8990784,2.5990784,3.0990784,4.599078,5.6990786,6.1990786,5.1990786,4.099078,4.2990785,3.0990784,2.9990783,3.1990783,1.8990784,2.9990783,1.7990783,0.89907837,-0.40092164,-0.10092163,-0.10092163,-1.4009216,-1.6009216,-1.6009216,-1.6009216,-2.2009215,-2.8009217,-2.3009217,-3.4009216,-3.5009217,-2.6009216,-0.8009216,-0.20092162,0.59907836,0.39907837,-1.5009216,-4.0009217,-4.6009216,-6.8009214,-6.7009215,-4.900922,-4.900922,-3.2009215,-3.8009217,-7.2009215,-6.6009216,-4.6009216
1.9990784,2.2990785,2.7990785,2.2990785,0.59907836,-0.20092162,0.09907837,1.6990783,2.0990784,2.5990784,4.099078,3.6990783,3.9990783,4.9990783,3.5990784,3.1990783,3.7990785,4.099078,4.4990783,4.9990783,4.9990783,5.099078,5.2990785,4.7990785,4.3990784,4.3990784,4.6990786,3.9990783,3.1990783,2.1990783,1.4990784,1.4990784,0.9990784,0.49907836,-0.10092163,-1.2009217,-1.6009216,-1.5009216,-1.2009217,-3.0009217,-3.7009215,-4.1009216,-3.4009216,-1.7009217,-1.6009216,-2.4009216,-3.0009217,-2.9009216,-4.3009214,-5.900922,-7.3009214,-7.2009215,-6.5009217,-5.7009215,-5.1009216,-5.1009216,-7.1009216,-6.0009217
-1.3009217,1.0990784,1.2990783,1.8990784,3.2990785,1.9990784,1.3990784,1.2990783,0.9990784,2.5990784,3.0990784,3.8990784,5.099078,3.9990783,2.9990783,3.4990783,4.4990783,4.7990785,4.7990785,6.6990786,7.599078,8.299078,8.299078,9.199079,8.399078,7.2990785,7.2990785,7.9990783,7.9990783,6.9990783,5.2990785,3.8990784,2.3990784,2.3990784,2.6990783,2.4990783,2.2990785,1.9990784,1.2990783,-0.10092163,-1.1009216,-1.9009216,-2.8009217,-3.4009216,-3.3009217,-3.1009216,-3.0009217,-3.6009216,-4.5009217,-4.8009214,-7.6009216,-8.400922,-8.100922,-8.100922,-7.5009217,-5.400922,-6.400922,-6.8009214
-1.5009216,-0.40092164,0.49907836,1.7990783,3.2990785,3.0990784,2.2990785,2.3990784,2.9990783,3.5990784,4.3990784,4.599078,3.8990784,3.6990783,3.2990785,3.4990783,5.4990783,6.599078,7.9990783,8.899078,8.699079,8.899078,9.399078,9.999079,10.599078,10.499079,10.199079,10.699079,9.599078,8.799078,7.8990784,6.9990783,5.1990786,3.8990784,3.9990783,4.1990786,4.4990783,4.4990783,3.0990784,2.3990784,1.0990784,0.39907837,-0.30092162,-1.4009216,-0.90092164,-1.8009217,-2.9009216,-4.400922,-5.0009217,-4.7009215,-5.5009217,-8.500921,-9.800921,-10.500921,-9.400922,-8.700922,-7.5009217,-6.6009216
-1.4009216,-0.20092162,-0.10092163,1.6990783,2.5990784,3.6990783,2.8990784,3.4990783,3.4990783,3.5990784,4.099078,4.8990784,3.2990785,3.9990783,3.5990784,5.1990786,5.8990784,7.099078,8.399078,10.399078,11.099078,10.899078,10.099078,10.299078,10.799078,11.099078,11.699079,9.799078,8.699079,8.899078,6.6990786,6.7990785,5.2990785,4.3990784,4.6990786,4.599078,3.7990785,3.2990785,3.2990785,2.8990784,2.7990785,2.7990785,2.5990784,2.2990785,1.6990783,1.0990784,0.09907837,-1.9009216,-4.5009217,-6.6009216,-6.3009214,-7.3009214,-9.900922,-11.200922,-11.900922,-11.500921,-10.100922,-9.500921
-1.0009216,-0.40092164,-0.40092164,2.0990784,2.1990783,3.5990784,3.7990785,3.2990785,4.7990785,5.599078,5.7990785,3.9990783,3.1990783,3.1990783,3.8990784,5.1990786,6.1990786,7.4990783,9.899078,11.599078,11.999079,13.799078,13.399078,12.199079,10.699079,10.299078,10.699079,11.099078,9.599078,8.099078,7.2990785,5.7990785,4.599078,4.8990784,5.6990786,4.8990784,3.3990784,2.5990784,3.1990783,2.9990783,3.3990784,3.4990783,3.7990785,2.9990783,1.8990784,1.8990784,1.7990783,0.39907837,-0.8009216,-3.6009216,-8.700922,-8.400922,-10.700922,-12.300921,-13.700922,-13.400922,-13.200922,-11.300921
-2.2009215,-0.8009216,0.79907835,1.5990784,2.2990785,2.7990785,3.9990783,3.5990784,5.599078,7.8990784,6.8990784,6.4990783,4.8990784,5.4990783,4.599078,4.599078,6.4990783,8.799078,11.699079,12.499079,12.299078,11.899078,12.999079,12.099078,12.399078,10.399078,8.899078,8.499079,8.699079,8.099078,7.099078,6.6990786,5.8990784,5.6990786,5.599078,5.1990786,5.099078,4.9990783,5.6990786,6.6990786,6.8990784,6.9990783,7.1990786,6.2990785,6.099078,5.4990783,3.5990784,1.4990784,1.8990784,-0.40092164,-5.6009216,-10.700922,-13.200922,-14.100922,-15.100922,-16.000921,-15.300921,-14.400922
-1.1009216,-0.70092165,0.29907838,1.9990784,2.4990783,3.9990783,5.6990786,3.4990783,4.1990786,7.7990785,9.599078,8.799078,9.699079,8.299078,5.8990784,7.9990783,9.399078,10.299078,12.899078,12.199079,11.999079,13.099078,13.799078,11.899078,10.199079,10.199079,9.899078,9.099078,7.7990785,6.7990785,6.7990785,6.2990785,5.9990783,6.4990783,5.6990786,6.2990785,6.8990784,7.7990785,8.799078,8.399078,7.9990783,8.399078,9.099078,9.899078,8.799078,8.699079,9.499079,8.099078,5.599078,4.8990784,0.29907838,-8.600922,-15.800921,-17.500921,-17.40092,-17.800922,-18.000921,-16.40092
-2.9009216,-1.5009216,0.6990784,2.0990784,2.6990783,5.3990784,6.8990784,4.2990785,6.599078,5.9990783,7.9990783,8.499079,8.499079,7.7990785,7.7990785,7.1990786,9.399078,10.799078,11.899078,14.099078,15.299078,14.499079,13.499079,11.499079,9.999079,9.999079,9.599078,8.999079,8.899078,8.799078,7.8990784,7.3990784,6.9990783,7.3990784,6.8990784,7.3990784,7.4990783,7.9990783,9.099078,9.499079,9.599078,9.599078,9.399078,10.599078,11.899078,12.099078,13.599078,13.199079,13.399078,11.499079,2.0990784,-4.400922,-16.100922,-20.800922,-20.100922,-19.300922,-20.300922,-19.500921
-4.3009214,-1.7009217,0.29907838,1.7990783,4.099078,6.3990784,7.099078,6.3990784,5.1990786,6.599078,8.899078,9.099078,8.999079,7.7990785,6.599078,7.6990786,10.199079,10.599078,13.699079,16.199078,15.699079,15.199079,14.399078,10.899078,9.399078,8.999079,8.499079,8.399078,8.099078,8.099078,7.7990785,7.6990786,7.3990784,7.4990783,7.7990785,8.499079,9.199079,9.299078,9.399078,9.999079,10.899078,10.899078,10.899078,11.699079,13.199079,15.299078,14.299078,14.699079,15.999079,14.299078,7.599078,-1.8009217,-15.200922,-24.500921,-24.40092,-21.600922,-21.600922,-21.800922
-5.900922,-2.4009216,0.79907835,2.1990783,3.7990785,5.7990785,6.2990785,6.4990783,6.2990785,7.099078,7.599078,10.599078,9.499079,8.799078,6.8990784,5.9990783,7.9990783,11.599078,16.999079,16.699078,16.499079,14.499079,13.099078,11.899078,9.399078,8.599078,8.799078,7.9990783,7.7990785,7.599078,8.099078,8.499079,9.099078,9.199079,9.599078,9.599078,9.499079,10.399078,10.299078,11.199079,12.199079,12.199079,12.699079,13.299078,13.899078,15.699079,15.199079,15.899078,17.59908,17.399078,12.199079,1.5990784,-12.300921,-23.90092,-27.800922,-25.200922,-23.000921,-22.300922
-5.3009214,-0.90092164,0.89907837,2.4990783,5.099078,5.7990785,5.7990785,5.8990784,7.3990784,8.699079,10.599078,11.399078,8.999079,8.799078,8.699079,9.799078,11.899078,13.999079,15.299078,15.899078,14.299078,14.399078,13.899078,11.499079,9.799078,8.799078,7.8990784,7.4990783,6.7990785,7.4990783,7.8990784,8.099078,8.199079,8.499079,9.299078,10.199079,10.899078,11.199079,12.299078,13.399078,14.199079,14.999079,16.199078,16.999079,17.399078,17.499079,17.899078,17.59908,17.999079,19.799078,15.599078,5.1990786,-8.800921,-20.200922,-29.600922,-29.500921,-26.40092,-24.300922
-3.1009216,-1.3009217,-0.30092162,2.6990783,4.1990786,5.2990785,6.4990783,7.099078,7.2990785,8.099078,9.199079,8.999079,8.399078,9.999079,11.399078,11.599078,12.999079,16.499079,17.499079,15.599078,13.099078,11.099078,12.299078,11.599078,10.899078,8.899078,6.4990783,5.9990783,6.099078,5.7990785,5.9990783,6.599078,6.599078,7.6990786,8.599078,9.999079,10.899078,11.799078,12.299078,12.599078,13.499079,15.399078,17.09908,18.799078,19.59908,21.199078,19.999079,17.699078,17.699078,19.699078,17.199078,7.099078,-6.3009214,-15.100922,-23.40092,-31.000921,-28.500921,-24.90092
-3.9009216,-0.90092164,0.49907836,1.6990783,2.9990783,4.3990784,5.3990784,6.8990784,8.699079,9.099078,10.099078,10.399078,10.699079,11.699079,12.699079,13.899078,15.299078,17.09908,17.399078,16.09908,14.299078,13.299078,11.999079,10.199079,9.499079,8.199079,7.2990785,6.3990784,4.4990783,4.1990786,4.4990783,4.599078,4.9990783,5.8990784,7.9990783,9.499079,11.299078,11.499079,12.799078,13.699079,14.399078,14.899078,16.09908,17.499079,19.199078,20.399078,20.499079,18.799078,18.999079,20.399078,18.299078,9.399078,-2.3009217,-11.000921,-18.200922,-24.500921,-31.100922,-27.600922
-4.1009216,-2.4009216,-0.5009216,1.3990784,2.5990784,4.099078,5.3990784,6.4990783,8.099078,9.199079,10.499079,12.399078,13.399078,13.299078,13.299078,15.499079,16.399078,17.299078,17.799078,16.09908,14.899078,14.199079,11.599078,11.199079,10.799078,8.899078,6.3990784,4.2990785,3.5990784,3.0990784,3.5990784,4.1990786,5.099078,7.1990786,7.8990784,9.099078,10.299078,11.699079,12.099078,12.899078,13.199079,14.199079,15.299078,15.799078,17.199078,17.09908,18.59908,19.799078,17.499079,17.799078,17.999079,12.499079,1.9990784,-6.900922,-13.000921,-19.40092,-24.90092,-30.000921
-1.5009216,-1.4009216,1.2990783,2.1990783,3.1990783,4.3990784,5.7990785,7.2990785,8.699079,10.799078,13.499079,15.099078,15.799078,17.09908,17.59908,17.699078,17.799078,18.699078,17.899078,16.499079,15.099078,13.699079,13.599078,12.799078,10.799078,7.8990784,3.8990784,0.6990784,0.49907836,1.3990784,2.3990784,3.7990785,4.599078,4.9990783,6.4990783,7.099078,8.999079,10.199079,10.599078,11.999079,12.699079,12.899078,13.699079,15.399078,16.799078,17.09908,17.09908,17.09908,17.499079,13.899078,16.09908,12.999079,5.8990784,-0.40092164,-5.6009216,-10.400922,-18.000921,-23.100922
-3.2009215,-0.10092163,1.0990784,2.2990785,3.5990784,5.3990784,7.8990784,9.499079,10.699079,12.899078,14.099078,15.599078,16.899078,18.299078,18.999079,19.299078,20.199078,21.09908,19.999079,17.999079,15.299078,13.799078,12.299078,9.699079,5.4990783,1.7990783,-9.216309E-4,-0.30092162,0.79907835,0.39907837,-0.40092164,0.49907836,1.8990784,3.7990785,5.3990784,8.399078,9.099078,10.499079,12.299078,11.499079,11.199079,11.099078,10.999079,11.399078,14.299078,14.499079,14.899078,14.399078,16.199078,11.699079,12.299078,10.499079,7.6990786,3.5990784,0.89907837,-2.8009217,-8.100922,-14.300921
-2.3009217,-1.3009217,0.39907837,2.9990783,4.599078,6.4990783,8.799078,11.399078,12.399078,14.799078,16.699078,18.199078,18.699078,19.09908,19.499079,19.499079,19.399078,20.09908,18.999079,16.699078,13.099078,11.199079,7.599078,3.9990783,1.8990784,0.09907837,-0.90092164,-0.8009216,-1.1009216,-0.40092164,1.0990784,1.4990784,2.9990783,4.9990783,5.599078,7.1990786,7.9990783,9.399078,10.099078,10.099078,10.399078,9.499079,10.899078,9.699079,9.699079,10.999079,11.099078,10.099078,11.499079,11.099078,9.299078,10.499079,8.899078,6.4990783,2.8990784,0.79907835,-0.70092165,-5.2009215
-2.8009217,-0.10092163,1.5990784,3.5990784,5.3990784,8.299078,10.699079,13.199079,15.499079,17.699078,19.199078,20.59908,20.499079,20.899078,21.199078,21.899078,22.299078,20.399078,16.699078,12.999079,9.899078,7.4990783,5.7990785,4.599078,2.4990783,2.6990783,1.5990784,-0.90092164,-1.0009216,0.49907836,0.9990784,0.89907837,1.5990784,4.1990786,5.6990786,5.4990783,7.2990785,7.8990784,6.9990783,6.599078,6.8990784,6.8990784,7.8990784,7.599078,8.599078,6.8990784,7.6990786,8.399078,9.699079,9.099078,6.599078,7.3990784,7.599078,7.6990786,5.1990786,3.5990784,2.4990783,-0.30092162
-2.1009216,0.89907837,3.7990785,5.8990784,8.899078,11.699079,13.599078,16.09908,18.09908,19.499079,20.999079,23.59908,24.399078,25.899078,25.299078,23.399078,19.499079,13.999079,10.399078,8.299078,8.199079,6.8990784,5.4990783,4.6990786,3.6990783,3.9990783,3.6990783,2.0990784,0.79907835,1.1990783,0.89907837,1.6990783,1.4990784,3.1990783,4.8990784,6.3990784,6.8990784,6.599078,5.4990783,4.4990783,3.6990783,4.3990784,4.2990785,4.3990784,6.2990785,6.7990785,5.1990786,4.1990786,6.4990783,8.299078,5.1990786,4.6990786,6.3990784,7.3990784,7.4990783,5.7990785,6.599078,1.9990784
-0.70092165,2.9990783,5.6990786,8.399078,10.499079,13.199079,15.499079,17.199078,19.59908,22.699078,25.199078,26.999079,26.899078,25.09908,21.59908,17.699078,14.399078,12.799078,11.799078,10.999079,9.799078,7.4990783,5.3990784,4.4990783,3.7990785,3.7990785,2.2990785,0.79907835,1.6990783,0.79907835,0.39907837,1.5990784,3.9990783,5.9990783,7.8990784,9.299078,7.2990785,5.099078,2.7990785,1.0990784,1.6990783,1.2990783,0.59907836,0.79907835,3.6990783,4.3990784,5.7990785,5.9990783,3.4990783,7.3990784,3.9990783,3.4990783,4.6990786,6.3990784,8.899078,8.099078,9.599078,7.7990785
0.79907835,4.599078,7.599078,9.499079,11.999079,13.999079,16.699078,20.09908,22.199078,24.09908,25.399078,24.09908,22.09908,19.799078,17.699078,16.999079,16.499079,15.899078,15.399078,14.699079,13.299078,12.099078,9.899078,7.7990785,6.3990784,3.8990784,2.8990784,2.4990783,1.4990784,2.4990783,2.0990784,4.1990786,6.8990784,9.399078,8.199079,9.899078,6.4990783,4.4990783,2.5990784,-0.60092163,-1.1009216,-0.5009216,-0.90092164,-1.9009216,-1.7009217,-0.60092163,2.8990784,3.6990783,3.4990783,4.4990783,3.7990785,3.2990785,4.099078,5.4990783,7.099078,8.799078,9.199079,8.999079
1.1990783,5.2990785,8.499079,11.499079,14.099078,16.09908,17.899078,19.799078,21.999079,22.299078,20.799078,20.59908,21.09908,20.799078,20.299078,19.699078,18.799078,18.59908,18.09908,16.59908,16.09908,14.699079,13.499079,13.099078,9.599078,6.2990785,4.4990783,2.3990784,2.4990783,3.2990785,4.6990786,6.1990786,7.9990783,9.399078,11.299078,10.899078,6.4990783,3.3990784,1.6990783,-0.30092162,-1.6009216,-2.5009217,-2.1009216,-3.6009216,-3.8009217,-1.3009217,0.19907837,0.6990784,1.2990783,3.2990785,1.8990784,2.5990784,2.9990783,3.5990784,5.099078,6.7990785,7.1990786,6.9990783
3.7990785,7.6990786,9.899078,11.899078,14.299078,15.799078,15.799078,15.499079,15.399078,17.299078,18.699078,19.699078,20.199078,20.59908,20.399078,19.699078,18.699078,17.199078,16.799078,16.399078,16.999079,15.899078,15.799078,13.999079,10.499079,7.6990786,3.9990783,2.3990784,1.3990784,1.4990784,2.7990785,4.099078,6.6990786,9.499079,12.499079,12.299078,7.9990783,3.6990783,-0.10092163,-0.90092164,-1.8009217,-3.3009217,-3.8009217,-4.2009215,-4.0009217,-2.7009215,-2.9009216,-1.7009217,-1.2009217,0.49907836,-0.40092164,0.29907838,0.79907835,2.1990783,2.7990785,3.0990784,5.3990784,4.2990785
3.7990785,6.2990785,8.399078,10.099078,10.999079,11.999079,13.499079,14.699079,16.59908,17.999079,19.299078,20.399078,20.899078,20.699078,19.399078,18.499079,18.399078,17.799078,17.199078,16.299078,17.09908,14.499079,13.599078,11.299078,9.199079,6.1990786,2.8990784,1.0990784,0.19907837,-9.216309E-4,1.1990783,2.4990783,4.1990786,6.8990784,10.999079,10.399078,8.099078,5.3990784,1.5990784,-0.90092164,-1.1009216,-2.7009215,-3.9009216,-4.5009217,-5.2009215,-4.900922,-4.1009216,-4.7009215,-3.7009215,-3.1009216,-1.9009216,-2.4009216,-1.1009216,-1.2009217,0.9990784,1.0990784,0.79907835,2.7990785
