public/data/weather/2019/09/28/0000-wind-isobaric-10hPa-gfs-1.0.json
{"header": { "discipline":0, "disciplineName":"Meteorological products", "gribEdition":2, "gribLength":43857, "center":7, "centerName":"US National Weather Service - NCEP(WMC)", "subcenter":0, "refTime":"2019-09-28T00:00:00.000Z", "significanceOfRT":1, "significanceOfRTName":"Start of forecast", "productStatus":0, "productStatusName":"Operational products", "productType":1, "productTypeName":"Forecast products", "productDefinitionTemplate":0, "productDefinitionTemplateName":"Analysis/forecast at horizontal level/layer at a point in time", "parameterCategory":2, "parameterCategoryName":"Momentum", "parameterNumber":2, "parameterNumberName":"U-component_of_wind", "parameterUnit":"m.s-1", "genProcessType":2, "genProcessTypeName":"Forecast", "forecastTime":0, "surface1Type":100, "surface1TypeName":"Isobaric surface", "surface1Value":1000.0, "surface2Type":255, "surface2TypeName":"Missing", "surface2Value":0.0, "gridDefinitionTemplate":0, "gridDefinitionTemplateName":"Latitude_Longitude", "numberPoints":65160, "shape":6, "shapeName":"Earth spherical with radius of 6,371,229.0 m", "gridUnits":"degrees", "resolution":48, "winds":"true", "scanMode":0, "nx":360, "ny":181, "basicAngle":0, "lo1":0.0, "la1":90.0, "lo2":359.0, "la2":-90.0, "dx":1.0, "dy":1.0 }, "data":
[rows 50 to 74 of 181, columns 0 to 56 of 360]
6.671405,6.671405,7.371405,7.471405,6.771405,5.571405,4.371405,4.071405,4.171405,3.8714051,3.671405,4.671405,4.971405,5.571405,6.571405,6.371405,6.171405,6.071405,5.971405,5.571405,5.571405,5.371405,5.571405,5.271405,5.371405,5.271405,4.371405,4.671405,4.471405,5.071405,5.271405,4.671405,4.971405,4.671405,4.471405,4.171405,4.771405,4.971405,4.871405,4.371405,3.671405,4.171405,4.371405,4.271405,3.8714051,4.071405,4.671405,4.871405,4.871405,4.971405,5.671405,6.571405,6.371405,6.371405,6.871405,7.071405,7.171405
5.971405,6.871405,7.271405,6.471405,5.671405,4.871405,4.371405,4.471405,3.8714051,3.971405,4.271405,5.271405,5.471405,5.171405,5.571405,4.771405,3.971405,3.8714051,3.8714051,4.171405,4.671405,4.871405,4.971405,4.671405,4.271405,4.571405,4.271405,3.571405,3.471405,3.971405,4.471405,4.871405,4.671405,4.471405,4.471405,4.571405,4.671405,4.871405,4.771405,4.771405,4.871405,4.571405,4.071405,3.771405,4.471405,4.071405,4.571405,4.271405,4.871405,5.371405,6.771405,6.271405,7.171405,7.671405,8.071405,7.371405,7.171405
5.671405,6.271405,5.671405,5.271405,4.871405,4.371405,3.971405,4.171405,3.671405,4.271405,4.771405,4.671405,5.071405,3.471405,3.671405,3.171405,2.771405,2.971405,3.271405,3.671405,4.171405,3.771405,4.071405,3.971405,3.3714051,4.071405,3.271405,2.8714051,2.171405,2.8714051,3.671405,4.571405,4.571405,4.571405,4.571405,4.371405,4.671405,4.371405,4.371405,4.571405,4.471405,3.8714051,3.771405,2.971405,2.8714051,3.3714051,3.571405,4.871405,4.371405,5.171405,5.971405,6.871405,6.971405,7.371405,7.171405,7.171405,6.571405
3.8714051,3.471405,3.471405,3.771405,3.271405,2.971405,3.571405,4.071405,3.471405,2.771405,2.671405,2.571405,3.3714051,2.671405,3.271405,2.271405,2.3714051,3.171405,2.3714051,2.171405,1.871405,1.6714051,2.071405,2.3714051,1.971405,2.271405,1.571405,0.971405,1.371405,2.071405,2.671405,2.771405,2.571405,3.8714051,4.471405,4.171405,3.271405,3.671405,3.771405,3.3714051,3.3714051,3.571405,2.671405,2.171405,3.3714051,2.971405,3.071405,3.771405,3.8714051,4.771405,4.771405,4.971405,5.371405,5.371405,5.771405,5.071405,4.871405
0.871405,0.77140504,0.971405,1.071405,1.271405,1.1714051,1.771405,0.671405,-0.22859497,-0.02859497,0.37140504,0.37140504,0.671405,1.1714051,1.471405,0.57140505,0.971405,0.671405,-0.12859496,-0.22859497,-0.628595,-0.528595,0.17140503,0.57140505,0.77140504,-0.02859497,-0.528595,-1.028595,-0.828595,-0.22859497,-0.02859497,0.57140505,1.971405,2.3714051,3.271405,2.771405,2.071405,2.171405,2.571405,2.8714051,2.771405,2.671405,2.071405,1.571405,1.871405,1.871405,1.771405,2.071405,2.671405,3.071405,3.271405,3.171405,3.271405,3.3714051,2.8714051,2.271405,1.071405
-1.228595,-1.128595,-0.828595,-1.228595,-1.3285949,-1.628595,-1.8285949,-1.728595,-2.428595,-2.228595,-2.228595,-1.8285949,-1.8285949,-1.428595,-0.92859495,-1.528595,-1.3285949,-2.6285949,-2.928595,-2.1285949,-1.928595,-1.728595,-1.928595,-2.728595,-3.228595,-3.6285949,-3.728595,-3.6285949,-3.328595,-3.028595,-1.8285949,-0.42859498,0.27140504,0.971405,1.571405,1.6714051,1.471405,1.271405,0.871405,1.071405,0.77140504,0.57140505,0.47140503,0.57140505,-0.528595,-0.628595,-0.828595,-0.92859495,-0.12859496,0.971405,0.57140505,0.37140504,1.371405,1.071405,-0.02859497,-0.92859495,-2.828595
-3.328595,-4.228595,-3.828595,-4.128595,-4.528595,-4.628595,-4.028595,-4.328595,-4.528595,-4.828595,-5.128595,-4.828595,-4.528595,-3.828595,-2.528595,-3.328595,-3.1285949,-3.928595,-3.928595,-3.528595,-3.928595,-4.728595,-5.628595,-6.428595,-6.828595,-6.528595,-6.128595,-5.428595,-5.028595,-4.228595,-3.528595,-2.528595,-1.628595,-1.028595,-0.72859496,-1.128595,-1.128595,-0.828595,-1.028595,-1.128595,-1.8285949,-2.028595,-2.428595,-3.328595,-3.328595,-3.228595,-3.828595,-3.828595,-3.428595,-3.1285949,-2.428595,-2.928595,-2.328595,-2.6285949,-3.428595,-4.428595,-6.128595
-6.828595,-7.228595,-7.028595,-7.328595,-7.328595,-7.028595,-6.828595,-6.928595,-7.228595,-7.328595,-8.028595,-7.528595,-6.528595,-5.828595,-5.228595,-4.728595,-4.228595,-4.928595,-5.328595,-5.628595,-6.428595,-7.028595,-7.728595,-8.428595,-8.228595,-7.628595,-7.428595,-7.128595,-6.428595,-5.728595,-5.228595,-4.928595,-4.828595,-4.628595,-3.928595,-4.228595,-4.128595,-4.628595,-4.528595,-5.128595,-5.228595,-4.928595,-5.728595,-5.328595,-5.128595,-5.728595,-6.328595,-6.228595,-6.128595,-5.628595,-5.128595,-5.228595,-5.428595,-5.328595,-5.628595,-6.128595,-6.328595
-9.028595,-9.128595,-9.228595,-9.428595,-10.028595,-9.228595,-9.428595,-9.528595,-9.428595,-9.828595,-9.728595,-9.528595,-8.628595,-7.928595,-7.728595,-6.628595,-6.528595,-6.428595,-6.928595,-7.728595,-8.528595,-9.328595,-9.828595,-10.128595,-10.028595,-9.828595,-9.028595,-8.728595,-8.428595,-8.428595,-8.328595,-8.128595,-7.928595,-7.428595,-7.528595,-7.328595,-7.428595,-7.028595,-7.328595,-7.328595,-7.428595,-7.528595,-7.628595,-7.228595,-6.828595,-7.228595,-7.628595,-7.628595,-7.728595,-7.728595,-6.828595,-6.428595,-6.328595,-6.928595,-7.728595,-8.628595,-9.028595
-11.728595,-11.728595,-11.428595,-12.628595,-12.428595,-12.128595,-11.828595,-11.028595,-11.428595,-11.728595,-12.128595,-11.928595,-10.828595,-10.128595,-9.828595,-9.028595,-9.028595,-9.228595,-9.828595,-10.528595,-11.028595,-11.828595,-12.328595,-12.728595,-12.428595,-12.028595,-11.528595,-11.428595,-11.328595,-11.128595,-11.428595,-11.128595,-10.428595,-10.428595,-9.828595,-8.928595,-8.828595,-9.228595,-9.228595,-9.528595,-9.628595,-9.628595,-9.828595,-9.528595,-9.328595,-9.028595,-9.328595,-9.228595,-9.828595,-10.028595,-10.128595,-9.928595,-10.028595,-9.528595,-9.528595,-9.728595,-10.928595
-14.328595,-14.028595,-15.028595,-14.528595,-14.628595,-14.028595,-14.128595,-13.528595,-13.828595,-14.228595,-14.828595,-14.528595,-13.328595,-12.728595,-12.228595,-12.128595,-12.328595,-12.828595,-12.828595,-13.528595,-14.128595,-15.428595,-15.228595,-14.928595,-14.928595,-15.028595,-14.328595,-13.628595,-13.628595,-13.228595,-13.028595,-12.228595,-11.828595,-11.928595,-12.028595,-11.328595,-11.728595,-11.928595,-11.828595,-12.028595,-12.428595,-13.128595,-12.628595,-12.428595,-12.328595,-12.628595,-12.628595,-12.628595,-12.728595,-13.428595,-13.028595,-13.228595,-13.228595,-12.628595,-12.528595,-12.628595,-12.928595
-17.928595,-17.528595,-17.428595,-16.628595,-16.428595,-15.928595,-16.128595,-16.028595,-17.028595,-17.228596,-17.428595,-16.728596,-15.928595,-14.828595,-14.628595,-14.428595,-14.328595,-14.128595,-14.628595,-15.828595,-16.228596,-16.928595,-17.828594,-17.528595,-17.828594,-16.928595,-16.828594,-15.728595,-14.828595,-14.128595,-14.028595,-14.428595,-14.028595,-14.528595,-14.028595,-13.628595,-14.228595,-14.628595,-15.328595,-15.228595,-14.928595,-15.528595,-16.128595,-16.028595,-16.228596,-16.528595,-16.128595,-16.328594,-16.228596,-16.628595,-16.228596,-16.228596,-16.728596,-16.828594,-16.128595,-16.428595,-17.028595
-20.528595,-20.128595,-18.928595,-18.428595,-17.928595,-17.928595,-18.028595,-18.728596,-19.328594,-19.228596,-20.028595,-19.128595,-18.628595,-17.128595,-16.228596,-15.628595,-15.628595,-15.128595,-15.628595,-16.228596,-17.428595,-18.228596,-18.828594,-19.028595,-19.228596,-19.028595,-18.728596,-17.428595,-17.628595,-17.228596,-16.628595,-16.528595,-17.228596,-17.528595,-17.328594,-16.428595,-16.828594,-16.628595,-17.328594,-18.428595,-17.928595,-19.228596,-19.028595,-19.928595,-20.428595,-21.028595,-20.228596,-20.028595,-20.328594,-21.028595,-20.028595,-20.928595,-21.028595,-20.528595,-20.228596,-19.528595,-20.828594
-21.528595,-21.528595,-20.428595,-20.128595,-19.828594,-20.828594,-20.728596,-21.028595,-21.728596,-21.328594,-21.428595,-21.228596,-20.728596,-19.228596,-18.428595,-18.228596,-17.828594,-17.528595,-17.628595,-18.028595,-18.228596,-19.428595,-20.428595,-21.828594,-22.428595,-21.828594,-21.328594,-20.928595,-21.028595,-20.928595,-20.328594,-20.428595,-21.328594,-21.528595,-20.728596,-18.528595,-19.428595,-19.028595,-19.928595,-20.828594,-21.428595,-22.128595,-21.928595,-23.028595,-24.828594,-26.228596,-24.828594,-24.628595,-24.328594,-24.428595,-24.028595,-23.328594,-23.828594,-22.828594,-22.828594,-23.928595,-24.628595
-22.928595,-23.028595,-23.328594,-22.828594,-22.828594,-22.128595,-22.728596,-22.828594,-23.128595,-23.128595,-23.428595,-23.928595,-22.828594,-22.428595,-21.328594,-21.028595,-20.928595,-20.228596,-20.428595,-20.928595,-21.728596,-23.228596,-24.228596,-24.828594,-25.428595,-25.628595,-24.828594,-24.728596,-24.928595,-23.828594,-24.028595,-24.128595,-24.628595,-23.628595,-22.928595,-22.328594,-22.128595,-22.528595,-22.428595,-23.828594,-24.528595,-26.128595,-26.728596,-26.228596,-27.028595,-28.428595,-28.528595,-28.228596,-27.128595,-26.128595,-25.528595,-25.628595,-25.028595,-25.928595,-26.628595,-27.628595,-28.028595
-26.728596,-25.328594,-25.428595,-26.028595,-24.528595,-24.528595,-25.028595,-24.928595,-25.428595,-26.128595,-26.328594,-26.428595,-25.928595,-25.128595,-24.928595,-24.128595,-23.228596,-23.128595,-24.128595,-25.328594,-25.828594,-27.128595,-27.628595,-28.828594,-28.428595,-29.028595,-28.328594,-28.528595,-27.028595,-25.828594,-26.228596,-27.128595,-26.628595,-26.428595,-26.828594,-26.628595,-26.428595,-25.928595,-26.128595,-26.228596,-27.428595,-29.028595,-29.928595,-28.628595,-27.928595,-30.428595,-30.228596,-30.128595,-30.028595,-29.228596,-29.028595,-29.528595,-28.928595,-28.728596,-28.228596,-30.828594,-30.828594
-28.728596,-28.328594,-28.428595,-27.828594,-27.628595,-28.328594,-28.428595,-27.928595,-29.428595,-29.628595,-28.828594,-29.028595,-28.328594,-27.928595,-27.428595,-26.828594,-26.728596,-27.028595,-27.928595,-28.628595,-29.228596,-29.128595,-30.628595,-32.028595,-31.628595,-31.128595,-31.928595,-30.628595,-29.228596,-28.428595,-28.528595,-30.028595,-30.028595,-30.628595,-29.828594,-29.628595,-28.528595,-27.328594,-29.128595,-28.228596,-30.628595,-31.228596,-32.428596,-31.628595,-29.728596,-32.028595,-32.428596,-33.128593,-32.728596,-31.728596,-32.928596,-31.928595,-31.328594,-29.828594,-31.628595,-32.828594,-33.128593
-31.428595,-32.028595,-31.928595,-30.828594,-31.628595,-31.928595,-31.028595,-32.128593,-32.928596,-32.728596,-32.228596,-30.328594,-29.628595,-30.428595,-29.728596,-29.428595,-29.428595,-30.728596,-30.928595,-30.928595,-31.428595,-32.028595,-32.328594,-33.228596,-32.828594,-33.628593,-34.728596,-34.028595,-33.228596,-31.328594,-30.828594,-30.928595,-33.428596,-32.728596,-32.628593,-32.028595,-31.028595,-29.928595,-32.228596,-31.128595,-32.028595,-32.928596,-34.828594,-35.928596,-33.828594,-33.528595,-35.528595,-36.028595,-35.828594,-35.428596,-35.528595,-34.528595,-34.728596,-33.428596,-33.428596,-36.128593,-36.128593
-34.528595,-35.428596,-35.228596,-34.728596,-36.028595,-34.928596,-34.628593,-34.928596,-35.728596,-35.528595,-34.828594,-33.228596,-32.828594,-31.428595,-32.328594,-31.828594,-31.828594,-32.428596,-33.828594,-33.028595,-32.728596,-33.828594,-34.928596,-34.528595,-35.528595,-35.928596,-38.028595,-37.528595,-35.528595,-33.828594,-33.428596,-33.328594,-34.328594,-34.828594,-34.828594,-35.628593,-33.928596,-32.628593,-34.628593,-34.528595,-34.328594,-33.628593,-36.828594,-38.428596,-38.028595,-37.828594,-38.528595,-37.928596,-38.928596,-38.928596,-37.928596,-37.428596,-37.228596,-36.028595,-35.528595,-37.728596,-38.028595
-37.128593,-37.928596,-38.128593,-38.328594,-38.228596,-37.528595,-37.228596,-38.228596,-37.728596,-38.028595,-36.928596,-35.728596,-34.728596,-34.328594,-33.728596,-35.128593,-35.028595,-35.028595,-34.228596,-34.428596,-33.628593,-35.628593,-36.628593,-36.728596,-37.228596,-38.728596,-39.628593,-40.028595,-38.628593,-37.428596,-35.828594,-36.128593,-36.528595,-37.228596,-37.528595,-36.028595,-36.428596,-34.128593,-35.828594,-38.828594,-38.228596,-37.528595,-39.328594,-41.128593,-40.028595,-39.728596,-42.228596,-41.528595,-41.328594,-41.928596,-40.728596,-40.228596,-39.328594,-38.628593,-37.328594,-38.928596,-40.028595
-39.828594,-40.528595,-41.328594,-41.428596,-40.628593,-39.728596,-38.928596,-38.928596,-39.328594,-39.628593,-39.528595,-38.328594,-37.228596,-36.128593,-36.628593,-36.828594,-37.128593,-37.828594,-35.928596,-35.728596,-37.428596,-37.628593,-38.928596,-39.628593,-37.828594,-40.328594,-41.228596,-41.028595,-39.828594,-40.628593,-38.128593,-38.128593,-38.828594,-39.128593,-39.628593,-40.628593,-40.128593,-38.528595,-36.828594,-39.028595,-40.828594,-41.528595,-42.428596,-43.528595,-42.128593,-41.328594,-44.628593,-44.528595,-41.928596,-42.528595,-43.328594,-42.928596,-42.228596,-40.028595,-38.628593,-39.328594,-41.028595
-42.428596,-43.428596,-43.128593,-44.128593,-42.828594,-42.028595,-40.728596,-39.628593,-40.128593,-41.028595,-41.628593,-40.728596,-38.928596,-38.028595,-38.228596,-38.428596,-39.028595,-39.628593,-39.128593,-37.328594,-38.828594,-38.628593,-40.228596,-39.828594,-39.928596,-40.728596,-41.128593,-41.628593,-41.928596,-42.028595,-41.128593,-41.128593,-41.328594,-41.128593,-40.828594,-40.328594,-43.328594,-42.128593,-39.128593,-39.828594,-42.428596,-45.628593,-44.128593,-45.728596,-46.128593,-42.628593,-45.628593,-46.928596,-43.028595,-44.628593,-44.328594,-45.028595,-44.128593,-40.228596,-39.528595,-39.728596,-41.128593
-44.528595,-44.928596,-44.728596,-45.528595,-44.728596,-43.528595,-42.828594,-40.728596,-41.128593,-41.828594,-42.428596,-40.528595,-40.628593,-40.328594,-39.228596,-40.228596,-39.528595,-41.028595,-39.328594,-40.428596,-38.828594,-40.228596,-40.928596,-42.028595,-40.828594,-40.628593,-40.828594,-42.728596,-43.028595,-42.528595,-42.228596,-42.328594,-44.928596,-43.428596,-44.628593,-42.828594,-44.628593,-45.128593,-40.828594,-40.728596,-45.228596,-46.928596,-46.928596,-48.128593,-47.428596,-44.928596,-47.228596,-47.528595,-45.528595,-45.728596,-45.928596,-46.728596,-43.928596,-41.628593,-39.928596,-40.328594,-40.628593
-47.028595,-46.128593,-46.228596,-45.428596,-44.728596,-44.428596,-44.128593,-43.128593,-42.828594,-43.028595,-42.728596,-42.128593,-42.428596,-42.328594,-41.028595,-40.828594,-40.228596,-40.828594,-41.028595,-41.828594,-40.228596,-41.228596,-42.328594,-43.828594,-41.728596,-42.328594,-42.428596,-44.028595,-42.928596,-44.528595,-43.828594,-48.428596,-45.628593,-47.428596,-45.528595,-43.928596,-44.128593,-47.228596,-44.028595,-44.628593,-47.228596,-49.028595,-50.328594,-49.528595,-50.228596,-45.728596,-48.828594,-48.928596,-46.328594,-45.528595,-47.728596,-46.028595,-43.728596,-43.128593,-41.128593,-40.528595,-40.228596
-48.028595,-47.328594,-47.428596,-45.728596,-44.628593,-43.628593,-45.928596,-45.728596,-45.228596,-44.328594,-43.328594,-43.728596,-43.228596,-43.328594,-42.028595,-41.728596,-41.428596,-43.228596,-44.028595,-42.928596,-41.428596,-42.728596,-42.328594,-42.628593,-44.228596,-43.928596,-42.528595,-43.628593,-45.128593,-46.628593,-48.928596,-47.128593,-47.028595,-45.728596,-45.528595,-46.628593,-44.528595,-47.728596,-45.728596,-48.028595,-49.228596,-51.528595,-52.228596,-50.728596,-51.028595,-48.328594,-49.528595,-49.728596,-47.928596,-46.028595,-47.228596,-46.428596,-44.428596,-44.528595,-42.728596,-40.928596,-40.528595
