public/data/weather/2019/09/28/0000-wind-isobaric-700hPa-gfs-1.0.json
{"header": { "discipline":0, "disciplineName":"Meteorological products", "gribEdition":2, "gribLength":77703, "center":7, "centerName":"US National Weather Service - NCEP(WMC)", "subcenter":0, "refTime":"2019-09-28T00:00:00.000Z", "significanceOfRT":1, "significanceOfRTName":"Start of forecast", "productStatus":0, "productStatusName":"Operational products", "productType":1, "productTypeName":"Forecast products", "productDefinitionTemplate":0, "productDefinitionTemplateName":"Analysis/forecast at horizontal level/layer at a point in time", "parameterCategory":2, "parameterCategoryName":"Momentum", "parameterNumber":2, "parameterNumberName":"U-component_of_wind", "parameterUnit":"m.s-1", "genProcessType":2, "genProcessTypeName":"Forecast", "forecastTime":0, "surface1Type":100, "surface1TypeName":"Isobaric surface", "surface1Value":70000.0, "surface2Type":255, "surface2TypeName":"Missing", "surface2Value":0.0, "gridDefinitionTemplate":0, "gridDefinitionTemplateName":"Latitude_Longitude", "numberPoints":65160, "shape":6, "shapeName":"Earth spherical with radius of 6,371,229.0 m", "gridUnits":"degrees", "resolution":48, "winds":"true", "scanMode":0, "nx":360, "ny":181, "basicAngle":0, "lo1":0.0, "la1":90.0, "lo2":359.0, "la2":-90.0, "dx":1.0, "dy":1.0 }, "data":
[rows 52 to 77 of 181, columns 236 to 294 of 360]
13.465752,13.935752,11.405752,10.855752,5.225752,5.225752,7.505752,3.685752,6.235752,8.3757515,7.8857517,9.1257515,8.445752,6.475752,7.585752,6.535752,4.805752,1.385752,0.49575195,0.7357519,3.545752,4.955752,7.455752,10.765752,8.725752,7.285752,8.085752,10.595752,13.155752,13.015752,12.265752,12.655752,11.845752,13.345752,9.385752,8.635752,8.955752,12.525752,13.105752,10.185752,10.475752,11.935752,13.175752,14.715752,9.715752,10.995752,11.385752,11.545752,13.475752,13.705752,13.275752,11.515752,7.645752,5.105752,3.645752,4.245752,4.965752,6.185752,7.165752
10.775752,11.685752,11.145752,10.135752,7.755752,2.335752,2.075752,4.045752,3.885752,7.675752,6.525752,8.455752,9.115752,7.445752,4.545752,2.905752,4.455752,5.605752,8.885752,0.5457519,-6.584248,0.71575195,3.435752,9.045752,6.785752,13.1257515,13.815752,12.065752,10.475752,10.275752,11.245752,10.445752,10.735752,8.515752,8.825752,9.445752,11.255752,13.865752,11.485752,9.485752,13.385752,11.205752,12.255752,12.025752,10.205752,8.425752,9.505752,11.475752,11.265752,11.535752,11.045752,10.805752,10.345752,6.8857517,4.6357517,3.9757519,4.695752,5.835752,5.845752
8.725752,9.005752,8.745752,8.255752,6.315752,6.145752,7.715752,6.595752,4.285752,7.765752,4.315752,4.435752,6.075752,4.725752,3.085752,4.005752,2.605752,4.445752,5.3657517,10.1257515,10.255752,12.235752,12.755752,11.055752,11.315752,14.735752,12.605752,10.855752,8.225752,7.945752,8.525752,9.075752,8.415752,7.205752,8.305752,7.555752,8.8757515,8.905752,6.805752,7.185752,8.235752,9.345752,7.6357517,9.915752,9.555752,6.8657517,6.435752,7.1357517,4.8857517,6.025752,6.175752,6.355752,5.955752,6.075752,5.075752,5.515752,7.345752,5.905752,4.985752
5.875752,7.3657517,7.725752,6.6157517,6.525752,9.265752,8.195752,11.695752,10.935752,7.685752,4.125752,1.475752,2.435752,3.4957519,3.545752,4.265752,4.735752,2.835752,5.765752,9.365752,11.805752,11.665752,13.045752,10.475752,8.845752,10.535752,10.225752,8.105752,6.515752,8.355752,8.215752,6.065752,5.535752,6.625752,8.005752,8.245752,4.855752,6.685752,5.375752,8.265752,6.675752,5.585752,5.465752,5.775752,3.455752,0.6757519,2.5057518,0.95575196,0.47575197,-0.47424805,-1.2042481,-0.014248047,0.9857519,1.125752,1.8157519,2.135752,1.5557519,1.355752,1.855752
5.015752,6.655752,8.825752,9.285752,9.935752,12.455752,12.565752,8.325752,5.845752,4.915752,3.945752,0.9257519,-3.344248,-1.9542481,2.935752,5.035752,5.945752,4.375752,8.295752,8.545752,8.435752,8.845752,8.495752,8.495752,7.495752,6.845752,6.075752,4.695752,6.055752,5.605752,5.955752,7.845752,7.735752,8.395752,6.3857517,3.205752,4.275752,1.5357519,4.965752,2.795752,3.395752,1.745752,2.335752,2.655752,-0.24424805,0.20575196,-1.164248,-2.664248,-3.544248,-3.074248,-3.4942482,-3.584248,-3.124248,-3.184248,-2.884248,-2.444248,-1.7042481,-2.064248,-2.9842482
8.675752,9.275752,9.8757515,10.835752,11.595752,11.335752,11.095752,8.325752,5.1357517,4.1157517,2.865752,-0.83424807,-1.2142481,-1.0842481,0.36575195,3.855752,7.545752,7.745752,5.145752,7.765752,5.875752,4.995752,6.925752,6.8857517,5.025752,4.145752,1.6757519,5.175752,4.725752,3.395752,3.9757519,4.925752,5.6157517,5.935752,3.715752,1.625752,-1.094248,-0.33424804,3.2457519,1.715752,-0.77424806,1.3057519,-1.104248,0.41575196,-0.36424804,-2.654248,-4.254248,-5.184248,-5.714248,-6.584248,-6.714248,-7.074248,-6.314248,-6.004248,-5.774248,-4.494248,-3.704248,-3.7742481,-2.864248
9.405752,9.945752,10.585752,11.205752,10.895752,9.445752,8.155752,6.755752,6.345752,3.045752,2.175752,-0.28424805,0.51575196,1.4557519,2.565752,4.005752,6.335752,3.7657518,4.005752,2.925752,2.585752,2.5057518,0.95575196,1.995752,1.2957519,1.365752,2.7557518,4.035752,2.365752,3.345752,2.655752,2.395752,2.7657518,2.555752,0.615752,-0.39424804,-0.91424805,-1.5542481,-1.984248,-0.944248,-2.384248,-2.224248,-2.2642481,-3.454248,-4.484248,-5.6142483,-4.894248,-7.3842483,-7.664248,-8.004248,-7.164248,-7.704248,-7.564248,-6.524248,-5.574248,-3.854248,-2.874248,-2.2342482,-1.5642481
5.275752,6.225752,6.925752,7.285752,7.695752,6.935752,6.155752,5.505752,4.3657517,1.365752,1.335752,1.975752,2.605752,0.16575195,3.125752,6.445752,3.425752,4.325752,0.75575197,4.215752,5.895752,-1.874248,-0.054248046,-1.154248,-2.104248,0.44575197,1.755752,2.805752,3.645752,2.625752,3.045752,1.5557519,1.905752,-0.09424805,-1.2042481,-1.3042481,-2.2442482,-2.324248,-4.414248,-3.874248,-3.954248,-3.974248,-3.454248,-3.464248,-4.144248,-4.524248,-4.994248,-4.3842483,-3.5242481,-7.524248,-5.724248,-2.5142481,-5.674248,-5.644248,-4.224248,-4.164248,-3.104248,-2.2642481,-2.084248
0.76575196,1.2057519,2.2457519,2.845752,3.405752,3.445752,3.105752,3.695752,3.075752,0.91575193,0.76575196,3.355752,2.855752,2.695752,4.185752,4.125752,5.8857517,5.095752,3.595752,2.4757519,1.1757519,-1.5542481,-0.24424805,-1.8042481,1.6657519,0.66575193,0.875752,3.7257519,2.9757519,1.765752,0.69575197,-0.30424803,-0.754248,-1.854248,-1.9542481,-3.474248,-3.784248,-4.004248,-4.444248,-3.4842482,-6.494248,-7.6342483,-7.274248,-6.3642483,-5.624248,-3.604248,-3.854248,-3.784248,-5.774248,-5.434248,-4.054248,-2.784248,-2.044248,-2.204248,-1.344248,-0.564248,-0.45424804,0.15575196,-1.594248
-2.7742481,-2.084248,-2.044248,-1.484248,-1.494248,-0.64424807,-0.09424805,1.0357519,2.045752,1.985752,3.045752,3.325752,3.965752,6.805752,6.965752,5.525752,5.475752,7.985752,3.155752,-0.08424804,-0.22424805,-0.12424805,1.485752,0.14575195,-1.0442481,1.355752,-0.12424805,2.4957519,2.4757519,1.0557519,-0.25424805,-1.754248,-2.914248,-1.9342481,-1.1942481,-1.8042481,-2.814248,-2.294248,-4.1342483,-4.694248,-6.714248,-6.194248,-6.934248,-5.274248,-4.3642483,-1.5842481,-4.504248,-5.374248,-3.684248,-3.634248,-2.124248,-1.024248,1.355752,0.32575196,1.355752,1.645752,2.095752,0.90575194,0.85575193
-4.224248,-4.374248,-4.014248,-4.054248,-3.954248,-4.014248,-3.364248,-1.614248,1.125752,2.315752,2.9957519,3.345752,6.255752,8.445752,7.075752,6.095752,3.305752,6.095752,0.16575195,-1.604248,-1.5442481,-1.2042481,-1.634248,-1.9242481,-0.20424804,0.685752,0.11575195,0.18575196,0.94575197,0.035751954,-1.594248,-2.684248,-3.204248,-1.4242481,-1.164248,-1.004248,-0.96424806,-2.204248,-1.1742481,-1.634248,-2.364248,-2.554248,-4.6342483,-4.104248,-3.7642481,-1.404248,-0.35424805,0.32575196,0.53575194,-1.854248,-0.92424804,1.105752,1.995752,0.95575196,0.08575195,1.2857519,2.295752,2.595752,2.7257519
-0.20424804,-2.124248,-3.634248,-5.054248,-5.074248,-4.164248,-2.7442482,-0.97424805,0.48575196,0.71575195,1.6657519,4.755752,7.305752,8.545752,7.805752,4.325752,2.685752,5.065752,-0.21424805,-2.0242481,-2.084248,-1.034248,0.29575196,-0.59424806,0.29575196,-0.054248046,-0.41424805,-0.014248047,-0.16424805,-2.924248,-4.304248,-3.634248,-1.9342481,-2.124248,-0.86424804,-2.0042481,-2.034248,-0.93424803,-0.47424805,-2.634248,-1.7942481,-1.104248,-0.7642481,-1.774248,-1.144248,-0.054248046,1.645752,1.005752,1.735752,0.71575195,0.025751954,2.435752,1.6657519,0.83575195,1.215752,1.4257519,1.395752,3.075752,1.215752
4.235752,4.015752,2.2557518,0.035751954,-1.7142481,-2.2342482,-2.094248,-1.284248,0.025751954,2.045752,4.905752,6.425752,9.315752,8.455752,5.155752,2.585752,2.065752,2.0057518,-0.65424806,-1.874248,-0.20424804,-1.9242481,1.6857519,-1.484248,-0.37424806,0.19575195,0.015751952,-0.004248047,-0.38424805,-3.0042481,-4.104248,-2.574248,-2.844248,-2.954248,-3.464248,-3.604248,-4.194248,-2.894248,-3.454248,-2.844248,-2.144248,0.32575196,0.69575197,2.375752,2.175752,2.185752,2.455752,0.11575195,0.53575194,1.2857519,1.775752,1.965752,2.2357519,1.845752,1.835752,3.4857519,2.865752,3.075752,2.585752
3.305752,3.865752,3.5157518,3.635752,3.705752,4.085752,4.875752,5.155752,5.445752,6.465752,7.265752,7.605752,6.685752,3.645752,1.595752,2.195752,1.345752,1.8157519,-0.80424803,-2.2342482,-2.084248,-1.4542481,-0.7042481,-0.19424805,-0.014248047,-0.39424804,-0.21424805,-0.85424805,-2.124248,-4.004248,-2.614248,-2.094248,-3.554248,-4.914248,-5.994248,-5.704248,-6.234248,-6.314248,-5.854248,-4.284248,-2.954248,-1.254248,-1.114248,0.21575195,-0.27424803,0.37575194,-0.40424806,-0.28424805,1.585752,2.135752,-0.5742481,0.59575194,1.765752,2.125752,3.415752,4.195752,4.145752,3.155752,2.675752
3.815752,3.875752,3.785752,4.525752,4.945752,5.905752,6.525752,6.825752,7.325752,7.685752,6.935752,5.155752,4.335752,2.9857519,1.885752,1.735752,0.58575195,0.9857519,1.255752,-3.0242481,-2.954248,-3.2342482,-3.2442482,-1.624248,0.35575196,-2.464248,-1.654248,-1.9442481,-3.874248,-3.874248,-3.384248,-2.2642481,-3.4942482,-5.254248,-5.874248,-6.954248,-6.474248,-5.814248,-6.624248,-5.284248,-3.444248,-2.974248,-1.764248,-0.814248,-0.39424804,-0.79424804,0.07575195,0.37575194,1.525752,0.13575195,0.805752,2.0157518,3.285752,4.465752,4.245752,3.955752,3.7657518,3.465752,2.895752
4.335752,3.635752,3.835752,3.5057518,4.075752,4.8657517,5.805752,5.765752,6.025752,5.875752,4.895752,3.7657518,3.305752,2.955752,1.395752,1.1757519,-0.43424806,-0.054248046,1.8157519,0.53575194,-2.144248,-5.284248,-4.6342483,-3.814248,-4.594248,-2.854248,-1.144248,-3.354248,-3.4842482,-5.3642483,-4.474248,-4.154248,-3.7342482,-4.194248,-3.374248,-3.574248,-4.6342483,-4.854248,-4.194248,-3.324248,-1.874248,-0.43424806,-0.45424804,-0.60424805,-0.60424805,1.515752,1.335752,1.125752,3.635752,5.955752,4.485752,3.205752,1.965752,3.275752,2.385752,2.065752,2.385752,2.455752,3.2557518
3.795752,3.035752,2.325752,1.625752,1.835752,2.945752,3.7357519,3.9857519,3.845752,3.595752,3.295752,2.675752,2.815752,1.985752,0.58575195,-0.22424805,-1.4442481,-0.71424806,0.89575195,0.105751954,-2.5042481,-4.244248,-5.284248,-4.424248,-5.404248,-3.434248,-2.864248,-4.414248,-3.704248,-5.574248,-5.584248,-5.224248,-3.624248,-4.064248,-3.4842482,-2.914248,-2.034248,-2.314248,-1.5642481,-1.4542481,-1.644248,0.12575196,-0.29424804,-0.77424806,1.235752,0.875752,2.075752,2.135752,2.625752,6.255752,4.455752,2.285752,0.69575197,0.9257519,0.9257519,1.965752,2.055752,2.165752,1.9557519
3.075752,3.195752,3.055752,2.415752,1.7957519,2.355752,2.5057518,2.205752,2.905752,2.595752,1.595752,1.115752,1.105752,-0.23424804,-1.164248,-1.3042481,-3.394248,-0.97424805,0.04575195,-1.2942481,-4.994248,-3.4942482,-6.334248,-4.804248,-1.9642481,-5.174248,-4.064248,-2.714248,-3.414248,-6.004248,-6.724248,-5.6142483,-5.324248,-4.124248,-2.9942482,-2.184248,-4.254248,-3.834248,-2.794248,-2.034248,-0.06424805,-0.44424805,1.115752,1.335752,2.7557518,2.285752,3.7357519,2.525752,1.8257519,1.885752,2.375752,1.625752,1.775752,2.065752,0.90575194,1.0457519,0.7957519,0.07575195,0.065751955
3.055752,2.635752,3.085752,2.685752,2.445752,0.77575195,1.2957519,1.8157519,1.1657519,0.7957519,-0.98424804,-0.53424805,-0.53424805,-1.3342481,-2.464248,-3.9842482,-3.204248,-2.4842482,-1.3042481,-3.0242481,-4.354248,-5.814248,-3.864248,-1.0442481,-5.814248,-3.304248,-2.614248,-3.474248,-3.074248,-5.644248,-6.314248,-5.704248,-4.894248,-3.4942482,-4.604248,-1.994248,-0.85424805,-1.5642481,-1.8242481,-1.504248,-1.744248,-1.514248,-1.164248,-0.46424806,0.69575197,1.405752,2.805752,2.665752,2.415752,2.365752,1.255752,0.7357519,1.995752,1.125752,0.47575197,0.45575196,0.50575197,-1.274248,-1.254248
3.425752,2.595752,2.825752,3.035752,3.145752,2.655752,2.305752,0.84575194,-0.46424806,-1.224248,-1.4542481,-1.4242481,-2.194248,-2.5042481,-3.5142481,-2.904248,-1.984248,-1.594248,-2.5142481,-2.614248,-3.214248,-6.734248,-6.324248,-2.7542481,-0.634248,0.21575195,-2.804248,-2.7742481,-3.974248,-6.764248,-5.8842483,-4.994248,-4.494248,-3.064248,-5.894248,-4.014248,-3.614248,-2.7442482,-2.054248,-2.0142481,-0.7042481,-0.694248,-0.66424805,-0.634248,-1.094248,-0.7042481,-0.41424805,0.6757519,2.455752,1.605752,-0.7042481,0.44575197,1.4257519,-0.29424804,-0.37424806,-0.37424806,-1.404248,-2.434248,-3.534248
3.575752,3.835752,3.2257519,3.4857519,4.065752,3.535752,2.345752,2.135752,0.81575197,0.84575194,0.04575195,-0.97424805,-2.2642481,-3.5142481,-4.144248,-2.824248,-2.304248,-2.044248,-2.874248,-2.834248,-4.524248,-5.724248,-9.474248,-9.984248,-8.094248,-8.8742485,-2.554248,-5.064248,-4.934248,-3.634248,-4.934248,-5.034248,-7.874248,-4.194248,-6.104248,-3.9942482,-4.294248,-3.474248,-2.224248,-2.054248,-1.844248,-0.83424807,0.48575196,-0.564248,-1.364248,-1.9242481,-0.84424806,0.94575197,1.265752,0.94575197,-0.78424805,-1.034248,-0.89424807,-0.33424804,-2.374248,-1.9242481,-3.594248,-4.974248,-4.554248
4.265752,4.495752,4.3657517,4.405752,3.935752,3.955752,2.295752,0.935752,0.52575195,-0.73424804,-1.104248,0.33575195,-1.664248,-3.874248,-3.814248,-3.5242481,-3.604248,-4.074248,-3.9842482,-2.174248,-4.904248,-8.254248,-6.954248,-5.304248,-5.744248,-1.764248,-1.7942481,-3.084248,-3.2742481,-1.354248,-2.464248,-3.074248,-6.724248,-6.234248,-5.664248,-5.264248,-5.014248,-4.394248,-4.004248,-1.9642481,-1.9542481,-2.174248,-2.324248,-2.5242481,-2.894248,-3.594248,-2.644248,-4.534248,-6.804248,-5.664248,-3.9842482,-2.5242481,-2.414248,-2.664248,-4.484248,-3.704248,-5.124248,-6.484248,-5.854248
5.545752,5.825752,5.775752,6.025752,4.915752,4.955752,4.405752,2.595752,0.90575194,-1.744248,-3.604248,-3.204248,-1.604248,-1.374248,-0.61424804,-0.91424805,-3.444248,-3.704248,-3.174248,-3.314248,-5.154248,-7.164248,-7.924248,-7.764248,-9.184248,-11.664248,-8.064248,-6.874248,-11.264248,-11.564248,-6.234248,-1.264248,-2.354248,-4.714248,-4.654248,-2.4842482,-4.564248,-4.004248,-4.3642483,-5.694248,-3.834248,-3.0042481,-3.094248,-4.8642483,-3.364248,-3.7642481,-5.654248,-6.584248,-6.554248,-6.6142483,-4.834248,-4.834248,-4.454248,-5.344248,-5.394248,-5.324248,-6.354248,-7.294248,-6.764248
4.955752,6.195752,6.1357517,7.085752,6.575752,4.925752,5.595752,4.915752,2.595752,2.415752,1.595752,2.565752,4.235752,3.0057518,3.335752,5.675752,5.395752,0.865752,-0.92424804,-2.304248,-2.374248,-3.2442482,-5.3842483,-5.024248,-8.864248,-13.574248,-14.204248,-11.954248,-9.574248,-12.254248,-13.504248,-9.014248,-4.514248,-3.924248,-3.374248,-2.424248,-3.714248,-4.164248,-3.5042481,-3.794248,-4.594248,-4.934248,-4.424248,-3.594248,-4.174248,-3.854248,-5.244248,-5.104248,-5.974248,-6.084248,-6.784248,-6.174248,-5.304248,-5.584248,-4.504248,-6.234248,-6.514248,-8.034248,-8.164248
3.9757519,4.105752,4.595752,5.665752,4.955752,4.245752,4.925752,5.145752,5.8657517,7.025752,7.715752,7.475752,7.285752,7.035752,7.205752,8.915752,10.555752,8.435752,6.335752,0.59575194,-1.7042481,-1.504248,-3.354248,-6.234248,-9.454248,-10.344248,-8.644248,-8.044248,-9.794248,-8.254248,-15.954248,-10.274248,-3.934248,-3.804248,-4.464248,-2.584248,-2.814248,-4.344248,-3.2342482,-4.464248,-5.004248,-4.754248,-2.184248,-4.554248,-6.234248,-2.964248,-3.304248,-4.874248,-6.914248,-7.844248,-7.804248,-8.194248,-5.994248,-5.824248,-5.194248,-6.314248,-6.814248,-8.784248,-8.444248
3.645752,4.415752,3.555752,3.585752,4.395752,4.015752,4.935752,5.715752,6.015752,6.835752,8.765752,8.585752,7.895752,8.565752,9.165752,9.255752,10.665752,11.175752,8.985752,9.345752,3.465752,0.60575193,-1.4442481,-7.904248,-9.014248,-14.494248,-10.034248,-6.6142483,-1.624248,5.985752,6.765752,-2.7342482,-4.264248,-2.144248,-0.54424804,-2.404248,-1.914248,-2.0142481,-3.9842482,-3.824248,-5.074248,-4.814248,-2.874248,-2.714248,-3.704248,-3.464248,-4.544248,-5.744248,-7.1142483,-9.454248,-10.384248,-8.964248,-7.074248,-7.404248,-7.144248,-8.234248,-7.514248,-9.144248,-8.904248
