public/data/weather/2019/09/28/0000-wind-isobaric-850hPa-gfs-1.0.json
{"header": { "discipline":0, "disciplineName":"Meteorological products", "gribEdition":2, "gribLength":79181, "center":7, "centerName":"US National Weather Service - NCEP(WMC)", "subcenter":0, "refTime":"2019-09-28T00:00:00.000Z", "significanceOfRT":1, "significanceOfRTName":"Start of forecast", "productStatus":0, "productStatusName":"Operational products", "productType":1, "productTypeName":"Forecast products", "productDefinitionTemplate":0, "productDefinitionTemplateName":"Analysis/forecast at horizontal level/layer at a point in time", "parameterCategory":2, "parameterCategoryName":"Momentum", "parameterNumber":2, "parameterNumberName":"U-component_of_wind", "parameterUnit":"m.s-1", "genProcessType":2, "genProcessTypeName":"Forecast", "forecastTime":0, "surface1Type":100, "surface1TypeName":"Isobaric surface", "surface1Value":85000.0, "surface2Type":255, "surface2TypeName":"Missing", "surface2Value":0.0, "gridDefinitionTemplate":0, "gridDefinitionTemplateName":"Latitude_Longitude", "numberPoints":65160, "shape":6, "shapeName":"Earth spherical with radius of 6,371,229.0 m", "gridUnits":"degrees", "resolution":48, "winds":"true", "scanMode":0, "nx":360, "ny":181, "basicAngle":0, "lo1":0.0, "la1":90.0, "lo2":359.0, "la2":-90.0, "dx":1.0, "dy":1.0 }, "data":
[rows 52 to 77 of 181, columns 0 to 57 of 360]
-0.8409082,-0.6909082,1.8890918,3.8590918,4.4790916,4.7690916,5.009092,4.7290916,4.349092,3.8090918,3.5290918,1.2590919,2.4890919,4.0590916,3.1790917,0.7190918,-0.3309082,0.7290918,-1.1409082,0.8690918,1.3390918,0.26909178,-0.3409082,0.3090918,1.1690918,2.2590919,2.3190918,1.1590918,-0.8009082,-0.19090821,0.109091796,-1.0309082,-1.2509083,1.0490918,0.8390918,0.5590918,0.7090918,0.7990918,-0.040908203,3.8190918,4.7090917,2.4890919,-0.3709082,1.5890918,2.8890917,3.3390918,3.0890918,-0.6609082,3.6290917,3.219092,2.2490919,1.3290918,0.9690918,2.0890918,2.5490918,2.2390919,-0.7509082,-0.8909082
0.9090918,3.7890918,6.199092,6.509092,6.469092,7.1090918,8.219091,7.7090917,7.049092,6.0190916,5.319092,4.589092,1.3390918,-0.3009082,0.7390918,-0.8709082,-1.7909082,-3.9709082,-3.2109082,-1.3809083,1.5490918,2.3590918,0.7690918,-0.6909082,-0.4909082,0.3990918,1.9890918,2.2690918,0.9590918,-2.6909082,1.2490917,0.4290918,-2.4809082,0.3490918,1.4390918,0.6190918,1.7790918,3.0390918,4.0590916,3.0990918,4.3090916,4.279092,1.9290918,1.2190918,1.3690917,3.8390918,-0.29090822,3.449092,-0.3109082,1.0090919,0.59909177,1.7990918,-1.6309083,-1.6109082,-1.1409082,-0.1609082,0.7590918,-1.9909081
3.199092,4.0390916,3.3490918,4.0190916,2.729092,3.5190918,4.889092,3.4890919,2.1490917,4.009092,4.6890917,3.7390919,0.8790918,-0.8209082,-3.7509081,-5.070908,-4.930908,-4.5809083,-4.260908,-3.1109083,-1.1809082,-0.6309082,0.009091797,-0.6909082,-1.8209082,0.3090918,2.4090917,3.3490918,2.6490917,2.7990918,-2.0809083,-0.65090823,1.9290918,-1.3409082,0.9790918,2.6490917,3.449092,5.3090916,4.239092,0.3290918,0.8190918,1.9390918,3.1690917,4.799092,3.6490917,1.6190917,0.079091795,2.5590918,0.8790918,3.4290917,5.469092,0.6490918,1.1290917,0.3790918,0.6790918,0.5290918,1.2890918,0.1890918
1.5890918,2.1490917,1.8790917,2.6790917,3.2890918,1.6290917,1.1690918,1.9190918,4.619092,7.069092,4.8790917,0.9290918,-0.1509082,-1.4909081,-3.8109083,-4.3709083,-4.840908,-5.430908,-4.2309084,-1.8509082,-0.7809082,-0.7809082,-1.2209082,-0.8509082,-0.7009082,-0.1809082,0.9490918,1.4990917,2.2890918,2.9090917,3.5090919,2.8490918,1.9190918,0.5690918,0.9890918,3.1790917,4.949092,2.2790918,-1.7009082,-1.6009082,-1.9209082,0.7990918,2.1690917,2.3390918,4.639092,4.2490916,-1.4009082,1.2790918,2.3490918,-0.5909082,6.0590916,8.249092,10.989092,9.209092,8.459092,6.239092,1.8490918,0.3290918
9.349092,4.299092,0.6890918,-0.0909082,1.1890918,3.0290918,-0.1509082,-0.6309082,3.0090919,4.529092,2.2390919,-1.0209082,-0.9709082,-0.3709082,-1.8609082,-1.6109082,-3.6009083,-4.7309084,-3.1709082,-2.3509083,-1.3409082,-0.3009082,-0.040908203,0.1490918,-1.1909082,-1.6709082,-1.4409082,0.2390918,1.7790918,2.479092,2.949092,1.7390918,0.8190918,1.6190917,3.2390919,3.5090919,1.7190918,2.3790917,0.8190918,2.0890918,6.159092,3.719092,1.4990917,1.7790918,2.1890917,2.5490918,1.0690918,0.6390918,-0.4409082,0.5890918,0.7690918,2.6390917,1.3190918,9.869092,8.319092,2.0190918,1.5790918,1.1590918
2.7990918,4.219092,4.1490917,2.0290918,2.2690918,1.7790918,2.8290918,-2.2009082,-3.0009081,-0.6209082,-2.1809082,-3.4509082,-0.4109082,-0.2109082,0.109091796,-0.6909082,-0.2409082,0.3390918,-0.8909082,-1.4009082,-0.7209082,3.2390919,3.8290918,2.719092,-0.040908203,-2.3709083,-3.0109081,-0.8609082,0.0690918,1.0290918,0.3590918,0.3590918,1.4090918,2.6490917,4.889092,4.949092,4.529092,2.7390919,-1.6209083,0.2390918,3.7790918,1.4190918,1.0790918,1.6990918,3.709092,4.1290917,4.8990917,1.3390918,1.0590918,-0.7809082,1.1790918,2.8290918,-0.6009082,4.079092,-1.2809082,-1.3409082,-3.2509081,-0.0709082
-1.7409081,-4.920908,-1.1409082,-0.7009082,1.2090918,0.6890918,2.0090919,1.0590918,0.3690918,0.9490918,0.7090918,0.6090918,0.9990918,3.1790917,0.6390918,1.2490917,1.5590918,0.8090918,0.9490918,-0.0709082,2.1390917,3.2690918,3.0590918,3.0990918,2.1190917,-0.1309082,-0.7009082,-1.3409082,-1.0509082,-0.8409082,-0.6109082,0.9690918,3.5290918,4.049092,4.699092,3.9190917,2.2390919,-1.6609082,-2.9009082,0.8390918,-1.9109082,-0.4709082,0.9290918,2.5490918,3.0590918,5.089092,3.6090918,0.2190918,2.2890918,3.5090919,-1.7409081,0.6190918,1.6490918,0.5090918,1.4190918,0.16909179,0.5890918,-4.010908
-4.180908,-0.5909082,-3.3809083,-1.5309082,-0.1409082,-1.3209082,-0.6109082,1.4990917,0.8690918,-0.8109082,-0.8709082,-1.6009082,-1.4009082,-0.1409082,1.9590918,4.819092,7.029092,5.7890916,3.1790917,1.5490918,1.2790918,1.4490918,1.1990918,1.5190918,3.3490918,1.1690918,-0.3409082,-1.2609082,-1.2209082,-0.5409082,1.4990917,3.8790917,5.119092,3.8790917,4.1290917,1.5690918,-0.1209082,-0.6209082,2.1290917,1.9090918,-0.7109082,-1.3309082,0.1790918,-0.3109082,0.1590918,1.5090919,3.3990917,4.889092,2.9890919,2.3690917,2.7390919,-1.3409082,2.3090918,2.7490919,0.4290918,-0.4109082,-1.5309082,0.9890918
-7.530908,-7.510908,-5.170908,-3.0109081,-1.2209082,-2.8409083,-3.030908,1.9590918,2.1890917,0.26909178,-3.1309083,-3.550908,-3.800908,-4.570908,-3.7309082,-0.5009082,2.6590917,3.9390917,3.8890917,1.0490918,0.8290918,-0.3909082,-0.5709082,0.109091796,0.8190918,2.7790918,3.8390918,2.2490919,2.8890917,2.0090919,2.449092,2.7390919,2.0890918,2.1090918,0.8190918,-1.2109082,-0.9109082,2.9090917,2.2390919,1.6890918,-1.7509083,-4.240908,-1.9709082,-2.1209083,-0.6609082,-0.9509082,2.0190918,2.8490918,2.8190918,2.3590918,3.469092,1.2990918,-0.7409082,-0.1509082,1.8990918,-3.5009081,0.3690918,-1.3909082
-14.3609085,-12.910908,-12.000908,-9.510908,-5.680908,-2.8709083,-2.1009083,1.0790918,2.449092,0.7790918,-1.0009083,-6.050908,-6.900908,-5.7909083,-5.1009083,-2.6709082,-1.0009083,1.0590918,2.7990918,2.8690917,0.8890918,0.13909179,-3.0009081,-2.1909082,-1.6009082,-0.5009082,0.7090918,0.6090918,0.6090918,1.2790918,1.9390918,1.4690918,0.119091794,1.9090918,-1.1809082,-0.2509082,-1.1109082,4.219092,2.5690918,1.3890918,-5.8509083,-3.9909081,-7.300908,-5.880908,-4.260908,-4.030908,-1.6309083,-0.7109082,-0.4109082,1.4390918,0.9790918,2.6190917,0.9390918,1.7790918,0.019091796,0.0690918,-1.0009083,1.0390918
-1.5209082,-5.280908,-12.270908,-11.970908,-9.740909,-8.210908,-3.9609082,-0.4309082,2.5190918,5.069092,3.699092,0.13909179,-4.430908,-3.6309083,-4.7309084,-3.3209083,-2.8309083,-3.4809082,-0.3609082,0.8090918,-0.7109082,-3.7209082,-1.3009082,1.0390918,-0.3509082,-1.4909081,-0.3709082,-1.3409082,0.6690918,4.009092,5.1890917,4.819092,3.7390919,2.4890919,3.0890918,3.6190917,4.469092,-0.8209082,1.5390918,2.5090919,-6.220908,-2.6009083,-6.680908,-8.990909,-7.150908,-5.920908,-5.470908,-3.9009082,-4.800908,-4.6909084,-3.0609083,1.4390918,1.8190918,4.819092,1.8790917,2.0390918,2.0090919,1.3490918
-6.720908,-7.430908,-9.460908,-11.530909,-13.270908,-13.760908,-9.910908,-6.9409084,-2.8109083,-0.5209082,-2.9609082,-2.5009081,-0.9909082,-2.8609083,-3.6109083,-4.1009083,-4.8109083,-2.8209083,-1.9909081,-1.6409082,-3.0609083,-4.0409083,-0.4309082,-0.6709082,-0.2709082,3.4390917,3.6490917,4.6290917,2.3990917,3.3090918,3.3090918,2.479092,3.8790917,0.6090918,1.6390918,2.9290917,7.639092,4.799092,2.2390919,-0.9409082,-6.610908,-5.380908,-5.340908,-5.5609083,-5.880908,-6.610908,-4.2909083,-5.950908,-6.3709083,-3.4009082,-0.7409082,0.3390918,1.9890918,2.0290918,1.3390918,2.5190918,3.979092,6.3790917
-1.6109082,-4.5609083,-6.6909084,-9.210908,-8.400908,-11.510908,-12.490909,-15.020908,-12.060908,-11.830908,-8.520908,-5.6209083,-5.2709084,-6.150908,-6.7909083,-7.860908,-6.6909084,-5.3509083,-4.490908,-2.0109081,-4.030908,-3.9909081,-0.5309082,-3.4909081,-3.3909082,-1.9809082,-0.6409082,-0.8709082,2.3890917,0.5590918,1.3990918,2.8790917,5.719092,2.8090918,2.4190917,5.389092,6.7690916,6.4390917,2.1290917,-0.7509082,-4.130908,-4.6909084,-1.6509082,-4.3709083,-2.7209082,-7.3109083,-5.800908,-4.3909082,-1.1709082,0.7190918,0.9590918,1.1890918,0.7790918,0.9390918,1.9890918,4.009092,3.219092,2.9990919
-4.0409083,-2.2509081,-4.920908,-3.9709082,-5.7509084,-8.650908,-10.540908,-9.400908,-2.800908,-2.7409081,-8.930908,-8.270908,-6.2509084,-5.6009083,-5.9409084,-6.360908,-7.760908,-6.5409083,-6.950908,-4.2909083,-3.4109082,-3.8509083,-4.6009083,-5.880908,-5.860908,-5.0609083,-4.8309083,-4.0409083,-1.4709082,0.8790918,4.299092,4.829092,4.469092,1.2790918,4.1890917,3.7890918,5.579092,3.709092,-0.7909082,-0.1109082,-5.920908,-4.400908,-2.9609082,-7.510908,-5.1209083,-4.9409084,-3.4109082,-3.2009082,-1.2909082,-0.5509082,0.8890918,-0.020908203,0.2090918,0.4690918,1.5490918,1.8390918,2.209092,1.9590918
-9.0820313E-4,-1.7609082,-1.6409082,-2.1509082,-8.760908,-9.490909,-6.1009083,-4.6009083,-4.8909082,-6.530908,-5.4809084,-6.550908,-8.290908,-5.630908,-8.280909,-8.400908,-7.900908,-5.7909083,-5.7309084,-3.7209082,-4.760908,-4.740908,-3.7609081,-3.4409082,-2.9409082,-4.900908,-9.030909,-5.860908,-1.9009082,1.2590919,3.5590918,0.4090918,2.479092,1.7790918,0.9690918,2.3290918,2.949092,0.5890918,-4.760908,-1.8209082,-1.8909082,-4.4409084,-4.9809084,-5.8109083,-5.590908,-4.6909084,-5.0009084,-6.1409082,-4.610908,-3.030908,-3.5709083,-2.3809083,-2.7109082,-0.9909082,0.1890918,0.029091798,-1.7609082,-0.8909082
-6.070908,-3.7309082,-2.1909082,-1.6909082,-2.3509083,-3.5009081,-1.0809082,-5.9609084,-8.410908,-8.820909,-8.8609085,-7.010908,-7.910908,-6.030908,-7.470908,-8.910908,-6.780908,-6.0609083,-3.540908,-7.5609083,-5.840908,-3.2509081,-0.8109082,-1.6409082,-1.5609082,-3.6709082,-7.5609083,-4.4609084,-4.010908,-1.2909082,-0.5009082,1.9590918,2.3690917,-0.9509082,-0.5709082,-0.9409082,-2.7209082,-2.3509083,-0.8509082,-4.030908,-9.660908,-11.320909,-8.150908,-8.300908,-6.430908,-4.800908,-7.910908,-8.410908,-6.680908,-7.160908,-5.1909084,-3.7009082,-3.9809082,-1.9609082,-1.2309082,-0.9509082,1.1190917,0.7090918
-7.670908,-6.6909084,-4.5409083,-3.0109081,-7.240908,-8.750908,-10.880908,-9.740909,-7.820908,-10.100908,-9.100908,-7.220908,-6.630908,-9.540908,-8.710908,-6.7709084,-10.060908,-11.850908,-9.430908,-3.020908,-2.6109083,-1.4309082,-1.2509083,-3.020908,-6.970908,-5.590908,-6.6909084,-6.5609083,-4.6409082,-1.0409082,0.19909179,0.1590918,-4.030908,-4.2309084,-5.4409084,-4.930908,-5.430908,-5.660908,-8.540908,-3.530908,-8.820909,-8.920908,-9.640908,-6.2509084,-8.040908,-8.050908,-9.200909,-8.370908,-6.910908,-4.1909084,-4.0409083,-2.6009083,-1.8509082,-2.9409082,-4.1409082,-2.3509083,-2.7109082,-1.0509082
-11.080908,-8.480908,-7.3509083,-7.220908,-9.080908,-9.450909,-7.1209083,-6.170908,-7.280908,-10.6109085,-9.800908,-11.060908,-10.140908,-7.9409084,-7.1209083,-8.290908,-10.670908,-3.9809082,-1.8109082,-3.8309083,-5.670908,-3.1909082,-4.6009083,-6.470908,-6.300908,-6.2709084,-6.510908,-6.380908,-2.1609082,-2.4009082,-2.9009082,-4.630908,-6.630908,-7.320908,-4.320908,-6.150908,-5.720908,-1.7709082,-2.7109082,-3.7109082,-3.4509082,-2.8909082,-5.8109083,-9.630908,-9.480908,-9.030909,-6.8309083,-4.0209084,-6.2309084,-6.1909084,-4.410908,-3.800908,-6.400908,-8.1109085,-6.2909083,-6.9409084,-6.2909083,-4.6209083
-9.640908,-9.740909,-6.180908,-10.140908,-12.140908,-11.260908,-9.530909,-8.970908,-9.100908,-8.490909,-9.570909,-5.8109083,-6.3309083,-4.800908,-11.430908,-9.620908,-17.680908,-8.120908,-7.300908,-5.010908,-5.920908,-6.6009083,-6.430908,-5.590908,-7.3509083,-4.0809083,-4.900908,-5.0409083,-3.2609081,-5.320908,-5.8309083,-7.590908,-8.570909,-8.390908,-3.280908,-1.5309082,-3.300908,-2.9109082,-1.1609082,-2.2309082,-1.2209082,-2.8409083,-2.2609081,-6.410908,-8.800908,-9.660908,-8.400908,-7.570908,-4.9609084,-6.7909083,-6.610908,-5.840908,-8.040908,-8.470908,-7.340908,-9.170908,-7.0209084,-5.950908
-8.580908,-8.240909,-8.790908,-5.380908,-8.770908,-13.390908,-11.720908,-15.260908,-6.220908,-2.9309082,-6.070908,-7.130908,-4.170908,-2.5709083,-2.4409082,0.5290918,0.5690918,-9.210908,-12.790908,-8.330908,-6.180908,-6.860908,-8.700909,-6.2909083,-11.230908,-7.950908,-4.950908,-7.170908,-7.400908,-10.080908,-12.220908,-5.990908,2.1690917,3.0590918,6.099092,4.8990917,6.179092,3.2490919,1.7790918,-1.0709082,-0.5809082,-3.540908,-8.430908,-2.6509082,-3.4009082,-11.700909,-10.700909,-9.290908,-9.450909,-6.5809083,-6.490908,-8.370908,-5.660908,-3.8409083,-2.9909081,-2.7009082,-1.9509082,-1.0109082
-10.550908,-8.350908,-9.870908,-9.010908,-7.6409082,-6.3509083,-7.760908,-11.680908,-9.530909,-3.8909082,-4.320908,-3.5109081,-3.030908,-1.2409081,-1.3609082,-2.7309082,-4.840908,-7.110908,-7.970908,-6.3709083,-8.800908,-8.810908,-6.6009083,-8.280909,-10.250908,-7.1009083,-8.870908,-9.120908,-13.410908,-14.070909,0.5590918,5.829092,2.7590919,5.199092,4.849092,8.199092,8.369092,4.2490916,8.929091,4.839092,0.4390918,-2.1909082,-3.0609083,-4.700908,-1.6309083,-6.8509083,-11.120908,-14.370908,-11.780909,-9.880908,-8.540908,-5.410908,-2.7409081,-3.520908,-3.0809083,0.9290918,1.3190918,1.5990918
-4.570908,-6.900908,-6.610908,-8.670908,-6.800908,-3.8909082,-3.1009083,-3.3209083,-9.120908,-5.5409083,-2.9809082,-2.9209082,-3.3809083,-3.9409082,-4.0809083,-5.840908,-5.800908,-7.010908,-6.5409083,-7.2109084,-8.040908,-7.380908,-8.770908,-9.410908,-10.100908,-12.340908,-12.270908,-14.280909,-3.0809083,5.6290917,4.799092,1.4790918,3.699092,3.4390917,5.9790916,5.909092,3.469092,3.4890919,4.009092,1.7190918,3.0690918,-0.2709082,-0.22090821,-0.7609082,-6.180908,1.2690918,-10.160908,-9.850908,-6.090908,-4.2509084,-3.3809083,-3.1809082,-2.780908,-1.7109082,4.549092,4.1690917,4.1290917,2.9990919
-9.340908,-9.380908,-10.350908,-6.9409084,-6.6409082,-5.820908,-3.4609082,-6.3709083,-7.7909083,-7.7509084,-4.7509084,-3.8409083,-4.2909083,-5.180908,-4.990908,-7.5009084,-8.920908,-7.090908,-7.530908,-8.840908,-9.380908,-7.0009084,-11.280909,-5.170908,-5.110908,-0.2809082,-1.0409082,-0.8009082,0.13909179,0.84909177,-2.790908,-4.910908,1.3390918,-0.5309082,1.0490918,3.2890918,2.6690917,2.6190917,1.1290917,2.479092,2.719092,1.3290918,-1.2609082,-1.9709082,-3.8309083,1.4490918,2.0090919,1.5290918,-1.0209082,0.049091797,1.0390918,-0.040908203,2.459092,4.969092,7.159092,5.779092,6.119092,4.329092
-10.420908,-5.910908,-4.2509084,-6.800908,-7.420908,-6.840908,-5.660908,-6.7709084,-6.550908,-7.450908,-6.3109083,-5.7909083,-5.950908,-5.910908,-7.970908,-9.790908,-6.9409084,-6.280908,-5.7909083,-11.250908,-4.470908,-3.4809082,-5.400908,-6.630908,-3.9509082,-6.0009084,-5.0809083,-1.7309082,-3.8609083,-3.9909081,-3.020908,-1.0309082,2.0890918,-5.5009084,-6.5409083,-0.6809082,3.6190917,5.6890917,3.959092,0.5290918,4.2290916,0.8390918,-3.6709082,0.4190918,1.3790917,-0.6809082,0.7590918,2.1290917,-0.0909082,0.3690918,3.8490918,9.259091,7.889092,5.759092,5.9990916,5.9790916,5.3590918,2.719092
-7.110908,-5.380908,-8.300908,-6.3509083,-5.5609083,-6.6009083,-4.840908,-4.5609083,-8.200909,-7.6909084,-5.5809083,-5.340908,-8.090908,-8.400908,-8.450909,-8.480908,-6.9409084,-2.4909081,-0.8909082,-3.3609083,-6.1209083,-12.840908,-13.080908,-10.660908,-9.060908,-4.8509083,-4.110908,-5.0209084,-6.050908,-6.920908,-5.9409084,-2.7209082,1.1490918,3.6090918,5.5390916,5.009092,3.8490918,4.409092,-0.8809082,0.1590918,-9.0820313E-4,0.3090918,-0.6809082,0.9790918,-0.030908203,-0.5409082,0.3190918,4.9190917,8.319092,11.399092,11.659092,10.839092,11.3890915,7.889092,5.469092,5.7490916,6.2690916,6.819092
-7.3309083,-10.200909,-9.460908,-7.180908,-5.740908,-6.5809083,-5.9809084,-4.5009084,-4.110908,-7.0009084,-6.7909083,-4.8709083,-4.570908,-6.3309083,-4.740908,-1.4409082,0.2790918,0.8290918,-3.0609083,-6.2509084,-5.3309083,-10.080908,-10.420908,-3.2209082,-0.1809082,-3.5109081,-7.0009084,-4.7709084,-2.790908,-2.6509082,-4.1909084,-2.6209083,0.8290918,4.469092,5.909092,5.889092,5.8090916,2.3090918,1.0490918,-0.4609082,-0.5709082,1.0190918,-1.1409082,-0.48090822,-2.2009082,0.7390918,4.659092,6.889092,6.9590917,4.2890916,5.1490917,5.7890916,4.329092,4.049092,5.909092,4.7890916,6.239092,8.809092
