public/data/weather/2019/09/28/0000-wind-isobaric-850hPa-gfs-1.0.json
{"header": { "discipline":0, "disciplineName":"Meteorological products", "gribEdition":2, "gribLength":79181, "center":7, "centerName":"US National Weather Service - NCEP(WMC)", "subcenter":0, "refTime":"2019-09-28T00:00:00.000Z", "significanceOfRT":1, "significanceOfRTName":"Start of forecast", "productStatus":0, "productStatusName":"Operational products", "productType":1, "productTypeName":"Forecast products", "productDefinitionTemplate":0, "productDefinitionTemplateName":"Analysis/forecast at horizontal level/layer at a point in time", "parameterCategory":2, "parameterCategoryName":"Momentum", "parameterNumber":2, "parameterNumberName":"U-component_of_wind", "parameterUnit":"m.s-1", "genProcessType":2, "genProcessTypeName":"Forecast", "forecastTime":0, "surface1Type":100, "surface1TypeName":"Isobaric surface", "surface1Value":85000.0, "surface2Type":255, "surface2TypeName":"Missing", "surface2Value":0.0, "gridDefinitionTemplate":0, "gridDefinitionTemplateName":"Latitude_Longitude", "numberPoints":65160, "shape":6, "shapeName":"Earth spherical with radius of 6,371,229.0 m", "gridUnits":"degrees", "resolution":48, "winds":"true", "scanMode":0, "nx":360, "ny":181, "basicAngle":0, "lo1":0.0, "la1":90.0, "lo2":359.0, "la2":-90.0, "dx":1.0, "dy":1.0 }, "data":
[rows 78 to 103 of 181, columns 116 to 173 of 360]
-2.9509082,-2.8209083,-1.4909081,-1.2309082,-0.5709082,-0.8109082,-0.1409082,1.6290917,1.3990918,1.5290918,1.4990917,1.4390918,2.209092,3.8090918,6.469092,5.9790916,9.149092,10.779092,5.719092,5.589092,4.369092,4.3090916,3.0990918,1.7790918,-0.3109082,-0.8409082,-2.030908,-2.7609081,-1.7209082,-1.2909082,-2.1009083,-1.4009082,-1.9609082,-0.3209082,-0.5009082,0.5190918,-0.030908203,-0.2509082,-0.26090822,-1.1209083,-0.8509082,0.2990918,0.049091797,0.009091797,0.7090918,0.2790918,0.9790918,1.3990918,1.9490918,2.6390917,3.0690918,3.9990919,3.8190918,3.3990917,3.3990917,3.1490917,2.699092,2.9090917
-4.110908,-1.8709083,-1.4709082,-1.3609082,-1.6909082,-1.6809082,0.9590918,-0.050908204,0.84909177,1.7490917,3.0890918,2.459092,3.969092,3.9990919,4.3090916,5.469092,3.9190917,4.869092,4.099092,3.8890917,2.5490918,2.5390918,0.8690918,0.7390918,-0.8309082,-1.0209082,-2.4909081,-2.6009083,-2.5909083,-1.6809082,-1.8609082,-1.6909082,-2.1809082,-0.2809082,-0.1509082,0.5490918,0.3090918,-1.6209083,-1.8109082,-1.1609082,-0.6909082,0.009091797,0.3290918,0.9990918,0.8990918,1.6190917,1.2990918,1.8290918,1.8990918,2.5590918,3.6090918,4.1890917,4.1290917,3.8790917,4.139092,4.299092,4.029092,4.8090916
-0.9709082,-0.2709082,-1.3509082,-1.6309083,-1.2309082,-0.8409082,-1.7709082,0.2990918,0.7790918,1.9290918,1.6490918,3.5290918,5.319092,5.159092,4.659092,3.979092,4.2690916,4.279092,2.5490918,2.959092,2.1790917,1.5690918,0.3890918,-0.22090821,-0.6809082,-1.9009082,-2.7409081,-3.1709082,-3.1109083,-3.4509082,-3.5009081,-2.3109083,-1.0809082,-0.8009082,-1.1009082,-0.3609082,-0.3809082,-1.6609082,-1.7909082,-1.0509082,-1.2209082,-0.4709082,-0.5209082,0.2290918,0.7990918,1.0890918,2.5590918,3.229092,2.6790917,3.2790918,2.5890918,2.7990918,3.7990918,4.839092,5.029092,4.869092,5.369092,5.849092
-1.9109082,-1.4709082,-1.1909082,-1.9709082,-1.8309082,-0.9509082,-0.4609082,-0.1609082,0.3590918,1.8590918,0.48909178,2.469092,3.4390917,4.3790917,3.979092,4.089092,3.2790918,2.969092,1.7890918,1.1690918,1.1190917,0.2390918,-0.3909082,-1.1009082,-1.9709082,-3.6609082,-3.6609082,-3.5909083,-4.0009084,-5.090908,-4.1909084,-2.9209082,-1.5409082,-1.7009082,-1.6309083,-1.8109082,-1.1209083,-1.0809082,-0.3309082,-1.0509082,-0.3509082,-1.3309082,-1.2909082,-0.5909082,0.3390918,0.9090918,1.1090918,2.2890918,2.1190917,2.0190918,3.5090919,4.1090918,4.449092,4.7890916,5.0190916,5.339092,5.7890916,5.699092
-3.2009082,-2.300908,-1.5009083,-1.5309082,-1.6409082,-0.8509082,-0.7109082,-0.3409082,-0.3509082,0.5190918,1.0690918,2.6190917,3.7490919,3.1190917,3.6490917,2.6090918,1.8690917,0.2090918,0.8790918,0.7090918,0.4690918,-0.4409082,-1.5609082,-1.9709082,-2.4209082,-4.1409082,-3.6409082,-4.170908,-5.780908,-5.1909084,-4.8909082,-4.490908,-3.4309082,-2.8709083,-2.6809082,-1.7409081,-1.9409082,-1.0409082,-1.4509082,-0.7809082,-0.3709082,-1.9309082,-0.9109082,0.0990918,0.6190918,1.6790918,1.3090918,1.0790918,1.3790917,3.0690918,2.8290918,3.0090919,2.2990918,3.0590918,3.3290918,3.4090917,4.569092,4.929092
-2.5009081,-1.3509082,-1.8409082,-1.0209082,0.2090918,-0.2709082,-0.1709082,-0.4309082,0.59909177,0.5090918,0.59909177,1.6190917,1.6590918,2.229092,2.7690918,1.5390918,2.0390918,0.7890918,0.7490918,0.5590918,-0.3709082,-1.3909082,-2.2509081,-3.550908,-4.130908,-3.6609082,-4.0209084,-5.5009084,-5.8309083,-5.950908,-5.8709083,-4.9409084,-3.800908,-3.7509081,-3.1509082,-2.9309082,-3.1709082,-3.030908,-2.780908,-1.8809083,-1.7709082,-1.4809082,-2.1609082,-2.7009082,-0.7209082,-0.2809082,-9.0820313E-4,0.7490918,0.9590918,1.4390918,0.3490918,-0.3409082,-0.060908202,1.8590918,1.8190918,3.1790917,2.1390917,1.7590919
-0.3409082,-0.26090822,0.059091795,-0.6609082,0.2090918,0.1590918,-0.0809082,-0.2809082,0.7790918,0.3990918,0.9690918,1.5490918,1.5890918,3.1490917,2.4990919,2.2490919,2.8290918,1.6190917,1.8590918,0.6590918,-1.0109082,-1.7109082,-2.3209083,-3.4109082,-6.3509083,-5.530908,-6.4609084,-6.4609084,-5.4609084,-6.070908,-5.570908,-3.8409083,-4.130908,-4.490908,-4.660908,-4.340908,-2.9309082,-3.290908,-3.4209082,-2.800908,-2.3709083,-2.2509081,-2.0609083,-1.1209083,-1.0209082,-1.1409082,-1.2209082,-0.9709082,-1.7909082,-2.0709083,-2.1209083,-1.5509082,-2.2409081,0.8090918,0.019091796,1.8490918,0.2890918,-0.5009082
-0.8109082,-0.3209082,0.0990918,0.5790918,0.7190918,0.8990918,0.3890918,0.9090918,2.1390917,3.209092,2.2390919,2.4290917,2.7690918,3.8890917,4.299092,3.7590919,2.9390917,3.219092,2.0290918,0.9590918,0.0690918,-0.7609082,-2.9309082,-5.430908,-6.7309084,-6.7309084,-5.6409082,-6.6009083,-5.3309083,-5.050908,-5.720908,-4.8909082,-5.2709084,-4.9809084,-4.610908,-4.0209084,-3.6809082,-3.7509081,-3.790908,-3.0109081,-3.0709083,-3.0909083,-2.1009083,-2.9609082,-1.9609082,-2.1309083,-1.5609082,-4.410908,-4.4409084,-4.2509084,-3.040908,-2.1109083,-2.290908,-1.8409082,0.5890918,-1.7409081,-1.9209082,-2.1209083
0.1290918,0.2790918,0.0990918,1.5090919,1.8190918,1.9390918,1.1290917,1.0990918,2.0690918,2.1590917,2.5290918,2.8690917,3.5790918,4.4390917,4.389092,3.969092,1.9690918,1.5490918,0.3090918,0.9590918,-1.3509082,-2.280908,-3.6109083,-4.970908,-6.610908,-8.120908,-7.840908,-7.7309084,-7.160908,-5.8109083,-6.7309084,-6.7509084,-6.2509084,-7.030908,-5.070908,-4.650908,-5.950908,-4.2109084,-4.110908,-5.570908,-4.180908,-4.380908,-4.860908,-4.9809084,-2.770908,-1.7409081,-3.2309082,-4.720908,-4.910908,-5.6209083,-2.770908,-2.1709082,-2.4109082,-1.7509083,-2.9609082,-3.020908,-3.780908,-3.1909082
0.5590918,-0.4009082,0.1890918,1.7890918,1.9990917,2.5990918,1.5090919,0.7590918,1.1990918,0.7490918,2.1490917,2.3790917,2.3190918,2.3190918,2.6690917,3.0290918,2.8990917,1.5290918,0.4190918,-0.6809082,-2.6609082,-3.2209082,-3.8909082,-4.170908,-6.380908,-8.000908,-8.740909,-8.420908,-7.1209083,-6.7509084,-6.410908,-5.5009084,-5.740908,-5.650908,-5.2709084,-5.700908,-5.160908,-5.2509084,-6.840908,-6.700908,-5.610908,-5.3709083,-5.420908,-4.260908,-3.6109083,-5.800908,-4.880908,-5.200908,-5.280908,-4.5809083,-2.8909082,-2.4809082,-3.7109082,-5.360908,-5.420908,-5.490908,-4.880908,-4.2509084
-0.1209082,0.2590918,1.1890918,1.2690918,1.9490918,1.5390918,1.3390918,0.3590918,0.0690918,-1.1509082,2.1190917,1.6290917,1.6490918,1.7890918,1.5690918,1.8090918,2.3490918,0.5390918,-0.0809082,-3.530908,-3.5009081,-2.8909082,-4.3109083,-5.070908,-5.380908,-7.280908,-8.1109085,-8.460908,-7.700908,-7.240908,-7.160908,-6.5609083,-5.670908,-6.0809083,-5.590908,-6.970908,-6.0409083,-6.2309084,-6.0809083,-7.530908,-6.3109083,-6.3909082,-5.0009084,-4.820908,-5.840908,-5.820908,-5.450908,-6.280908,-5.740908,-3.7409081,-3.0909083,-3.9509082,-6.0409083,-6.280908,-6.200908,-5.7109084,-4.0609083,-3.7309082
-1.1409082,-9.0820313E-4,0.2890918,0.4990918,1.0990918,0.2090918,0.16909179,0.16909179,-0.5209082,1.6790918,1.9790918,1.3890918,1.8290918,1.7490917,0.2190918,1.3490918,0.7390918,0.0690918,-1.6909082,-4.1909084,-3.5609083,-4.3509083,-3.9009082,-3.770908,-4.880908,-6.170908,-7.1909084,-7.260908,-6.4609084,-7.720908,-7.3109083,-7.0409083,-6.1409082,-7.240908,-7.3309083,-6.760908,-6.9609084,-7.820908,-7.900908,-8.750908,-6.380908,-5.6409082,-5.200908,-5.5009084,-5.7709084,-6.240908,-6.510908,-6.5609083,-5.420908,-4.1209083,-5.170908,-5.840908,-5.420908,-5.4409084,-6.010908,-3.7109082,-5.170908,-2.8609083
-1.1209083,-0.4009082,-1.5009083,-0.100908205,-0.5609082,-0.9209082,-0.2309082,-0.3009082,2.0190918,2.0390918,1.0890918,2.2990918,-1.4709082,-2.4409082,-1.3309082,1.3290918,0.3390918,0.9790918,-1.9109082,-3.270908,-3.8209083,-3.780908,-5.0409083,-5.490908,-4.910908,-6.610908,-6.470908,-7.450908,-7.0009084,-7.800908,-8.170908,-8.230908,-7.8309083,-7.4409084,-6.5409083,-7.3309083,-7.170908,-7.800908,-7.170908,-6.220908,-6.6409082,-5.470908,-8.000908,-5.010908,-6.7709084,-8.330908,-7.510908,-6.8909082,-7.9609084,-6.7109084,-6.5809083,-5.1209083,-4.0809083,-5.070908,-5.930908,-4.910908,-4.320908,-3.6509082
-0.5209082,-1.7709082,-0.2009082,0.8290918,0.4690918,-0.4909082,-1.0409082,2.0190918,2.719092,0.6890918,0.2090918,2.0790918,0.9890918,1.1090918,-0.1809082,0.9290918,0.079091795,0.9290918,-0.8309082,-1.7309082,-2.6309083,-4.8909082,-8.210908,-7.550908,-5.910908,-6.260908,-5.680908,-5.9809084,-6.170908,-6.4809084,-7.030908,-7.320908,-5.590908,-5.160908,-5.670908,-6.3709083,-8.150908,-6.9609084,-7.1409082,-5.7309084,-6.4409084,-6.4809084,-7.340908,-7.410908,-7.670908,-8.600908,-8.450909,-7.1409082,-5.5009084,-7.3709083,-5.670908,-5.9609084,-5.5809083,-5.1209083,-6.3709083,-6.200908,-4.6409082,-4.050908
-3.9809082,-0.7909082,-0.5909082,2.0790918,-0.6209082,-1.3709083,0.4490918,1.4090918,1.2590919,3.2590919,1.0990918,0.2590918,0.9690918,-0.6309082,-0.6709082,0.0890918,-2.540908,0.079091795,2.8190918,1.9990917,-2.520908,-3.1309083,-4.4809084,-6.650908,-6.680908,-7.010908,-5.510908,-6.1909084,-6.0209084,-6.2909083,-6.550908,-7.0609083,-7.200908,-5.5409083,-5.8109083,-5.5009084,-7.900908,-8.220908,-6.610908,-6.570908,-6.3909082,-6.6209083,-6.2309084,-6.400908,-7.9609084,-8.070909,-6.1209083,-7.470908,-7.4809084,-6.930908,-6.3109083,-6.630908,-6.3909082,-6.570908,-6.130908,-5.5209084,-5.2309084,-4.550908
-3.0109081,-2.3609083,-5.9609084,-0.1809082,-1.7309082,-0.5309082,0.079091795,-0.8409082,-1.2509083,0.4390918,1.0890918,-0.6909082,-4.8109083,-3.790908,-3.1309083,-5.430908,-3.790908,-4.6009083,-1.3109082,1.9490918,1.5190918,-2.0109081,-4.280908,-6.070908,-5.280908,-5.240908,-6.180908,-5.9409084,-5.630908,-5.530908,-6.200908,-5.530908,-5.630908,-5.930908,-5.010908,-5.360908,-6.7509084,-7.1909084,-6.530908,-6.2909083,-6.5009084,-6.800908,-7.160908,-6.090908,-6.5809083,-7.150908,-8.350908,-8.370908,-8.140908,-8.090908,-7.6009083,-6.720908,-5.7109084,-5.0409083,-6.010908,-4.7709084,-4.090908,-5.780908
-6.8509083,-4.1209083,-2.8609083,-5.670908,-7.3309083,-3.7009082,-2.8309083,-3.4009082,-3.0609083,-3.030908,-3.2209082,-4.8309083,-4.900908,-5.6909084,-5.630908,-5.090908,-3.2209082,-4.420908,-4.510908,-3.0809083,0.019091796,0.2090918,-1.4009082,-1.1909082,-2.1109083,-3.6709082,-3.9309082,-4.910908,-6.3709083,-6.760908,-7.150908,-4.400908,-3.280908,-3.4609082,-4.3309083,-3.9109082,-2.4709082,-4.900908,-7.070908,-6.860908,-6.590908,-6.660908,-6.6009083,-7.340908,-6.360908,-7.7509084,-7.6909084,-7.5609083,-8.340908,-7.8309083,-6.4409084,-7.010908,-7.510908,-5.240908,-3.8409083,-4.530908,-5.2709084,-7.510908
-7.3909082,-6.6009083,-5.450908,-6.8709083,-7.740908,-7.5809083,-6.510908,-5.320908,-4.400908,-3.9809082,-4.280908,-4.630908,-3.540908,-3.1709082,-5.220908,-6.0209084,-6.8309083,-5.070908,-4.720908,-5.170908,-4.030908,-6.380908,-7.950908,-6.6909084,-0.2109082,0.45909178,-0.5809082,0.8090918,-0.5609082,-5.470908,-8.170908,-8.260908,-5.530908,-2.2309082,-2.1209083,-4.240908,-4.6409082,-4.6909084,-5.900908,-6.0009084,-6.2709084,-5.490908,-5.920908,-5.800908,-7.160908,-7.2109084,-7.470908,-9.570909,-7.7909083,-6.240908,-7.070908,-6.4409084,-6.2909083,-5.360908,-4.1209083,-3.5609083,-6.090908,-7.930908
-8.760908,-9.920908,-11.910908,-11.940908,-11.760908,-9.920908,-8.800908,-6.090908,-4.5009084,-3.6109083,-5.1009083,-4.930908,-2.6509082,-4.4809084,-4.3709083,-6.1909084,-8.540908,-8.580908,-7.110908,-5.8109083,-6.8109083,-7.1909084,-6.450908,-7.1909084,-4.7709084,-5.840908,-0.8709082,0.6290918,-1.8509082,-0.7909082,-1.5709082,-0.3909082,-4.780908,-3.9309082,-4.300908,-5.2709084,-3.5109081,-2.6709082,-3.7609081,-2.6509082,-6.470908,-5.530908,-6.090908,-6.5409083,-7.8109083,-7.8309083,-7.800908,-8.530909,-7.3709083,-5.630908,-6.5609083,-6.7509084,-6.6409082,-7.0209084,-6.800908,-6.450908,-7.200908,-7.8109083
-6.590908,-8.120908,-10.700909,-10.340908,-8.180908,-7.180908,-8.690908,-11.320909,-8.620908,-9.030909,-9.180908,-7.990908,-7.6009083,-9.490909,-9.230908,-8.1109085,-9.050908,-9.350908,-9.200909,-9.060908,-7.450908,-6.840908,-6.160908,-6.0409083,-4.2909083,-4.530908,-6.180908,-4.090908,-1.4309082,0.8890918,-1.8109082,-2.8809083,-3.1409082,-3.9009082,-3.770908,-4.8509083,-4.4809084,-4.300908,-4.610908,-5.8709083,-5.4809084,-5.700908,-6.2109084,-7.0009084,-7.010908,-6.6009083,-7.3709083,-6.2309084,-6.920908,-6.2309084,-6.110908,-5.570908,-5.840908,-6.490908,-6.070908,-7.8709083,-8.000908,-6.360908
-2.8709083,-6.0209084,-8.010908,-9.590908,-9.600908,-7.3309083,-8.130908,-8.500908,-12.390908,-15.880908,-16.650908,-15.880908,-15.480908,-14.520908,-13.290908,-11.930908,-10.530909,-9.770908,-9.440908,-9.180908,-9.810908,-8.740909,-8.760908,-8.260908,-7.150908,-5.590908,-5.160908,-5.5209084,-2.7609081,-0.7809082,1.6590918,-1.9609082,-3.7609081,-4.4409084,-5.1209083,-4.8909082,-4.2909083,-4.0809083,-4.0609083,-4.380908,-3.9109082,-3.6509082,-4.2109084,-4.9809084,-6.110908,-5.7109084,-4.720908,-5.3309083,-6.200908,-5.5609083,-4.590908,-4.2509084,-4.280908,-6.970908,-6.7309084,-5.740908,-6.610908,-5.5809083
-8.420908,-9.790908,-11.260908,-11.450909,-14.330908,-14.450909,-14.010908,-14.6109085,-13.750908,-10.370908,-14.160908,-15.000908,-16.120909,-15.460908,-14.490909,-14.720908,-12.680908,-10.690908,-8.320909,-8.520908,-9.100908,-9.950909,-8.790908,-8.810908,-7.740908,-8.100908,-7.400908,-5.7109084,-4.670908,-4.8909082,-1.8909082,-0.3009082,-1.0309082,-3.9209082,-4.030908,-2.9009082,-2.4209082,-2.4909081,-2.4109082,-2.1709082,-2.1809082,-2.4309082,-2.8409083,-3.300908,-3.2109082,-2.3609083,-4.7509084,-4.2109084,-4.4809084,-6.340908,-8.060908,-8.700909,-7.720908,-7.7109084,-7.530908,-7.1009083,-6.7509084,-6.610908
-12.130908,-11.840908,-15.210908,-15.130908,-15.780909,-15.600908,-14.500908,-14.830908,-15.910908,-15.340908,-15.050908,-14.720908,-14.840908,-15.170908,-14.370908,-15.520908,-14.550908,-13.1109085,-10.520908,-9.180908,-10.980908,-13.6109085,-16.450909,-13.070909,-9.420908,-8.790908,-9.680908,-8.940908,-9.370908,-10.340908,-10.660908,-10.880908,-7.6009083,-1.8509082,-4.0209084,-4.400908,-3.520908,-3.2509081,-2.8309083,-3.3109083,-2.3709083,-2.2309082,-2.7409081,-1.6309083,-1.3809083,-3.550908,-5.220908,-4.5409083,-4.400908,-6.2509084,-9.6109085,-8.830908,-10.050908,-10.590908,-9.830908,-8.660908,-9.160908,-8.950909
-12.930908,-13.890908,-13.480908,-14.700909,-14.300908,-13.970908,-12.830908,-13.1109085,-12.470908,-12.660908,-12.870908,-11.800908,-12.150908,-13.020908,-13.900908,-14.780909,-15.320909,-15.790908,-14.540908,-14.710908,-14.600908,-14.390908,-13.620908,-14.1109085,-13.770908,-10.390908,-7.1409082,-10.640908,-10.170908,-10.980908,-11.470908,-11.260908,-9.1109085,-8.870908,-6.970908,-6.590908,-5.5409083,-5.700908,-5.820908,-6.1009083,-5.590908,-4.530908,-3.4309082,-3.4909081,-4.1409082,-4.3109083,-5.010908,-5.050908,-4.8709083,-5.7909083,-6.740908,-9.410908,-10.3609085,-9.640908,-9.660908,-9.570909,-9.010908,-10.880908
-10.420908,-11.570909,-12.060908,-12.490909,-12.400908,-12.900908,-10.690908,-9.510908,-9.810908,-10.380908,-8.850908,-9.050908,-8.160908,-9.990909,-12.000908,-12.640908,-14.020908,-13.010908,-13.990909,-12.580908,-11.3609085,-12.650908,-11.660908,-11.600908,-11.560908,-12.150908,-11.270908,-5.920908,-7.9609084,-8.210908,-9.940908,-9.580908,-9.500908,-9.170908,-9.120908,-8.6109085,-10.570909,-11.100908,-8.920908,-7.7709084,-6.430908,-5.6209083,-5.220908,-5.900908,-6.990908,-6.800908,-5.110908,-5.510908,-7.150908,-6.4809084,-7.150908,-7.3109083,-8.850908,-8.720908,-7.160908,-6.7709084,-6.0409083,-5.240908
-8.470908,-9.600908,-11.070909,-10.500908,-9.380908,-10.640908,-9.750908,-8.050908,-6.220908,-6.2709084,-5.930908,-5.910908,-8.310908,-9.130908,-8.490909,-10.970908,-12.140908,-12.720908,-10.720908,-11.600908,-11.320909,-10.210908,-10.000908,-10.410908,-9.720908,-8.590908,-10.480908,-11.040908,-4.2909083,-5.0809083,-7.490908,-7.700908,-7.0209084,-6.9809084,-6.820908,-7.320908,-7.490908,-7.3709083,-9.310908,-9.330908,-10.300908,-9.940908,-8.3609085,-7.410908,-7.8309083,-8.070909,-5.780908,-8.450909,-7.760908,-4.9409084,-5.610908,-7.260908,-6.970908,-7.0809083,-7.240908,-7.570908,-6.1909084,-3.1409082
