public/data/weather/2019/09/28/0000-wind-isobaric-70hPa-gfs-1.0.json
{"header": { "discipline":0, "disciplineName":"Meteorological products", "gribEdition":2, "gribLength":66726, "center":7, "centerName":"US National Weather Service - NCEP(WMC)", "subcenter":0, "refTime":"2019-09-28T00:00:00.000Z", "significanceOfRT":1, "significanceOfRTName":"Start of forecast", "productStatus":0, "productStatusName":"Operational products", "productType":1, "productTypeName":"Forecast products", "productDefinitionTemplate":0, "productDefinitionTemplateName":"Analysis/forecast at horizontal level/layer at a point in time", "parameterCategory":2, "parameterCategoryName":"Momentum", "parameterNumber":3, "parameterNumberName":"V-component_of_wind", "parameterUnit":"m.s-1", "genProcessType":2, "genProcessTypeName":"Forecast", "forecastTime":0, "surface1Type":100, "surface1TypeName":"Isobaric surface", "surface1Value":7000.0, "surface2Type":255, "surface2TypeName":"Missing", "surface2Value":0.0, "gridDefinitionTemplate":0, "gridDefinitionTemplateName":"Latitude_Longitude", "numberPoints":65160, "shape":6, "shapeName":"Earth spherical with radius of 6,371,229.0 m", "gridUnits":"degrees", "resolution":48, "winds":"true", "scanMode":0, "nx":360, "ny":181, "basicAngle":0, "lo1":0.0, "la1":90.0, "lo2":359.0, "la2":-90.0, "dx":1.0, "dy":1.0 }, "data":
[rows 108 to 134 of 181, columns 300 to 359 of 360]
3.50542,4.92542,6.38542,6.34542,4.89542,3.69542,3.46542,2.1654198,2.30542,2.49542,0.9454199,-1.00458,-0.9445801,-0.04458008,1.53542,1.74542,0.33541992,1.52542,-0.36458007,0.19541992,-1.0445801,-2.15458,-1.6745801,-1.8945801,-2.53458,-4.30458,-5.46458,-6.33458,-7.91458,-8.08458,-8.54458,-7.40458,-5.84458,-4.81458,-3.95458,-3.01458,-3.42458,-3.65458,-2.8945801,-2.3345802,-1.59458,-0.84458005,0.52541995,0.8054199,1.5554199,1.1054199,0.9454199,-0.13458008,0.18541992,-1.1445801,-1.4145801,-0.31458008,1.1754199,2.59542,2.3754199,2.84542,3.83542,3.22542,3.03542,2.22542
2.3854198,4.10542,5.87542,6.7354198,4.81542,3.4054198,2.6254199,1.4854199,1.0954199,0.7354199,-0.8845801,-2.5745802,-4.73458,-3.92458,-3.3645802,-0.78458005,0.59541994,1.8254199,1.39542,1.02542,-0.38458008,-0.42458007,-1.46458,-2.1045802,-3.20458,-4.66458,-5.02458,-5.17458,-5.79458,-6.79458,-8.79458,-8.89458,-8.08458,-6.25458,-5.44458,-4.31458,-3.45458,-2.8645802,-2.25458,-1.71458,-1.3245801,-0.72458005,-0.07458008,0.23541993,0.97541994,1.2254199,0.85541993,1.14542,0.41541994,0.08541992,-0.24458008,-0.5545801,0.36541992,2.3554199,3.3854198,4.2354198,4.17542,4.17542,4.07542,3.84542
0.23541993,1.7254199,3.04542,4.13542,2.6654198,2.05542,2.00542,1.63542,1.52542,1.1754199,1.01542,0.54541993,-0.89458007,-0.6345801,-0.53458005,0.055419922,-0.6145801,0.24541992,2.09542,2.03542,-0.054580078,-0.18458007,-0.6645801,-1.98458,-3.47458,-4.55458,-6.13458,-6.21458,-5.25458,-6.00458,-7.08458,-8.98458,-8.28458,-7.30458,-6.46458,-6.0145802,-4.66458,-3.1245801,-3.04458,-1.7645801,-1.3045801,-0.4945801,0.08541992,0.72541994,0.5654199,0.65541995,1.0554199,1.2954199,1.77542,1.39542,0.5654199,0.43541992,0.115419924,1.15542,2.50542,3.75542,5.15542,4.90542,4.97542,4.08542
-1.10458,-0.04458008,0.7354199,1.0954199,-0.33458006,-0.23458008,-0.19458008,0.46541992,1.75542,3.1054199,4.06542,3.31542,2.99542,1.5754199,0.6254199,-0.28458008,-0.9245801,-0.19458008,-0.16458008,-0.26458007,-0.96458006,-1.23458,-2.5745802,-1.73458,-3.05458,-4.80458,-5.43458,-7.00458,-5.81458,-6.60458,-6.48458,-6.42458,-7.43458,-7.2045803,-7.17458,-6.63458,-5.55458,-4.44458,-2.52458,-2.97458,-2.3745801,-1.3245801,-1.0545801,-1.0145801,0.43541992,0.90541995,1.2054199,0.5854199,1.1954199,2.04542,1.26542,0.54541993,1.75542,1.5754199,1.75542,2.99542,4.09542,4.2954197,5.21542,4.99542
-2.18458,0.4754199,1.3154199,1.6054199,3.8754199,5.38542,5.2354198,6.31542,6.7954197,6.99542,7.2754197,5.14542,4.16542,2.52542,1.25542,0.24541992,0.12541991,-0.9345801,0.26541993,0.5654199,0.90541995,-1.6945801,-2.8245802,-3.8345802,-3.26458,-4.29458,-5.2645802,-6.53458,-7.50458,-6.9745803,-6.73458,-6.41458,-5.55458,-5.63458,-5.68458,-6.9745803,-6.40458,-5.71458,-4.7245803,-3.73458,-2.66458,-2.3545802,-1.1445801,-0.15458007,-0.45458007,0.91541994,1.14542,0.5854199,-0.12458008,0.8154199,1.24542,0.91541994,1.26542,1.87542,2.3654199,2.1654198,2.1254199,2.3554199,2.98542,3.59542
0.005419922,2.3754199,3.55542,4.05542,4.94542,6.59542,7.12542,7.39542,8.41542,7.55542,7.69542,7.94542,7.72542,7.64542,5.24542,1.4354199,-0.18458007,-2.3945801,-2.90458,-2.48458,-1.6545801,-1.1545801,-4.11458,-4.4545803,-4.2645802,-4.7245803,-5.37458,-6.89458,-7.79458,-8.14458,-6.93458,-7.52458,-6.82458,-5.16458,-5.40458,-6.14458,-6.32458,-6.05458,-5.11458,-3.79458,-3.96458,-3.27458,-1.87458,-0.6945801,0.27541992,0.4754199,-0.28458008,0.52541995,1.0854199,0.6354199,1.1654199,0.77541995,0.78541994,0.45541993,1.9654199,2.20542,2.07542,1.5454199,1.90542,2.27542
0.5754199,1.8254199,3.00542,5.13542,5.56542,6.81542,6.70542,7.16542,8.58542,6.40542,8.16542,7.58542,7.28542,6.41542,5.36542,3.31542,1.1654199,0.5654199,-0.34458008,-2.6145802,-3.02458,-2.19458,-0.59458005,-4.67458,-6.71458,-4.67458,-4.93458,-4.80458,-8.06458,-6.41458,-7.69458,-6.9745803,-7.21458,-7.25458,-7.14458,-5.9945803,-6.23458,-6.34458,-5.10458,-4.16458,-3.06458,-3.01458,-2.5845802,-2.53458,-1.7045801,-0.24458008,-0.12458008,0.40541992,0.5854199,0.33541992,1.2354199,1.14542,1.6654199,0.5754199,1.2254199,2.31542,2.3954198,2.51542,1.6754199,1.53542
0.8154199,3.05542,4.70542,6.45542,7.43542,7.17542,7.65542,8.63542,7.90542,7.42542,6.56542,5.96542,6.7754197,5.45542,3.72542,2.9054198,2.9154198,1.39542,0.59541994,-0.8045801,-1.7045801,-2.27458,-1.8045801,0.12541991,-6.7245803,-6.23458,-4.57458,-5.66458,-7.07458,-6.69458,-8.13458,-7.11458,-7.37458,-7.66458,-7.30458,-7.2245803,-6.34458,-6.16458,-5.68458,-4.55458,-4.18458,-3.23458,-3.02458,-3.31458,-2.48458,-2.74458,-1.9245801,-0.7645801,-0.77458006,0.71541995,0.52541995,0.8954199,1.15542,1.4554199,2.04542,2.52542,2.80542,1.89542,2.50542,1.3354199
3.1754198,3.99542,6.11542,7.5454197,8.76542,6.36542,8.89542,9.22542,9.04542,8.23542,6.95542,5.61542,3.97542,3.25542,2.6354198,2.55542,1.9254199,1.88542,1.7354199,1.02542,-0.7345801,0.7054199,-2.66458,-0.6745801,-6.73458,-5.52458,-5.23458,-4.89458,-5.84458,-6.66458,-7.88458,-7.69458,-7.85458,-6.64458,-6.9745803,-6.82458,-6.16458,-5.79458,-5.75458,-5.85458,-6.15458,-5.21458,-3.99458,-3.93458,-3.6445801,-2.8245802,-2.53458,-2.0745802,-0.6845801,-0.14458008,0.6754199,0.3154199,0.77541995,0.38541993,0.5154199,0.78541994,1.6654199,2.20542,2.68542,1.53542
5.36542,4.39542,7.5254197,8.15542,9.16542,7.78542,8.86542,10.57542,11.51542,8.69542,8.39542,6.37542,6.47542,5.68542,4.26542,3.45542,2.6554198,2.3554199,1.15542,0.4754199,-0.5045801,1.6154199,-1.3045801,-2.21458,0.39541993,-5.54458,-4.60458,-6.33458,-4.71458,-4.9745803,-6.13458,-7.16458,-6.06458,-6.37458,-5.98458,-5.9945803,-5.80458,-6.77458,-6.04458,-6.41458,-5.52458,-5.35458,-5.31458,-4.39458,-4.02458,-2.73458,-1.9345801,-1.24458,-1.25458,-0.6945801,-0.29458007,0.8954199,0.8954199,0.78541994,0.65541995,0.9254199,0.20541993,0.6754199,1.1654199,2.54542
6.45542,6.89542,8.51542,9.10542,9.33542,8.63542,11.035419,10.84542,9.86542,12.13542,7.55542,7.32542,8.39542,6.22542,4.78542,4.57542,2.49542,1.9654199,0.54541993,-1.1745801,-1.1545801,-0.11458008,0.32541993,-1.7045801,1.1854199,-6.46458,-4.2445803,-3.16458,-4.39458,-3.16458,-5.62458,-6.62458,-7.06458,-6.82458,-6.68458,-5.71458,-6.2445803,-7.48458,-7.61458,-6.7645802,-5.11458,-4.91458,-5.4745803,-4.65458,-3.8645802,-3.18458,-2.03458,-0.47458008,0.43541992,0.49541992,0.5554199,1.53542,1.00542,1.1154199,0.66541994,0.8154199,0.16541992,0.4454199,0.8654199,0.8354199
6.24542,7.65542,8.82542,10.51542,10.63542,10.20542,11.41542,11.88542,10.50542,9.26542,10.9954195,10.57542,7.35542,5.85542,5.36542,5.21542,3.8554199,2.57542,0.20541993,-1.47458,-1.09458,-1.5645801,-2.27458,-1.5745801,-1.1945801,-6.05458,-2.96458,-3.30458,-4.12458,-2.92458,-5.61458,-5.03458,-5.29458,-5.84458,-5.07458,-5.55458,-7.46458,-6.86458,-6.55458,-6.25458,-5.61458,-4.80458,-5.21458,-4.07458,-3.98458,-3.56458,-2.1445801,-1.8245801,-0.19458008,0.8654199,0.4454199,0.8954199,2.1254199,1.00542,0.8654199,0.7354199,0.055419922,0.8354199,0.7554199,0.9354199
6.82542,7.76542,9.44542,11.33542,11.17542,11.21542,12.72542,13.26542,11.43542,10.59542,10.19542,10.26542,8.01542,7.90542,7.19542,5.17542,3.3554199,0.41541994,-1.0745801,-2.8545802,-1.2045801,-2.1245801,-1.3845801,-0.83458006,-0.9345801,-3.66458,-3.30458,-1.9245801,-4.61458,-5.75458,-4.33458,-4.09458,-3.65458,-5.4945803,-4.5145802,-5.90458,-6.0145802,-6.52458,-5.79458,-6.15458,-6.29458,-6.10458,-5.78458,-3.95458,-3.53458,-3.23458,-2.52458,-1.7745801,-0.3745801,-0.33458006,0.53541994,0.5154199,0.8854199,1.03542,0.9354199,0.2854199,1.26542,0.9854199,0.16541992,0.24541992
7.97542,8.98542,9.46542,11.4954195,11.41542,11.82542,13.45542,13.87542,12.34542,12.7454195,11.11542,9.71542,8.63542,8.39542,6.43542,4.88542,4.10542,1.7954199,-0.13458008,-1.4245801,0.22541992,-1.4445801,0.29541993,-0.21458007,-1.00458,-2.06458,-1.4245801,-0.8645801,-3.3545802,-5.89458,-4.2645802,-3.74458,-4.13458,-4.69458,-5.0145802,-4.98458,-4.62458,-3.66458,-4.02458,-5.05458,-5.85458,-5.06458,-3.93458,-3.95458,-2.3745801,-1.6445801,-1.3945801,-1.5545801,-0.47458008,0.8654199,0.90541995,0.8954199,1.3254199,1.13542,1.4554199,0.43541992,0.41541994,-0.04458008,0.36541992,0.7054199
8.4954195,9.38542,9.81542,10.84542,10.45542,11.70542,13.67542,14.42542,12.68542,13.30542,10.06542,10.11542,8.65542,6.84542,5.92542,4.7754197,3.56542,1.75542,0.06541992,-0.054580078,1.28542,-0.18458007,0.16541992,1.4554199,-0.39458007,-3.5945802,-2.23458,-0.9145801,-0.41458008,-4.90458,-2.8445802,-3.15458,-3.06458,-3.70458,-4.98458,-3.6245801,-4.21458,-3.90458,-4.42458,-3.29458,-3.05458,-3.43458,-3.3745801,-2.5845802,-1.98458,-1.22458,-0.25458008,-1.5145801,-0.65458006,0.6854199,0.8154199,1.2354199,0.9354199,1.1854199,1.9454199,1.39542,1.1954199,0.115419924,0.18541992,0.14541993
8.43542,8.90542,11.18542,10.285419,11.69542,12.76542,14.13542,13.89542,12.21542,12.91542,11.00542,9.05542,7.18542,5.09542,4.61542,4.2954197,2.71542,2.06542,-0.034580078,-0.064580075,1.4754199,-0.64458007,1.4754199,1.13542,-0.7645801,-0.71458006,-0.9445801,-1.0545801,-0.024580078,-2.8445802,-3.65458,-2.1345801,-3.1445801,-3.31458,-3.48458,-3.22458,-4.78458,-4.53458,-3.56458,-3.0845802,-2.24458,-2.03458,-2.0945802,-2.20458,-2.69458,-1.6445801,-0.7445801,-0.36458007,-0.42458007,1.25542,1.3254199,1.0454199,2.57542,1.8154199,1.7154199,2.1754198,2.04542,2.25542,0.9854199,-0.14458008
9.14542,9.91542,12.44542,11.65542,12.73542,13.25542,14.63542,12.54542,12.18542,11.81542,10.76542,7.72542,5.41542,3.78542,4.09542,2.4154198,2.4254198,1.99542,0.84541994,0.45541993,0.005419922,-0.054580078,1.02542,0.53541994,-0.09458008,-0.77458006,-1.0445801,-2.05458,-0.9245801,-1.73458,-2.0845802,-2.3345802,-1.59458,-2.0845802,-3.27458,-3.03458,-2.1445801,-1.50458,-3.03458,-2.8245802,-2.5745802,-2.42458,-1.8245801,-0.7445801,-1.11458,-1.23458,-0.6745801,-0.34458008,0.13541992,0.6154199,1.52542,1.88542,2.30542,2.33542,2.1354198,1.7254199,2.26542,1.7954199,0.5654199,-0.6045801
8.88542,9.69542,10.63542,12.52542,13.05542,13.73542,13.94542,12.06542,13.18542,11.40542,9.30542,6.70542,5.59542,3.27542,3.97542,1.8254199,3.24542,2.6454198,1.2954199,0.09541992,-0.8845801,0.66541994,0.6854199,0.72541994,0.21541992,-0.07458008,-1.5445801,-1.4145801,-0.78458005,-1.09458,-3.43458,-2.51458,-1.6845801,-1.8045801,-2.28458,-1.9045801,-1.96458,-0.77458006,-2.40458,-2.49458,-2.5745802,-2.17458,-2.41458,-1.9545801,-1.3945801,-0.13458008,-0.4645801,0.33541992,0.90541995,1.28542,1.87542,2.6754198,2.44542,2.25542,2.48542,2.04542,1.4154199,1.00542,-0.65458006,-0.5045801
9.44542,9.58542,12.09542,12.83542,13.25542,14.48542,14.40542,12.52542,13.09542,10.92542,8.63542,7.15542,4.69542,2.1154199,3.6254199,2.1554198,2.6254199,1.6054199,0.91541994,0.5854199,0.79541993,0.8854199,1.5554199,0.46541992,0.97541994,-0.12458008,-0.78458005,-1.6945801,-1.7045801,-2.0945802,-2.41458,-2.97458,-1.2645801,-0.9345801,-1.11458,-1.2845801,-1.6645801,-1.5245801,-0.7545801,-1.2745801,-1.0445801,-1.6945801,-2.40458,-1.3345801,-1.5245801,-0.90458006,-0.35458007,0.5054199,0.20541993,0.91541994,1.5854199,0.77541995,1.5754199,2.72542,1.8054199,1.0854199,0.18541992,0.8754199,0.24541992,-0.6945801
9.40542,11.11542,11.87542,14.04542,14.21542,13.75542,14.02542,12.535419,12.07542,9.63542,8.96542,5.7754197,3.77542,2.03542,2.9154198,2.09542,1.5454199,0.41541994,0.8654199,1.3354199,1.8354199,1.9754199,1.51542,1.64542,2.1554198,1.5754199,0.6354199,-0.7945801,-1.62458,-2.6345801,-3.72458,-2.80458,-2.8745801,-1.99458,-0.6945801,-1.0845801,-1.84458,-2.28458,-1.7045801,-1.00458,-0.95458007,-0.47458008,-0.6245801,-1.36458,-1.9145801,-1.4545801,-0.72458005,-0.6345801,-0.42458007,-0.034580078,0.5754199,0.97541994,1.63542,1.8054199,1.7354199,0.53541994,1.03542,0.9954199,-0.35458007,-0.13458008
10.75542,12.60542,12.77542,14.13542,14.30542,13.60542,13.71542,12.57542,11.96542,10.72542,8.68542,4.59542,3.6454198,2.73542,2.8854198,2.30542,1.1654199,1.3454199,2.33542,2.50542,2.07542,1.89542,1.26542,1.3654199,1.6854199,1.24542,0.78541994,0.17541993,-1.1645801,-1.4345801,-3.92458,-4.06458,-3.54458,-2.90458,-1.5345801,-0.8045801,-1.4245801,-0.5645801,-0.83458006,-1.5645801,-1.1645801,-0.6245801,0.075419925,0.42541993,0.18541992,0.66541994,0.7654199,0.79541993,1.1654199,1.6654199,2.1154199,1.7154199,1.5654199,2.6554198,2.46542,2.22542,1.6854199,1.01542,-0.25458008,0.6854199
10.55542,10.38542,11.81542,13.15542,13.59542,13.25542,12.9954195,12.38542,10.69542,9.83542,7.93542,4.69542,3.01542,2.25542,2.68542,2.47542,2.05542,2.4054198,2.6654198,2.56542,1.38542,1.00542,1.4754199,1.5754199,1.1154199,0.6254199,0.8854199,0.48541993,-0.53458005,-0.7945801,-1.8045801,-2.97458,-4.29458,-3.76458,-3.17458,-2.41458,-0.6745801,-1.8845801,-0.36458007,0.77541995,1.0554199,0.6154199,0.8254199,1.4654199,1.3354199,1.25542,1.8654199,2.28542,1.9854199,2.1754198,2.59542,3.03542,3.30542,1.87542,2.03542,2.1354198,0.7054199,1.0954199,0.9454199,0.7554199
10.48542,10.09542,11.26542,12.42542,12.80542,12.31542,11.785419,11.20542,9.77542,9.48542,7.49542,5.7754197,3.3754199,2.1454198,2.95542,3.1654198,4.12542,3.08542,3.58542,2.4154198,1.3254199,0.14541993,1.2354199,1.5754199,1.2354199,1.1154199,1.40542,1.14542,0.6354199,-1.23458,-0.38458008,-1.9445801,-3.41458,-4.14458,-4.25458,-3.8845801,-2.69458,-1.34458,-1.6445801,-0.38458008,0.7654199,1.1054199,1.2154199,1.8054199,1.7954199,2.1354198,1.7254199,1.7954199,1.8354199,2.34542,2.31542,2.1654198,1.13542,2.1054199,1.0454199,1.03542,0.77541995,1.01542,0.84541994,0.48541993
8.40542,9.12542,10.38542,11.38542,11.33542,11.20542,11.16542,10.62542,9.01542,8.21542,7.68542,5.59542,3.1354198,2.8754199,3.1754198,4.24542,3.97542,3.81542,4.0054197,3.3654199,1.4754199,1.3054199,1.62542,1.5854199,1.65542,1.52542,1.8054199,2.22542,2.08542,0.48541993,-0.72458005,-0.8845801,-1.47458,-2.3745801,-2.92458,-2.70458,-2.99458,-2.68458,-1.24458,-1.46458,-1.6945801,-0.9845801,-0.29458007,0.42541993,0.84541994,0.8854199,1.2954199,1.87542,1.99542,1.9654199,1.9854199,1.8554199,1.9854199,0.7354199,1.1954199,0.84541994,0.40541992,1.1754199,0.7654199,-0.5145801
7.62542,8.9954195,9.95542,10.32542,10.56542,10.51542,10.20542,9.18542,9.16542,8.08542,7.41542,5.96542,4.7954197,3.9154198,3.8954198,4.42542,4.46542,4.0254197,4.2554197,3.9154198,2.73542,3.1654198,2.95542,2.52542,2.6754198,2.24542,1.53542,1.62542,1.7354199,1.38542,0.7354199,0.14541993,-0.18458007,-0.8145801,-1.1345801,-1.6645801,-2.3345802,-2.41458,-2.0745802,-1.0345801,-0.90458006,-0.8145801,-0.4645801,-0.5045801,-0.3745801,0.06541992,0.84541994,1.1154199,0.9554199,0.84541994,0.7554199,1.8154199,1.1654199,0.27541992,0.32541993,0.5154199,1.50542,0.9354199,0.59541994,0.59541994
6.34542,7.96542,8.07542,9.95542,10.19542,9.14542,9.79542,9.535419,8.97542,8.41542,7.96542,6.88542,6.2954197,5.76542,4.95542,4.94542,5.51542,5.21542,5.14542,4.26542,4.06542,3.95542,4.34542,4.19542,3.22542,2.6154199,1.78542,0.8654199,1.0454199,1.03542,0.8654199,0.7654199,0.48541993,-0.054580078,0.2554199,0.45541993,-0.18458007,-0.16458008,-0.25458008,-0.15458007,-0.09458008,-0.104580075,-0.18458007,-0.04458008,0.3754199,0.6954199,0.52541995,0.30541992,1.1654199,1.53542,1.52542,0.90541995,1.14542,1.2354199,0.8354199,1.0554199,1.5654199,1.89542,2.08542,2.1454198
6.7554197,7.92542,8.26542,8.52542,8.535419,8.15542,8.47542,9.45542,9.77542,9.77542,8.88542,7.84542,6.5454197,6.5454197,5.83542,5.5054197,5.7954197,6.63542,5.56542,4.69542,4.01542,4.32542,4.66542,5.07542,4.83542,3.29542,1.8654199,1.12542,1.52542,0.5154199,-0.3045801,-0.4645801,-0.7945801,-0.20458008,0.72541994,0.6154199,1.14542,1.39542,0.8754199,0.8754199,1.1154199,0.96541995,0.9354199,1.24542,1.4254199,1.6054199,2.22542,2.49542,2.3754199,2.6754198,2.3754199,2.6354198,2.26542,2.24542,2.4154198,2.4254198,2.44542,3.06542,2.73542,2.32542
