public/data/weather/2019/09/29/0000-wind-isobaric-70hPa-gfs-1.0.json
{"header": { "discipline":0, "disciplineName":"Meteorological products", "gribEdition":2, "gribLength":69752, "center":7, "centerName":"US National Weather Service - NCEP(WMC)", "subcenter":0, "refTime":"2019-09-29T00:00:00.000Z", "significanceOfRT":1, "significanceOfRTName":"Start of forecast", "productStatus":0, "productStatusName":"Operational products", "productType":1, "productTypeName":"Forecast products", "productDefinitionTemplate":0, "productDefinitionTemplateName":"Analysis/forecast at horizontal level/layer at a point in time", "parameterCategory":2, "parameterCategoryName":"Momentum", "parameterNumber":2, "parameterNumberName":"U-component_of_wind", "parameterUnit":"m.s-1", "genProcessType":2, "genProcessTypeName":"Forecast", "forecastTime":0, "surface1Type":100, "surface1TypeName":"Isobaric surface", "surface1Value":7000.0, "surface2Type":255, "surface2TypeName":"Missing", "surface2Value":0.0, "gridDefinitionTemplate":0, "gridDefinitionTemplateName":"Latitude_Longitude", "numberPoints":65160, "shape":6, "shapeName":"Earth spherical with radius of 6,371,229.0 m", "gridUnits":"degrees", "resolution":48, "winds":"true", "scanMode":0, "nx":360, "ny":181, "basicAngle":0, "lo1":0.0, "la1":90.0, "lo2":359.0, "la2":-90.0, "dx":1.0, "dy":1.0 }, "data":
[rows 27 to 53 of 181, columns 180 to 239 of 360]
5.127882,5.497882,5.527882,6.297882,6.447882,6.127882,7.087882,7.3078823,6.917882,6.687882,7.187882,8.307882,9.257882,8.967882,9.067883,9.387882,8.227882,9.547882,9.8578825,10.497882,12.017882,11.937882,12.547882,14.337882,15.367882,15.677882,14.947882,13.267882,15.037882,16.337883,14.647882,13.407882,13.377882,14.267882,12.757882,13.267882,12.537882,13.557882,12.477882,11.267882,10.517882,10.847882,12.207882,12.057882,10.807882,10.507882,10.077882,9.597882,8.767882,9.547882,9.317883,8.517882,7.757882,7.3078823,6.957882,7.417882,7.5978823,6.837882,6.0778823,5.3478823
5.107882,5.247882,5.357882,6.537882,6.357882,6.537882,8.027882,7.837882,7.737882,7.237882,7.777882,9.597882,9.897882,9.197882,9.387882,8.877882,10.137882,10.967882,10.967882,11.067883,11.147882,12.527882,14.547882,14.387882,14.667882,15.387882,15.277882,14.957882,14.937882,15.077882,14.147882,13.937882,15.187882,14.587882,13.067883,12.807882,14.087882,13.227882,10.187882,12.197882,11.897882,11.487882,10.787882,11.687882,12.167882,10.707882,10.367882,10.037882,9.247882,8.667882,8.067883,7.907882,7.3678823,6.817882,6.837882,7.697882,8.237882,6.887882,6.0778823,5.527882
5.177882,5.027882,5.247882,5.607882,5.897882,6.777882,8.147882,8.157882,8.167882,7.877882,8.827882,9.997882,9.937882,9.277882,9.487882,9.457882,9.887882,10.267882,9.667882,11.667882,11.937882,12.477882,13.097882,12.727882,13.877882,13.677882,14.407882,13.647882,13.707882,13.637882,15.387882,13.787882,12.957882,12.187882,13.307882,12.527882,13.197882,12.057882,13.057882,10.657882,11.347882,11.207882,10.437882,9.867882,10.817883,11.567883,11.097882,10.407882,10.467882,9.527882,7.417882,6.707882,6.317882,6.417882,7.0978823,7.677882,7.147882,6.0578823,6.157882,6.247882
4.437882,4.637882,4.887882,5.237882,5.8478823,6.537882,7.8078823,8.157882,8.397882,8.637882,8.587882,8.967882,9.167882,8.137882,8.767882,9.067883,9.087882,9.657882,9.907882,11.667882,11.647882,11.407882,11.047882,11.517882,12.387882,12.087882,12.467882,12.577882,12.8578825,13.467882,14.287882,13.657882,13.257882,12.547882,12.217882,12.917882,11.887882,12.237882,11.3578825,11.717882,10.287882,10.577882,9.917882,9.557882,9.277882,10.347882,10.887882,10.117882,9.867882,10.047882,7.757882,6.067882,6.0778823,6.507882,6.547882,6.227882,6.137882,6.3678823,6.637882,6.207882
4.787882,4.917882,5.257882,5.687882,5.267882,6.107882,7.967882,9.067883,8.737882,7.8278823,7.837882,8.747882,7.547882,6.297882,8.317883,9.007882,9.597882,9.967882,9.787882,10.1078825,10.597882,11.177882,10.957882,10.397882,10.657882,10.707882,10.947882,12.577882,11.927882,11.157882,12.297882,13.097882,12.787882,12.997882,11.217882,11.3578825,11.437882,10.667882,10.847882,10.187882,10.077882,9.847882,9.657882,9.627882,8.6078825,8.457882,9.347882,9.767882,8.717882,9.117882,7.797882,6.037882,6.1178823,5.797882,5.747882,6.087882,5.8678823,6.017882,6.137882,6.437882
5.0978823,5.947882,6.177882,5.287882,5.747882,7.427882,8.407882,8.587882,7.877882,7.297882,7.8078823,7.387882,7.727882,6.787882,8.417882,9.287882,9.897882,8.987882,9.187882,9.307882,10.157882,9.927882,10.947882,9.257882,10.307882,10.677882,9.797882,10.507882,11.237882,11.267882,10.487882,11.077882,11.047882,11.417882,11.537882,10.157882,10.507882,10.317883,9.707882,9.457882,9.6078825,9.527882,9.087882,8.307882,8.077882,7.5978823,8.237882,8.657882,8.507882,8.567883,8.027882,6.467882,5.8078823,5.797882,6.0578823,5.637882,5.237882,5.747882,6.417882,6.977882
5.507882,6.467882,6.3678823,5.837882,6.967882,7.737882,8.337882,8.827882,7.537882,5.6178823,7.177882,7.737882,7.647882,8.057882,9.257882,9.937882,9.027882,8.897882,9.217882,9.127882,8.1078825,10.487882,10.597882,10.797882,10.387882,10.617882,10.277882,10.027882,9.687882,10.067883,10.577882,9.477882,9.867882,10.247882,10.297882,10.557882,11.207882,9.837882,9.407882,8.847882,9.1078825,8.897882,8.227882,7.297882,7.737882,6.957882,7.527882,7.127882,6.8278823,6.8278823,6.677882,5.987882,5.647882,5.627882,5.5978823,5.337882,5.387882,5.467882,6.147882,6.377882
5.707882,5.667882,6.5778823,7.567882,7.907882,8.337882,7.727882,7.707882,7.607882,5.947882,7.3478823,7.677882,8.087882,8.527882,8.727882,8.827882,9.057882,8.927882,9.037882,8.887882,10.367882,9.337882,8.697882,9.777882,9.817883,10.257882,9.887882,10.137882,8.827882,8.497882,8.777882,8.817883,9.307882,9.497882,9.557882,9.827882,9.597882,9.047882,9.067883,8.157882,8.267882,7.627882,7.137882,6.177882,6.707882,6.5978823,5.747882,5.457882,7.027882,6.407882,5.657882,5.0978823,4.927882,4.837882,4.797882,4.737882,4.647882,4.797882,5.487882,5.197882
4.957882,6.0978823,7.467882,8.217882,8.777882,8.537882,8.377882,7.8678823,8.347882,6.207882,7.697882,7.027882,8.1078825,7.967882,7.887882,8.447882,8.397882,8.747882,8.877882,9.517882,9.217882,8.727882,8.187882,7.997882,8.427882,8.477882,8.087882,8.207882,8.307882,7.5778823,7.297882,8.017882,7.787882,8.287882,9.047882,8.207882,8.297882,8.137882,6.627882,6.667882,7.267882,6.787882,6.727882,5.5578823,4.767882,5.967882,4.627882,4.817882,6.127882,5.677882,5.0978823,5.087882,4.047882,4.627882,4.3078823,4.107882,3.9278822,3.7478821,4.8078823,5.527882
5.747882,6.857882,7.927882,8.077882,7.427882,7.607882,8.247882,9.227882,8.577882,7.0778823,8.097882,8.077882,7.207882,7.8678823,8.187882,8.417882,8.807882,8.267882,7.707882,7.467882,7.547882,7.477882,7.317882,7.767882,8.077882,7.757882,7.0778823,6.837882,6.447882,6.737882,7.087882,6.457882,6.977882,6.957882,7.207882,6.927882,7.477882,7.287882,6.727882,5.837882,7.027882,6.8078823,5.8678823,5.657882,4.357882,4.897882,4.657882,3.9378822,5.337882,4.387882,5.067882,5.157882,4.287882,5.3478823,4.167882,3.2478821,3.4378822,4.397882,6.037882,6.837882
6.507882,6.717882,6.797882,7.457882,7.957882,7.6178823,9.117882,9.017882,8.747882,7.637882,7.8278823,8.007882,8.237882,8.907882,8.217882,8.597882,8.237882,7.407882,7.767882,7.0578823,7.187882,7.227882,6.897882,7.137882,7.0978823,6.667882,6.657882,6.467882,6.257882,6.237882,6.1178823,5.027882,5.237882,5.3478823,5.6178823,5.647882,5.637882,5.777882,5.757882,5.037882,5.5978823,5.987882,5.527882,5.487882,4.627882,3.157882,4.457882,4.657882,4.587882,3.6878822,4.447882,5.487882,4.137882,3.367882,1.6878821,3.597882,4.3278823,5.037882,6.437882,5.007882
7.197882,7.507882,7.537882,7.987882,9.227882,8.887882,8.487882,8.847882,9.867882,8.097882,7.567882,7.897882,8.567883,8.837882,7.8078823,7.5578823,7.8278823,7.477882,7.987882,6.907882,6.737882,7.207882,7.027882,6.477882,6.487882,6.017882,5.507882,5.467882,5.537882,5.497882,5.237882,4.887882,4.227882,4.247882,4.167882,4.777882,5.3678823,5.127882,4.3078823,4.877882,4.667882,5.377882,4.647882,4.977882,5.107882,3.827882,3.307882,3.587882,4.757882,3.9478822,3.887882,3.4478822,2.587882,2.377882,4.517882,5.687882,4.5778823,5.007882,3.537882,5.0978823
8.587882,8.467882,8.457882,9.067883,9.567883,8.327882,8.057882,9.257882,10.117882,7.857882,7.167882,9.117882,8.3578825,8.097882,7.357882,7.067882,7.177882,7.5778823,7.1178823,6.667882,6.497882,6.8478823,6.957882,6.3678823,6.047882,5.907882,5.297882,4.697882,4.787882,4.787882,4.837882,4.127882,3.387882,3.587882,3.587882,3.1778822,4.587882,4.907882,4.257882,4.0978823,4.037882,4.377882,4.207882,5.0778823,4.277882,4.137882,2.897882,3.087882,4.067882,2.9578822,3.4378822,3.9278822,4.237882,4.147882,3.2078822,3.4278822,4.317882,2.667882,3.9378822,4.107882
10.777882,10.167882,9.587882,9.437882,10.347882,8.997882,8.017882,9.217882,9.327882,8.367882,8.217882,9.037882,6.677882,7.637882,7.537882,6.8278823,6.877882,7.0778823,6.8078823,6.107882,6.047882,6.017882,5.707882,5.147882,4.8078823,4.677882,4.957882,4.5978823,3.647882,4.427882,4.177882,3.017882,2.9878821,3.367882,3.337882,3.067882,4.027882,3.597882,3.4678822,3.527882,3.9878821,4.227882,4.777882,4.447882,3.257882,3.767882,3.117882,2.777882,2.797882,4.047882,2.9778821,3.407882,3.637882,3.397882,2.357882,3.337882,2.837882,2.087882,3.397882,4.297882
11.207882,9.917882,9.007882,9.427882,10.407882,8.817883,7.067882,8.887882,9.297882,9.847882,7.837882,6.207882,6.457882,6.837882,6.797882,6.167882,6.957882,5.927882,5.227882,4.817882,4.787882,4.907882,4.747882,5.137882,4.607882,4.247882,3.817882,4.047882,3.277882,3.9578822,3.557882,2.267882,2.847882,2.587882,2.6978822,3.037882,3.067882,3.4978821,4.247882,4.3278823,4.187882,3.317882,3.7078822,3.837882,3.537882,4.027882,3.917882,2.577882,3.667882,2.4778821,2.147882,2.1978822,3.277882,2.387882,3.387882,3.297882,3.1778822,1.2878821,1.8078821,1.2978821
11.567883,10.517882,9.877882,9.877882,10.047882,7.677882,6.5978823,8.887882,9.687882,8.917882,5.637882,5.397882,6.1178823,5.817882,5.217882,5.437882,5.5578823,3.767882,3.127882,3.4378822,3.597882,3.787882,4.017882,4.0978823,3.7378821,2.9378822,3.097882,2.647882,2.9678822,2.607882,2.337882,1.7878821,1.7778821,2.4478822,2.407882,2.857882,3.537882,2.107882,2.537882,2.9978821,3.127882,3.597882,3.527882,3.637882,2.607882,3.1878822,4.547882,3.597882,2.257882,3.277882,3.297882,2.9378822,2.667882,3.397882,2.287882,0.8578821,0.7978821,0.6478821,0.7978821,1.597882
11.627882,10.847882,10.047882,10.377882,9.447882,8.057882,7.887882,8.427882,8.037882,7.937882,5.017882,5.217882,5.717882,5.1178823,4.257882,4.547882,3.757882,3.057882,2.277882,2.097882,3.587882,3.7378821,2.657882,2.267882,2.2478821,2.787882,2.4778821,1.6878821,1.2978821,1.587882,1.327882,1.477882,0.74788207,1.6578821,2.267882,1.9278821,2.857882,2.857882,2.067882,2.147882,3.297882,3.287882,4.317882,3.067882,3.2278821,3.6778822,3.597882,3.007882,3.9578822,4.707882,4.407882,3.417882,3.4478822,2.867882,0.9578821,1.2478821,0.18788208,-0.61211795,1.6378821,3.117882
11.737882,11.387882,10.637882,10.087882,10.557882,9.417882,7.0578823,6.887882,6.527882,6.377882,6.0978823,4.647882,4.917882,4.437882,4.3478823,3.9878821,2.837882,2.4378822,0.9778821,1.4378821,2.157882,3.9478822,1.2978821,1.3178821,1.4078821,1.357882,1.8978821,1.0278821,0.3178821,0.26788208,0.43788207,0.32788208,-0.16211791,1.1378821,1.607882,1.5178821,1.5278821,2.157882,2.107882,1.6178821,2.587882,3.1978822,3.4778821,3.117882,3.4578822,4.277882,3.9878821,3.637882,4.717882,5.497882,4.987882,4.447882,5.007882,4.147882,3.907882,2.6878822,0.11788208,3.317882,5.127882,5.797882
13.157882,11.117882,10.567883,10.127882,9.6078825,7.977882,6.777882,6.467882,6.497882,5.337882,6.167882,4.247882,3.777882,3.6878822,3.4978821,2.777882,2.667882,2.2478821,1.0178821,0.9778821,2.1778822,1.7478821,-0.08211792,0.94788206,0.48788208,0.7278821,0.9178821,0.75788206,0.08788208,-0.8221179,-0.25211793,-0.07211792,-0.50211793,-0.06211792,0.3778821,1.227882,0.88788205,0.69788206,1.3778821,2.017882,1.847882,2.907882,2.6978822,2.327882,3.617882,3.597882,4.837882,5.317882,4.1178823,5.197882,5.0778823,4.997882,6.007882,4.457882,6.957882,4.977882,3.167882,5.877882,6.647882,6.637882
11.997882,10.807882,8.907882,8.517882,7.537882,7.247882,6.707882,6.3078823,6.747882,4.987882,5.317882,4.147882,2.667882,4.0778823,3.087882,2.567882,2.577882,1.577882,0.35788208,0.7678821,1.5178821,-0.14211792,-1.052118,-0.5821179,-0.26211792,0.35788208,-0.5721179,-0.32211792,-0.6321179,-1.422118,-1.272118,-0.68211794,-0.7921179,-0.6421179,-0.12211792,0.05788208,0.6578821,0.45788208,0.9278821,1.2878821,2.277882,2.757882,2.9678822,3.147882,3.327882,3.317882,4.877882,5.417882,4.987882,3.887882,3.837882,5.147882,6.167882,6.257882,8.337882,5.687882,5.757882,6.047882,7.697882,8.027882
11.057882,9.317883,7.857882,7.337882,7.567882,7.487882,6.8278823,6.227882,6.127882,5.227882,4.447882,3.797882,3.167882,3.027882,3.2178822,3.107882,2.7478821,2.4778821,0.09788208,-0.10211792,0.88788205,-0.4621179,-1.552118,-2.422118,-0.21211793,0.10788208,-0.15211792,-1.3721179,-1.4621179,-1.892118,-1.3421179,-1.4321179,-1.3821179,-0.99211794,-0.0121179195,-0.16211791,0.00788208,0.21788208,0.48788208,0.9678821,1.6578821,2.2178822,3.557882,3.797882,3.2178822,3.077882,4.087882,5.717882,5.5578823,3.647882,4.197882,5.067882,6.257882,6.107882,8.697882,5.637882,7.947882,7.177882,7.947882,8.747882
9.467882,7.927882,7.657882,7.527882,7.397882,7.287882,6.747882,6.6178823,5.227882,5.397882,4.377882,3.6878822,2.9578822,2.767882,4.207882,2.667882,3.367882,2.4678822,1.0078821,-0.05211792,-0.13211793,-1.1921179,-1.522118,-1.6821179,-0.55211794,-0.29211792,-1.052118,-1.642118,-2.2721179,-2.342118,-2.632118,-0.61211795,-1.7321179,-1.902118,-1.042118,-0.31211793,-0.6321179,-0.4021179,0.4778821,0.39788207,1.597882,2.2078822,2.4378822,2.867882,4.027882,3.9778821,3.827882,5.5778823,5.607882,5.377882,5.527882,5.507882,6.127882,6.337882,7.947882,6.927882,8.957882,7.667882,8.757882,9.437882
8.677882,7.717882,7.0778823,6.997882,6.477882,6.737882,6.507882,6.8678823,5.477882,4.407882,3.807882,3.287882,2.557882,3.4678822,4.107882,3.2478821,2.4678822,2.027882,0.43788207,-0.8221179,-0.6021179,-2.222118,-1.1121179,-0.41211793,-0.86211795,-0.24211793,-0.99211794,-2.3121178,-2.712118,-1.7621179,-2.0321178,-1.7121179,-1.3121179,-1.6021179,-1.802118,-0.6521179,-0.75211793,-1.1921179,0.18788208,0.43788207,0.7078821,1.957882,1.9178821,2.607882,3.2178822,4.957882,4.5978823,5.3278823,5.8678823,6.047882,5.797882,5.817882,6.737882,7.627882,7.957882,8.487882,9.507882,7.197882,8.307882,9.027882
7.507882,7.317882,6.527882,6.637882,6.287882,6.607882,7.037882,6.677882,4.317882,4.197882,3.267882,3.4778821,3.337882,3.587882,4.147882,3.137882,3.527882,2.2478821,0.9278821,-0.9521179,0.10788208,-1.1821179,-1.0621179,0.09788208,-1.662118,-0.45211792,-1.9721179,-2.332118,-3.112118,-2.142118,-1.9521179,-2.382118,-1.662118,-1.3521179,-1.1321179,-1.3121179,-0.86211795,-1.282118,-0.20211792,1.227882,1.0078821,0.5278821,1.587882,1.9078821,2.767882,4.437882,5.587882,6.017882,6.3078823,6.437882,6.297882,6.017882,6.767882,8.077882,9.327882,9.817883,10.937882,9.137882,7.017882,8.087882
8.147882,8.257882,7.0578823,7.937882,6.697882,5.607882,5.027882,6.157882,4.8678823,3.847882,3.6778822,3.647882,3.1778822,3.627882,3.307882,1.7578821,1.6578821,0.5978821,0.4078821,-0.5121179,-0.12211792,0.9178821,-0.7821179,0.05788208,-0.25211793,-0.6521179,-1.042118,-2.482118,-2.882118,-1.5921179,-2.5321178,-3.222118,-2.392118,-2.5221179,-1.0821179,-1.152118,-1.272118,-1.152118,-1.032118,0.8978821,0.6678821,0.94788206,0.42788208,1.467882,2.7478821,3.4678822,4.337882,5.647882,6.067882,6.3278823,6.507882,6.087882,7.177882,7.437882,8.867882,11.677882,11.947882,10.047882,7.547882,7.447882
8.287882,7.457882,6.927882,6.5978823,6.757882,5.5778823,4.767882,6.037882,4.217882,3.827882,3.4578822,3.857882,3.367882,3.137882,2.9678822,1.5578821,1.977882,0.5178821,0.6678821,0.8478821,0.27788207,0.9778821,0.42788208,-0.33211792,0.21788208,0.30788207,-1.292118,-2.8121178,-2.592118,-1.6921179,-2.652118,-2.622118,-3.642118,-3.432118,-1.8521179,-1.392118,-1.0821179,-1.3221179,-0.7821179,-0.20211792,0.6578821,1.2578821,1.457882,1.3778821,1.607882,3.317882,4.217882,4.427882,5.357882,5.8478823,6.457882,6.477882,7.037882,7.757882,9.097882,10.657882,10.717882,8.877882,9.317883,9.077882
7.677882,7.067882,6.567882,5.977882,6.277882,4.837882,4.127882,4.667882,5.5578823,4.0578823,3.067882,3.4278822,3.577882,2.867882,2.7078822,1.207882,0.6478821,0.6578821,0.82788205,0.5478821,0.6078821,1.1778821,0.6578821,0.49788207,-0.18211792,0.15788208,-0.9721179,-2.212118,-2.672118,-2.662118,-1.7621179,-2.932118,-4.062118,-3.592118,-2.902118,-1.892118,-1.4421179,-0.81211793,-0.68211794,-1.422118,0.22788209,0.9778821,1.6878821,1.9278821,2.4378822,2.387882,2.827882,4.047882,4.477882,5.047882,5.837882,6.217882,7.147882,8.547882,9.257882,10.327882,9.307882,8.537882,9.467882,9.297882
