public/data/weather/2019/09/29/0000-wind-isobaric-70hPa-gfs-1.0.json
{"header": { "discipline":0, "disciplineName":"Meteorological products", "gribEdition":2, "gribLength":67142, "center":7, "centerName":"US National Weather Service - NCEP(WMC)", "subcenter":0, "refTime":"2019-09-29T00:00:00.000Z", "significanceOfRT":1, "significanceOfRTName":"Start of forecast", "productStatus":0, "productStatusName":"Operational products", "productType":1, "productTypeName":"Forecast products", "productDefinitionTemplate":0, "productDefinitionTemplateName":"Analysis/forecast at horizontal level/layer at a point in time", "parameterCategory":2, "parameterCategoryName":"Momentum", "parameterNumber":3, "parameterNumberName":"V-component_of_wind", "parameterUnit":"m.s-1", "genProcessType":2, "genProcessTypeName":"Forecast", "forecastTime":0, "surface1Type":100, "surface1TypeName":"Isobaric surface", "surface1Value":7000.0, "surface2Type":255, "surface2TypeName":"Missing", "surface2Value":0.0, "gridDefinitionTemplate":0, "gridDefinitionTemplateName":"Latitude_Longitude", "numberPoints":65160, "shape":6, "shapeName":"Earth spherical with radius of 6,371,229.0 m", "gridUnits":"degrees", "resolution":48, "winds":"true", "scanMode":0, "nx":360, "ny":181, "basicAngle":0, "lo1":0.0, "la1":90.0, "lo2":359.0, "la2":-90.0, "dx":1.0, "dy":1.0 }, "data":
[rows 0 to 25 of 181, columns 0 to 56 of 360]
-8.808547,-8.868547,-8.928547,-8.978547,-9.028547,-9.0785475,-9.118547,-9.158547,-9.198547,-9.238547,-9.268547,-9.298548,-9.3285475,-9.348547,-9.368547,-9.388547,-9.408547,-9.418548,-9.428547,-9.438547,-9.438547,-9.438547,-9.438547,-9.438547,-9.428547,-9.418548,-9.408547,-9.388547,-9.378548,-9.348547,-9.3285475,-9.298548,-9.268547,-9.238547,-9.198547,-9.168548,-9.128548,-9.0785475,-9.028547,-8.988547,-8.928547,-8.878548,-8.818547,-8.758548,-8.698547,-8.628548,-8.558547,-8.488547,-8.418548,-8.338548,-8.268547,-8.178547,-8.098547,-8.018547,-7.9285474,-7.838547,-7.7385473
-9.378548,-9.408547,-9.448547,-9.478547,-9.518547,-9.548548,-9.5785475,-9.608547,-9.628548,-9.648547,-9.678547,-9.698547,-9.718548,-9.728547,-9.748548,-9.758548,-9.768547,-9.778547,-9.778547,-9.778547,-9.778547,-9.778547,-9.778547,-9.768547,-9.758548,-9.738547,-9.718548,-9.698547,-9.678547,-9.648547,-9.618547,-9.588548,-9.548548,-9.508548,-9.458548,-9.408547,-9.358547,-9.308547,-9.248548,-9.178547,-9.118547,-9.0385475,-8.968548,-8.898547,-8.808547,-8.728547,-8.638547,-8.558547,-8.458548,-8.368547,-8.268547,-8.158547,-8.058547,-7.9485474,-7.838547,-7.7185473,-7.5985475
-10.628548,-10.628548,-10.628548,-10.628548,-10.628548,-10.628548,-10.618547,-10.598547,-10.5785475,-10.548548,-10.518547,-10.488547,-10.448547,-10.408547,-10.358547,-10.318547,-10.2885475,-10.248548,-10.218548,-10.188547,-10.158547,-10.138547,-10.108547,-10.068547,-10.0385475,-9.998548,-9.948547,-9.888547,-9.8285475,-9.748548,-9.678547,-9.588548,-9.508548,-9.428547,-9.348547,-9.268547,-9.198547,-9.128548,-9.0385475,-8.968548,-8.878548,-8.7885475,-8.688547,-8.598547,-8.498548,-8.388547,-8.278547,-8.148547,-8.028547,-7.898547,-7.7685475,-7.628547,-7.4885473,-7.338547,-7.1985474,-7.0485473,-6.898547
-11.348547,-11.358547,-11.368547,-11.378548,-11.378548,-11.378548,-11.368547,-11.358547,-11.338548,-11.318547,-11.298548,-11.278547,-11.248548,-11.228547,-11.188547,-11.148547,-11.088548,-11.0385475,-10.978547,-10.898547,-10.838548,-10.7885475,-10.738547,-10.688547,-10.638547,-10.5785475,-10.518547,-10.418548,-10.318547,-10.208548,-10.0785475,-9.948547,-9.818547,-9.688547,-9.568547,-9.448547,-9.348547,-9.268547,-9.168548,-9.098547,-8.998548,-8.918548,-8.818547,-8.718548,-8.608547,-8.478547,-8.338548,-8.198547,-8.048548,-7.8885474,-7.7285476,-7.5585475,-7.3885474,-7.2285476,-7.0585475,-6.8885474,-6.7085476
-12.188547,-12.188547,-12.178547,-12.178547,-12.178547,-12.178547,-12.168548,-12.168548,-12.168548,-12.198547,-12.218548,-12.238547,-12.248548,-12.228547,-12.208548,-12.188547,-12.158547,-12.108547,-12.058547,-11.978547,-11.878548,-11.758548,-11.628548,-11.478547,-11.318547,-11.138547,-10.968548,-10.808547,-10.628548,-10.448547,-10.278547,-10.108547,-9.948547,-9.798548,-9.668548,-9.5385475,-9.428547,-9.3285475,-9.228547,-9.138547,-9.058547,-8.958548,-8.848547,-8.728547,-8.598547,-8.448547,-8.308547,-8.178547,-8.058547,-7.938547,-7.8285475,-7.7185473,-7.5985475,-7.4785476,-7.3685474,-7.2385473,-7.0985475
-12.378548,-12.428547,-12.468548,-12.498548,-12.508548,-12.518547,-12.508548,-12.498548,-12.488547,-12.458548,-12.418548,-12.368547,-12.318547,-12.2885475,-12.278547,-12.298548,-12.308547,-12.3285475,-12.308547,-12.278547,-12.208548,-12.088548,-11.948547,-11.7885475,-11.608547,-11.468548,-11.3285475,-11.188547,-11.048548,-10.888547,-10.698547,-10.498548,-10.298548,-10.098547,-9.928547,-9.768547,-9.618547,-9.478547,-9.348547,-9.208548,-9.068547,-8.938547,-8.798548,-8.658547,-8.528547,-8.398547,-8.268547,-8.158547,-8.048548,-7.938547,-7.8085475,-7.6385474,-7.4585476,-7.2685475,-7.0685472,-6.878547,-6.688547
-11.948547,-12.068547,-12.148547,-12.208548,-12.268547,-12.338548,-12.428547,-12.528547,-12.618547,-12.658547,-12.678547,-12.668548,-12.608547,-12.5385475,-12.458548,-12.398547,-12.358547,-12.348547,-12.3285475,-12.318547,-12.278547,-12.198547,-12.088548,-11.968548,-11.838548,-11.698547,-11.548548,-11.388547,-11.248548,-11.128548,-11.018547,-10.908547,-10.778547,-10.638547,-10.468548,-10.268547,-10.058547,-9.838548,-9.608547,-9.388547,-9.188547,-9.008548,-8.868547,-8.728547,-8.598547,-8.468548,-8.298548,-8.128548,-7.9485474,-7.7785473,-7.628547,-7.5085473,-7.3885474,-7.2685475,-7.128547,-6.9885473,-6.8185472
-12.158547,-12.338548,-12.428547,-12.438547,-12.418548,-12.428547,-12.468548,-12.558547,-12.678547,-12.808547,-12.888547,-12.868547,-12.798548,-12.708548,-12.678547,-12.698547,-12.718548,-12.698547,-12.618547,-12.478547,-12.348547,-12.208548,-12.0785475,-11.918548,-11.748548,-11.568547,-11.408547,-11.278547,-11.168548,-11.058547,-10.938547,-10.778547,-10.598547,-10.398547,-10.198547,-9.988547,-9.7885475,-9.618547,-9.478547,-9.358547,-9.278547,-9.198547,-9.128548,-9.028547,-8.928547,-8.768547,-8.588548,-8.368547,-8.088548,-7.8085475,-7.5085473,-7.2485476,-6.9985476,-6.8085475,-6.628547,-6.418547,-6.2085476
-12.268547,-12.428547,-12.568547,-12.698547,-12.778547,-12.7885475,-12.8285475,-12.938547,-13.058547,-13.118547,-13.098547,-12.938547,-12.708548,-12.478547,-12.348547,-12.318547,-12.298548,-12.278547,-12.268547,-12.268547,-12.248548,-12.208548,-12.158547,-12.068547,-11.948547,-11.818547,-11.668548,-11.518547,-11.358547,-11.228547,-11.098547,-10.968548,-10.8285475,-10.658547,-10.458548,-10.258548,-10.088548,-9.928547,-9.778547,-9.628548,-9.448547,-9.248548,-9.018547,-8.758548,-8.488547,-8.208548,-7.918547,-7.6185474,-7.3185472,-7.0285473,-6.7685475,-6.5385475,-6.3685474,-6.2085476,-6.0485473,-5.858547,-5.648547
-10.898547,-11.008548,-11.108547,-11.228547,-11.338548,-11.438547,-11.5385475,-11.638547,-11.708548,-11.7885475,-11.908547,-12.0385475,-12.108547,-12.108547,-12.118547,-12.138547,-12.158547,-12.138547,-12.148547,-12.168548,-12.158547,-12.068547,-11.958548,-11.808547,-11.648547,-11.478547,-11.298548,-11.088548,-10.888547,-10.698547,-10.5385475,-10.428547,-10.348547,-10.278547,-10.228547,-10.188547,-10.158547,-10.088548,-9.978547,-9.808547,-9.598547,-9.3285475,-9.008548,-8.628548,-8.198547,-7.7885475,-7.438547,-7.128547,-6.8085475,-6.5185475,-6.2585473,-6.0185475,-5.7985473,-5.5785475,-5.3885474,-5.2185473,-5.0985475
-9.958548,-10.168548,-10.378548,-10.618547,-10.968548,-11.358547,-11.688547,-12.0385475,-12.368547,-12.638547,-12.778547,-12.738547,-12.528547,-12.318547,-12.168548,-12.088548,-12.0385475,-11.978547,-11.928547,-11.908547,-11.908547,-11.848547,-11.738547,-11.628548,-11.5385475,-11.418548,-11.258548,-11.068547,-10.918548,-10.758548,-10.598547,-10.398547,-10.178547,-9.988547,-9.878548,-9.7885475,-9.698547,-9.568547,-9.428547,-9.298548,-9.158547,-8.978547,-8.738547,-8.428547,-8.068547,-7.7285476,-7.4085474,-7.088547,-6.7385473,-6.3885474,-6.0785475,-5.8185472,-5.6185474,-5.4585476,-5.2785473,-5.108547,-4.9885473
-10.968548,-11.118547,-11.408547,-11.698547,-11.768547,-11.588548,-11.488547,-11.628548,-11.848547,-11.968548,-11.898547,-11.818547,-11.768547,-11.708548,-11.728547,-11.868547,-12.0385475,-12.008548,-11.878548,-11.768547,-11.718548,-11.618547,-11.5385475,-11.528547,-11.528547,-11.468548,-11.368547,-11.2885475,-11.228547,-11.088548,-10.858547,-10.628548,-10.408547,-10.138547,-9.938547,-9.848547,-9.778547,-9.658547,-9.518547,-9.358547,-9.208548,-9.068547,-8.908547,-8.728547,-8.518547,-8.238547,-7.918547,-7.608547,-7.2885475,-6.9685473,-6.648547,-6.3285475,-6.0385475,-5.7885475,-5.5785475,-5.378547,-5.168547
-10.888547,-11.008548,-10.908547,-10.708548,-10.598547,-10.608547,-10.628548,-10.618547,-10.478547,-10.118547,-9.858547,-9.818547,-9.948547,-10.218548,-10.498548,-10.518547,-10.438547,-10.518547,-10.798548,-11.018547,-11.198547,-11.358547,-11.368547,-11.278547,-11.278547,-11.178547,-10.988547,-10.858547,-10.818547,-10.678547,-10.508548,-10.378548,-10.228547,-10.118547,-9.948547,-9.728547,-9.528547,-9.338548,-9.138547,-8.978547,-8.888547,-8.7885475,-8.678547,-8.558547,-8.428547,-8.2885475,-8.118547,-7.898547,-7.628547,-7.2685475,-6.9585476,-6.7285476,-6.5485473,-6.378547,-6.1785474,-5.898547,-5.608547
-9.968548,-9.808547,-9.488547,-9.348547,-9.368547,-9.448547,-9.638547,-9.678547,-9.548548,-9.818547,-10.298548,-10.658547,-10.608547,-10.108547,-9.968548,-10.2885475,-10.808547,-10.878548,-10.638547,-10.698547,-10.888547,-10.768547,-10.688547,-10.688547,-10.718548,-10.698547,-10.518547,-10.488547,-10.528547,-10.448547,-10.408547,-10.338548,-10.168548,-9.998548,-9.818547,-9.638547,-9.418548,-9.238547,-9.058547,-8.848547,-8.708548,-8.648547,-8.528547,-8.298548,-8.0385475,-7.858547,-7.6985474,-7.588547,-7.4985476,-7.3685474,-7.2185473,-6.9985476,-6.6985474,-6.358547,-5.9985476,-5.6585474,-5.4085474
-8.268547,-8.298548,-8.638547,-9.018547,-9.298548,-9.338548,-9.228547,-9.3285475,-9.468548,-9.8285475,-10.348547,-10.478547,-10.188547,-9.968548,-9.628548,-9.568547,-9.798548,-9.878548,-9.948547,-10.058547,-10.178547,-10.228547,-10.268547,-10.378548,-10.498548,-10.358547,-10.058547,-9.908547,-9.888547,-9.818547,-9.7885475,-9.738547,-9.658547,-9.568547,-9.458548,-9.298548,-9.0785475,-8.848547,-8.668548,-8.5385475,-8.478547,-8.428547,-8.398547,-8.338548,-8.268547,-8.138547,-7.9585476,-7.7485476,-7.5285473,-7.3185472,-7.1185474,-6.9485474,-6.8185472,-6.5685472,-6.2385473,-5.9685473,-5.7285476
-7.9085474,-8.028547,-8.268547,-8.518547,-8.598547,-8.348547,-8.138547,-8.198547,-8.428547,-8.188547,-7.9485474,-8.318547,-8.718548,-9.218548,-9.678547,-9.928547,-9.808547,-9.598547,-9.518547,-9.518547,-9.598547,-9.588548,-9.548548,-9.568547,-9.588548,-9.438547,-9.278547,-9.0385475,-8.908547,-8.928547,-8.798548,-8.668548,-8.5385475,-8.348547,-8.208548,-8.088548,-7.9685473,-7.838547,-7.7285476,-7.648547,-7.6385474,-7.6585474,-7.588547,-7.588547,-7.648547,-7.7285476,-7.8085475,-7.838547,-7.8185472,-7.688547,-7.4585476,-7.2385473,-7.0185475,-6.6985474,-6.3885474,-6.2685475,-6.1585474
-7.6185474,-7.7185473,-7.6985474,-7.588547,-7.6185474,-7.668547,-7.8185472,-8.068547,-8.228547,-8.498548,-8.5385475,-8.388547,-8.298548,-8.268547,-8.308547,-8.398547,-8.498548,-8.598547,-8.728547,-8.908547,-9.118547,-9.368547,-9.5785475,-9.628548,-9.488547,-9.228547,-8.978547,-8.718548,-8.378548,-8.058547,-7.8485475,-7.5585475,-7.3485475,-7.2785473,-7.1985474,-7.128547,-7.1585474,-7.1785474,-7.2085476,-7.2085476,-7.2285476,-7.3485475,-7.6185474,-7.9485474,-8.148547,-8.198547,-8.088548,-7.878547,-7.688547,-7.5585475,-7.5185475,-7.5585475,-7.4885473,-7.338547,-7.1985474,-7.0185475,-6.7785473
-6.2185473,-6.4585476,-6.688547,-6.8185472,-6.898547,-6.918547,-6.9885473,-7.128547,-7.168547,-7.2585473,-7.358547,-7.5585475,-8.008548,-8.608547,-8.938547,-9.098547,-9.128548,-9.008548,-8.7885475,-8.638547,-8.618547,-8.588548,-8.398547,-8.208548,-8.348547,-8.448547,-8.398547,-8.3285475,-8.208548,-7.8885474,-7.4485474,-7.148547,-6.9285474,-6.8685474,-6.8885474,-6.9285474,-7.0685472,-7.0985475,-7.108547,-7.188547,-7.168547,-7.2285476,-7.2685475,-7.3185472,-7.4785476,-7.4685473,-7.4285474,-7.3485475,-7.188547,-7.148547,-7.088547,-7.0385475,-6.938547,-6.838547,-6.7585473,-6.628547,-6.3885474
-5.4485474,-5.418547,-5.5485473,-5.838547,-6.0585475,-6.3185472,-6.6785474,-6.8685474,-6.898547,-7.0485473,-7.4685473,-8.068547,-8.388547,-8.358547,-8.278547,-8.208548,-8.3285475,-8.318547,-8.198547,-8.138547,-8.198547,-8.0785475,-7.7885475,-7.5585475,-7.4785476,-7.4885473,-7.4885473,-7.418547,-7.2685475,-7.0785475,-7.0785475,-7.0785475,-6.9785476,-7.0485473,-6.9285474,-6.7685475,-6.9285474,-6.878547,-6.6785474,-6.7585473,-6.8185472,-7.0485473,-7.0485473,-7.168547,-7.3685474,-7.2985473,-7.2085476,-7.0985475,-7.0485473,-6.918547,-7.0085473,-7.0785475,-7.0485473,-6.8185472,-6.6785474,-6.2985473,-5.9585476
-5.5185475,-5.6585474,-5.9085474,-6.2985473,-6.4585476,-6.588547,-6.6585474,-6.5785475,-6.4885473,-6.5185475,-6.7785473,-7.088547,-7.358547,-7.4885473,-7.5285473,-7.2885475,-7.088547,-7.0785475,-7.148547,-7.108547,-7.0385475,-7.0685472,-7.0785475,-7.0685472,-7.0685472,-6.9685473,-6.9585476,-6.8485475,-6.628547,-6.648547,-6.9285474,-7.0785475,-6.918547,-6.7285476,-6.7685475,-6.878547,-6.9685473,-7.088547,-7.2885475,-7.2985473,-7.3885474,-7.6785474,-7.588547,-7.5585475,-7.7485476,-7.7285476,-7.4085474,-7.0185475,-6.8685474,-7.0585475,-7.1985474,-6.8885474,-6.588547,-6.5085473,-6.188547,-5.938547,-5.668547
-5.148547,-5.2385473,-5.3285475,-5.2585473,-5.2985473,-5.398547,-5.5085473,-5.838547,-6.0585475,-6.2085476,-6.338547,-6.4885473,-6.4085474,-6.2285476,-6.3485475,-6.7885475,-7.2485476,-7.2785473,-7.0085473,-6.8185472,-6.7585473,-6.7685475,-6.8885474,-6.648547,-6.378547,-6.3285475,-6.398547,-6.3085475,-6.2885475,-6.2185473,-6.0985475,-5.9285474,-5.8285475,-5.9785476,-6.148547,-6.0485473,-5.7885475,-5.648547,-5.4985476,-5.5985475,-6.0185475,-6.3085475,-6.2285476,-6.1185474,-6.3085475,-6.7085476,-7.108547,-7.2585473,-6.9585476,-6.858547,-6.7585473,-6.5985475,-6.4685473,-5.9785476,-5.648547,-5.2185473,-5.3285475
-4.6985474,-4.6985474,-4.9485474,-5.148547,-5.148547,-5.2085476,-5.4285474,-5.4885473,-5.4885473,-5.7485476,-6.148547,-6.3485475,-6.3285475,-6.438547,-6.6585474,-6.8285475,-6.9585476,-7.108547,-7.1785474,-7.2085476,-7.1985474,-6.838547,-6.7485476,-6.6585474,-6.438547,-6.4785476,-6.438547,-6.5285473,-6.2785473,-6.0485473,-5.8885474,-5.8685474,-6.0385475,-5.9885473,-5.7685475,-5.5585475,-5.378547,-5.128547,-5.0185475,-5.0285473,-5.188547,-5.4485474,-5.8185472,-6.358547,-6.5785475,-6.7185473,-6.9485474,-6.6785474,-6.5085473,-6.6585474,-6.5985475,-6.3485475,-6.0385475,-5.7285476,-5.3685474,-5.3185472,-5.6185474
-4.5685472,-4.8185472,-4.898547,-4.838547,-5.088547,-5.2985473,-5.3885474,-5.5085473,-5.6585474,-5.938547,-6.0385475,-5.838547,-5.338547,-5.2285476,-5.5685472,-5.9285474,-6.1585474,-6.3185472,-6.2885475,-6.168547,-6.2585473,-6.0285473,-6.0385475,-6.0085473,-5.8085475,-5.5785475,-5.6785474,-5.8185472,-5.898547,-6.2585473,-6.6385474,-6.7285476,-6.5285473,-6.3185472,-5.8285475,-5.8485475,-5.8085475,-5.398547,-5.1785474,-5.148547,-5.148547,-5.418547,-5.8085475,-6.1785474,-6.2585473,-6.128547,-6.2485476,-6.438547,-6.3685474,-5.9585476,-5.8485475,-6.0985475,-6.0785475,-6.2185473,-6.1985474,-6.0385475,-5.9585476
-4.7085476,-4.5985475,-4.4785476,-4.4085474,-4.3685474,-4.3285475,-4.148547,-3.9685473,-3.9885473,-4.1385474,-4.4585476,-4.8185472,-5.2185473,-5.7385473,-6.0185475,-6.128547,-6.2685475,-6.378547,-6.4785476,-6.4285474,-6.2685475,-6.1385474,-6.0085473,-5.878547,-5.7185473,-5.668547,-5.628547,-5.628547,-5.668547,-5.648547,-5.7885475,-5.9285474,-6.108547,-6.648547,-6.5185475,-6.0985475,-5.9485474,-5.8685474,-5.6385474,-5.6185474,-5.7485476,-6.128547,-6.2285476,-5.9085474,-5.7985473,-6.108547,-6.5985475,-6.938547,-6.918547,-6.8185472,-6.8685474,-6.358547,-6.4985476,-6.4885473,-6.4885473,-6.4985476,-6.4785476
-4.7985473,-4.6785474,-4.378547,-4.1385474,-4.1185474,-4.1785474,-4.378547,-4.7185473,-5.0685472,-5.0785475,-4.8185472,-4.9885473,-5.438547,-5.7785473,-6.1185474,-6.1385474,-5.898547,-5.628547,-5.588547,-5.4985476,-5.7185473,-5.8285475,-5.9085474,-5.8685474,-5.7785473,-5.7085476,-5.438547,-5.168547,-5.148547,-4.9485474,-4.918547,-5.128547,-5.1785474,-5.688547,-6.0785475,-6.0785475,-6.4085474,-6.5285473,-6.2685475,-6.4085474,-6.108547,-5.4785476,-5.1385474,-5.838547,-6.5085473,-6.7085476,-7.108547,-7.438547,-7.3685474,-7.2485476,-7.1385474,-7.0485473,-7.4485474,-7.0985475,-6.9585476,-6.8085475,-6.6985474
-4.898547,-4.7485476,-4.588547,-4.588547,-4.648547,-4.9585476,-4.9785476,-4.9485474,-5.2585473,-5.5485473,-5.5485473,-5.5185475,-5.588547,-5.7185473,-5.7785473,-5.9285474,-5.9485474,-5.688547,-5.5985475,-5.5385475,-5.3185472,-5.088547,-5.0485473,-4.7485476,-4.438547,-4.6385474,-4.7485476,-4.7985473,-4.6385474,-4.608547,-4.668547,-4.9985476,-5.1585474,-5.1785474,-5.2685475,-6.088547,-6.2385473,-6.5985475,-6.3485475,-6.3285475,-6.5985475,-6.5385475,-6.628547,-6.3085475,-6.0685472,-6.0685472,-6.4085474,-6.9085474,-7.1185474,-7.108547,-7.3185472,-7.7185473,-7.9885473,-7.7185473,-7.1385474,-6.6385474,-6.1585474
