public/data/weather/2019/09/29/0000-wind-isobaric-250hPa-gfs-1.0.json
{"header": { "discipline":0, "disciplineName":"Meteorological products", "gribEdition":2, "gribLength":51147, "center":7, "centerName":"US National Weather Service - NCEP(WMC)", "subcenter":0, "refTime":"2019-09-29T00:00:00.000Z", "significanceOfRT":1, "significanceOfRTName":"Start of forecast", "productStatus":0, "productStatusName":"Operational products", "productType":1, "productTypeName":"Forecast products", "productDefinitionTemplate":0, "productDefinitionTemplateName":"Analysis/forecast at horizontal level/layer at a point in time", "parameterCategory":2, "parameterCategoryName":"Momentum", "parameterNumber":3, "parameterNumberName":"V-component_of_wind", "parameterUnit":"m.s-1", "genProcessType":2, "genProcessTypeName":"Forecast", "forecastTime":0, "surface1Type":100, "surface1TypeName":"Isobaric surface", "surface1Value":25000.0, "surface2Type":255, "surface2TypeName":"Missing", "surface2Value":0.0, "gridDefinitionTemplate":0, "gridDefinitionTemplateName":"Latitude_Longitude", "numberPoints":65160, "shape":6, "shapeName":"Earth spherical with radius of 6,371,229.0 m", "gridUnits":"degrees", "resolution":48, "winds":"true", "scanMode":0, "nx":360, "ny":181, "basicAngle":0, "lo1":0.0, "la1":90.0, "lo2":359.0, "la2":-90.0, "dx":1.0, "dy":1.0 }, "data":
[rows 0 to 25 of 181, columns 232 to 289 of 360]
11.260364,11.060364,10.960363,10.760364,10.660364,10.460363,10.260364,10.160364,9.960363,9.760364,9.660364,9.460363,9.260364,9.060364,8.860364,8.660364,8.460363,8.260364,8.060364,7.860364,7.6603637,7.460364,7.2603636,7.060364,6.860364,6.6603637,6.460364,6.2603636,5.960364,5.7603636,5.560364,5.360364,5.060364,4.860364,4.6603637,4.460364,4.1603637,3.9603639,3.7603638,3.4603639,3.2603638,2.9603639,2.7603638,2.5603638,2.2603638,2.0603638,1.7603638,1.5603638,1.3603637,1.0603638,0.8603638,0.56036377,0.36036378,0.06036377,-0.13963623,-0.33963624,-0.6396362,-0.8396362
10.760364,10.660364,10.460363,10.360364,10.260364,10.160364,10.060364,9.860364,9.760364,9.660364,9.560364,9.460363,9.360364,9.260364,9.160364,8.960363,8.860364,8.760364,8.660364,8.560364,8.560364,8.460363,8.360364,8.260364,8.160364,8.060364,7.960364,7.860364,7.7603636,7.6603637,7.460364,7.360364,7.2603636,7.1603637,7.060364,6.960364,6.7603636,6.6603637,6.560364,6.360364,6.2603636,6.060364,5.960364,5.7603636,5.560364,5.460364,5.2603636,4.960364,4.860364,4.6603637,4.360364,4.2603636,3.9603639,3.7603638,3.5603638,3.3603637,3.0603638,2.8603637
11.060364,11.060364,10.960363,10.960363,10.860364,10.860364,10.760364,10.760364,10.660364,10.560364,10.360364,10.260364,10.160364,10.060364,9.860364,9.760364,9.660364,9.560364,9.460363,9.360364,9.160364,9.060364,8.960363,8.860364,8.860364,8.760364,8.760364,8.660364,8.660364,8.560364,8.560364,8.560364,8.560364,8.460363,8.460363,8.460363,8.460363,8.360364,8.360364,8.360364,8.260364,8.160364,8.160364,8.160364,8.060364,7.960364,7.960364,7.860364,7.7603636,7.6603637,7.560364,7.460364,7.2603636,7.060364,6.860364,6.6603637,6.460364,6.1603637
9.060364,8.860364,8.660364,8.560364,8.360364,8.360364,8.360364,8.360364,8.360364,8.360364,8.460363,8.460363,8.660364,8.860364,9.060364,9.460363,9.860364,10.360364,10.760364,11.260364,11.760364,12.360364,12.860364,13.560364,14.160364,14.860364,15.560364,16.360363,17.160364,17.860363,18.660364,19.360363,20.060364,20.660364,21.260365,21.660364,22.160364,22.460363,22.760365,22.860363,22.860363,22.860363,22.760365,22.560364,22.260365,21.960363,21.560364,21.060364,20.560364,19.960363,19.460363,18.760365,17.960363,17.160364,16.360363,15.560364,14.760364,13.860364
4.6603637,4.6603637,4.560364,4.6603637,5.060364,5.560364,6.2603636,7.2603636,8.460363,9.860364,11.260364,12.760364,14.260364,15.560364,16.860363,18.060364,19.260365,20.660364,21.960363,23.260365,24.560364,25.660364,26.760365,27.860363,28.860363,29.860363,30.760365,31.460363,32.060364,32.460365,32.760365,33.060364,33.160362,33.160362,33.060364,32.860363,32.560364,32.260365,31.960363,31.760365,31.360363,31.060364,30.660364,30.260365,29.860363,29.260365,28.760365,28.160364,27.460363,26.760365,25.960363,25.160364,24.360363,23.460363,22.560364,21.660364,20.760365,19.760365
2.1603637,3.2603638,4.7603636,6.2603636,7.860364,9.360364,10.660364,11.860364,13.060364,14.260364,15.560364,16.960363,18.460363,19.960363,21.460363,22.960363,24.460363,26.060364,27.760365,29.460363,31.160364,32.460365,33.560364,34.560364,35.560364,36.760365,37.860363,38.960365,39.760365,40.460365,40.660362,40.560364,40.560364,40.560364,40.560364,40.560364,40.260365,39.860363,39.160362,38.460365,37.760365,36.960365,36.260365,35.460365,34.660362,33.860363,33.160362,32.360363,31.560364,30.760365,29.960363,28.960363,28.060364,26.960363,25.860363,24.760365,23.660364,22.560364
2.2603638,3.3603637,4.6603637,6.060364,7.460364,8.860364,10.360364,11.660364,12.860364,14.160364,15.660364,17.160364,18.860363,20.560364,22.160364,23.860363,25.360363,27.060364,28.660364,30.260365,31.960363,33.760365,35.560364,37.360363,39.060364,40.760365,42.260365,42.960365,43.260365,43.360363,43.360363,43.260365,43.260365,43.360363,43.060364,42.360363,41.360363,40.660362,40.060364,39.460365,38.860363,38.260365,37.460365,36.560364,35.560364,34.660362,33.660362,32.560364,31.460363,30.360363,29.160364,27.960363,26.860363,25.660364,24.460363,23.360363,22.260365,21.260365
2.4603639,2.9603639,3.6603637,4.460364,5.2603636,6.2603636,7.2603636,8.460363,9.760364,11.260364,12.960363,14.660364,16.360363,17.960363,19.560364,21.060364,22.560364,24.160364,25.860363,27.760365,29.860363,31.960363,34.260365,36.360363,38.560364,40.760365,42.360363,43.560364,44.160362,44.260365,44.260365,44.360363,44.560364,44.460365,43.860363,42.960365,41.860363,41.060364,40.560364,40.060364,39.360363,38.660362,37.760365,36.960365,35.960365,34.860363,33.560364,32.360363,31.160364,29.960363,28.760365,27.460363,26.260365,24.960363,23.960363,22.860363,21.660364,20.560364
5.1603637,5.2603636,5.360364,5.560364,5.860364,6.1603637,6.460364,6.7603636,7.060364,7.560364,8.360364,9.560364,11.060364,12.660364,14.160364,15.860364,17.560364,19.260365,20.960363,22.660364,24.560364,26.660364,29.060364,31.460363,34.260365,37.560364,40.060364,41.460365,42.660362,43.760365,44.160362,44.160362,44.060364,43.760365,43.160362,42.560364,42.060364,41.260365,40.260365,39.460365,38.860363,38.260365,37.360363,36.560364,35.460365,34.260365,32.760365,31.460363,30.060364,28.660364,27.160364,25.560364,24.060364,22.660364,21.660364,20.660364,19.760365,19.160364
6.560364,6.960364,7.460364,7.960364,8.360364,8.560364,8.660364,8.560364,8.360364,8.060364,7.6603637,7.460364,7.6603637,8.260364,9.460363,11.060364,12.860364,14.560364,16.260365,17.760365,19.360363,21.360363,23.560364,26.060364,28.760365,31.960363,35.060364,37.660362,40.060364,42.460365,44.060364,44.660362,44.560364,44.360363,44.560364,44.560364,43.760365,43.060364,41.960365,40.860363,39.860363,39.060364,37.860363,36.760365,35.660362,34.360363,33.060364,31.560364,29.860363,27.960363,26.060364,23.960363,22.360363,21.160364,20.060364,19.360363,19.560364,20.760365
2.8603637,3.8603637,4.6603637,5.460364,6.360364,7.2603636,8.260364,9.260364,9.960363,10.560364,10.860364,10.860364,10.660364,10.260364,10.060364,10.160364,10.460363,11.460363,12.860364,14.360364,15.860364,17.360363,19.060364,20.960363,23.060364,25.460363,28.160364,30.960363,33.860363,36.960365,39.360363,41.760365,43.460365,44.360363,44.660362,44.360363,44.060364,43.260365,42.360363,41.560364,40.760365,39.460365,38.060364,36.760365,35.160362,33.460365,32.060364,30.560364,29.060364,27.260365,25.160364,22.760365,20.360363,18.260365,16.960363,16.960363,18.360363,20.760365
-0.43963623,0.26036376,1.2603638,2.1603637,3.0603638,3.8603637,4.860364,5.6603637,6.560364,7.360364,8.260364,9.360364,10.360364,11.460363,12.160364,12.660364,12.960363,13.060364,13.360364,13.760364,14.360364,15.360364,16.760365,18.260365,19.860363,21.660364,23.760365,25.960363,28.660364,31.560364,34.560364,37.660362,40.260365,42.260365,43.360363,44.260365,44.560364,44.560364,43.660362,41.960365,40.160362,39.160362,38.060364,36.660362,35.260365,34.060364,32.660362,30.860363,28.960363,27.060364,25.360363,23.660364,21.960363,20.060364,18.260365,16.960363,17.560364,20.560364
-3.6396363,-2.9396362,-2.2396362,-1.2396362,-0.13963623,0.96036375,2.0603638,3.0603638,4.060364,5.1603637,6.060364,7.060364,7.7603636,8.860364,9.860364,11.060364,12.260364,13.460363,14.360364,14.860364,15.060364,15.360364,15.860364,16.160364,16.860363,18.160364,19.960363,21.660364,23.860363,26.260365,28.860363,32.160362,35.560364,38.660362,40.960365,43.360363,45.260365,46.060364,46.360363,44.360363,41.960365,40.060364,38.660362,37.660362,36.660362,35.460365,34.260365,32.760365,30.960363,29.060364,27.060364,24.960363,22.560364,20.160364,18.160364,16.360363,14.660364,15.160364
-6.039636,-5.539636,-4.7396364,-4.039636,-3.2396362,-2.4396362,-1.4396362,-0.13963623,1.0603638,2.3603637,3.5603638,4.7603636,5.960364,7.060364,8.160364,9.260364,10.460363,11.860364,13.060364,14.160364,15.160364,16.060364,16.360363,16.660364,17.160364,17.360363,17.660364,18.660364,20.260365,21.860363,23.960363,26.560364,29.860363,33.160362,37.060364,40.760365,43.660362,45.660362,46.960365,46.560364,44.660362,42.960365,41.160362,39.560364,37.960365,36.260365,34.860363,33.260365,31.560364,29.660364,27.860363,26.260365,24.760365,22.760365,20.560364,18.360363,15.560364,12.560364
-9.439636,-8.639636,-8.039637,-7.439636,-6.639636,-5.439636,-4.139636,-2.8396363,-1.8396362,-0.8396362,0.26036376,1.7603638,3.4603639,4.860364,5.960364,7.060364,8.060364,9.260364,10.360364,11.560364,12.860364,13.860364,15.260364,16.660364,17.060364,16.960363,16.960363,16.860363,16.960363,18.460363,20.060364,22.060364,24.660364,27.960363,31.760365,36.260365,39.460365,41.960365,44.760365,46.260365,45.760365,44.660362,43.360363,42.260365,40.260365,38.060364,36.160362,34.160362,31.960363,30.060364,28.260365,26.460363,24.660364,22.560364,20.160364,17.760365,15.160364,11.160364
-11.639636,-11.439636,-11.039637,-10.139636,-9.039637,-7.939636,-6.939636,-5.939636,-4.7396364,-3.4396362,-1.5396363,-0.33963624,0.6603638,1.9603637,3.0603638,4.560364,5.6603637,6.560364,7.860364,8.960363,10.060364,11.060364,12.160364,13.360364,14.560364,16.060364,16.160364,16.160364,16.160364,16.160364,17.360363,19.060364,21.460363,24.160364,27.360363,31.060364,35.560364,39.660362,42.760365,44.960365,45.160362,44.860363,43.560364,42.860363,41.360363,39.260365,37.260365,35.360363,33.460365,30.960363,28.360363,26.260365,24.160364,21.960363,19.760365,17.160364,14.360364,10.660364
-12.239636,-11.839636,-11.539637,-11.039637,-10.539637,-10.139636,-9.539637,-8.839636,-7.439636,-6.939636,-5.939636,-4.439636,-2.6396363,-1.1396363,0.26036376,1.0603638,2.3603637,3.5603638,5.060364,6.460364,7.1603637,8.160364,9.960363,11.060364,12.160364,13.260364,15.060364,15.560364,15.060364,15.160364,14.860364,15.360364,16.960363,19.160364,21.860363,24.660364,28.260365,33.360363,37.560364,41.660362,43.460365,44.360363,43.560364,42.560364,41.460365,40.160362,38.860363,37.260365,34.960365,32.660362,30.160364,27.360363,24.560364,22.160364,19.860363,17.360363,14.260364,10.860364
-14.839636,-14.239636,-13.439636,-12.639636,-11.939636,-11.539637,-10.839636,-10.739636,-10.539637,-9.639636,-7.539636,-7.3396363,-7.639636,-4.539636,-2.9396362,-2.1396363,-0.53963625,-0.039636232,1.3603637,3.1603637,4.560364,5.460364,7.2603636,8.960363,9.760364,11.160364,12.460363,14.260364,14.860364,14.460363,14.560364,14.160364,14.360364,15.760364,18.060364,20.460363,23.560364,27.160364,30.960363,35.060364,38.560364,41.560364,43.760365,43.160362,42.560364,41.860363,40.260365,37.960365,35.760365,33.260365,30.860363,28.360363,25.860363,23.360363,21.160364,18.660364,15.860364,12.960363
-15.939636,-15.939636,-15.939636,-16.039637,-14.839636,-13.239636,-12.339636,-11.539637,-10.539637,-10.939636,-10.639636,-10.139636,-8.939636,-7.939636,-7.439636,-7.139636,-4.139636,-2.9396362,-1.8396362,-0.23963623,1.7603638,3.0603638,3.9603639,6.460364,7.560364,8.760364,10.560364,11.860364,13.160364,14.460363,14.260364,13.360364,12.660364,12.360364,13.960363,16.160364,18.760365,21.760365,24.560364,28.860363,32.360363,36.560364,39.660362,42.160362,43.360363,43.960365,42.460365,39.360363,36.660362,33.760365,32.160362,29.860363,27.560364,25.060364,22.460363,19.860363,17.560364,15.060364
-15.539637,-16.639637,-17.439636,-17.539637,-17.539637,-16.939636,-15.839636,-14.939636,-13.339636,-12.139636,-11.839636,-11.439636,-10.239636,-9.139636,-8.939636,-8.839636,-8.539637,-7.139636,-4.3396363,-2.9396362,-2.0396361,0.6603638,2.0603638,3.3603637,5.860364,6.960364,8.760364,10.460363,11.460363,12.560364,13.660364,12.960363,11.860364,10.260364,9.960363,11.360364,14.060364,16.260365,18.760365,21.460363,25.360363,29.260365,33.160362,36.860363,39.960365,42.260365,42.660362,41.460365,38.860363,36.260365,33.860363,31.160364,28.960363,27.160364,25.060364,22.960363,20.460363,17.560364
-15.239636,-16.639637,-17.439636,-18.039637,-18.839636,-18.739635,-18.539637,-17.939636,-17.039637,-15.839636,-14.539637,-13.239636,-11.939636,-11.039637,-10.539637,-9.539637,-8.339636,-7.439636,-6.439636,-5.639636,-4.539636,-1.9396362,-0.13963623,1.8603637,3.7603638,6.1603637,7.060364,8.960363,9.760364,10.460363,11.860364,12.260364,10.660364,8.760364,6.460364,6.6603637,8.860364,10.960363,13.560364,15.560364,17.560364,20.860363,24.960363,28.660364,32.660362,37.260365,39.860363,40.660362,39.660362,37.460365,35.060364,33.160362,31.560364,29.260365,26.760365,24.360363,21.860363,20.060364
-13.939636,-14.839636,-16.139637,-17.639637,-19.039637,-19.939636,-20.839636,-20.839636,-20.739635,-19.839636,-18.039637,-16.039637,-14.539637,-12.339636,-11.039637,-10.239636,-9.639636,-8.439636,-7.639636,-6.7396364,-5.439636,-2.7396362,-1.8396362,0.06036377,2.6603637,5.2603636,5.6603637,6.7603636,7.2603636,7.7603636,9.560364,10.460363,9.760364,6.7603636,3.9603639,1.7603638,3.3603637,5.7603636,7.860364,11.060364,12.660364,15.160364,17.960363,20.160364,22.460363,25.360363,30.260365,36.360363,37.860363,37.660362,36.660362,34.660362,32.860363,31.860363,29.360363,26.960363,24.560364,21.760365
-12.339636,-13.439636,-14.839636,-15.939636,-16.939636,-18.639637,-20.139637,-21.139637,-21.539637,-20.739635,-20.339636,-19.239635,-18.039637,-15.839636,-13.839636,-12.139636,-10.839636,-9.339636,-7.539636,-6.039636,-4.8396363,-4.039636,-2.4396362,-0.039636232,2.7603638,3.3603637,4.2603636,4.560364,4.6603637,5.460364,7.1603637,7.860364,7.460364,4.960364,1.3603637,-2.2396362,-2.1396363,1.1603638,3.4603639,6.6603637,8.260364,10.760364,12.860364,14.860364,16.760365,18.560364,21.160364,23.860363,28.660364,33.960365,35.260365,34.860363,33.860363,31.960363,31.460363,29.860363,27.860363,25.660364
-10.639636,-11.239636,-12.539637,-14.139636,-15.639636,-16.639637,-18.039637,-19.939636,-21.339636,-21.439636,-22.239635,-22.339636,-21.539637,-20.339636,-17.939636,-15.139636,-12.639636,-10.639636,-8.939636,-7.039636,-5.7396364,-4.039636,-2.3396363,-0.33963624,1.3603637,2.4603639,2.8603637,2.8603637,2.9603639,4.1603637,5.560364,6.6603637,5.460364,2.8603637,-1.3396362,-5.039636,-7.139636,-3.9396362,-0.93963623,2.6603637,4.360364,6.960364,10.260364,12.460363,13.460363,14.260364,14.560364,15.360364,17.960363,20.460363,24.560364,27.960363,29.860363,30.060364,29.560364,28.760365,27.560364,25.760365
-11.639636,-11.239636,-11.639636,-12.939636,-14.639636,-16.139637,-17.239635,-18.639637,-20.739635,-22.239635,-23.139637,-23.639637,-22.939636,-21.539637,-18.939636,-16.839636,-14.139636,-11.539637,-9.739636,-7.939636,-6.439636,-4.8396363,-3.5396361,-1.4396362,0.46036378,1.0603638,1.6603638,2.2603638,2.8603637,4.460364,5.560364,6.6603637,5.360364,2.0603638,-2.5396361,-7.3396363,-10.439636,-9.639636,-5.139636,-1.9396362,1.1603638,4.460364,6.560364,8.660364,11.060364,11.560364,11.460363,12.060364,12.260364,13.360364,15.260364,17.160364,20.860363,22.460363,23.160364,24.160364,25.460363,25.460363
-13.439636,-11.939636,-11.339636,-11.839636,-12.939636,-14.539637,-16.439636,-18.139637,-19.939636,-22.239635,-23.339636,-23.939636,-23.639637,-21.339636,-19.639637,-17.639637,-15.039637,-13.039637,-11.539637,-10.039637,-8.339636,-6.539636,-4.939636,-2.4396362,-0.039636232,0.8603638,1.8603637,2.7603638,3.9603639,5.7603636,7.460364,8.760364,6.960364,1.5603638,-3.2396362,-8.139636,-11.439636,-13.139636,-9.339636,-5.039636,-2.2396362,0.8603638,4.460364,6.7603636,8.260364,10.660364,10.660364,10.160364,9.460363,9.560364,10.060364,11.660364,12.760364,14.360364,16.560364,17.160364,17.960363,18.660364
