public/data/weather/2019/09/29/0000-wind-isobaric-850hPa-gfs-1.0.json
{"header": { "discipline":0, "disciplineName":"Meteorological products", "gribEdition":2, "gribLength":54458, "center":7, "centerName":"US National Weather Service - NCEP(WMC)", "subcenter":0, "refTime":"2019-09-29T00:00:00.000Z", "significanceOfRT":1, "significanceOfRTName":"Start of forecast", "productStatus":0, "productStatusName":"Operational products", "productType":1, "productTypeName":"Forecast products", "productDefinitionTemplate":0, "productDefinitionTemplateName":"Analysis/forecast at horizontal level/layer at a point in time", "parameterCategory":2, "parameterCategoryName":"Momentum", "parameterNumber":3, "parameterNumberName":"V-component_of_wind", "parameterUnit":"m.s-1", "genProcessType":2, "genProcessTypeName":"Forecast", "forecastTime":0, "surface1Type":100, "surface1TypeName":"Isobaric surface", "surface1Value":85000.0, "surface2Type":255, "surface2TypeName":"Missing", "surface2Value":0.0, "gridDefinitionTemplate":0, "gridDefinitionTemplateName":"Latitude_Longitude", "numberPoints":65160, "shape":6, "shapeName":"Earth spherical with radius of 6,371,229.0 m", "gridUnits":"degrees", "resolution":48, "winds":"true", "scanMode":0, "nx":360, "ny":181, "basicAngle":0, "lo1":0.0, "la1":90.0, "lo2":359.0, "la2":-90.0, "dx":1.0, "dy":1.0 }, "data":
[rows 130 to 155 of 181, columns 58 to 115 of 360]
8.239245,7.339246,4.5392456,0.4392456,0.23924561,-1.1607544,1.5392456,-0.9607544,-4.5607543,-3.9607544,-4.160754,-1.6607544,-4.0607543,-2.1607544,-6.7607546,-6.5607543,-5.3607545,-5.2607546,-4.7607546,-3.7607543,-2.7607543,-1.4607544,0.8392456,1.4392456,1.1392456,1.6392456,1.4392456,2.9392457,3.7392457,3.1392455,4.9392457,4.6392455,4.339246,4.2392454,4.839246,5.0392456,6.5392456,5.839246,5.7392454,4.7392454,4.339246,4.0392456,-0.5607544,-1.4607544,-3.9607544,-9.660754,-5.4607544,-11.860754,-15.460754,-13.960754,-10.860754,-12.560755,-16.060755,-14.660754,-12.260755,-11.060755,-9.660754,-7.0607543
9.639246,9.239245,7.5392456,6.7392454,7.1392455,4.4392457,0.5392456,1.0392456,-2.0607543,-5.0607543,-6.0607543,-5.8607545,-5.3607545,-6.660754,-4.8607545,-7.7607546,-6.3607545,-6.3607545,-5.660754,-5.160754,-3.4607544,-4.0607543,-0.2607544,0.1392456,0.7392456,0.8392456,1.7392457,2.1392455,2.9392457,3.6392455,4.0392456,4.5392456,4.5392456,4.6392455,4.9392457,6.5392456,4.7392454,4.9392457,5.0392456,4.0392456,3.8392456,3.5392456,4.839246,-0.7607544,-2.5607543,-5.4607544,-9.260755,-5.3607545,-13.860754,-13.060755,-15.360754,-12.460754,-15.460754,-15.160754,-13.460754,-12.260755,-10.860754,-8.260755
10.839246,10.139246,8.839246,8.239245,7.5392456,7.7392454,6.1392455,3.6392455,1.8392456,-2.1607544,-5.9607544,-5.160754,-8.760755,-8.460754,-8.260755,-7.8607545,-9.260755,-8.660754,-7.8607545,-7.9607544,-5.4607544,-3.8607545,-2.3607545,-2.2607543,-1.2607543,0.4392456,1.2392457,1.8392456,2.1392455,2.9392457,4.839246,4.9392457,5.1392455,5.1392455,5.339246,5.1392455,4.5392456,4.2392454,3.6392455,3.3392456,2.6392455,2.8392456,1.8392456,1.3392456,-3.2607543,-3.6607544,-7.4607544,-8.360754,-10.960754,-14.260755,-14.560755,-15.860754,-15.260755,-15.460754,-14.760755,-12.060755,-11.760755,-9.460754
10.839246,10.739245,10.239245,9.439245,7.9392457,6.839246,6.5392456,5.6392455,5.0392456,2.6392455,-3.2607543,-4.4607544,-9.660754,-10.160754,-9.760755,-11.260755,-10.060755,-10.760755,-9.560755,-10.960754,-6.2607546,-3.3607545,-4.9607544,-3.5607543,-1.9607544,-0.4607544,0.33924562,1.1392456,1.9392456,3.5392456,4.7392454,5.2392454,5.5392456,5.839246,5.7392454,5.6392455,4.7392454,4.0392456,3.0392456,2.6392455,1.9392456,1.9392456,1.0392456,-0.8607544,-1.6607544,-1.3607544,-4.3607545,-7.3607545,-11.160754,-9.560755,-15.560755,-14.560755,-16.260754,-17.060755,-16.360754,-11.560755,-10.160754,-10.560755
10.239245,9.439245,9.939245,9.739245,9.139246,7.9392457,5.6392455,5.6392455,3.6392455,2.8392456,1.8392456,-1.2607543,-6.9607544,-14.560755,-13.260755,-13.660754,-14.260755,-12.560755,-12.060755,-11.160754,-10.060755,-3.3607545,-5.9607544,-5.0607543,-3.3607545,-1.9607544,-1.1607544,0.5392456,2.7392457,3.8392456,5.0392456,5.7392454,6.339246,6.7392454,7.1392455,6.6392455,5.5392456,4.339246,3.3392456,1.8392456,0.6392456,-0.1607544,0.5392456,-0.3607544,-2.3607545,-2.0607543,-0.8607544,-7.160754,-7.8607545,-13.860754,-10.260755,-17.960754,-17.460754,-17.860754,-15.860754,-13.160754,-10.960754,-12.260755
10.039246,9.339246,10.339246,8.839246,7.7392454,6.7392454,7.0392456,5.7392454,6.2392454,4.4392457,2.1392455,1.3392456,-3.4607544,-8.360754,-11.360754,-17.260754,-17.260754,-15.860754,-14.560755,-12.160754,-11.660754,-5.660754,-5.7607546,-5.8607545,-4.5607543,-2.6607544,-0.2607544,1.4392456,2.6392455,4.2392454,5.1392455,5.839246,6.339246,6.839246,7.2392454,7.0392456,5.4392457,4.839246,3.6392455,3.2392457,0.5392456,-1.7607543,-2.4607544,-1.5607544,-2.3607545,-4.0607543,-1.9607544,-3.1607544,-9.060755,-10.460754,-15.660754,-14.560755,-20.460754,-20.060755,-17.960754,-15.160754,-13.860754,-15.060755
10.339246,10.339246,10.039246,9.239245,6.839246,3.5392456,4.4392457,4.839246,5.4392457,4.839246,5.1392455,2.2392457,1.8392456,-6.7607546,-16.360754,-21.160755,-19.960754,-19.160755,-16.860754,-15.760755,-13.860754,-8.660754,-5.3607545,-7.160754,-4.8607545,-2.2607543,0.1392456,1.0392456,2.5392456,4.2392454,5.2392454,6.2392454,7.1392455,7.6392455,7.4392457,7.1392455,6.339246,5.1392455,4.339246,2.8392456,1.3392456,-0.8607544,-4.2607546,-4.9607544,-5.160754,-5.8607545,-4.5607543,-3.1607544,-2.6607544,-8.560755,-13.560755,-15.460754,-13.860754,-19.360754,-18.860754,-17.660755,-16.360754,-16.660755
13.039246,10.639246,11.539246,8.639246,7.6392455,5.4392457,4.1392455,3.3392456,3.5392456,2.9392457,2.6392455,1.0392456,1.5392456,-4.9607544,-13.860754,-15.660754,-24.660755,-21.960754,-18.560755,-18.260754,-14.160754,-7.7607546,-4.160754,-7.2607546,-4.7607546,-2.0607543,-0.060754396,0.5392456,2.4392457,4.4392457,5.5392456,6.9392457,7.9392457,8.539246,8.339246,7.4392457,6.839246,5.5392456,4.2392454,3.4392457,1.6392456,-1.3607544,-4.0607543,-6.8607545,-6.7607546,-7.8607545,-6.7607546,-4.0607543,-4.2607546,-6.9607544,-11.360754,-13.160754,-16.360754,-15.060755,-13.960754,-17.860754,-15.960754,-19.960754
15.139246,14.039246,12.739245,10.439245,7.6392455,5.7392454,2.8392456,2.7392457,2.5392456,1.0392456,-1.0607544,-1.1607544,-0.6607544,-1.7607543,-9.360754,-18.360754,-26.660755,-23.560755,-19.560755,-16.460754,-15.560755,-8.660754,-4.4607544,-7.9607544,-4.7607546,-2.2607543,-0.6607544,0.9392456,2.9392457,4.9392457,6.7392454,8.239245,9.539246,9.939245,9.839246,9.139246,8.139246,6.6392455,4.4392457,3.9392457,0.039245605,-3.6607544,-5.5607543,-9.760755,-8.260755,-8.260755,-9.160754,-5.9607544,-2.1607544,-8.360754,-10.560755,-12.860754,-12.760755,-15.960754,-15.260755,-18.060755,-21.060755,-21.460754
17.839245,17.539246,16.239246,12.239245,5.839246,1.4392456,0.1392456,0.6392456,0.5392456,1.6392456,-3.9607544,-2.3607545,-2.6607544,-3.2607543,-10.160754,-18.860754,-27.060755,-24.560755,-22.060755,-17.960754,-14.060755,-7.9607544,-8.960754,-8.160754,-4.9607544,-2.5607543,-0.7607544,1.3392456,3.8392456,5.9392457,8.039246,9.439245,10.539246,11.139246,11.039246,10.739245,9.739245,7.9392457,6.839246,3.3392456,-2.5607543,-5.3607545,-6.5607543,-11.460754,-10.460754,-7.4607544,-8.460754,-7.660754,-4.2607546,-5.7607546,-11.060755,-12.960754,-13.660754,-16.660755,-15.360754,-18.060755,-19.460754,-24.060755
22.339245,24.039246,25.439245,25.139246,14.839246,-1.6607544,-7.2607546,-3.4607544,-0.1607544,-2.9607544,-3.3607545,-3.1607544,-5.9607544,-3.5607543,-7.9607544,-19.960754,-28.560755,-25.460754,-21.360754,-17.660755,-13.660754,-7.660754,-11.160754,-8.360754,-4.4607544,-2.4607544,0.1392456,2.4392457,4.5392456,6.6392455,8.239245,9.639246,11.339246,12.239245,12.539246,12.039246,11.039246,9.939245,3.4392457,3.5392456,-1.7607543,-3.6607544,-8.660754,-11.260755,-10.060755,-7.0607543,-9.260755,-6.9607544,-5.8607545,-5.660754,-15.960754,-13.460754,-13.160754,-16.860754,-19.160755,-20.060755,-18.660755,-24.760754
24.839245,27.639246,29.439245,28.639246,15.639246,5.839246,-11.260755,-6.2607546,-3.4607544,0.5392456,0.7392456,-3.1607544,-5.7607546,-4.660754,-8.560755,-19.760754,-25.060755,-24.860754,-20.960754,-17.560755,-10.660754,-13.860754,-11.060755,-7.5607543,-4.2607546,-2.2607543,0.33924562,3.3392456,4.839246,6.9392457,8.439245,10.339246,12.239245,13.239245,13.339246,13.039246,11.739245,4.6392455,1.3392456,0.5392456,-0.6607544,-2.1607544,-7.5607543,-8.460754,-7.2607546,-7.160754,-7.0607543,-8.160754,-6.8607545,-9.060755,-14.360754,-14.360754,-14.160754,-16.860754,-18.760754,-19.860754,-20.360754,-24.960754
26.139246,28.239246,30.539246,29.339245,9.239245,3.6392455,-5.660754,-5.4607544,-4.0607543,-0.7607544,0.1392456,-2.2607543,-3.5607543,-6.0607543,-11.860754,-18.560755,-24.960754,-24.360754,-18.560755,-14.560755,-15.060755,-13.360754,-10.560755,-7.3607545,-4.4607544,-1.9607544,1.3392456,2.9392457,4.839246,7.0392456,8.839246,11.239245,12.839246,13.839246,13.739245,12.639246,10.539246,2.6392455,1.8392456,-1.1607544,-2.9607544,-4.7607546,-5.160754,-4.7607546,-5.160754,-4.5607543,-4.160754,-5.5607543,-7.8607545,-11.360754,-15.660754,-15.560755,-16.060755,-14.760755,-19.060755,-20.660755,-19.860754,-22.360754
25.839245,26.239246,28.139246,25.239246,20.439245,3.3392456,-1.2607543,-2.3607545,-3.2607543,-1.6607544,-1.6607544,-3.1607544,-4.3607545,-9.960754,-16.260754,-21.560755,-23.560755,-20.160755,-16.760754,-17.460754,-13.760755,-12.160754,-8.960754,-6.2607546,-3.7607543,-0.9607544,1.3392456,2.5392456,5.9392457,7.4392457,9.339246,11.839246,13.639246,14.339246,14.039246,11.939245,5.839246,0.7392456,-0.8607544,-1.1607544,-2.8607545,-3.1607544,-4.3607545,-4.0607543,-1.9607544,1.9392456,0.1392456,-1.5607544,-7.7607546,-16.860754,-17.660755,-15.060755,-16.760754,-17.160755,-17.560755,-20.360754,-21.960754,-21.660755
23.639246,24.139246,24.639246,23.639246,19.839245,15.139246,12.139246,1.3392456,-1.3607544,-0.7607544,-2.9607544,-6.8607545,-9.860754,-17.460754,-21.060755,-21.060755,-18.760754,-16.260754,-17.060755,-12.960754,-12.360754,-10.260755,-7.2607546,-5.4607544,-2.6607544,-0.3607544,1.1392456,4.339246,5.9392457,8.339246,10.139246,12.539246,14.139246,14.839246,13.939245,10.439245,1.3392456,-2.1607544,-2.6607544,-2.0607543,-2.9607544,-3.0607543,-1.8607544,-0.060754396,1.1392456,4.0392456,5.2392454,-4.8607545,-14.760755,-16.360754,-18.360754,-17.560755,-17.460754,-18.260754,-17.060755,-18.660755,-18.760754,-18.660755
20.839245,21.639246,21.539246,20.239246,19.339245,14.239245,11.139246,6.839246,-2.1607544,-1.3607544,-2.0607543,-6.7607546,-10.660754,-13.860754,-13.060755,-15.660754,-18.560755,-16.360754,-14.260755,-11.960754,-9.760755,-6.5607543,-5.4607544,-4.2607546,-1.8607544,-0.1607544,2.3392456,4.4392457,7.0392456,8.839246,11.239245,13.439245,14.739245,14.839246,13.239245,5.6392455,-1.7607543,-3.9607544,-3.3607545,-3.3607545,-2.9607544,-4.0607543,-1.3607544,2.0392456,4.339246,6.1392455,7.7392454,-7.160754,-14.460754,-16.060755,-16.960754,-19.360754,-19.260754,-18.160755,-17.360754,-18.060755,-20.360754,-22.160755
17.839245,18.639246,18.039246,18.239246,15.239245,14.039246,9.239245,3.6392455,3.4392457,-0.1607544,-4.0607543,-6.4607544,-7.2607546,-9.860754,-12.360754,-12.160754,-15.560755,-13.660754,-11.660754,-12.060755,-8.260755,-5.2607546,-5.4607544,-2.8607545,-0.7607544,0.6392456,2.6392455,5.2392454,7.5392456,9.639246,12.139246,14.139246,14.839246,13.139246,9.339246,2.3392456,-2.9607544,-5.4607544,-4.4607544,-3.3607545,-3.5607543,-2.9607544,-0.3607544,2.4392457,5.6392455,6.2392454,7.9392457,-6.2607546,-10.660754,-12.260755,-15.860754,-19.560755,-20.060755,-21.360754,-21.960754,-22.660755,-23.060755,-22.960754
14.739245,15.539246,15.939245,14.739245,13.439245,11.339246,9.839246,4.339246,2.5392456,-1.9607544,-3.5607543,-5.0607543,-6.9607544,-9.260755,-10.360754,-11.660754,-14.360754,-12.160754,-10.760755,-9.860754,-7.0607543,-5.2607546,-2.9607544,-2.3607545,-0.4607544,1.0392456,3.5392456,6.0392456,7.9392457,10.039246,12.539246,14.139246,13.139246,11.339246,6.339246,0.23924561,-4.9607544,-6.3607545,-4.7607546,-3.9607544,-3.4607544,-2.3607545,-0.7607544,1.8392456,5.4392457,4.4392457,9.239245,-6.660754,-12.060755,-14.760755,-17.960754,-20.060755,-20.960754,-21.460754,-21.060755,-19.060755,-19.460754,-20.360754
10.839246,12.939245,14.139246,11.439245,11.139246,9.639246,8.139246,6.339246,2.6392455,-1.4607544,-3.1607544,-4.660754,-6.4607544,-9.960754,-10.460754,-11.860754,-11.760755,-11.360754,-9.960754,-6.9607544,-5.4607544,-3.7607543,-2.7607543,-1.2607543,0.4392456,2.4392457,5.1392455,7.1392455,7.9392457,10.539246,12.439245,12.639246,10.639246,9.839246,3.7392457,-0.3607544,-3.7607543,-6.660754,-4.9607544,-4.2607546,-3.8607545,-2.4607544,-0.8607544,1.1392456,3.0392456,3.1392455,5.1392455,-3.7607543,-12.960754,-16.260754,-16.860754,-16.560755,-16.560755,-17.660755,-17.360754,-17.060755,-18.160755,-19.260754
8.439245,10.939245,11.839246,10.439245,8.539246,8.639246,7.2392454,5.0392456,3.1392455,-0.8607544,-3.8607545,-3.9607544,-6.7607546,-7.8607545,-10.960754,-11.860754,-11.960754,-8.560755,-6.160754,-5.3607545,-3.7607543,-3.2607543,-2.0607543,-0.060754396,1.6392456,4.2392454,6.339246,6.5392456,6.7392454,10.039246,11.839246,11.539246,10.039246,8.239245,6.2392454,0.8392456,-1.8607544,-4.160754,-7.3607545,-5.7607546,-4.8607545,-3.3607545,-1.8607544,-1.0607544,0.039245605,0.7392456,2.2392457,-0.5607544,-9.460754,-15.760755,-16.660755,-16.860754,-16.860754,-16.960754,-17.860754,-17.260754,-17.160755,-17.060755
6.5392456,8.439245,8.039246,7.839246,6.339246,5.5392456,5.1392455,3.3392456,2.4392457,0.5392456,-3.0607543,-5.0607543,-5.7607546,-7.7607546,-11.560755,-9.260755,-6.2607546,-5.160754,-4.9607544,-3.8607545,-3.7607543,-2.6607544,0.23924561,1.3392456,4.339246,6.0392456,5.2392454,4.4392457,4.9392457,8.039246,10.139246,10.839246,10.639246,8.639246,5.7392454,2.0392456,-0.9607544,-2.3607545,-4.2607546,-4.660754,-5.5607543,-4.9607544,-3.7607543,-2.6607544,-3.1607544,-2.6607544,-2.4607544,-1.4607544,-4.8607545,-11.260755,-14.460754,-15.760755,-15.360754,-14.060755,-16.960754,-15.760755,-16.160755,-16.460754
5.5392456,5.6392455,5.9392457,6.0392456,4.9392457,2.6392455,1.6392456,-0.060754396,0.8392456,-1.7607543,-3.3607545,-5.0607543,-6.660754,-6.660754,-7.0607543,-4.9607544,-4.4607544,-4.4607544,-4.660754,-4.160754,-3.4607544,0.1392456,1.7392457,4.7392454,5.1392455,4.2392454,3.8392456,3.3392456,3.8392456,5.339246,7.4392457,9.139246,10.739245,11.439245,10.539246,8.239245,4.7392454,-2.5607543,-4.7607546,-4.7607546,-5.0607543,-5.0607543,-4.3607545,-4.3607545,-5.160754,-4.660754,-4.7607546,-4.2607546,-4.0607543,-6.9607544,-9.860754,-11.760755,-14.960754,-15.260755,-15.260755,-15.560755,-14.460754,-13.160754
5.1392455,6.6392455,6.6392455,5.7392454,3.7392457,2.3392456,-1.2607543,-3.3607545,-1.1607544,-1.1607544,-5.3607545,-6.5607543,-5.3607545,-4.9607544,-4.5607543,-3.9607544,-4.7607546,-4.4607544,-4.5607543,-4.7607546,-2.0607543,2.4392457,4.1392455,3.2392457,2.9392457,3.0392456,3.2392457,3.5392456,3.8392456,4.339246,5.2392454,5.839246,7.0392456,8.839246,10.839246,10.439245,8.039246,6.1392455,-0.060754396,-4.9607544,-5.4607544,-5.160754,-3.8607545,-3.2607543,-4.3607545,-4.5607543,-4.8607545,-5.0607543,-5.160754,-6.3607545,-8.560755,-10.760755,-11.560755,-11.760755,-13.460754,-13.260755,-13.760755,-13.360754
5.1392455,5.839246,5.9392457,4.5392456,4.5392456,0.7392456,-2.9607544,-5.160754,-3.2607543,-2.4607544,-5.2607546,-8.160754,-5.660754,-4.9607544,-4.2607546,-3.5607543,-3.5607543,-4.3607545,-4.660754,-3.5607543,-0.3607544,1.9392456,0.5392456,0.7392456,1.0392456,0.8392456,1.2392457,2.0392456,3.1392455,4.1392455,4.9392457,5.9392457,6.4392457,6.7392454,6.6392455,7.4392457,8.339246,8.639246,7.1392455,4.7392454,1.5392456,-1.1607544,-2.7607543,-3.5607543,-3.9607544,-5.160754,-6.5607543,-5.9607544,-5.9607544,-5.9607544,-6.4607544,-7.0607543,-8.260755,-8.860754,-8.260755,-10.060755,-11.560755,-11.860754
4.5392456,3.7392457,3.3392456,3.0392456,4.4392457,3.4392457,0.8392456,-3.3607545,-6.3607545,-9.160754,-8.460754,-6.4607544,-4.7607546,-3.8607545,-3.3607545,-3.2607543,-3.6607544,-4.660754,-4.0607543,-1.0607544,-0.7607544,-2.0607543,-1.4607544,-1.6607544,-1.7607543,-0.3607544,0.8392456,2.3392456,3.5392456,4.5392456,5.2392454,5.4392457,5.4392457,5.7392454,5.839246,5.5392456,5.4392457,5.339246,4.7392454,3.3392456,2.6392455,2.3392456,1.8392456,0.7392456,-1.0607544,-2.6607544,-3.9607544,-5.2607546,-6.660754,-8.660754,-9.860754,-10.060755,-10.260755,-10.960754,-12.360754,-13.460754,-13.960754,-13.160754
6.0392456,4.1392455,2.4392457,1.4392456,0.8392456,0.5392456,-0.3607544,-1.7607543,-2.0607543,-1.7607543,-2.1607544,-2.9607544,-3.2607543,-3.7607543,-3.9607544,-5.0607543,-5.3607545,-4.0607543,-0.8607544,-2.3607545,-3.2607543,-3.3607545,-3.5607543,-2.9607544,-1.3607544,-0.060754396,1.7392457,3.1392455,3.2392457,3.5392456,4.1392455,4.5392456,4.6392455,4.2392454,4.1392455,3.5392456,3.2392457,3.0392456,1.7392457,1.5392456,0.8392456,-0.060754396,-1.2607543,-1.7607543,-2.2607543,-2.2607543,-2.1607544,-2.0607543,-1.9607544,-2.5607543,-3.3607545,-4.3607545,-5.4607544,-5.9607544,-6.2607546,-6.3607545,-6.2607546,-6.3607545
