public/data/weather/2019/09/29/0000-wind-isobaric-1000hPa-gfs-1.0.json
{"header": { "discipline":0, "disciplineName":"Meteorological products", "gribEdition":2, "gribLength":53809, "center":7, "centerName":"US National Weather Service - NCEP(WMC)", "subcenter":0, "refTime":"2019-09-29T00:00:00.000Z", "significanceOfRT":1, "significanceOfRTName":"Start of forecast", "productStatus":0, "productStatusName":"Operational products", "productType":1, "productTypeName":"Forecast products", "productDefinitionTemplate":0, "productDefinitionTemplateName":"Analysis/forecast at horizontal level/layer at a point in time", "parameterCategory":2, "parameterCategoryName":"Momentum", "parameterNumber":3, "parameterNumberName":"V-component_of_wind", "parameterUnit":"m.s-1", "genProcessType":2, "genProcessTypeName":"Forecast", "forecastTime":0, "surface1Type":100, "surface1TypeName":"Isobaric surface", "surface1Value":95000.0, "surface2Type":255, "surface2TypeName":"Missing", "surface2Value":0.0, "gridDefinitionTemplate":0, "gridDefinitionTemplateName":"Latitude_Longitude", "numberPoints":65160, "shape":6, "shapeName":"Earth spherical with radius of 6,371,229.0 m", "gridUnits":"degrees", "resolution":48, "winds":"true", "scanMode":0, "nx":360, "ny":181, "basicAngle":0, "lo1":0.0, "la1":90.0, "lo2":359.0, "la2":-90.0, "dx":1.0, "dy":1.0 }, "data":
[rows 130 to 155 of 181, columns 0 to 58 of 360]
2.4209657,3.0209656,3.1209655,4.4209657,5.4209657,5.6209655,5.7209654,6.0209656,6.820966,5.2209654,5.7209654,5.0209656,5.7209654,5.9209657,5.6209655,5.0209656,5.1209655,4.0209656,3.4209657,2.6209655,-0.27903444,3.1209655,4.4209657,3.4209657,-3.4790344,-2.1790345,0.72096556,-1.1790345,-1.7790344,-2.6790345,-2.2790344,-2.4790344,-2.6790345,-1.5790344,-1.7790344,-1.0790344,-0.77903444,0.6209656,0.72096556,1.4209656,2.6209655,3.3209655,4.320966,5.1209655,6.0209656,6.820966,7.6209655,8.020966,8.720965,9.320966,9.820966,10.620966,10.720965,10.620966,10.920965,10.720965,10.320966,10.120966,9.720965
4.0209656,3.3209655,3.8209655,4.4209657,5.0209656,5.5209656,5.7209654,6.1209655,6.2209654,6.1209655,5.4209657,4.0209656,4.9209657,4.320966,4.9209657,3.9209657,3.6209655,3.8209655,1.7209656,-0.17903443,-2.6790345,0.020965576,3.0209656,3.8209655,-3.8790345,-5.2790346,-0.47903442,-1.6790345,-2.7790344,-5.3790345,-3.5790343,-0.77903444,-2.3790345,-2.2790344,-2.0790343,-1.5790344,-1.8790344,-1.7790344,-0.47903442,1.3209655,2.4209657,3.3209655,4.6209655,6.2209654,6.6209655,6.7209654,7.5209656,8.220965,8.720965,9.420965,9.820966,10.720965,10.620966,10.720965,10.820966,10.920965,11.020966,10.920965,10.620966
4.4209657,3.9209657,4.0209656,4.5209656,4.6209655,4.320966,4.9209657,5.9209657,6.5209656,6.5209656,6.6209655,7.0209656,6.9209657,3.3209655,4.7209654,4.2209654,2.5209656,1.6209656,2.5209656,0.42096558,-2.9790344,-4.679034,-1.8790344,1.1209656,0.5209656,-3.8790345,-1.9790344,-1.1790345,-4.5790343,-5.179034,-4.2790346,-3.4790344,-3.4790344,-3.8790345,-3.6790345,-3.1790345,-2.4790344,-1.3790344,0.020965576,1.0209656,2.2209656,3.0209656,4.1209655,4.6209655,5.4209657,6.5209656,7.5209656,8.520966,9.520966,9.820966,9.720965,10.120966,10.520966,10.420965,9.720965,11.520966,11.120966,11.120966,11.120966
3.2209656,3.0209656,3.7209656,4.0209656,4.5209656,4.6209655,5.320966,5.4209657,6.1209655,6.5209656,6.7209654,6.9209657,6.0209656,5.7209654,4.5209656,4.1209655,2.1209655,1.2209656,-0.27903444,2.2209656,-1.0790344,-5.7790346,-5.4790344,-4.0790343,-2.9790344,-1.5790344,-0.57903445,-4.179034,-5.7790346,-6.0790343,-4.7790346,-5.179034,-4.8790345,-5.2790346,-4.679034,-3.9790344,-2.7790344,-1.5790344,-0.17903443,1.0209656,2.3209655,3.8209655,5.1209655,5.9209657,6.9209657,7.5209656,8.420965,9.720965,10.320966,10.520966,10.920965,10.920965,10.620966,10.920965,11.020966,10.420965,10.420965,10.820966,10.320966
4.2209654,2.6209655,2.9209657,3.0209656,3.7209656,3.9209657,4.320966,5.1209655,5.820966,6.6209655,7.0209656,7.1209655,6.6209655,6.2209654,5.9209657,5.2209654,5.6209655,1.2209656,-0.47903442,-1.2790344,-0.17903443,-0.57903445,-6.3790345,-6.8790345,-5.679034,-3.8790345,-5.179034,-6.3790345,-6.4790344,-6.179034,-6.0790343,-5.9790344,-5.8790345,-5.7790346,-5.179034,-4.3790345,-3.2790344,-2.1790345,-0.77903444,0.72096556,2.2209656,3.6209655,5.320966,7.320966,8.020966,8.720965,9.220965,10.020966,10.620966,11.620966,12.120966,11.520966,11.120966,11.020966,12.220965,11.720965,11.620966,10.720965,9.220965
3.4209657,2.2209656,1.9209656,1.6209656,3.3209655,2.9209657,2.8209655,3.9209657,5.1209655,6.2209654,6.320966,6.2209654,5.7209654,6.4209657,5.820966,5.320966,4.320966,6.4209657,0.3209656,0.92096555,-2.4790344,-1.8790344,-0.6790344,-7.2790346,-7.2790346,-4.7790346,-8.479034,-8.179034,-8.179034,-7.7790346,-7.2790346,-7.179034,-6.8790345,-6.4790344,-5.179034,-4.7790346,-3.6790345,-2.6790345,-1.5790344,0.020965576,1.8209655,3.4209657,5.2209654,6.820966,8.420965,9.120966,10.220965,11.120966,11.520966,12.520966,12.820966,12.320966,12.220965,11.720965,11.920965,12.020966,11.220965,10.220965,9.520966
3.1209655,2.8209655,1.8209655,1.4209656,2.1209655,2.1209655,1.4209656,2.2209656,3.7209656,4.9209657,5.4209657,6.320966,6.1209655,5.820966,5.9209657,5.9209657,4.5209656,3.5209656,2.5209656,1.6209656,1.1209656,-4.0790343,-2.7790344,-2.6790345,-8.879034,-8.179034,-10.579035,-9.779035,-9.479034,-9.479034,-8.979034,-8.079035,-7.5790343,-6.9790344,-6.0790343,-5.0790343,-4.179034,-3.6790345,-2.0790343,-0.37903443,1.4209656,3.5209656,5.5209656,7.2209654,7.820966,8.720965,9.720965,10.320966,11.020966,12.120966,12.620966,12.820966,13.120966,13.120966,12.820966,12.620966,11.420965,9.920965,8.720965
1.7209656,0.22096558,0.8209656,-0.77903444,0.72096556,1.9209656,0.42096558,0.72096556,2.1209655,3.8209655,5.320966,5.6209655,5.320966,5.820966,6.5209656,6.820966,5.820966,3.7209656,1.9209656,1.4209656,0.8209656,-3.9790344,-4.2790346,-3.5790343,-5.4790344,-8.679034,-10.879034,-12.579035,-12.079035,-10.779035,-9.779035,-8.679034,-8.079035,-7.3790345,-6.5790343,-5.679034,-4.7790346,-3.8790345,-1.9790344,-0.27903444,1.7209656,3.5209656,5.1209655,6.5209656,7.1209655,8.120966,9.020966,9.520966,11.020966,12.320966,13.620966,13.820966,14.120966,14.120966,14.120966,14.820966,14.620966,14.420965,11.520966
0.020965576,0.8209656,-0.6790344,-0.77903444,-2.1790345,-1.6790345,0.22096558,-0.57903445,0.22096558,1.4209656,4.5209656,5.1209655,5.4209657,5.820966,6.0209656,5.820966,6.4209657,5.320966,3.7209656,1.7209656,0.42096558,-1.2790344,-3.6790345,-5.679034,-5.4790344,-7.9790344,-10.079035,-12.079035,-13.579035,-13.679034,-11.779035,-9.579035,-8.179034,-7.7790346,-7.0790343,-6.179034,-4.9790344,-3.9790344,-2.2790344,-0.079034425,1.6209656,3.2209656,4.1209655,5.320966,6.320966,7.5209656,8.820966,9.220965,11.020966,12.820966,14.320966,14.020966,13.920965,14.620966,14.520966,14.920965,15.120966,14.720965,13.620966
-1.5790344,-4.9790344,-5.5790343,-3.9790344,-3.9790344,-3.4790344,-2.4790344,-0.9790344,-0.37903443,1.2209656,1.5209656,3.8209655,3.8209655,4.820966,5.320966,5.5209656,6.1209655,5.9209657,4.5209656,2.1209655,0.12096558,-2.6790345,-3.0790343,-4.2790346,-6.2790346,-7.8790345,-10.679034,-11.879034,-11.979034,-12.179034,-12.279035,-11.479034,-9.879034,-8.279035,-7.4790344,-6.7790346,-5.5790343,-3.9790344,-2.6790345,-0.57903445,0.92096555,2.1209655,3.6209655,4.4209657,5.5209656,6.9209657,7.820966,9.120966,10.920965,12.720965,13.720965,14.320966,13.720965,14.320966,15.520966,16.520966,17.120966,16.820965,16.020966
-2.9790344,-7.4790344,-9.279035,-8.379034,-6.3790345,-6.3790345,-3.8790345,-2.7790344,-0.8790344,0.12096558,-1.1790345,1.2209656,1.8209655,2.5209656,3.5209656,5.1209655,6.320966,6.5209656,5.320966,2.4209657,1.0209656,-0.6790344,-3.1790345,-4.5790343,-5.4790344,-5.5790343,-7.4790344,-10.779035,-12.479034,-12.279035,-11.779035,-11.879034,-11.179034,-9.079035,-7.8790345,-6.679034,-5.3790345,-3.6790345,-2.4790344,-1.0790344,0.5209656,2.0209656,3.0209656,4.0209656,5.320966,6.5209656,7.4209657,8.820966,10.420965,11.920965,13.120966,13.820966,12.620966,13.720965,15.520966,17.620966,18.820965,19.620966,19.520966
-4.8790345,-9.379034,-12.679034,-12.379034,-8.179034,-7.0790343,-5.679034,-4.2790346,-2.5790343,-2.3790345,-3.4790344,-2.3790345,-0.17903443,0.72096556,2.3209655,4.7209654,7.820966,8.820966,7.820966,4.2209654,0.92096555,-1.8790344,-2.3790345,-3.5790343,-4.679034,-4.8790345,-5.7790346,-9.579035,-11.879034,-12.279035,-14.579035,-14.379034,-11.479034,-9.679034,-8.179034,-6.8790345,-4.9790344,-3.2790344,-2.1790345,-1.2790344,0.6209656,1.6209656,2.9209657,3.8209655,5.1209655,6.5209656,6.820966,7.5209656,9.520966,11.120966,12.520966,12.620966,12.720965,14.020966,15.720965,17.820965,20.320965,21.820965,22.820965
-3.9790344,-9.679034,-13.679034,-12.479034,-10.879034,-9.979034,-7.7790346,-5.0790343,-3.3790345,-3.0790343,-3.8790345,-5.2790346,-2.4790344,-0.8790344,0.22096558,2.4209657,5.5209656,8.820966,10.320966,6.1209655,2.8209655,-0.77903444,-2.5790343,-3.6790345,-3.0790343,-4.2790346,-4.9790344,-7.179034,-10.779035,-13.279035,-14.579035,-13.879034,-11.879034,-9.679034,-8.279035,-6.7790346,-4.5790343,-3.3790345,-2.4790344,-1.1790345,0.5209656,1.8209655,2.7209656,3.8209655,5.320966,6.320966,6.5209656,7.320966,8.420965,10.220965,11.220965,11.520966,12.720965,13.920965,15.920965,18.320965,20.420965,23.020966,23.720966
-8.679034,-12.679034,-13.379034,-11.579035,-10.179034,-11.379034,-9.179034,-4.9790344,-4.5790343,-3.8790345,-4.2790346,-5.4790344,-5.179034,-3.8790345,0.3209656,0.8209656,2.6209655,5.1209655,9.020966,9.020966,5.5209656,1.4209656,-2.3790345,-3.0790343,-3.4790344,-4.0790343,-5.0790343,-7.5790343,-11.379034,-13.879034,-15.679034,-13.879034,-10.679034,-8.979034,-7.679034,-5.9790344,-4.7790346,-3.6790345,-2.4790344,-0.8790344,0.72096556,1.8209655,3.1209655,4.320966,5.6209655,6.4209657,6.6209655,7.4209657,9.020966,9.420965,10.120966,10.820966,12.120966,12.720965,14.920965,17.520966,19.520966,22.220966,23.820965
-10.879034,-13.779035,-13.379034,-13.879034,-11.279035,-12.779035,-11.379034,-7.5790343,-7.4790344,-5.8790345,-6.179034,-5.8790345,-6.4790344,-5.5790343,-4.3790345,-0.57903445,0.42096558,1.7209656,4.320966,7.1209655,8.720965,5.9209657,1.8209655,-2.1790345,-3.3790345,-4.0790343,-5.9790344,-10.179034,-15.679034,-16.179035,-14.079035,-11.879034,-9.479034,-8.679034,-7.679034,-5.9790344,-4.4790344,-3.5790343,-1.8790344,-0.27903444,1.2209656,2.7209656,3.8209655,5.1209655,6.0209656,6.820966,7.2209654,8.620966,9.320966,9.320966,9.320966,10.120966,10.720965,12.120966,13.720965,16.220966,18.020966,20.720966,22.020966
-11.679034,-12.779035,-12.879034,-13.679034,-14.679034,-14.579035,-12.479034,-10.479034,-9.379034,-9.079035,-9.079035,-8.079035,-7.4790344,-7.179034,-5.2790346,-3.7790344,-1.5790344,0.12096558,1.0209656,3.3209655,4.7209654,6.1209655,6.4209657,2.2209656,-1.4790344,-4.7790346,-9.179034,-15.479034,-15.479034,-13.479034,-11.479034,-9.679034,-8.679034,-8.179034,-6.3790345,-4.7790346,-3.9790344,-3.1790345,-1.6790345,-0.17903443,1.6209656,2.6209655,4.1209655,5.2209654,6.4209657,7.0209656,7.4209657,8.420965,9.920965,9.820966,9.520966,10.420965,11.220965,12.020966,13.420965,14.820966,15.920965,18.520966,19.820965
-8.679034,-11.279035,-12.079035,-13.879034,-12.779035,-16.179035,-15.879034,-12.779035,-11.379034,-10.779035,-10.579035,-10.879034,-10.179034,-9.379034,-8.379034,-6.7790346,-4.5790343,-2.5790343,-1.0790344,-0.17903443,1.3209655,1.4209656,1.3209655,0.3209656,-2.8790345,-7.0790343,-10.579035,-11.479034,-11.079035,-9.979034,-9.279035,-8.579035,-7.4790344,-6.4790344,-5.2790346,-4.4790344,-3.5790343,-2.6790345,-1.3790344,0.3209656,1.4209656,2.9209657,4.2209654,5.1209655,6.2209654,7.1209655,7.6209655,8.620966,9.220965,9.820966,10.620966,11.120966,11.320966,11.920965,12.520966,14.120966,14.320966,16.520966,17.520966
-7.7790346,-7.3790345,-8.479034,-10.579035,-13.079035,-15.979034,-16.479034,-16.979034,-14.379034,-12.879034,-12.979034,-12.179034,-10.879034,-9.179034,-7.5790343,-6.3790345,-4.9790344,-4.179034,-4.3790345,-2.2790344,-1.8790344,-1.0790344,-2.0790343,-2.9790344,-4.8790345,-6.3790345,-7.679034,-8.179034,-7.9790344,-7.8790345,-7.8790345,-8.079035,-7.4790344,-6.5790343,-5.3790345,-4.5790343,-3.7790344,-2.5790343,-1.0790344,0.12096558,1.1209656,3.1209655,3.6209655,4.5209656,5.320966,6.5209656,8.020966,8.920965,10.520966,10.820966,11.420965,11.620966,12.120966,13.020966,13.320966,13.020966,13.520966,15.720965,14.720965
-9.479034,-7.679034,-7.8790345,-9.879034,-11.979034,-15.179034,-16.679035,-16.979034,-18.079035,-15.279035,-13.579035,-13.179034,-12.679034,-11.179034,-10.179034,-8.179034,-5.8790345,-5.179034,-4.9790344,-4.7790346,-4.0790343,-4.4790344,-5.5790343,-6.179034,-6.7790346,-7.9790344,-8.479034,-8.279035,-7.3790345,-7.4790344,-7.4790344,-7.8790345,-7.5790343,-6.9790344,-6.0790343,-5.179034,-4.4790344,-3.3790345,-1.5790344,-0.57903445,0.92096555,2.5209656,3.1209655,4.820966,5.9209657,6.5209656,7.5209656,8.520966,9.220965,9.820966,10.520966,11.420965,11.620966,11.720965,12.020966,11.520966,12.120966,11.820966,11.620966
-8.879034,-8.779035,-7.8790345,-7.5790343,-9.479034,-13.379034,-17.879034,-17.579035,-16.879034,-16.579035,-16.079035,-14.379034,-13.079035,-11.679034,-8.979034,-8.679034,-7.0790343,-6.0790343,-5.9790344,-6.4790344,-5.8790345,-6.8790345,-7.4790344,-8.379034,-9.179034,-9.479034,-10.079035,-10.379034,-9.779035,-8.279035,-7.7790346,-7.5790343,-7.4790344,-7.2790346,-7.0790343,-7.0790343,-5.179034,-1.9790344,-1.1790345,0.12096558,1.8209655,2.7209656,3.3209655,5.320966,6.320966,7.320966,7.9209657,7.1209655,7.5209656,8.520966,9.120966,9.620966,10.220965,10.220965,10.120966,9.720965,10.220965,9.920965,9.420965
-7.2790346,-8.179034,-7.8790345,-8.879034,-8.579035,-14.679034,-16.979034,-16.879034,-16.179035,-16.079035,-15.679034,-14.479034,-12.579035,-11.279035,-10.579035,-9.779035,-7.4790344,-6.7790346,-5.9790344,-6.8790345,-7.8790345,-7.679034,-9.179034,-9.579035,-10.379034,-10.879034,-10.779035,-10.579035,-10.379034,-10.279035,-10.179034,-9.479034,-9.579035,-8.979034,-8.279035,-6.5790343,-4.7790346,-3.1790345,-2.7790344,-0.6790344,0.3209656,1.9209656,3.5209656,5.1209655,7.1209655,8.520966,7.7209654,8.220965,8.820966,8.420965,8.720965,9.320966,9.420965,9.220965,8.620966,8.520966,8.520966,8.320966,9.420965
-6.679034,-6.7790346,-7.179034,-7.5790343,-11.879034,-14.479034,-14.879034,-15.279035,-15.679034,-15.179034,-13.679034,-12.579035,-11.379034,-10.579035,-9.879034,-9.479034,-8.879034,-8.379034,-7.2790346,-7.0790343,-8.279035,-9.279035,-9.679034,-10.379034,-10.879034,-11.579035,-10.879034,-10.879034,-10.979034,-11.679034,-12.079035,-11.879034,-11.279035,-10.679034,-9.279035,-8.079035,-6.4790344,-5.3790345,-3.6790345,-2.2790344,-0.77903444,1.0209656,3.3209655,6.0209656,8.120966,9.420965,10.120966,10.120966,10.120966,10.220965,11.220965,11.320966,9.820966,8.020966,7.5209656,7.9209657,8.520966,8.720965,8.520966
-3.2790344,-4.9790344,-6.8790345,-8.879034,-10.179034,-11.579035,-13.079035,-13.779035,-13.079035,-12.279035,-12.179034,-11.379034,-9.479034,-9.379034,-9.079035,-8.379034,-7.679034,-6.9790344,-8.379034,-8.479034,-8.979034,-9.779035,-10.579035,-10.679034,-11.179034,-11.479034,-11.079035,-10.979034,-10.779035,-10.479034,-10.979034,-11.879034,-12.679034,-12.179034,-10.979034,-9.279035,-7.679034,-6.3790345,-4.7790346,-3.3790345,-1.3790344,0.8209656,3.5209656,6.4209657,9.020966,10.020966,10.720965,11.220965,12.220965,13.020966,12.320966,10.820966,8.520966,6.6209655,6.0209656,7.2209654,7.6209655,7.1209655,7.2209654
3.6209655,1.4209656,-0.47903442,-2.1790345,-3.2790344,-4.3790345,-5.9790344,-7.3790345,-8.279035,-8.879034,-9.479034,-9.079035,-8.279035,-7.8790345,-7.2790346,-6.7790346,-6.7790346,-7.0790343,-6.4790344,-8.179034,-8.979034,-9.679034,-10.579035,-11.279035,-11.279035,-11.479034,-11.279035,-10.879034,-10.579035,-10.379034,-10.779035,-11.579035,-12.779035,-12.679034,-11.779035,-10.179034,-8.779035,-7.8790345,-5.8790345,-3.7790344,-1.6790345,0.8209656,3.7209656,7.0209656,8.320966,9.220965,9.920965,11.020966,11.920965,11.120966,9.820966,7.7209654,6.0209656,5.2209654,5.7209654,6.5209656,7.2209654,7.820966,7.9209657
4.320966,2.0209656,0.3209656,-1.4790344,-3.1790345,-4.8790345,-6.179034,-6.9790344,-7.3790345,-7.4790344,-6.7790346,-6.2790346,-6.2790346,-6.3790345,-6.179034,-5.679034,-5.5790343,-6.3790345,-7.2790346,-8.379034,-9.879034,-10.279035,-11.079035,-11.179034,-11.079035,-11.179034,-11.179034,-10.779035,-10.779035,-10.479034,-11.379034,-13.979034,-13.079035,-12.279035,-11.279035,-10.379034,-9.479034,-8.079035,-6.2790346,-4.179034,-1.8790344,0.72096556,4.1209655,5.9209657,7.1209655,7.6209655,7.9209657,6.7209654,5.6209655,5.1209655,5.6209655,6.1209655,6.4209657,6.9209657,7.4209657,8.220965,8.920965,9.120966,8.920965
3.7209656,2.8209655,1.7209656,0.5209656,-0.57903445,-1.4790344,-2.3790345,-2.8790345,-3.4790344,-3.9790344,-4.4790344,-5.2790346,-5.679034,-5.679034,-5.2790346,-3.4790344,-5.179034,-8.679034,-9.779035,-8.879034,-8.979034,-10.779035,-11.879034,-12.179034,-11.779035,-11.279035,-10.079035,-9.779035,-10.579035,-12.079035,-12.679034,-12.679034,-12.179034,-11.479034,-10.679034,-10.179034,-9.279035,-7.7790346,-6.179034,-4.4790344,-1.8790344,1.2209656,3.0209656,4.1209655,4.2209654,3.6209655,2.4209657,1.7209656,1.1209656,2.0209656,3.1209655,4.820966,6.1209655,7.1209655,9.220965,11.020966,11.220965,10.320966,9.120966
