public/data/weather/2019/09/29/0000-wind-isobaric-250hPa-gfs-1.0.json
{"header": { "discipline":0, "disciplineName":"Meteorological products", "gribEdition":2, "gribLength":49733, "center":7, "centerName":"US National Weather Service - NCEP(WMC)", "subcenter":0, "refTime":"2019-09-29T00:00:00.000Z", "significanceOfRT":1, "significanceOfRTName":"Start of forecast", "productStatus":0, "productStatusName":"Operational products", "productType":1, "productTypeName":"Forecast products", "productDefinitionTemplate":0, "productDefinitionTemplateName":"Analysis/forecast at horizontal level/layer at a point in time", "parameterCategory":2, "parameterCategoryName":"Momentum", "parameterNumber":2, "parameterNumberName":"U-component_of_wind", "parameterUnit":"m.s-1", "genProcessType":2, "genProcessTypeName":"Forecast", "forecastTime":0, "surface1Type":100, "surface1TypeName":"Isobaric surface", "surface1Value":25000.0, "surface2Type":255, "surface2TypeName":"Missing", "surface2Value":0.0, "gridDefinitionTemplate":0, "gridDefinitionTemplateName":"Latitude_Longitude", "numberPoints":65160, "shape":6, "shapeName":"Earth spherical with radius of 6,371,229.0 m", "gridUnits":"degrees", "resolution":48, "winds":"true", "scanMode":0, "nx":360, "ny":181, "basicAngle":0, "lo1":0.0, "la1":90.0, "lo2":359.0, "la2":-90.0, "dx":1.0, "dy":1.0 }, "data":
[rows 52 to 77 of 181, columns 174 to 231 of 360]
27.21162,29.111622,28.111622,31.111622,33.11162,35.311623,37.811623,37.71162,37.11162,39.01162,39.51162,39.61162,39.811623,40.71162,40.11162,39.91162,39.71162,40.21162,40.61162,40.01162,38.41162,36.311623,35.01162,32.811623,30.81162,26.81162,21.611622,18.21162,17.21162,6.111621,-2.3883789,-2.588379,1.3116211,8.511621,8.711621,6.2116213,6.911621,5.611621,6.411621,7.911621,6.111621,6.611621,6.811621,6.2116213,6.311621,4.411621,6.511621,7.311621,5.611621,4.7116213,3.911621,5.2116213,9.511621,13.111621,16.21162,21.011621,25.511621,29.71162
27.71162,30.611622,32.71162,31.411621,35.51162,39.91162,41.21162,41.311623,41.01162,39.811623,39.21162,38.41162,38.11162,37.311623,37.61162,37.811623,37.91162,38.11162,37.91162,37.41162,37.01162,35.311623,35.61162,32.21162,30.81162,27.911621,23.111622,19.31162,18.111622,12.211621,5.411621,-1.6883789,-0.38837892,11.711621,8.211621,5.911621,5.611621,5.7116213,6.311621,5.511621,3.6116211,4.111621,4.611621,5.111621,6.011621,6.111621,8.211621,8.811621,8.011621,8.511621,5.111621,4.511621,6.411621,10.111621,14.811621,18.21162,22.71162,27.21162
31.911621,33.41162,37.41162,35.51162,32.61162,32.311623,31.111622,31.111622,31.011621,31.71162,33.01162,32.41162,32.11162,32.01162,31.71162,32.51162,33.41162,32.41162,33.21162,33.311623,33.811623,32.11162,31.81162,31.011621,30.011621,27.911621,24.71162,20.411621,17.611622,15.311621,12.511621,5.511621,6.7116213,10.011621,8.711621,5.911621,4.811621,4.811621,2.1116211,1.1116211,-0.088378906,-0.38837892,0.7116211,3.6116211,4.7116213,9.111621,8.711621,10.711621,10.111621,8.411621,8.711621,6.911621,5.811621,7.411621,9.611621,13.611621,19.21162,22.911621
30.911621,34.41162,30.011621,20.011621,23.511621,28.31162,30.71162,31.611622,30.31162,30.31162,29.911621,29.511621,29.611622,29.21162,28.81162,28.81162,28.81162,29.111622,28.81162,30.011621,30.011621,28.911621,28.31162,27.111622,26.81162,25.011621,23.81162,20.71162,18.011621,15.911621,15.211621,11.311621,10.511621,10.211621,7.011621,4.7116213,2.3116212,2.3116212,0.21162109,-2.588379,-2.6883788,-3.988379,-1.6883789,4.411621,7.411621,8.811621,10.511621,10.211621,11.311621,8.511621,9.011621,7.111621,7.111621,8.811621,7.911621,9.411621,12.311621,17.011621
26.71162,18.31162,19.71162,22.111622,30.411621,29.111622,28.011621,28.31162,27.611622,26.31162,25.511621,24.411621,24.011621,24.21162,24.611622,25.31162,25.71162,26.31162,25.511621,25.011621,25.011621,24.511621,25.111622,23.31162,22.011621,21.011621,20.511621,19.81162,20.511621,21.411621,19.81162,12.811621,12.511621,9.711621,5.611621,2.511621,0.1116211,-1.4883789,-2.8883789,-6.188379,-4.888379,0.4116211,3.3116212,5.7116213,7.411621,7.611621,8.511621,7.911621,8.311621,9.211621,7.7116213,7.511621,6.311621,6.511621,7.911621,9.411621,9.511621,12.411621
14.111621,22.111622,25.411621,26.71162,25.81162,25.81162,25.611622,24.21162,22.411621,20.911621,20.011621,19.31162,19.411621,19.71162,20.611622,22.111622,23.21162,23.911621,24.011621,22.911621,21.911621,21.511621,21.31162,18.511621,16.911621,16.31162,15.611621,15.211621,18.81162,20.81162,13.811621,12.211621,10.911621,8.411621,3.711621,0.81162107,0.3116211,-3.588379,-5.688379,-3.088379,0.011621093,1.1116211,2.8116212,4.411621,5.411621,4.7116213,5.311621,5.511621,6.411621,6.811621,5.7116213,5.911621,5.011621,3.8116212,4.311621,5.811621,7.911621,9.911621
25.511621,24.011621,24.81162,23.411621,22.611622,21.71162,20.511621,19.21162,17.511621,16.511621,15.311621,15.111621,15.411621,16.31162,17.81162,19.611622,20.81162,20.81162,21.21162,21.21162,20.31162,19.011621,17.411621,15.711621,13.111621,12.211621,11.411621,12.111621,12.511621,12.411621,11.311621,12.711621,9.411621,6.7116213,4.411621,0.6116211,-0.38837892,-1.9883789,-1.288379,0.7116211,0.6116211,0.3116211,2.011621,1.211621,1.4116211,2.1116211,3.011621,4.411621,5.511621,4.411621,3.511621,2.911621,2.8116212,2.411621,2.1116211,2.1116211,2.8116212,3.1116211
22.21162,22.411621,20.611622,19.111622,18.21162,17.411621,15.911621,15.311621,14.611621,13.911621,13.411621,12.611621,13.111621,14.111621,15.411621,16.81162,17.611622,18.111622,18.411621,18.011621,17.411621,15.811621,13.511621,13.411621,11.911621,9.711621,9.711621,11.011621,10.311621,10.211621,10.611621,9.611621,8.611621,3.8116212,4.511621,0.21162109,0.3116211,-0.38837892,1.0116211,0.9116211,1.3116211,0.81162107,-0.1883789,-1.0883789,-1.288379,1.1116211,1.5116211,2.6116211,3.511621,3.511621,1.9116211,1.1116211,1.4116211,0.81162107,-0.38837892,-0.2883789,0.011621093,-0.088378906
20.111622,18.611622,16.911621,15.211621,14.411621,13.411621,13.111621,15.711621,17.21162,17.71162,17.911621,17.21162,14.111621,12.611621,13.111621,14.511621,13.811621,14.211621,14.111621,14.611621,13.811621,12.611621,11.311621,10.911621,9.711621,10.011621,10.011621,9.911621,10.511621,9.411621,9.611621,9.211621,7.011621,3.6116211,2.211621,2.411621,1.211621,2.011621,2.711621,3.1116211,2.8116212,3.3116212,0.3116211,-2.6883788,-1.8883789,-2.1883788,0.1116211,0.1116211,0.6116211,2.8116212,0.6116211,-1.0883789,-1.3883789,-1.788379,-3.988379,-4.7883787,-4.688379,-4.188379
17.111622,14.711621,12.711621,11.311621,10.811621,13.211621,16.911621,19.111622,19.71162,19.71162,20.71162,19.81162,21.511621,12.711621,11.511621,10.911621,10.611621,10.611621,9.811621,10.811621,10.011621,9.411621,9.011621,7.2116213,8.511621,8.711621,10.411621,11.611621,10.011621,9.911621,8.811621,7.611621,4.811621,3.8116212,2.211621,1.9116211,3.8116212,4.911621,5.311621,5.311621,5.811621,4.011621,4.811621,-0.088378906,-3.1883788,-1.6883789,-0.38837892,0.5116211,1.6116211,0.1116211,-0.2883789,0.011621093,-0.4883789,-1.6883789,-2.488379,-2.488379,-1.8883789,-3.1883788
12.911621,11.211621,9.711621,8.611621,10.311621,14.511621,17.611622,18.21162,18.111622,17.81162,16.511621,17.81162,16.511621,12.611621,9.711621,8.111621,7.2116213,6.511621,5.611621,5.2116213,5.811621,6.611621,5.411621,5.411621,6.7116213,8.711621,11.211621,11.311621,10.311621,9.711621,7.111621,5.511621,4.811621,3.8116212,4.911621,3.8116212,4.311621,4.611621,4.611621,4.2116213,7.311621,8.811621,8.011621,6.7116213,-1.3883789,-2.088379,-1.5883789,-0.088378906,-0.4883789,-0.2883789,0.21162109,1.8116211,1.4116211,1.1116211,1.0116211,-1.5883789,-6.188379,-9.688379
11.411621,9.911621,7.611621,8.111621,11.711621,14.911621,16.411621,16.611622,15.711621,15.211621,15.411621,15.411621,14.211621,11.011621,7.7116213,5.7116213,2.6116211,0.7116211,0.1116211,0.1116211,0.81162107,2.011621,2.3116212,5.7116213,7.011621,7.7116213,8.311621,8.311621,8.511621,6.911621,4.611621,3.711621,4.011621,5.111621,5.511621,6.011621,5.411621,4.011621,2.511621,3.911621,6.411621,7.311621,7.811621,7.111621,6.011621,-1.8883789,-0.5883789,-0.1883789,0.3116211,1.0116211,2.211621,3.1116211,4.111621,4.111621,1.9116211,-2.488379,-9.188379,-6.988379
11.011621,8.611621,9.211621,11.411621,15.911621,18.111622,18.411621,14.411621,12.111621,11.111621,13.611621,12.411621,10.811621,7.7116213,5.911621,2.8116212,0.011621093,-1.9883789,-2.988379,-2.988379,-3.088379,-3.1883788,-0.2883789,3.6116211,4.611621,5.011621,6.111621,5.111621,5.311621,4.011621,2.011621,3.211621,5.311621,5.411621,6.011621,3.711621,3.3116212,3.3116212,4.611621,7.511621,7.811621,8.211621,7.111621,7.411621,7.2116213,3.011621,-1.3883789,0.5116211,1.4116211,2.511621,3.6116211,4.511621,5.411621,5.611621,3.511621,-0.2883789,-2.488379,1.6116211
7.911621,9.011621,13.211621,14.311621,16.011621,17.011621,16.71162,13.111621,11.611621,12.111621,12.011621,10.111621,7.911621,5.411621,3.3116212,0.6116211,-1.8883789,-3.288379,-3.988379,-3.8883789,-3.088379,-1.1883789,1.8116211,3.3116212,3.8116212,3.511621,2.911621,3.011621,2.8116212,0.7116211,0.7116211,4.011621,5.311621,3.911621,4.811621,5.111621,5.011621,4.911621,6.411621,7.2116213,7.911621,6.411621,5.911621,6.2116213,7.011621,8.211621,1.8116211,-0.68837893,1.4116211,2.211621,4.111621,7.411621,7.311621,7.611621,8.311621,7.611621,5.611621,9.811621
13.111621,12.011621,13.511621,13.511621,13.011621,11.411621,11.611621,8.711621,9.811621,10.811621,10.111621,6.811621,4.7116213,2.6116211,0.6116211,-1.3883789,-3.988379,-5.088379,-4.988379,-4.2883787,-3.088379,-1.4883789,-0.2883789,-0.1883789,0.1116211,0.3116211,0.1116211,-0.088378906,-0.9883789,0.3116211,2.911621,3.3116212,4.011621,2.8116212,3.1116211,4.611621,6.911621,7.511621,7.111621,5.611621,5.811621,5.611621,4.611621,4.811621,5.7116213,8.211621,9.911621,2.911621,-0.2883789,1.5116211,3.6116211,5.911621,9.311621,11.711621,14.111621,17.411621,16.21162,18.511621
16.011621,14.711621,11.711621,8.311621,8.111621,8.811621,9.711621,7.7116213,7.7116213,9.211621,7.811621,6.011621,5.311621,2.411621,-0.7883789,-3.488379,-6.888379,-7.488379,-7.588379,-6.688379,-5.688379,-3.788379,-0.9883789,-0.38837892,-0.4883789,-0.1883789,0.3116211,0.9116211,1.3116211,4.611621,6.511621,6.811621,6.511621,8.511621,10.411621,11.411621,10.611621,10.311621,8.211621,6.011621,5.611621,5.411621,7.011621,7.011621,8.011621,8.411621,10.511621,12.111621,10.211621,4.611621,2.211621,4.111621,8.011621,11.911621,16.31162,19.611622,23.911621,24.111622
12.311621,9.411621,7.611621,5.411621,8.511621,7.511621,9.311621,6.611621,6.511621,7.011621,6.411621,6.111621,4.7116213,7.311621,0.1116211,-0.088378906,-4.488379,-3.988379,-3.488379,-2.3883789,1.3116211,4.411621,3.8116212,0.011621093,-1.288379,-0.5883789,0.6116211,2.1116211,4.011621,5.611621,4.2116213,6.111621,8.511621,10.911621,11.511621,11.611621,11.311621,10.811621,10.911621,9.911621,8.711621,8.511621,8.011621,10.611621,13.511621,13.811621,12.211621,12.411621,14.611621,15.111621,15.211621,12.011621,9.511621,9.711621,14.111621,17.611622,22.411621,26.411621
9.311621,9.911621,7.911621,9.011621,10.111621,9.411621,8.211621,8.711621,8.111621,7.311621,5.811621,5.011621,4.411621,5.911621,7.7116213,4.7116213,3.511621,0.011621093,-1.4883789,2.1116211,3.8116212,6.611621,5.811621,7.011621,6.811621,6.111621,6.2116213,5.611621,4.611621,5.111621,4.511621,5.811621,6.511621,6.811621,7.011621,6.2116213,5.811621,6.311621,6.411621,8.811621,10.211621,13.111621,14.111621,15.211621,16.011621,17.011621,18.111622,16.911621,15.911621,16.611622,18.011621,17.21162,17.911621,18.81162,19.511621,21.71162,24.911621,27.011621
6.2116213,7.2116213,8.711621,10.111621,10.311621,11.311621,9.511621,7.7116213,7.911621,9.611621,7.7116213,7.011621,7.311621,6.511621,7.311621,10.111621,10.811621,7.611621,4.011621,4.011621,1.3116211,2.211621,4.011621,2.6116211,7.511621,6.311621,6.811621,5.2116213,5.811621,5.411621,5.311621,4.7116213,2.411621,2.6116211,4.311621,6.111621,7.2116213,8.911621,9.811621,11.211621,12.411621,13.711621,15.011621,15.211621,15.711621,16.911621,18.911621,20.611622,21.71162,22.21162,22.21162,20.511621,19.611622,20.111622,21.81162,24.411621,24.71162,23.511621
6.911621,7.011621,6.7116213,7.7116213,7.511621,7.7116213,7.611621,8.211621,7.2116213,6.111621,4.2116213,5.2116213,6.411621,7.011621,8.111621,9.411621,11.511621,13.211621,11.311621,7.2116213,5.811621,6.911621,5.411621,5.511621,2.3116212,7.111621,6.511621,5.011621,4.011621,3.1116211,-1.0883789,0.3116211,4.7116213,5.911621,7.2116213,7.511621,7.511621,8.011621,9.211621,9.911621,10.911621,11.511621,11.911621,12.811621,14.211621,15.511621,17.21162,18.71162,19.111622,21.011621,21.71162,22.31162,21.111622,21.71162,21.011621,19.611622,19.81162,22.111622
8.411621,7.311621,6.011621,5.611621,5.611621,4.511621,5.2116213,6.111621,6.411621,6.411621,4.411621,5.011621,5.2116213,7.311621,7.311621,8.311621,8.811621,11.611621,11.511621,12.111621,8.211621,6.111621,4.011621,4.311621,2.211621,4.7116213,4.411621,3.6116211,2.211621,2.011621,3.711621,4.2116213,5.2116213,5.511621,5.311621,6.111621,5.811621,5.911621,6.611621,8.011621,8.711621,10.111621,11.511621,11.811621,12.911621,13.511621,13.811621,15.111621,16.111622,17.81162,18.411621,18.611622,17.611622,17.31162,17.31162,17.81162,19.011621,18.71162
4.911621,4.411621,3.711621,4.311621,5.011621,5.2116213,5.511621,5.311621,5.911621,5.811621,6.911621,7.511621,8.211621,8.711621,7.311621,6.911621,8.011621,8.911621,9.611621,9.411621,9.611621,10.511621,5.611621,3.211621,1.8116211,0.6116211,0.7116211,0.81162107,2.911621,2.6116211,2.1116211,5.811621,8.911621,5.511621,6.911621,6.311621,6.911621,6.311621,7.311621,5.811621,6.111621,6.611621,8.311621,9.511621,10.511621,11.311621,12.011621,12.911621,14.611621,14.611621,14.211621,14.611621,15.011621,13.911621,13.811621,15.511621,15.811621,18.011621
1.3116211,3.6116211,4.811621,4.511621,3.211621,5.2116213,3.711621,2.8116212,3.411621,5.611621,5.7116213,4.111621,6.2116213,6.7116213,6.7116213,7.411621,8.111621,7.2116213,7.611621,9.511621,10.311621,10.911621,6.311621,3.911621,2.011621,-2.088379,-0.7883789,-0.1883789,1.6116211,1.8116211,6.311621,6.511621,5.511621,5.511621,6.911621,7.2116213,4.111621,4.611621,6.311621,3.511621,5.011621,4.311621,4.7116213,6.811621,8.511621,9.511621,10.311621,10.911621,13.211621,12.811621,12.711621,12.311621,13.211621,13.911621,14.411621,16.111622,16.511621,16.911621
0.9116211,2.8116212,3.011621,1.5116211,2.1116211,3.511621,2.011621,2.711621,1.711621,1.8116211,2.8116212,2.211621,2.511621,3.011621,3.711621,4.611621,4.911621,5.311621,5.811621,6.611621,6.411621,8.111621,6.511621,4.911621,1.5116211,-1.3883789,-2.288379,-0.38837892,1.3116211,3.211621,2.3116212,2.911621,2.711621,3.6116211,4.111621,2.411621,2.011621,2.8116212,2.911621,0.1116211,1.5116211,3.211621,3.3116212,1.8116211,2.6116211,4.511621,6.811621,5.7116213,8.611621,9.611621,10.311621,13.311621,16.011621,15.111621,18.011621,15.811621,16.31162,16.31162
-1.0883789,-0.088378906,-0.8883789,-2.1883788,-1.8883789,-0.9883789,0.4116211,-0.7883789,-2.8883789,-1.6883789,-0.2883789,0.4116211,0.5116211,2.411621,2.1116211,2.3116212,4.511621,4.811621,5.311621,4.411621,5.611621,4.611621,3.911621,2.411621,1.711621,-1.6883789,-2.1883788,0.1116211,1.711621,3.911621,2.211621,-0.2883789,0.011621093,-3.1883788,-3.1883788,-0.4883789,0.7116211,-0.7883789,-0.1883789,-0.7883789,-1.1883789,0.6116211,-0.1883789,4.811621,7.911621,4.7116213,3.3116212,5.611621,6.811621,5.7116213,7.311621,10.111621,11.911621,12.411621,12.211621,11.311621,12.511621,12.011621
-3.3883789,-2.588379,-3.988379,-4.888379,-4.2883787,-4.2883787,-4.2883787,-4.588379,-3.8883789,-4.588379,-5.188379,-1.9883789,-0.68837893,-2.288379,-2.588379,1.211621,1.3116211,1.4116211,1.5116211,2.6116211,4.411621,4.511621,3.8116212,1.1116211,-0.9883789,-2.3883789,-3.3883789,-1.1883789,0.3116211,-0.68837893,-2.1883788,-1.0883789,-4.088379,-1.4883789,-1.1883789,-1.1883789,-2.988379,-3.288379,-1.0883789,0.9116211,1.5116211,0.3116211,0.5116211,-0.1883789,-3.788379,0.21162109,4.811621,2.511621,5.7116213,3.6116211,5.2116213,6.111621,7.611621,5.7116213,6.511621,9.711621,9.111621,4.2116213
