public/data/weather/2019/09/29/0000-wind-isobaric-70hPa-gfs-1.0.json
{"header": { "discipline":0, "disciplineName":"Meteorological products", "gribEdition":2, "gribLength":67142, "center":7, "centerName":"US National Weather Service - NCEP(WMC)", "subcenter":0, "refTime":"2019-09-29T00:00:00.000Z", "significanceOfRT":1, "significanceOfRTName":"Start of forecast", "productStatus":0, "productStatusName":"Operational products", "productType":1, "productTypeName":"Forecast products", "productDefinitionTemplate":0, "productDefinitionTemplateName":"Analysis/forecast at horizontal level/layer at a point in time", "parameterCategory":2, "parameterCategoryName":"Momentum", "parameterNumber":3, "parameterNumberName":"V-component_of_wind", "parameterUnit":"m.s-1", "genProcessType":2, "genProcessTypeName":"Forecast", "forecastTime":0, "surface1Type":100, "surface1TypeName":"Isobaric surface", "surface1Value":7000.0, "surface2Type":255, "surface2TypeName":"Missing", "surface2Value":0.0, "gridDefinitionTemplate":0, "gridDefinitionTemplateName":"Latitude_Longitude", "numberPoints":65160, "shape":6, "shapeName":"Earth spherical with radius of 6,371,229.0 m", "gridUnits":"degrees", "resolution":48, "winds":"true", "scanMode":0, "nx":360, "ny":181, "basicAngle":0, "lo1":0.0, "la1":90.0, "lo2":359.0, "la2":-90.0, "dx":1.0, "dy":1.0 }, "data":
[rows 0 to 25 of 181, columns 57 to 113 of 360]
-7.648547,-7.5485473,-7.4485474,-7.3485475,-7.2385473,-7.1385474,-7.0285473,-6.918547,-6.7985473,-6.688547,-6.5685472,-6.4485474,-6.3285475,-6.2085476,-6.0785475,-5.9485474,-5.8185472,-5.688547,-5.5585475,-5.4285474,-5.2885475,-5.148547,-5.0185475,-4.8685474,-4.7285476,-4.588547,-4.438547,-4.2985473,-4.148547,-3.9985473,-3.8485475,-3.6985474,-3.5485473,-3.3985474,-3.2385473,-3.0885475,-2.9285474,-2.7685473,-2.6185474,-2.4585474,-2.2985473,-2.1385474,-1.9785473,-1.8085474,-1.6485474,-1.4885473,-1.3285474,-1.1585474,-0.9985474,-0.83854735,-0.6685474,-0.50854737,-0.33854735,-0.17854737,-0.008547363,0.15145263,0.32145265
-7.4785476,-7.358547,-7.2285476,-7.108547,-6.9685473,-6.838547,-6.6985474,-6.5485473,-6.4085474,-6.2585473,-6.108547,-5.9685473,-5.8085475,-5.6585474,-5.4985476,-5.338547,-5.1785474,-5.0185475,-4.8485475,-4.688547,-4.5185475,-4.3485475,-4.1785474,-3.9985473,-3.8285475,-3.6585474,-3.4785473,-3.2985473,-3.1285474,-2.9485474,-2.7685473,-2.5885475,-2.4085474,-2.2285473,-2.0485473,-1.8585473,-1.6785474,-1.4985473,-1.3185474,-1.1385474,-0.95854735,-0.77854735,-0.59854734,-0.40854737,-0.22854736,-0.058547363,0.12145264,0.29145265,0.47145262,0.6414526,0.8214526,0.99145263,1.1614527,1.3314526,1.5014527,1.6714526,1.8414526
-6.7485476,-6.588547,-6.438547,-6.2785473,-6.108547,-5.9485474,-5.7785473,-5.608547,-5.4485474,-5.2785473,-5.1185474,-4.9585476,-4.7985473,-4.628547,-4.4685473,-4.2985473,-4.1385474,-3.9685473,-3.8085473,-3.6385474,-3.4785473,-3.3085473,-3.1385474,-2.9785473,-2.8185472,-2.6485474,-2.4785473,-2.3185472,-2.1485474,-1.9885473,-1.8285474,-1.6685474,-1.5085473,-1.3485473,-1.1885474,-1.0285474,-0.8785474,-0.71854734,-0.56854737,-0.40854737,-0.25854737,-0.09854736,0.051452637,0.21145263,0.36145264,0.52145267,0.67145264,0.8314526,0.98145264,1.1414527,1.2914526,1.4514526,1.6114526,1.7714527,1.9214526,2.0714526,2.2214527
-6.5285473,-6.358547,-6.188547,-6.0185475,-5.8485475,-5.6785474,-5.5185475,-5.3485475,-5.188547,-5.0185475,-4.8485475,-4.668547,-4.4985476,-4.3185472,-4.1385474,-3.9585474,-3.7885473,-3.6185474,-3.4585474,-3.2985473,-3.1485474,-3.0085473,-2.8685474,-2.7385473,-2.5985475,-2.4785473,-2.3585474,-2.2385473,-2.1185474,-1.9985473,-1.8685473,-1.7385473,-1.6085473,-1.4685473,-1.3385473,-1.2085474,-1.0785474,-0.9385474,-0.7985474,-0.64854735,-0.49854738,-0.34854737,-0.19854736,-0.038547363,0.11145264,0.27145264,0.43145263,0.59145266,0.7514526,0.91145265,1.0814526,1.2414527,1.4114527,1.5614526,1.7214526,1.8814527,2.0314527
-6.9485474,-6.7885475,-6.6185474,-6.4485474,-6.2785473,-6.0985475,-5.9285474,-5.7485476,-5.5685472,-5.378547,-5.1985474,-5.0085473,-4.8185472,-4.628547,-4.4285474,-4.2385473,-4.0585475,-3.8885474,-3.7185473,-3.5485473,-3.3785474,-3.2085474,-3.0285473,-2.8385475,-2.6585474,-2.4585474,-2.2585473,-2.0685472,-1.8785473,-1.6985474,-1.5185474,-1.3385473,-1.1785474,-1.0085473,-0.84854734,-0.6785474,-0.51854736,-0.36854735,-0.21854736,-0.06854736,0.06145264,0.20145264,0.32145265,0.45145264,0.5814526,0.71145266,0.84145266,0.97145265,1.1114526,1.2514527,1.4014527,1.5414526,1.6914526,1.8414526,1.9914527,2.1314526,2.2614527
-6.4985476,-6.3285475,-6.1385474,-5.9485474,-5.7585473,-5.588547,-5.418547,-5.2285476,-5.0485473,-4.8685474,-4.688547,-4.5185475,-4.358547,-4.2185473,-4.0785475,-3.9585474,-3.8185472,-3.6985474,-3.5585473,-3.4085474,-3.2185473,-3.0385473,-2.8285475,-2.6285474,-2.4285474,-2.2485473,-2.0785475,-1.9185474,-1.7685474,-1.6085473,-1.4485474,-1.2885474,-1.1085473,-0.9285474,-0.7385474,-0.56854737,-0.40854737,-0.24854736,-0.088547364,0.08145264,0.24145263,0.41145265,0.5714526,0.71145266,0.86145264,1.0214527,1.1714526,1.3314526,1.4814526,1.6414527,1.8014526,1.9614526,2.1314526,2.2914526,2.4414527,2.5914526,2.7214527
-6.6585474,-6.4985476,-6.2985473,-6.088547,-5.8685474,-5.648547,-5.4285474,-5.2185473,-4.9985476,-4.7885475,-4.5785475,-4.3485475,-4.108547,-3.8685474,-3.6285474,-3.4185474,-3.2085474,-3.0085473,-2.8185472,-2.6685474,-2.5285473,-2.3985474,-2.2785473,-2.1485474,-2.0185473,-1.8685473,-1.7185473,-1.5585474,-1.3985474,-1.2485473,-1.1085473,-0.96854734,-0.78854734,-0.59854734,-0.38854736,-0.15854736,0.06145264,0.28145263,0.49145263,0.7014526,0.8814526,1.0414526,1.1714526,1.2814527,1.3714527,1.4614526,1.5614526,1.6814526,1.8214526,1.9714526,2.1114526,2.2614527,2.4014525,2.5414526,2.6914527,2.8414526,2.9814527
-5.9585476,-5.7185473,-5.4785476,-5.2485476,-5.0485473,-4.8285475,-4.608547,-4.4085474,-4.2185473,-4.0485473,-3.8885474,-3.7485473,-3.6085474,-3.4785473,-3.3285475,-3.1785474,-2.9985473,-2.8185472,-2.6385474,-2.4585474,-2.2885473,-2.1385474,-1.9885473,-1.8485473,-1.7185473,-1.5785474,-1.4285474,-1.2285473,-0.97854733,-0.71854734,-0.49854738,-0.37854737,-0.33854735,-0.29854736,-0.24854736,-0.118547365,0.13145263,0.44145262,0.7614526,1.0614526,1.3614526,1.6514527,1.9114527,2.1314526,2.2714527,2.3614526,2.4414527,2.5414526,2.6714525,2.8214526,2.9814527,3.1714525,3.3314526,3.4714527,3.5814526,3.6314526,3.6514525
-5.418547,-5.188547,-4.9785476,-4.8085475,-4.6585474,-4.4985476,-4.2985473,-4.0585475,-3.8085473,-3.5585473,-3.3285475,-3.1485474,-3.0385473,-2.9885473,-2.9285474,-2.8185472,-2.6485474,-2.4485474,-2.2685473,-2.1185474,-1.9585474,-1.7985474,-1.6485474,-1.4985473,-1.3285474,-1.1485474,-1.0085473,-0.8785474,-0.7485474,-0.59854734,-0.39854735,-0.14854737,0.12145264,0.35145265,0.46145263,0.5114526,0.55145264,0.6314526,0.90145266,1.2414527,1.5414526,1.7914526,1.9814526,2.0814526,2.2014527,2.3714526,2.5314527,2.6314526,2.6714525,2.6914527,2.7514527,2.8614526,2.9814527,3.1014526,3.2014527,3.2914526,3.4114525
-4.9785476,-4.8485475,-4.7685475,-4.628547,-4.418547,-4.1585474,-3.8985474,-3.7185473,-3.6085474,-3.4985473,-3.3485475,-3.1085474,-2.7985473,-2.5085473,-2.2885473,-2.1185474,-1.9985473,-1.8785473,-1.7285473,-1.5985473,-1.4485474,-1.2385473,-0.9985474,-0.8085474,-0.65854734,-0.50854737,-0.33854735,-0.16854736,-0.018547364,0.12145264,0.20145264,0.28145263,0.43145263,0.7514526,1.0914526,1.1314527,1.1114526,1.2214526,1.5614526,1.9814526,2.1814528,2.3014526,2.4214525,2.4914527,2.4714527,2.4514527,2.5014527,2.4914527,2.4714527,2.5014527,2.5414526,2.5414526,2.5114527,2.4914527,2.5114527,2.5914526,2.6814528
-4.8885474,-4.7285476,-4.5585475,-4.438547,-4.3085475,-4.1785474,-4.0385475,-3.8685474,-3.6585474,-3.4385474,-3.2685473,-3.1185474,-2.9285474,-2.7185473,-2.5185473,-2.2985473,-2.0185473,-1.7885474,-1.6685474,-1.6085473,-1.5085473,-1.3185474,-1.0785474,-0.9185474,-0.83854735,-0.7485474,-0.6085474,-0.42854735,-0.21854736,0.021452637,0.21145263,0.33145264,0.55145264,0.93145263,1.2114526,1.3614526,1.5814526,1.7414527,1.8014526,1.8814527,2.1414526,2.5214527,2.7014527,2.5614526,2.4414527,2.4514527,2.5814526,2.6214526,2.5714526,2.4914527,2.5014527,2.5914526,2.5414526,2.4014525,2.3514526,2.3514526,2.4314528
-4.938547,-4.7285476,-4.5585475,-4.398547,-4.2285476,-4.0685472,-3.9585474,-3.8085473,-3.6085474,-3.3685474,-3.1185474,-2.9385474,-2.8285475,-2.6485474,-2.4285474,-2.1885474,-1.9785473,-1.7885474,-1.5585474,-1.3685473,-1.2585473,-1.1885474,-1.0385474,-0.7985474,-0.56854737,-0.38854736,-0.23854737,-0.13854736,-0.058547363,0.08145264,0.35145265,0.7014526,0.9414526,1.0814526,1.2714527,1.5514526,1.8614526,2.0814526,2.2214527,2.2014527,2.0514526,2.0814526,2.3214526,2.4014525,2.5114527,2.7814527,3.0514526,3.1314526,3.1014526,3.2014527,3.3114526,3.4214525,3.5614526,3.6014526,3.5814526,3.6014526,3.6714525
-5.2985473,-4.9885473,-4.6985474,-4.398547,-4.1185474,-3.9285474,-3.7085474,-3.5185473,-3.3885474,-3.1885474,-2.9685473,-2.7685473,-2.5685472,-2.4185474,-2.2385473,-2.0285473,-1.8485473,-1.7685474,-1.6485474,-1.4085474,-1.1085473,-0.83854735,-0.58854735,-0.33854735,-0.058547363,0.21145263,0.43145263,0.6314526,0.90145266,1.1214527,1.2814527,1.5214527,1.7714527,1.9414526,1.9714526,2.0114527,2.1314526,2.2214527,2.2614527,2.2514527,2.4014525,2.5714526,2.6114526,2.8414526,3.1114526,3.1814528,3.1614525,3.2714527,3.5614526,3.7214527,3.6814528,3.5814526,3.5714526,3.7114527,3.8314526,3.8214526,3.7814527
-5.188547,-4.9885473,-4.7685475,-4.438547,-4.148547,-4.0085473,-3.7985473,-3.4585474,-3.2485473,-3.0785475,-2.7985473,-2.5985475,-2.4385474,-2.1785474,-1.8885474,-1.5985473,-1.3685473,-1.1685474,-0.9385474,-0.78854734,-0.69854736,-0.6085474,-0.47854736,-0.24854736,0.101452634,0.48145264,0.80145264,0.97145265,1.2214526,1.5914526,1.9014527,2.1014526,2.3314526,2.4014525,2.5514526,2.8014526,2.9414527,2.9214525,2.8814526,3.0314527,3.2514527,3.2614527,3.1914527,3.2714527,3.4214525,3.6114526,3.6214526,3.5814526,3.6614525,3.6914527,3.6314526,3.6214526,3.6514525,3.6414526,3.6714525,3.7614527,3.7414527
-5.398547,-4.898547,-4.5685472,-4.5385475,-4.5185475,-4.358547,-4.2085476,-3.9785473,-3.6685474,-3.3485475,-3.1485474,-2.9485474,-2.6685474,-2.2885473,-1.7785474,-1.3285474,-0.95854735,-0.6685474,-0.45854735,-0.21854736,0.041452635,0.22145264,0.29145265,0.47145262,0.8214526,1.1014526,1.4014527,1.6714526,1.8814527,2.1114526,2.2314527,2.2614527,2.4314528,2.6814528,2.8414526,2.9014525,3.0114527,3.1314526,3.2814527,3.4714527,3.5314527,3.5014527,3.5114527,3.5314527,3.5414526,3.5514526,3.5514526,3.5214527,3.5314527,3.6114526,3.7714527,3.8914526,4.061453,4.2714524,4.4414525,4.4514527,4.3214526
-5.9985476,-5.7185473,-5.438547,-5.0585475,-4.648547,-4.398547,-4.2285476,-4.0685472,-4.0085473,-3.9085474,-3.5185473,-3.2185473,-3.0085473,-2.5685472,-2.0185473,-1.4085474,-0.97854733,-0.48854735,-0.028547363,0.24145263,0.40145263,0.60145265,0.8214526,1.1814526,1.5214527,1.7614527,1.9514526,2.0814526,2.1814528,2.1614525,2.1214526,2.1214526,2.1314526,2.1414526,2.2314527,2.4314528,2.5714526,2.6714525,2.6814528,2.6514525,2.6414526,2.7214527,2.8814526,3.0314527,3.1514525,3.2314527,3.2814527,3.3914526,3.6214526,3.8414526,4.0114527,4.0914526,4.101453,4.0514526,3.9514527,3.8214526,3.7014527
-6.4285474,-6.108547,-5.8085475,-5.4585476,-5.168547,-4.7985473,-4.2985473,-3.9785473,-3.8185472,-3.6485474,-3.3785474,-3.1185474,-2.6685474,-2.1485474,-1.6785474,-1.1585474,-0.63854736,-0.25854737,-0.06854736,0.041452635,0.17145264,0.39145264,0.5714526,0.84145266,0.9514526,0.93145263,0.93145263,0.8914526,0.86145264,0.8714526,0.9514526,1.0614526,1.2114526,1.3714527,1.5014527,1.5814526,1.6014526,1.6814526,1.8614526,2.1214526,2.4214525,2.7214527,2.9814527,3.1814528,3.2914526,3.3414526,3.3714526,3.4614527,3.6214526,3.7614527,3.8914526,3.9714527,3.9414527,3.8014526,3.5814526,3.3414526,3.0814526
-6.0185475,-5.938547,-5.6785474,-5.2085476,-4.588547,-4.3485475,-4.2185473,-3.9385474,-3.5985475,-3.3985474,-3.1385474,-2.7685473,-2.3785474,-1.7885474,-1.2385473,-0.7385474,-0.37854737,-0.15854736,-0.06854736,0.06145264,0.23145264,0.23145264,0.06145264,-0.26854736,-0.43854737,-0.51854736,-0.58854735,-0.5585474,-0.48854735,-0.33854735,-0.078547366,0.20145264,0.41145265,0.61145264,0.79145265,0.92145264,1.1114526,1.4314526,1.7914526,2.1714525,2.4914527,2.7914526,3.0014527,3.0814526,3.0914526,3.0814526,3.0814526,3.1014526,3.1614525,3.2014527,3.2014527,3.2414527,3.2814527,3.2514527,3.1014526,2.8314526,2.5414526
-5.5985475,-5.3285475,-5.148547,-4.9085474,-4.7585473,-4.5485473,-4.338547,-4.0485473,-3.6985474,-3.3585474,-2.9585474,-2.5485473,-2.1585474,-1.7985474,-1.3585473,-0.95854735,-0.7985474,-0.70854735,-0.6185474,-0.77854735,-0.9185474,-1.0385474,-1.2785474,-1.4585474,-1.4985473,-1.4985473,-1.4585474,-1.3485473,-1.1185473,-0.7385474,-0.39854735,-0.12854737,0.15145263,0.47145262,0.78145266,1.0314527,1.2314526,1.3714527,1.6514527,2.0214527,2.4414527,2.7414527,2.9014525,3.0014527,3.0914526,3.1814528,3.2414527,3.3114526,3.4114525,3.4014525,3.3914526,3.3814526,3.3314526,3.2714527,3.0814526,2.8714526,2.7514527
-5.4285474,-5.3485475,-5.3085475,-5.1785474,-5.128547,-4.9285474,-4.6385474,-4.3285475,-3.8585474,-3.2885473,-2.7985473,-2.3285475,-1.9385474,-1.6485474,-1.3485473,-1.1785474,-1.3585473,-1.4985473,-1.6485474,-1.9085474,-2.3785474,-2.6485474,-2.6485474,-2.4085474,-2.0785475,-1.6485474,-1.2885474,-0.9885474,-0.6885474,-0.5585474,-0.52854735,-0.42854735,-0.14854737,0.20145264,0.5814526,0.92145264,1.2614527,1.5114527,1.7714527,2.0914526,2.3414526,2.6114526,2.8314526,2.9814527,3.0814526,3.1314526,3.1514525,3.1414526,3.2014527,3.3614526,3.4014525,3.3014526,3.2214527,3.1614525,3.1414526,3.2014527,3.3714526
-5.5385475,-5.6585474,-5.6585474,-5.4485474,-5.2885475,-5.0185475,-4.6385474,-4.2285476,-3.5985475,-3.1285474,-2.7985473,-2.2985473,-2.1285474,-2.1885474,-2.0885475,-2.1785474,-2.4785473,-2.8685474,-2.9585474,-2.8285475,-2.5885475,-2.4085474,-2.1585474,-1.8985474,-1.7485473,-1.5985473,-1.3485473,-1.1485474,-0.89854735,-0.6285474,-0.37854737,-0.10854736,0.18145263,0.47145262,0.7514526,1.0514526,1.2914526,1.5114527,1.7414527,2.1014526,2.3314526,2.4114525,2.4914527,2.6514525,2.6314526,2.6814528,2.8714526,3.0614526,3.2314527,3.2114527,3.1514525,3.0714526,2.9114525,2.7314527,2.6514525,2.7714527,3.0214527
-5.7485476,-5.7685475,-5.7185473,-5.608547,-5.358547,-4.9985476,-4.5285473,-4.0385475,-3.4185474,-2.9785473,-2.9685473,-3.0585473,-2.9685473,-2.9585474,-3.1585474,-3.3785474,-3.4385474,-3.2585473,-2.8885474,-2.6685474,-2.3685474,-2.1385474,-2.1185474,-1.9685473,-1.7085474,-1.4085474,-1.0385474,-0.76854736,-0.7385474,-0.6085474,-0.26854736,0.16145264,0.40145263,0.60145265,0.98145264,1.3014526,1.4814526,1.6514527,1.8714527,2.1214526,2.2814527,2.3814526,2.7014527,2.8314526,2.7014527,2.7314527,2.8014526,2.9714527,3.1614525,3.4014525,3.6314526,3.6914527,3.6014526,3.4814527,3.3614526,3.3714526,3.4114525
-5.9785476,-5.878547,-5.6385474,-5.3685474,-4.9985476,-4.4485474,-4.0185475,-3.6885474,-3.5885475,-3.6185474,-3.6285474,-3.5285473,-3.5585473,-3.6685474,-3.3985474,-3.0785475,-2.9785473,-2.9685473,-2.9485474,-2.8885474,-2.6885474,-2.2985473,-1.9985473,-1.6585474,-1.2885474,-0.96854734,-0.6785474,-0.33854735,0.031452637,0.31145263,0.42145264,0.54145265,0.91145265,1.3514526,1.5814526,1.7314526,1.8014526,1.8914527,2.0614526,2.3014526,2.4414527,2.3614526,2.1814528,2.1414526,2.1014526,1.9014527,1.8414526,1.9714526,2.2014527,2.2514527,2.5414526,2.6614525,2.6614525,2.9314528,3.2014527,3.5414526,3.8414526
-6.398547,-5.8685474,-5.2985473,-4.7785473,-4.1985474,-3.5885475,-3.3085473,-3.3485475,-3.6085474,-3.7985473,-4.0485473,-3.8585474,-3.2785473,-2.9785473,-3.0885475,-3.2985473,-3.4985473,-3.2985473,-2.7785473,-2.5485473,-2.4485474,-2.1785474,-1.7285473,-1.2885474,-0.9285474,-0.59854734,-0.25854737,0.021452637,0.26145265,0.42145264,0.5014526,0.6214526,0.84145266,1.3014526,1.6214527,1.8614526,2.3014526,2.6014526,2.6114526,2.4714527,2.4314528,2.4214525,2.4114525,2.0614526,1.8414526,1.9914527,2.0314527,2.1014526,2.4514527,3.0414526,3.3214526,3.2614527,2.9814527,2.8314526,2.9914527,3.3614526,3.5614526
-6.4585476,-5.8285475,-5.338547,-4.6185474,-3.9685473,-3.3885474,-3.3985474,-3.8885474,-4.358547,-4.358547,-4.148547,-3.7385473,-3.4885473,-3.3285475,-3.3985474,-3.3885474,-3.1785474,-2.8485475,-2.6285474,-2.3385475,-2.0085473,-1.5785474,-1.2285473,-0.94854736,-0.6785474,-0.39854735,-0.058547363,0.32145265,0.6214526,0.8714526,1.0714526,1.2314526,1.6414527,1.9914527,2.2614527,2.6014526,2.8514526,2.8614526,2.8914526,3.0014527,3.0714526,2.9814527,2.8314526,2.9414527,3.0914526,3.1314526,2.9414527,2.9114525,2.9214525,2.9414527,2.9214525,2.7214527,2.6814528,2.7114527,2.6014526,2.8114526,2.8114526
-5.7985473,-5.5085473,-5.0285473,-4.5385475,-4.128547,-4.148547,-4.2485476,-4.3285475,-4.168547,-3.7485473,-3.5885475,-3.6985474,-3.7585473,-3.6185474,-3.4685473,-3.1485474,-2.7585473,-2.4685473,-2.2085474,-1.8385473,-1.3285474,-1.0085473,-0.88854736,-0.89854735,-0.64854735,-0.26854736,-0.23854737,0.011452637,0.43145263,0.8214526,1.2614527,1.6914526,2.0014527,2.1714525,2.4614527,2.5914526,2.8014526,2.9914527,3.0414526,3.2514527,3.6514525,3.9014525,3.9114525,3.8514526,3.4714527,3.2914526,3.6514525,3.9314528,4.0514526,3.8714526,3.5714526,3.2614527,2.7414527,2.2014527,2.0714526,2.2514527,2.3414526
