public/data/weather/2019/09/29/0000-wind-isobaric-1000hPa-gfs-1.0.json
{"header": { "discipline":0, "disciplineName":"Meteorological products", "gribEdition":2, "gribLength":53809, "center":7, "centerName":"US National Weather Service - NCEP(WMC)", "subcenter":0, "refTime":"2019-09-29T00:00:00.000Z", "significanceOfRT":1, "significanceOfRTName":"Start of forecast", "productStatus":0, "productStatusName":"Operational products", "productType":1, "productTypeName":"Forecast products", "productDefinitionTemplate":0, "productDefinitionTemplateName":"Analysis/forecast at horizontal level/layer at a point in time", "parameterCategory":2, "parameterCategoryName":"Momentum", "parameterNumber":3, "parameterNumberName":"V-component_of_wind", "parameterUnit":"m.s-1", "genProcessType":2, "genProcessTypeName":"Forecast", "forecastTime":0, "surface1Type":100, "surface1TypeName":"Isobaric surface", "surface1Value":95000.0, "surface2Type":255, "surface2TypeName":"Missing", "surface2Value":0.0, "gridDefinitionTemplate":0, "gridDefinitionTemplateName":"Latitude_Longitude", "numberPoints":65160, "shape":6, "shapeName":"Earth spherical with radius of 6,371,229.0 m", "gridUnits":"degrees", "resolution":48, "winds":"true", "scanMode":0, "nx":360, "ny":181, "basicAngle":0, "lo1":0.0, "la1":90.0, "lo2":359.0, "la2":-90.0, "dx":1.0, "dy":1.0 }, "data":
[rows 130 to 155 of 181, columns 59 to 117 of 360]
8.820966,9.420965,9.020966,8.320966,7.5209656,-6.5790343,-7.3790345,-9.579035,-11.779035,-12.579035,-11.979034,-10.979034,-10.379034,-7.8790345,-9.879034,-8.079035,-7.7790346,-7.3790345,-4.3790345,-4.8790345,-3.4790344,0.8209656,1.0209656,1.6209656,2.2209656,2.4209657,3.0209656,3.8209655,4.0209656,4.1209655,5.1209655,5.7209654,3.8209655,4.5209656,6.6209655,5.2209654,6.6209655,6.5209656,5.4209657,3.6209655,3.7209656,4.1209655,4.320966,-0.8790344,-4.7790346,-12.279035,-14.179034,-15.779035,-17.179035,-15.779035,-11.579035,-12.079035,-11.979034,-12.179034,-12.079035,-11.379034,-10.579035,-7.8790345,-6.4790344
9.820966,9.220965,8.520966,7.1209655,7.4209657,7.320966,7.1209655,-9.679034,-11.779035,-12.479034,-12.779035,-13.779035,-12.679034,-12.179034,-12.079035,-10.579035,-9.279035,-8.679034,-6.9790344,-5.4790344,-3.6790345,-0.27903444,0.020965576,0.6209656,1.2209656,1.9209656,2.4209657,2.9209657,3.9209657,4.2209654,5.320966,5.820966,5.9209657,5.9209657,6.4209657,5.4209657,4.320966,4.4209657,5.6209655,4.820966,4.0209656,4.5209656,4.820966,1.8209655,-2.8790345,-5.2790346,-12.479034,-18.279034,-17.879034,-17.979034,-16.579035,-13.779035,-13.179034,-12.779035,-11.779035,-12.579035,-12.179034,-9.579035,-8.279035
10.320966,9.620966,8.320966,7.7209654,6.5209656,6.320966,5.320966,4.9209657,5.9209657,-11.479034,-14.679034,-15.279035,-15.779035,-13.679034,-13.779035,-13.579035,-12.179034,-10.279035,-9.479034,-7.7790346,-4.4790344,-3.1790345,-1.7790344,-0.079034425,1.2209656,1.4209656,2.2209656,3.0209656,3.9209657,5.6209655,5.7209654,5.4209657,5.5209656,5.4209657,5.1209655,4.820966,3.8209655,3.0209656,3.2209656,3.5209656,3.7209656,3.0209656,2.4209657,-1.2790344,-3.4790344,-4.4790344,-8.479034,-14.479034,-20.379034,-18.279034,-17.179035,-16.379034,-14.979034,-14.879034,-14.079035,-13.579035,-12.279035,-10.779035,-9.379034
9.920965,9.620966,9.020966,8.220965,7.1209655,6.6209655,6.7209654,4.6209655,5.0209656,4.1209655,-5.9790344,-16.779034,-17.079035,-16.079035,-14.079035,-15.979034,-15.179034,-13.879034,-12.079035,-10.179034,-5.4790344,-4.8790345,-3.1790345,-1.6790345,-0.17903443,1.3209655,2.0209656,3.2209656,5.4209657,5.2209654,5.1209655,5.4209657,5.9209657,5.820966,5.4209657,4.820966,3.5209656,2.0209656,1.4209656,1.3209655,1.0209656,2.4209657,1.1209656,-0.47903442,-1.6790345,-5.2790346,-8.879034,-11.179034,-15.479034,-20.379034,-19.279034,-17.979034,-17.679035,-17.579035,-16.379034,-15.079035,-13.379034,-12.079035,-10.479034
8.820966,9.320966,9.220965,8.420965,7.9209657,6.1209655,6.5209656,5.0209656,3.7209656,4.820966,4.1209655,-7.3790345,-20.079035,-19.279034,-18.979034,-16.879034,-17.779034,-16.279034,-14.479034,-10.379034,-7.5790343,-5.9790344,-4.7790346,-2.5790343,-0.6790344,1.1209656,3.4209657,3.4209657,3.8209655,4.820966,5.4209657,6.1209655,6.6209655,7.2209654,6.7209654,5.6209655,3.9209657,3.1209655,1.1209656,0.020965576,-0.47903442,-0.57903445,0.92096555,-0.8790344,-2.2790344,-1.4790344,2.1209655,-9.379034,-15.179034,-16.879034,-20.779034,-20.979034,-19.579035,-19.779034,-18.179035,-16.279034,-14.379034,-13.679034,-12.079035
8.620966,9.320966,7.7209654,6.7209654,5.6209655,6.1209655,5.0209656,6.9209657,5.820966,3.9209657,3.0209656,3.8209655,-8.879034,-20.579035,-21.879034,-20.579035,-19.379034,-19.279034,-17.179035,-12.779035,-8.879034,-7.2790346,-5.5790343,-3.5790343,-0.8790344,0.92096555,1.6209656,2.4209657,4.0209656,5.0209656,5.9209657,6.820966,6.820966,7.1209655,7.1209655,6.7209654,5.320966,3.9209657,2.5209656,-0.079034425,-2.8790345,-2.7790344,-1.2790344,-0.77903444,-3.3790345,-1.1790345,-1.6790345,1.4209656,-9.279035,-17.779034,-18.379034,-21.579035,-21.279034,-19.879034,-19.679035,-18.279034,-16.479034,-15.479034,-13.679034
8.520966,7.820966,7.6209655,5.9209657,2.2209656,3.1209655,3.4209657,3.9209657,3.9209657,5.9209657,3.0209656,3.3209655,6.4209657,-21.579035,-21.779034,-23.079035,-21.679035,-20.779034,-17.979034,-14.479034,-10.779035,-8.679034,-6.7790346,-4.179034,-1.6790345,-0.27903444,0.72096556,2.9209657,4.5209656,5.2209654,5.9209657,6.820966,7.4209657,7.6209655,7.0209656,6.1209655,4.820966,3.7209656,2.5209656,0.3209656,-3.0790343,-6.0790343,-5.2790346,-4.0790343,-5.0790343,-2.8790345,-1.5790344,-1.5790344,-5.4790344,-9.479034,-18.779034,-19.279034,-21.079035,-22.079035,-21.879034,-20.179035,-19.079035,-16.579035,-15.479034
9.220965,9.220965,6.820966,5.5209656,3.9209657,3.1209655,2.1209655,3.0209656,1.4209656,1.3209655,1.7209656,3.0209656,3.9209657,-16.079035,-26.079035,-26.079035,-24.879034,-21.779034,-20.179035,-15.979034,-12.579035,-9.679034,-7.179034,-4.5790343,-2.4790344,-0.77903444,0.92096555,3.1209655,4.6209655,5.7209654,6.820966,7.820966,8.320966,7.7209654,6.9209657,6.320966,5.320966,3.8209655,1.4209656,-0.8790344,-2.0790343,-6.3790345,-9.379034,-8.079035,-7.2790346,-6.179034,-3.3790345,-3.4790344,-1.1790345,-13.479034,-13.579035,-21.279034,-19.179035,-21.479034,-23.179035,-21.579035,-20.879034,-18.279034,-16.579035
12.520966,11.420965,9.220965,6.4209657,4.4209657,1.4209656,1.0209656,1.5209656,0.3209656,-1.7790344,-1.0790344,0.020965576,1.2209656,-4.3790345,-25.379034,-26.279034,-25.879034,-23.579035,-20.579035,-16.879034,-13.279035,-9.979034,-7.4790344,-4.8790345,-2.7790344,-1.1790345,0.92096555,3.1209655,5.0209656,6.7209654,8.020966,8.820966,8.920965,8.720965,8.020966,6.9209657,5.320966,3.2209656,2.4209657,-2.9790344,-5.0790343,-7.0790343,-11.779035,-11.279035,-8.979034,-9.079035,-6.179034,-4.679034,-2.5790343,-2.0790343,-13.779035,-17.379034,-20.079035,-21.679035,-23.179035,-23.879034,-22.779034,-19.479034,-18.379034
15.020966,13.020966,8.920965,4.0209656,-0.47903442,-0.27903444,-0.17903443,-0.37903443,-0.27903444,-4.679034,-2.7790344,-2.6790345,-2.7790344,-2.9790344,-26.579035,-27.479034,-25.679035,-22.479034,-20.079035,-16.979034,-13.479034,-10.679034,-7.8790345,-4.8790345,-2.7790344,-0.57903445,1.6209656,4.1209655,5.5209656,7.1209655,8.320966,9.420965,9.920965,10.020966,9.520966,8.320966,6.820966,4.7209654,1.5209656,-4.179034,-6.179034,-8.279035,-13.579035,-13.279035,-10.579035,-9.379034,-7.7790346,-5.8790345,-4.2790346,-3.2790344,-12.779035,-16.079035,-20.379034,-22.379034,-23.679035,-25.379034,-23.479034,-21.979034,-20.279034
20.120966,20.720966,19.920965,11.020966,-7.0790343,-7.2790346,-3.7790344,-0.57903445,-2.8790345,-3.3790345,-5.5790343,-7.0790343,-2.5790343,-5.4790344,-23.679035,-26.679035,-24.479034,-21.479034,-20.079035,-16.579035,-13.479034,-10.879034,-7.7790346,-4.9790344,-2.6790345,-0.37903443,2.1209655,4.4209657,6.0209656,7.5209656,8.720965,10.420965,11.420965,11.420965,10.820966,10.020966,8.620966,3.2209656,0.5209656,-2.7790344,-5.4790344,-10.579035,-12.779035,-12.079035,-9.879034,-9.479034,-7.3790345,-7.0790343,-5.8790345,-5.2790346,-11.879034,-13.879034,-19.679035,-24.379034,-25.479034,-25.779034,-24.879034,-24.379034,-20.979034
24.320965,25.520966,23.220966,12.920965,-0.27903444,-10.679034,-6.2790346,-3.5790343,0.3209656,0.42096558,-3.7790344,-5.9790344,-5.679034,-5.8790345,-21.679035,-22.979034,-22.279034,-21.179035,-19.579035,-16.879034,-13.579035,-10.879034,-7.3790345,-4.679034,-2.0790343,0.6209656,2.7209656,4.5209656,6.6209655,7.9209657,9.720965,11.420965,12.220965,12.920965,12.020966,10.420965,3.1209655,-2.4790344,-1.8790344,-2.4790344,-3.5790343,-7.679034,-10.179034,-10.479034,-5.9790344,-8.079035,-9.479034,-7.2790346,-7.3790345,-12.079035,-14.479034,-15.179034,-19.879034,-24.479034,-26.079035,-26.679035,-27.079035,-25.079035,-22.879034
25.520966,27.120966,25.420965,7.9209657,-0.77903444,-6.2790346,-5.179034,-3.7790344,-0.77903444,-0.77903444,-3.1790345,-2.2790344,-6.0790343,-12.279035,-19.279034,-23.379034,-22.679035,-20.779034,-18.579035,-16.779034,-13.979034,-10.179034,-7.3790345,-4.5790343,-1.7790344,0.6209656,2.6209655,5.0209656,6.6209655,8.620966,10.420965,12.120966,12.520966,13.020966,12.420965,11.620966,1.4209656,1.2209656,-1.6790345,-3.2790344,-7.0790343,-5.3790345,-7.2790346,-6.7790346,-6.179034,-5.3790345,-5.179034,-6.3790345,-10.779035,-16.779034,-16.279034,-18.079035,-18.379034,-22.779034,-25.579035,-25.479034,-25.379034,-24.779034,-24.179035
24.620966,25.620966,22.020966,18.420965,-1.4790344,-0.8790344,-2.3790345,-2.9790344,-1.4790344,-1.7790344,-2.4790344,-5.0790343,-11.279035,-16.079035,-19.279034,-18.779034,-19.279034,-18.079035,-17.179035,-15.279035,-13.179034,-10.979034,-7.5790343,-4.8790345,-1.5790344,0.42096558,2.6209655,5.0209656,6.9209657,9.020966,11.120966,12.620966,13.020966,12.920965,11.820966,6.4209657,0.5209656,0.3209656,-1.5790344,-2.5790343,-2.4790344,-5.0790343,-5.2790346,-5.0790343,0.42096558,0.12096558,0.020965576,-6.4790344,-17.179035,-17.279034,-17.279034,-19.079035,-19.679035,-21.279034,-23.279034,-24.479034,-24.279034,-24.179035,-24.979034
22.920965,23.520966,22.720966,18.120966,14.620966,11.020966,-4.3790345,-3.8790345,-2.6790345,-4.0790343,-7.8790345,-9.079035,-15.879034,-16.479034,-17.179035,-18.279034,-17.579035,-17.579035,-15.279035,-13.979034,-11.979034,-9.079035,-6.9790344,-4.179034,-1.5790344,0.5209656,3.3209655,5.320966,7.320966,9.620966,11.620966,12.820966,13.620966,13.120966,11.820966,0.020965576,-3.3790345,-2.2790344,-0.27903444,-4.5790343,-3.2790344,-4.4790344,-2.6790345,-0.6790344,1.7209656,7.2209654,0.3209656,-14.079035,-16.379034,-16.079035,-17.479034,-17.679035,-19.279034,-20.079035,-22.279034,-23.779034,-24.379034,-24.779034,-24.879034
20.820965,21.620966,22.020966,18.620966,12.820966,9.520966,10.120966,2.6209655,-0.17903443,-0.9790344,-6.179034,-9.579035,-11.679034,-13.579035,-12.979034,-17.079035,-16.179035,-15.079035,-13.779035,-12.479034,-10.479034,-7.679034,-5.679034,-2.6790345,-0.8790344,1.5209656,3.5209656,5.7209654,7.9209657,10.220965,11.920965,13.220965,13.620966,12.920965,10.520966,-3.1790345,-5.4790344,-3.9790344,-1.8790344,-4.179034,-4.0790343,-1.5790344,1.2209656,3.6209655,3.3209655,10.020966,-0.47903442,-14.179034,-17.179035,-18.379034,-18.979034,-19.579035,-19.879034,-21.879034,-22.079035,-22.979034,-23.279034,-21.579035,-20.479034
18.420965,18.620966,19.520966,19.720966,13.020966,9.420965,3.9209657,1.9209656,-1.3790344,-2.7790344,-5.9790344,-8.979034,-10.979034,-10.879034,-11.279035,-13.779035,-13.479034,-12.679034,-11.879034,-10.679034,-7.9790344,-6.0790343,-3.2790344,-2.2790344,-0.37903443,2.0209656,4.4209657,6.5209656,8.720965,10.920965,12.720965,14.120966,14.620966,12.520966,3.6209655,-4.179034,-6.2790346,-5.3790345,-2.8790345,-2.7790344,-3.9790344,-1.6790345,1.7209656,5.320966,5.7209654,11.620966,-1.5790344,-11.379034,-13.679034,-17.279034,-21.479034,-22.479034,-22.879034,-22.179035,-20.679035,-19.579035,-18.979034,-19.879034,-20.279034
15.520966,16.420965,16.520966,17.120966,16.920965,10.020966,4.4209657,2.5209656,-2.7790344,-2.1790345,-5.2790346,-6.9790344,-10.979034,-10.579035,-10.979034,-12.979034,-11.879034,-9.579035,-10.179034,-7.7790346,-5.679034,-4.179034,-2.5790343,-1.2790344,0.8209656,3.2209656,5.4209657,7.5209656,9.520966,11.820966,13.620966,14.720965,15.220965,10.620966,-1.5790344,-6.5790343,-6.2790346,-6.179034,-3.8790345,-4.179034,-3.4790344,-1.1790345,2.0209656,5.6209655,5.820966,11.220965,-3.4790344,-12.579035,-12.979034,-13.379034,-16.379034,-18.179035,-19.179035,-19.279034,-19.379034,-19.479034,-19.679035,-19.479034,-18.579035
13.020966,14.120966,13.020966,14.720965,15.120966,15.120966,6.320966,1.8209655,-1.1790345,-3.2790344,-4.7790346,-6.4790344,-9.379034,-8.379034,-12.779035,-10.779035,-9.479034,-8.179034,-7.179034,-5.679034,-4.4790344,-3.3790345,-2.3790345,-0.17903443,1.6209656,3.4209657,6.0209656,7.820966,9.920965,12.120966,13.420965,14.320966,14.620966,11.220965,-4.179034,-5.4790344,-5.0790343,-6.0790343,-4.7790346,-4.9790344,-3.9790344,-1.5790344,0.72096556,3.3209655,4.2209654,7.0209656,-2.1790345,-12.379034,-15.879034,-16.979034,-17.979034,-18.879034,-19.179035,-19.479034,-19.879034,-19.779034,-19.179035,-18.979034,-18.479034
9.620966,10.020966,10.520966,10.620966,11.920965,12.620966,11.520966,1.5209656,2.4209657,-4.2790346,-4.7790346,-6.179034,-8.379034,-9.879034,-9.879034,-8.379034,-7.179034,-6.2790346,-5.9790344,-4.679034,-3.4790344,-2.2790344,-0.9790344,1.2209656,2.7209656,5.2209654,6.2209654,7.2209654,9.120966,11.720965,12.420965,12.920965,12.520966,12.320966,7.820966,-5.679034,-6.8790345,-4.5790343,-5.679034,-5.4790344,-5.3790345,-3.1790345,-0.77903444,0.3209656,0.5209656,1.4209656,5.2209654,-4.3790345,-15.179034,-16.879034,-17.179035,-17.379034,-17.979034,-18.279034,-19.279034,-19.179035,-18.779034,-18.379034,-18.579035
9.920965,8.920965,8.020966,9.020966,9.020966,9.520966,9.920965,8.420965,1.4209656,-4.9790344,-5.2790346,-7.5790343,-8.079035,-7.5790343,-7.179034,-6.4790344,-5.7790346,-5.3790345,-4.679034,-3.3790345,-3.4790344,-1.0790344,1.3209655,3.4209657,4.4209657,5.320966,6.320966,7.6209655,8.020966,9.520966,10.920965,11.320966,11.120966,10.520966,9.420965,8.020966,2.7209656,-7.8790345,-7.2790346,-6.7790346,-6.9790344,-5.5790343,-3.1790345,-1.4790344,-1.6790345,-1.3790344,-0.9790344,0.12096558,0.020965576,-12.279035,-14.779035,-15.679034,-16.079035,-15.679034,-17.779034,-17.079035,-17.379034,-17.579035,-18.179035
8.820966,8.220965,7.320966,6.6209655,6.820966,7.1209655,6.4209657,4.9209657,1.5209656,-4.7790346,-5.7790346,-6.3790345,-6.2790346,-5.8790345,-5.3790345,-5.179034,-5.4790344,-4.679034,-3.9790344,-4.8790345,-1.9790344,0.72096556,2.5209656,3.5209656,4.2209654,5.1209655,5.6209655,6.5209656,7.1209655,8.220965,9.420965,10.220965,10.620966,10.720965,10.920965,10.520966,8.920965,1.6209656,-6.7790346,-8.179034,-8.179034,-6.679034,-5.4790344,-4.5790343,-4.2790346,-4.179034,-3.3790345,-4.4790344,-3.4790344,-3.5790343,-8.279035,-12.479034,-14.879034,-15.179034,-14.579035,-15.379034,-16.679035,-16.579035,-16.079035
7.9209657,8.420965,6.4209657,5.320966,5.0209656,3.0209656,-0.6790344,0.020965576,-4.9790344,-5.9790344,-6.2790346,-5.7790346,-5.7790346,-5.8790345,-6.0790343,-4.9790344,-3.5790343,-4.0790343,-3.9790344,-4.3790345,-1.6790345,0.5209656,2.1209655,2.6209655,3.5209656,4.1209655,4.9209657,5.5209656,6.9209657,8.020966,8.520966,9.320966,9.920965,10.420965,10.720965,11.120966,11.420965,9.620966,6.320966,2.2209656,-1.0790344,-4.679034,-6.8790345,-6.3790345,-5.2790346,-4.9790344,-4.8790345,-4.9790344,-6.3790345,-7.179034,-5.0790343,-6.679034,-10.779035,-12.679034,-14.079035,-14.279035,-13.779035,-14.279035,-13.879034
7.820966,7.820966,7.320966,7.5209656,8.420965,5.2209654,-0.77903444,-1.9790344,-2.1790345,-2.8790345,-3.8790345,-5.179034,-5.179034,-4.8790345,-4.4790344,-3.9790344,-2.5790343,-1.8790344,-4.679034,-3.4790344,-1.7790344,-0.37903443,0.3209656,1.5209656,2.2209656,3.0209656,3.6209655,5.1209655,6.4209657,7.2209654,8.220965,9.020966,9.820966,9.820966,9.920965,9.920965,9.920965,9.220965,8.320966,7.6209655,6.6209655,6.320966,5.7209654,5.320966,4.1209655,-1.1790345,-3.3790345,-5.4790344,-5.8790345,-6.2790346,-6.3790345,-7.4790344,-8.679034,-8.779035,-9.879034,-10.879034,-11.479034,-11.179034,-10.879034
8.620966,7.320966,6.4209657,5.9209657,5.2209654,3.9209657,2.9209657,1.9209656,1.3209655,0.3209656,-1.8790344,-2.9790344,-3.0790343,-2.8790345,-2.7790344,-2.9790344,-4.3790345,-4.2790346,-4.179034,-3.5790343,-2.6790345,-1.6790345,-0.77903444,0.22096558,0.8209656,1.6209656,2.6209655,4.2209654,5.1209655,5.2209654,5.7209654,6.5209656,7.320966,8.420965,8.720965,8.820966,8.420965,8.020966,7.1209655,6.320966,5.7209654,5.5209656,5.5209656,5.820966,5.820966,5.820966,5.7209654,5.2209654,4.6209655,3.2209656,2.4209657,1.9209656,1.1209656,0.22096558,-0.6790344,-2.0790343,-3.2790344,-4.3790345,-5.3790345
7.7209654,6.820966,6.0209656,5.5209656,4.9209657,4.320966,3.5209656,2.4209657,1.5209656,0.92096555,0.6209656,-0.079034425,-0.8790344,-2.1790345,-4.4790344,-5.0790343,-4.679034,-4.5790343,-4.0790343,-3.7790344,-3.0790343,-2.5790343,-1.7790344,-0.6790344,0.3209656,1.2209656,1.7209656,2.4209657,3.1209655,3.3209655,3.9209657,4.0209656,4.320966,4.7209654,4.820966,5.320966,4.9209657,5.320966,5.7209654,5.5209656,4.4209657,3.6209655,5.0209656,5.9209657,7.1209655,7.320966,7.7209654,7.7209654,7.0209656,5.7209654,4.7209654,4.0209656,4.320966,4.7209654,4.1209655,2.8209655,0.3209656,-2.4790344,-4.3790345
