public/data/weather/2019/09/29/0000-wind-isobaric-70hPa-gfs-1.0.json
{"header": { "discipline":0, "disciplineName":"Meteorological products", "gribEdition":2, "gribLength":69752, "center":7, "centerName":"US National Weather Service - NCEP(WMC)", "subcenter":0, "refTime":"2019-09-29T00:00:00.000Z", "significanceOfRT":1, "significanceOfRTName":"Start of forecast", "productStatus":0, "productStatusName":"Operational products", "productType":1, "productTypeName":"Forecast products", "productDefinitionTemplate":0, "productDefinitionTemplateName":"Analysis/forecast at horizontal level/layer at a point in time", "parameterCategory":2, "parameterCategoryName":"Momentum", "parameterNumber":2, "parameterNumberName":"U-component_of_wind", "parameterUnit":"m.s-1", "genProcessType":2, "genProcessTypeName":"Forecast", "forecastTime":0, "surface1Type":100, "surface1TypeName":"Isobaric surface", "surface1Value":7000.0, "surface2Type":255, "surface2TypeName":"Missing", "surface2Value":0.0, "gridDefinitionTemplate":0, "gridDefinitionTemplateName":"Latitude_Longitude", "numberPoints":65160, "shape":6, "shapeName":"Earth spherical with radius of 6,371,229.0 m", "gridUnits":"degrees", "resolution":48, "winds":"true", "scanMode":0, "nx":360, "ny":181, "basicAngle":0, "lo1":0.0, "la1":90.0, "lo2":359.0, "la2":-90.0, "dx":1.0, "dy":1.0 }, "data":
[rows 27 to 53 of 181, columns 120 to 179 of 360]
7.927882,7.427882,7.477882,8.587882,9.117882,9.777882,10.057882,9.767882,10.267882,10.6078825,10.247882,9.587882,9.057882,8.917882,9.097882,8.987882,9.327882,9.937882,10.277882,9.817883,8.957882,8.807882,9.047882,8.407882,7.3478823,7.157882,7.747882,7.447882,6.647882,6.167882,6.287882,6.647882,6.947882,6.297882,6.0578823,6.157882,5.8278823,6.487882,6.297882,6.437882,5.8078823,5.377882,5.217882,5.657882,5.857882,5.947882,5.227882,4.957882,4.5778823,4.197882,3.9778821,3.897882,4.787882,4.5578823,4.947882,5.207882,5.567882,5.697882,5.047882,4.3478823
7.987882,7.917882,8.347882,8.847882,9.487882,10.1078825,10.557882,11.227882,11.777882,11.277882,10.797882,10.237882,10.017882,9.387882,9.757882,9.947882,10.157882,10.147882,10.847882,10.427882,10.3578825,10.047882,8.677882,7.8678823,8.057882,8.447882,8.227882,8.3578825,8.447882,7.777882,7.3278823,6.777882,7.717882,7.3678823,7.047882,6.137882,5.927882,6.447882,6.397882,6.207882,6.3278823,5.387882,5.497882,5.167882,5.527882,6.157882,5.547882,4.377882,4.127882,4.017882,4.187882,4.517882,5.017882,4.467882,5.207882,5.087882,5.417882,5.027882,4.357882,3.9678822
8.137882,7.797882,9.3578825,10.057882,10.657882,10.637882,11.167882,11.597882,12.757882,12.117882,11.867882,11.777882,11.057882,10.717882,11.147882,11.037882,10.237882,10.697882,11.187882,11.197882,10.497882,9.6078825,9.137882,8.967882,9.817883,10.117882,9.767882,9.467882,9.187882,8.657882,8.007882,7.407882,7.267882,7.407882,6.737882,6.417882,6.397882,6.3278823,6.227882,6.8078823,5.5978823,6.267882,4.927882,5.797882,5.3478823,5.927882,5.447882,4.087882,4.237882,4.747882,4.317882,4.817882,4.497882,4.8078823,4.957882,5.147882,4.407882,4.3678823,3.407882,3.9678822
9.877882,9.497882,9.847882,10.367882,11.697882,11.947882,11.157882,12.437882,12.527882,12.277882,13.057882,12.787882,12.1078825,11.687882,11.987882,11.367882,11.177882,11.737882,11.687882,10.927882,10.427882,9.427882,9.917882,9.947882,10.367882,10.477882,10.497882,10.007882,9.517882,9.047882,8.297882,7.357882,7.207882,7.027882,6.297882,5.967882,6.387882,6.397882,6.607882,6.707882,6.017882,6.5578823,5.517882,4.987882,5.3078823,5.487882,5.817882,4.297882,4.037882,5.047882,4.687882,4.567882,4.437882,5.137882,5.207882,5.6178823,4.767882,4.047882,4.177882,4.497882
11.167882,11.147882,10.957882,11.547882,12.167882,12.557882,13.157882,14.177882,13.037882,13.707882,13.437882,12.807882,12.087882,12.177882,11.977882,12.027882,11.797882,13.517882,13.057882,11.547882,10.247882,9.767882,9.907882,10.267882,9.997882,10.127882,10.417882,9.657882,9.817883,9.717882,8.897882,8.437882,8.167882,7.217882,6.6178823,6.677882,7.197882,7.267882,7.977882,7.427882,6.177882,6.487882,6.177882,4.777882,5.777882,4.8278823,5.007882,4.257882,4.727882,4.897882,4.697882,4.407882,4.387882,5.167882,5.857882,5.857882,4.8478823,4.267882,4.217882,4.267882
11.657882,11.397882,12.007882,11.967882,11.847882,12.997882,14.157882,12.527882,12.467882,12.197882,12.627882,11.907882,10.277882,10.807882,10.267882,10.027882,10.747882,11.807882,12.967882,9.977882,10.217882,10.097882,9.727882,9.6078825,10.057882,9.877882,10.247882,10.287882,10.227882,10.217882,9.937882,8.887882,8.337882,8.527882,8.317883,7.8278823,8.217882,8.677882,9.027882,8.947882,7.0778823,6.8078823,6.3678823,5.887882,5.177882,5.537882,5.027882,4.5978823,5.217882,5.397882,5.017882,4.547882,4.697882,5.087882,6.047882,6.517882,5.8678823,5.177882,5.5578823,4.877882
11.687882,12.347882,11.947882,11.757882,11.3578825,13.217882,11.327882,11.417882,10.077882,10.927882,11.037882,10.207882,9.087882,9.297882,8.197882,8.987882,9.777882,11.977882,11.417882,9.947882,11.307882,10.387882,9.427882,9.127882,9.297882,9.577882,10.127882,9.957882,10.657882,10.217882,9.697882,9.447882,9.027882,8.747882,8.767882,9.157882,8.707882,8.887882,8.867882,7.537882,8.427882,6.737882,7.607882,6.567882,5.897882,5.507882,5.107882,5.007882,5.817882,6.1178823,5.317882,4.747882,4.817882,4.857882,6.197882,6.777882,6.677882,6.537882,6.157882,5.197882
13.3578825,12.237882,11.677882,10.847882,11.407882,10.947882,11.787882,10.647882,9.777882,10.747882,9.997882,9.667882,9.037882,7.3678823,7.677882,6.497882,8.677882,9.827882,9.987882,8.117882,10.877882,9.847882,8.007882,9.127882,9.937882,9.927882,9.347882,9.827882,10.737882,9.557882,10.387882,9.557882,9.277882,8.897882,9.247882,8.927882,8.8578825,9.167882,8.237882,7.527882,7.947882,7.227882,8.437882,6.977882,6.687882,5.977882,5.377882,5.737882,6.417882,6.427882,5.957882,4.677882,4.907882,4.6178823,5.937882,6.0578823,6.127882,6.477882,5.977882,5.3478823
13.407882,12.027882,11.177882,10.007882,11.117882,12.727882,11.967882,11.197882,10.797882,10.097882,10.047882,8.577882,9.897882,6.897882,9.027882,4.087882,6.267882,7.107882,8.687882,7.087882,8.677882,8.177882,6.997882,8.557882,9.197882,9.827882,10.007882,9.557882,10.227882,9.977882,10.967882,9.627882,9.377882,9.477882,9.117882,9.407882,9.017882,8.777882,7.717882,8.697882,7.6178823,6.277882,8.757882,7.607882,6.6178823,6.8478823,7.337882,7.277882,7.677882,7.0578823,6.467882,5.087882,5.247882,4.937882,5.747882,5.967882,5.907882,5.8478823,5.477882,5.177882
12.627882,12.137882,11.227882,11.747882,12.507882,12.407882,12.707882,11.267882,10.117882,10.917882,8.767882,9.787882,10.237882,7.887882,11.347882,3.907882,6.497882,7.507882,9.187882,6.477882,6.607882,8.287882,6.677882,7.267882,8.027882,8.367882,9.167882,10.737882,9.827882,9.867882,9.827882,10.147882,9.997882,10.237882,9.457882,10.047882,9.757882,9.617882,8.887882,8.827882,7.907882,7.387882,8.287882,7.667882,6.957882,7.837882,8.007882,8.087882,8.137882,7.917882,7.637882,6.707882,6.527882,6.257882,6.167882,5.5578823,4.477882,4.857882,5.337882,5.287882
12.327882,12.967882,12.317883,12.827882,12.147882,11.517882,10.987882,12.027882,10.447882,9.887882,8.867882,9.237882,11.407882,6.637882,13.057882,9.347882,7.407882,8.037882,10.127882,5.887882,6.397882,7.037882,6.287882,8.047882,6.737882,7.8078823,9.257882,9.497882,9.187882,9.637882,9.967882,9.997882,10.117882,9.567883,9.737882,10.257882,10.227882,9.317883,8.957882,9.967882,9.177882,7.857882,8.427882,8.027882,8.027882,8.667882,7.257882,7.047882,7.947882,7.917882,8.327882,6.877882,6.427882,6.737882,5.937882,5.3078823,5.1178823,5.5978823,6.0778823,6.487882
11.937882,11.757882,11.297882,12.167882,11.477882,9.757882,10.967882,12.747882,11.717882,9.437882,9.097882,11.187882,11.797882,8.727882,11.517882,13.927882,7.647882,8.017882,9.417882,5.917882,3.667882,8.567883,6.167882,7.227882,9.6078825,7.447882,8.587882,8.827882,8.647882,8.777882,10.247882,10.687882,9.767882,8.847882,9.127882,9.907882,10.847882,8.957882,8.587882,8.497882,9.197882,8.397882,9.627882,9.347882,9.967882,9.587882,8.957882,8.197882,8.647882,8.557882,7.897882,7.3678823,6.757882,6.6178823,5.627882,5.407882,5.977882,6.257882,6.527882,7.007882
11.867882,11.707882,11.487882,11.317883,9.907882,9.597882,12.737882,13.997882,11.737882,10.097882,9.157882,12.897882,13.917882,11.167882,10.077882,12.637882,11.757882,10.717882,8.407882,10.647882,7.067882,9.027882,7.537882,5.687882,9.777882,6.497882,8.117882,7.627882,8.917882,8.667882,9.667882,9.287882,8.867882,8.437882,8.427882,10.327882,10.237882,7.877882,9.797882,8.727882,9.117882,9.287882,10.017882,9.407882,9.487882,9.927882,9.677882,9.277882,9.007882,9.297882,8.547882,7.787882,7.817882,7.927882,8.097882,8.167882,8.307882,7.887882,7.817882,8.097882
12.747882,12.037882,10.367882,10.337882,12.217882,14.147882,14.317883,13.277882,11.717882,11.827882,11.627882,12.597882,13.657882,14.207882,10.997882,12.077882,12.807882,12.957882,12.337882,10.477882,10.787882,8.777882,10.677882,9.217882,7.167882,7.837882,7.8078823,7.777882,8.3578825,8.777882,9.797882,8.787882,8.627882,8.657882,9.297882,9.787882,8.627882,8.187882,10.487882,10.247882,10.397882,10.327882,9.687882,9.757882,8.267882,7.987882,8.897882,10.547882,9.837882,10.227882,8.667882,7.177882,7.837882,8.087882,8.917882,9.267882,9.687882,10.137882,10.097882,10.577882
13.967882,11.027882,9.997882,12.167882,14.677882,15.517882,14.307882,13.737882,13.207882,14.137882,14.817883,13.447882,12.057882,15.987882,12.767882,13.397882,11.517882,12.377882,13.217882,11.417882,11.847882,13.147882,11.257882,10.977882,10.707882,9.647882,8.267882,8.427882,7.677882,8.417882,8.467882,8.067883,8.937882,8.837882,9.067883,8.637882,8.237882,8.897882,11.067883,11.697882,10.737882,9.897882,9.507882,9.427882,8.627882,8.817883,6.5578823,6.737882,9.537882,11.117882,10.497882,9.247882,8.6078825,8.787882,10.257882,10.467882,10.437882,10.627882,10.467882,11.577882
12.937882,11.557882,11.157882,14.287882,15.517882,15.027882,13.617882,13.187882,15.277882,17.277882,15.237882,12.787882,14.137882,14.947882,15.067883,14.867882,12.897882,13.537882,13.547882,15.397882,13.827882,12.697882,13.867882,12.327882,12.007882,11.537882,10.297882,8.727882,8.677882,8.317883,7.777882,7.647882,8.637882,8.737882,8.087882,8.087882,9.457882,9.517882,10.917882,11.197882,10.587882,8.897882,7.787882,9.387882,9.997882,10.447882,10.787882,10.517882,10.547882,9.967882,10.3578825,10.387882,10.647882,11.337882,11.467882,11.437882,10.767882,11.217882,12.037882,12.207882
11.747882,12.647882,14.797882,14.917882,14.987882,15.337882,14.847882,14.887882,17.147882,16.977882,14.8578825,15.217882,14.137882,12.807882,15.407882,14.767882,13.757882,13.297882,13.027882,15.487882,15.377882,13.797882,14.517882,13.847882,12.547882,12.387882,10.3578825,10.787882,10.517882,9.127882,9.687882,7.587882,8.247882,8.547882,9.077882,8.507882,9.277882,10.647882,11.137882,10.517882,9.397882,9.017882,9.327882,9.947882,10.557882,10.267882,10.447882,10.407882,9.937882,10.597882,10.737882,10.047882,10.6078825,10.977882,10.697882,11.157882,12.157882,12.547882,12.687882,12.637882
10.347882,15.627882,13.577882,14.367882,16.707882,17.037882,16.277882,17.157883,16.437881,18.737883,15.437882,17.737883,15.207882,14.617882,15.997882,13.707882,15.187882,13.437882,15.247882,14.397882,14.347882,15.797882,14.827882,13.837882,12.187882,11.847882,12.227882,10.767882,10.897882,10.947882,11.6078825,9.317883,8.747882,8.657882,9.457882,10.257882,10.387882,11.257882,10.767882,10.557882,9.597882,9.157882,9.407882,9.1078825,9.717882,9.957882,10.267882,10.207882,10.3578825,10.187882,9.817883,9.087882,9.327882,9.897882,10.317883,11.427882,12.307882,12.677882,12.967882,12.917882
14.807882,14.637882,15.247882,16.787882,18.097881,17.617882,18.017881,18.517881,18.667883,19.317883,19.557882,19.577883,16.687881,16.167883,16.097881,16.007881,14.307882,15.027882,14.087882,15.017882,14.457882,14.067883,14.887882,13.397882,12.367882,12.587882,11.157882,11.977882,11.827882,11.027882,13.127882,10.507882,9.497882,10.057882,10.027882,10.647882,10.697882,10.757882,10.757882,10.787882,10.127882,9.477882,8.997882,9.087882,9.337882,9.597882,10.577882,10.617882,10.467882,10.137882,9.737882,9.647882,9.837882,10.077882,10.507882,11.617882,12.1078825,13.237882,13.137882,13.387882
15.927882,16.397882,17.737883,17.657883,18.567883,18.117882,18.627882,18.417883,20.477882,18.247883,19.717882,20.417883,18.017881,17.517881,15.557882,14.927882,15.267882,14.297882,14.657882,14.727882,14.537882,14.3578825,13.587882,14.987882,12.617882,12.637882,12.407882,11.517882,11.657882,11.127882,12.587882,11.837882,11.147882,10.477882,11.187882,10.787882,11.227882,10.777882,10.217882,11.367882,10.337882,10.247882,10.197882,9.977882,9.557882,9.897882,10.397882,10.527882,10.227882,9.727882,10.1078825,10.127882,10.277882,10.297882,10.707882,11.657882,12.327882,13.207882,13.047882,12.487882
16.437881,16.857882,17.557882,17.807882,16.977882,18.157883,18.037882,17.227882,17.517881,19.087883,17.297882,19.937881,18.117882,16.787882,16.537882,15.987882,14.407882,13.647882,13.817883,13.687882,13.687882,13.807882,13.257882,14.367882,12.597882,11.217882,12.487882,12.407882,11.877882,11.1078825,11.557882,12.767882,11.917882,10.477882,10.267882,11.597882,11.637882,10.927882,11.237882,11.297882,10.417882,10.307882,10.807882,10.637882,10.057882,9.817883,9.427882,9.997882,10.497882,10.247882,10.437882,10.127882,10.397882,10.627882,10.577882,11.337882,11.497882,11.6078825,12.057882,11.927882
14.907882,14.417882,15.327882,17.087883,17.847881,17.337883,16.877882,17.417883,17.867882,18.247883,18.437881,17.777882,16.617882,15.747882,15.627882,15.027882,14.257882,12.097882,11.757882,12.647882,14.477882,15.137882,13.427882,12.227882,12.377882,11.847882,11.507882,12.477882,12.197882,11.587882,11.287882,12.317883,12.027882,10.917882,9.867882,10.927882,11.457882,10.697882,11.087882,10.227882,10.257882,10.387882,10.217882,10.687882,10.807882,10.397882,9.687882,9.617882,10.367882,10.017882,10.287882,10.177882,10.057882,10.437882,10.207882,10.187882,10.517882,11.297882,11.167882,9.867882
14.537882,15.087882,15.947882,16.577883,16.867882,17.297882,17.627882,17.357882,16.717882,16.797882,15.907882,15.917882,15.437882,14.317883,13.387882,14.127882,13.117882,12.327882,12.697882,14.127882,13.827882,14.757882,12.327882,11.947882,12.437882,13.347882,13.007882,11.737882,12.157882,10.767882,10.657882,11.697882,11.737882,11.6078825,10.047882,10.517882,10.787882,10.227882,9.637882,9.577882,9.737882,10.147882,10.587882,9.647882,9.997882,10.587882,10.387882,10.547882,10.287882,10.6078825,10.327882,10.137882,9.347882,9.547882,9.937882,10.007882,10.487882,10.267882,10.187882,9.987882
14.547882,15.207882,15.277882,16.107882,16.447882,16.857882,16.177881,15.537882,14.927882,14.677882,13.947882,14.297882,13.017882,12.367882,11.687882,12.837882,12.737882,11.677882,12.597882,12.967882,12.477882,12.537882,12.717882,11.427882,11.577882,11.727882,11.817883,11.577882,10.717882,10.747882,11.187882,11.067883,11.197882,10.567883,10.367882,10.547882,10.257882,9.957882,9.057882,9.137882,9.397882,8.617882,9.317883,9.947882,10.177882,10.657882,11.217882,11.217882,10.787882,9.757882,8.947882,8.757882,9.457882,9.517882,9.097882,9.437882,9.897882,10.347882,9.827882,9.027882
15.037882,15.377882,15.397882,14.987882,14.677882,14.6078825,13.757882,14.007882,12.977882,12.827882,12.617882,12.077882,11.027882,10.287882,11.627882,12.187882,11.417882,11.057882,10.1078825,10.187882,9.8578825,9.327882,11.467882,9.557882,9.997882,10.197882,10.997882,10.407882,9.997882,10.437882,10.707882,10.177882,9.8578825,10.347882,10.147882,9.227882,8.837882,8.827882,8.037882,7.997882,7.877882,8.807882,9.267882,10.137882,10.317883,10.797882,10.417882,10.967882,10.087882,8.737882,8.707882,8.597882,8.007882,8.497882,9.367882,9.277882,9.387882,9.117882,9.267882,7.977882
13.817883,13.947882,13.227882,12.767882,12.437882,12.377882,11.407882,10.817883,10.127882,10.887882,9.177882,8.877882,9.497882,10.297882,9.677882,9.487882,9.117882,7.717882,8.957882,7.527882,8.327882,8.947882,9.027882,8.6078825,8.337882,7.877882,9.077882,8.697882,8.377882,8.827882,8.477882,8.717882,8.317883,9.387882,9.887882,9.137882,8.777882,8.437882,8.967882,8.517882,7.757882,7.397882,8.727882,9.267882,9.687882,9.697882,10.3578825,9.947882,9.907882,8.287882,7.787882,7.977882,7.987882,8.477882,8.8578825,8.127882,8.507882,7.8278823,7.937882,7.087882
12.627882,11.277882,10.327882,10.237882,9.887882,10.497882,9.027882,8.567883,8.547882,8.677882,7.257882,7.137882,8.077882,8.1078825,9.257882,7.8678823,7.747882,6.357882,5.437882,6.437882,5.667882,6.217882,6.687882,7.227882,6.227882,6.477882,7.0778823,7.667882,8.367882,8.217882,7.187882,8.127882,8.177882,7.907882,7.3678823,8.747882,7.697882,8.027882,9.247882,9.187882,7.647882,8.117882,8.3578825,8.737882,8.707882,9.117882,8.987882,8.957882,8.037882,7.8478823,7.547882,7.277882,7.587882,7.277882,7.377882,6.887882,7.067882,7.5578823,7.3678823,7.8078823
