public/data/weather/2019/09/29/0000-wind-isobaric-1000hPa-gfs-1.0.json
{"header": { "discipline":0, "disciplineName":"Meteorological products", "gribEdition":2, "gribLength":52539, "center":7, "centerName":"US National Weather Service - NCEP(WMC)", "subcenter":0, "refTime":"2019-09-29T00:00:00.000Z", "significanceOfRT":1, "significanceOfRTName":"Start of forecast", "productStatus":0, "productStatusName":"Operational products", "productType":1, "productTypeName":"Forecast products", "productDefinitionTemplate":0, "productDefinitionTemplateName":"Analysis/forecast at horizontal level/layer at a point in time", "parameterCategory":2, "parameterCategoryName":"Momentum", "parameterNumber":2, "parameterNumberName":"U-component_of_wind", "parameterUnit":"m.s-1", "genProcessType":2, "genProcessTypeName":"Forecast", "forecastTime":0, "surface1Type":100, "surface1TypeName":"Isobaric surface", "surface1Value":95000.0, "surface2Type":255, "surface2TypeName":"Missing", "surface2Value":0.0, "gridDefinitionTemplate":0, "gridDefinitionTemplateName":"Latitude_Longitude", "numberPoints":65160, "shape":6, "shapeName":"Earth spherical with radius of 6,371,229.0 m", "gridUnits":"degrees", "resolution":48, "winds":"true", "scanMode":0, "nx":360, "ny":181, "basicAngle":0, "lo1":0.0, "la1":90.0, "lo2":359.0, "la2":-90.0, "dx":1.0, "dy":1.0 }, "data":
[rows 100 to 124 of 181, columns 0 to 56 of 360]
-0.8690704,-0.76907045,-0.16907044,0.33092958,0.73092955,1.1309296,1.6309296,1.5309296,2.2309296,2.0309296,2.7309296,2.8309295,2.4309297,1.5309296,3.8309295,2.5309296,2.3309295,2.5309296,1.3309295,-0.069070436,2.8309295,2.9309297,2.1309295,1.4309295,0.6309296,1.2309296,-0.56907046,1.3309295,1.8309295,-0.6690704,-1.6690705,-1.7690704,-0.76907045,0.43092957,1.2309296,1.0309296,-0.76907045,-1.6690705,-1.0690705,-1.9690704,-7.0690703,-9.069071,-8.96907,-8.569071,-8.16907,-9.86907,-10.96907,-10.96907,-10.46907,-10.86907,-10.86907,-10.66907,-9.96907,-10.86907,-9.86907,-9.269071,-9.66907
-1.9690704,-1.8690704,-1.4690704,-1.4690704,-0.56907046,0.53092957,0.6309296,0.8309296,1.0309296,1.3309295,2.3309295,2.0309296,2.5309296,1.6309296,2.7309296,1.1309296,2.4309297,0.6309296,0.8309296,0.43092957,1.7309296,3.2309296,-1.3690704,-0.26907045,-1.1690705,-1.5690705,0.23092957,1.9309295,-1.8690704,-2.7690704,-0.56907046,-0.8690704,-0.46907043,-1.1690705,-2.2690704,-0.96907043,-0.56907046,-2.6690705,-5.3690705,-8.769071,-6.5690703,-7.8690705,-6.6690702,-7.8690705,-7.1690702,-8.069071,-11.769071,-13.36907,-11.769071,-11.36907,-11.069071,-10.569071,-11.269071,-10.769071,-10.36907,-10.069071,-10.569071
-2.6690705,-2.6690705,-2.3690705,-1.8690704,-1.7690704,-1.0690705,-0.8690704,-0.76907045,0.13092956,0.33092958,1.0309296,1.9309295,1.6309296,1.7309296,1.1309296,1.7309296,2.5309296,4.0309296,1.5309296,-0.76907045,-0.36907044,0.73092955,-2.7690704,-2.4690704,-1.7690704,-0.46907043,-2.3690705,-2.1690705,-1.7690704,-1.1690705,-0.76907045,-3.6690705,2.0309296,-4.0690703,1.7309296,-1.6690705,0.6309296,-3.8690705,-4.5690703,-7.4690704,-6.4690704,-7.9690704,-8.86907,-8.269071,-4.8690705,-5.7690706,-5.3690705,-7.0690703,-11.86907,-12.46907,-10.46907,-9.66907,-10.269071,-10.069071,-10.36907,-10.269071,-10.569071
-3.5690703,-3.3690705,-3.2690704,-2.8690705,-2.5690703,-1.6690705,-1.0690705,-1.0690705,-0.26907045,0.13092956,0.43092957,1.2309296,1.2309296,1.9309295,1.0309296,1.7309296,3.4309297,-2.0690703,-0.56907046,0.43092957,-0.6690704,-0.56907046,-2.5690703,-2.6690705,-1.0690705,0.73092955,-3.2690704,-1.8690704,-1.8690704,-1.4690704,-0.56907046,-1.7690704,1.0309296,-1.9690704,1.3309295,-2.8690705,0.6309296,-3.1690705,-3.1690705,-5.0690703,-6.2690706,-6.4690704,-7.8690705,-6.5690703,-4.9690704,-3.1690705,-2.4690704,-2.6690705,-3.5690703,-10.16907,-7.9690704,-8.16907,-8.569071,-8.66907,-9.36907,-9.96907,-9.86907
-4.5690703,-3.8690705,-3.4690704,-3.6690705,-3.5690703,-3.0690703,-1.9690704,-1.1690705,0.030929565,-0.6690704,-0.56907046,-0.069070436,0.93092954,1.3309295,1.4309295,2.3309295,3.3309295,1.8309295,-0.069070436,1.1309296,-0.76907045,-1.7690704,-2.9690704,-1.6690705,-2.4690704,-1.8690704,-1.9690704,-2.0690703,-2.1690705,-0.76907045,0.43092957,-0.8690704,-3.0690703,-0.96907043,0.030929565,-2.7690704,-0.56907046,-4.5690703,-6.4690704,-3.6690705,-4.0690703,-4.5690703,-6.4690704,-4.8690705,-2.4690704,-1.0690705,0.33092958,1.4309295,1.1309296,-1.6690705,-2.7690704,-6.2690706,-6.6690702,-7.8690705,-8.16907,-8.96907,-9.36907
-5.6690702,-5.2690706,-4.6690702,-3.8690705,-3.5690703,-3.2690704,-2.7690704,-1.7690704,0.030929565,-0.56907046,-0.46907043,-0.16907044,1.2309296,0.53092957,1.8309295,2.8309295,1.7309296,1.8309295,-0.6690704,-0.76907045,-1.8690704,-1.4690704,-2.0690703,-1.5690705,-2.4690704,-3.1690705,-2.3690705,-1.5690705,-1.9690704,0.53092957,1.4309295,-2.0690703,-1.5690705,-0.46907043,-0.36907044,-0.16907044,-1.1690705,-1.1690705,-0.76907045,-0.6690704,-3.8690705,-3.1690705,-4.6690702,-4.0690703,-2.3690705,-2.0690703,-2.2690704,-1.7690704,-2.1690705,-1.6690705,-0.76907045,-5.5690703,-6.0690703,-6.5690703,-7.3690705,-8.569071,-9.069071
-7.0690703,-7.1690702,-6.0690703,-5.0690703,-4.3690705,-3.6690705,-3.0690703,-1.6690705,-1.0690705,-1.0690705,-0.36907044,0.43092957,1.5309296,0.6309296,3.6309295,1.8309295,2.5309296,-1.8690704,-0.76907045,-1.7690704,-2.3690705,-0.96907043,-3.6690705,-2.4690704,-2.9690704,-2.8690705,-0.96907043,-0.36907044,-1.3690704,-1.0690705,-0.26907045,-1.3690704,-0.96907043,-2.3690705,-7.1690702,-2.8690705,-0.56907046,-1.9690704,-4.1690702,-4.0690703,-2.7690704,-2.1690705,-3.0690703,-1.5690705,-0.26907045,-0.8690704,-3.7690704,-3.9690704,-3.6690705,-2.4690704,-5.7690706,-4.3690705,-5.8690705,-6.9690704,-7.0690703,-8.069071,-10.769071
-7.5690703,-7.6690702,-6.8690705,-5.8690705,-5.0690703,-4.4690704,-3.6690705,-2.6690705,-2.4690704,-2.8690705,-2.9690704,-0.76907045,0.43092957,1.5309296,2.0309296,3.6309295,-1.7690704,-1.3690704,-1.2690704,-2.6690705,-2.1690705,-1.9690704,-2.8690705,-2.2690704,-2.2690704,-1.4690704,-3.2690704,0.8309296,-0.36907044,-0.76907045,-0.56907046,0.73092955,0.8309296,0.93092954,-5.0690703,-6.8690705,-8.069071,-6.5690703,-5.3690705,-3.5690703,-2.1690705,-1.3690704,-0.36907044,-0.26907045,-0.16907044,-3.5690703,-3.9690704,-1.6690705,-2.3690705,-0.56907046,-3.9690704,-5.3690705,-6.7690706,-7.5690703,-7.0690703,-8.86907,-11.069071
-7.4690704,-7.2690706,-6.4690704,-5.4690704,-4.9690704,-4.0690703,-3.3690705,-2.7690704,-2.1690705,-3.3690705,-3.5690703,-3.3690705,-2.9690704,-0.46907043,2.4309297,2.2309296,2.0309296,-1.1690705,1.1309296,-2.0690703,-2.1690705,-2.2690704,-2.1690705,-1.4690704,-1.7690704,-2.0690703,0.8309296,1.1309296,0.030929565,-1.5690705,-2.9690704,-2.2690704,1.1309296,0.53092957,-3.1690705,-8.86907,-6.9690704,-4.8690705,-2.1690705,-0.96907043,0.53092957,2.4309297,0.030929565,-0.069070436,-1.0690705,-1.4690704,-1.4690704,-1.0690705,-0.8690704,-0.76907045,-5.3690705,-5.6690702,-7.2690706,-7.4690704,-9.069071,-8.86907,-10.16907
-7.0690703,-6.8690705,-6.3690705,-5.8690705,-5.2690706,-4.3690705,-3.4690704,-1.9690704,-1.7690704,-2.7690704,-3.8690705,-4.3690705,-4.0690703,-0.36907044,1.3309295,3.2309296,0.6309296,-0.56907046,-0.069070436,-1.6690705,-3.1690705,-1.6690705,-0.26907045,-1.1690705,-1.3690704,0.93092954,-2.1690705,-1.8690704,-1.8690704,-1.7690704,-2.3690705,-2.5690703,0.23092957,1.1309296,-1.0690705,-3.2690704,-1.7690704,1.1309296,2.9309297,0.43092957,-1.2690704,-1.3690704,-1.0690705,-1.0690705,-0.6690704,0.13092956,-0.8690704,-1.8690704,0.13092956,-5.4690704,-6.1690702,-6.8690705,-7.4690704,-8.96907,-10.36907,-10.769071,-10.66907
-7.8690705,-7.8690705,-7.3690705,-7.0690703,-6.3690705,-5.3690705,-4.9690704,-3.5690703,-1.7690704,-2.1690705,-2.9690704,-3.5690703,-3.1690705,-2.2690704,0.93092954,1.3309295,1.8309295,1.4309295,0.53092957,-1.4690704,0.030929565,-1.9690704,-0.96907043,-2.0690703,-1.4690704,0.43092957,-1.8690704,-3.1690705,-3.2690704,-0.069070436,-0.36907044,-0.76907045,0.33092958,1.3309295,-1.0690705,-1.1690705,-1.2690704,-1.2690704,1.2309296,0.33092958,-0.46907043,-0.56907046,-0.76907045,-0.069070436,0.43092957,0.13092956,0.53092957,0.93092954,-0.46907043,-7.3690705,-6.3690705,-7.4690704,-7.5690703,-8.16907,-10.46907,-10.86907,-9.569071
-8.36907,-8.269071,-8.269071,-7.5690703,-6.7690706,-6.9690704,-5.7690706,-4.7690706,-3.5690703,-2.8690705,-3.6690705,-2.0690703,-3.2690704,-2.2690704,-0.96907043,-0.069070436,-1.6690705,2.6309295,0.030929565,-1.0690705,0.43092957,-0.46907043,-1.6690705,-1.4690704,0.73092955,-0.16907044,-3.6690705,-1.2690704,-0.96907043,-1.5690705,0.53092957,-1.9690704,-2.6690705,-3.3690705,-1.1690705,-0.26907045,-1.1690705,-0.76907045,1.3309295,0.93092954,1.5309296,0.73092955,0.93092954,0.8309296,2.1309295,1.8309295,1.0309296,-0.16907044,-2.6690705,-6.8690705,-7.8690705,-7.5690703,-6.1690702,-6.6690702,-8.16907,-3.0690703,-4.8690705
-8.66907,-8.36907,-8.46907,-7.8690705,-7.4690704,-6.9690704,-6.4690704,-5.2690706,-4.5690703,-3.1690705,-3.3690705,-3.9690704,-2.6690705,-2.2690704,-0.8690704,-1.1690705,0.73092955,1.6309296,4.8309298,4.6309295,2.8309295,0.6309296,0.73092955,0.43092957,1.0309296,-0.069070436,-0.76907045,2.1309295,2.8309295,-1.6690705,-4.5690703,-2.3690705,-2.1690705,-2.9690704,-2.6690705,-3.1690705,-0.6690704,2.1309295,2.9309297,4.4309297,3.1309295,2.0309296,0.6309296,1.0309296,1.3309295,3.2309296,0.33092958,1.3309295,-4.1690702,-5.7690706,-6.8690705,-5.8690705,-6.9690704,-0.26907045,-1.1690705,-7.5690703,-5.5690703
-8.769071,-8.769071,-8.269071,-7.9690704,-7.1690702,-6.5690703,-6.2690706,-5.7690706,-4.7690706,-4.3690705,-3.3690705,-3.0690703,-3.9690704,-1.5690705,-1.4690704,-0.46907043,-0.069070436,4.2309294,4.2309294,3.9309297,1.1309296,1.1309296,0.13092956,1.5309296,3.0309296,-1.5690705,2.6309295,3.8309295,-3.5690703,-3.9690704,-0.56907046,-1.3690704,-6.2690706,-4.0690703,-4.0690703,-3.4690704,1.4309295,2.2309296,4.5309296,7.0309296,5.6309295,3.1309295,1.5309296,0.93092954,0.8309296,-0.36907044,0.6309296,-0.76907045,-2.6690705,-4.3690705,-4.2690706,-3.3690705,-4.2690706,-4.4690704,-6.6690702,-8.66907,-5.3690705
-9.46907,-9.46907,-9.069071,-8.46907,-7.9690704,-7.8690705,-6.9690704,-6.3690705,-5.6690702,-5.3690705,-4.4690704,-3.7690704,-3.2690704,-2.2690704,-1.4690704,0.93092954,-0.8690704,6.9309297,5.4309297,4.9309297,2.8309295,0.53092957,0.73092955,0.33092958,3.6309295,-0.16907044,3.7309296,0.13092956,-2.1690705,-2.1690705,0.030929565,0.33092958,-4.7690706,-2.8690705,-2.6690705,-0.36907044,0.23092957,0.53092957,1.3309295,2.6309295,4.1309295,0.23092957,0.43092957,1.2309296,1.3309295,1.5309296,-0.26907045,1.5309296,-1.1690705,-2.5690703,-1.7690704,-0.8690704,-4.3690705,-5.2690706,-5.6690702,-7.4690704,-7.1690702
-9.96907,-10.66907,-10.069071,-9.66907,-9.46907,-9.36907,-8.66907,-8.46907,-7.3690705,-6.2690706,-5.3690705,-4.7690706,-3.5690703,-2.1690705,-1.4690704,2.0309296,0.33092958,5.2309294,-1.0690705,1.5309296,3.3309295,-0.36907044,-0.26907045,0.93092954,1.7309296,2.4309297,1.2309296,1.2309296,-1.4690704,-2.5690703,-1.3690704,1.5309296,-2.2690704,-0.8690704,-1.2690704,-1.5690705,-0.96907043,-1.2690704,-3.2690704,-3.8690705,-2.8690705,-0.46907043,1.1309296,1.7309296,2.2309296,5.1309295,5.5309296,3.2309296,1.2309296,-2.0690703,0.33092958,-2.7690704,-4.7690706,-4.9690704,-5.6690702,-4.0690703,-5.2690706
-10.16907,-10.069071,-10.569071,-9.269071,-9.769071,-10.069071,-9.569071,-9.16907,-8.069071,-7.6690702,-7.0690703,-6.1690702,-4.7690706,-2.6690705,-0.36907044,1.1309296,0.13092956,5.1309295,0.53092957,4.1309295,4.0309296,-2.8690705,-3.1690705,-2.6690705,2.0309296,-0.76907045,2.3309295,2.5309296,2.1309295,-0.16907044,0.13092956,1.3309295,0.33092958,-1.5690705,-2.0690703,-2.2690704,-2.7690704,-2.6690705,-3.1690705,-3.4690704,-1.1690705,0.6309296,1.7309296,2.2309296,3.7309296,4.9309297,7.1309295,7.2309294,3.4309297,0.030929565,1.1309296,-4.7690706,-3.7690704,-3.7690704,-4.1690702,-4.3690705,-4.1690702
-10.069071,-9.46907,-10.569071,-10.16907,-9.769071,-10.269071,-9.66907,-8.36907,-7.5690703,-7.5690703,-8.66907,-7.5690703,-7.0690703,-4.3690705,-1.4690704,1.0309296,3.0309296,3.6309295,0.8309296,3.0309296,2.3309295,5.8309298,-4.5690703,-4.0690703,0.13092956,1.5309296,3.5309296,0.030929565,1.3309295,-0.96907043,1.4309295,1.8309295,-0.16907044,-1.6690705,-2.0690703,-3.2690704,-4.1690702,-3.1690705,-1.4690704,-0.96907043,1.3309295,3.2309296,2.4309297,3.8309295,3.7309296,4.6309295,4.3309298,6.4309297,4.4309297,3.0309296,1.4309295,-3.8690705,-2.6690705,-1.8690704,-2.7690704,-4.0690703,-3.4690704
-10.66907,-9.769071,-10.269071,-9.569071,-9.46907,-9.46907,-9.36907,-8.769071,-7.5690703,-7.7690706,-8.46907,-7.5690703,-6.6690702,-4.7690706,-2.7690704,0.8309296,4.7309294,2.1309295,2.4309297,3.7309296,4.9309297,5.2309294,-2.3690705,-2.2690704,2.7309296,2.5309296,0.73092955,2.8309295,0.93092954,-0.36907044,1.0309296,0.93092954,-1.4690704,-2.3690705,-4.0690703,-5.4690704,-4.6690702,-4.0690703,-2.0690703,-1.2690704,0.93092954,2.7309296,2.3309295,5.5309296,3.1309295,1.6309296,3.0309296,0.73092955,-0.56907046,-0.16907044,1.2309296,-0.8690704,-0.16907044,-2.1690705,-3.0690703,-1.7690704,-0.96907043
-9.96907,-9.86907,-10.269071,-9.86907,-10.069071,-9.269071,-8.86907,-8.269071,-8.769071,-8.86907,-8.16907,-7.8690705,-7.5690703,-5.5690703,-2.9690704,0.8309296,3.7309296,6.3309298,4.1309295,0.13092956,3.1309295,-0.16907044,1.6309296,1.9309295,0.53092957,1.6309296,2.0309296,3.1309295,-1.3690704,2.7309296,-0.36907044,1.0309296,-7.2690706,-3.9690704,-6.1690702,-6.8690705,-7.8690705,-6.8690705,-6.3690705,-4.9690704,-1.1690705,2.5309296,3.6309295,2.7309296,4.2309294,2.2309296,1.5309296,0.23092957,-4.0690703,-1.7690704,4.5309296,0.13092956,0.13092956,-1.0690705,-0.069070436,-0.069070436,-0.069070436
-9.66907,-10.36907,-9.269071,-9.86907,-9.569071,-9.66907,-9.069071,-8.66907,-9.269071,-7.9690704,-6.6690702,-7.0690703,-7.1690702,-5.5690703,-2.6690705,0.030929565,3.7309296,5.3309298,2.4309297,2.6309295,0.8309296,0.8309296,2.2309296,3.7309296,2.3309295,0.23092957,1.5309296,1.2309296,1.3309295,1.4309295,2.0309296,-7.0690703,-7.5690703,-5.5690703,-7.7690706,-8.36907,-9.269071,-7.9690704,-6.7690706,-6.4690704,-8.36907,-7.8690705,-5.7690706,-2.3690705,1.2309296,-0.56907046,-0.46907043,-4.7690706,-1.4690704,-2.4690704,-2.8690705,-3.0690703,-2.8690705,0.33092958,0.030929565,1.0309296,1.5309296
-9.269071,-9.66907,-8.96907,-9.769071,-9.769071,-9.269071,-8.66907,-8.569071,-8.86907,-7.9690704,-6.2690706,-5.8690705,-6.7690706,-5.6690702,-3.8690705,-0.46907043,1.4309295,5.4309297,8.930929,4.2309294,3.0309296,0.030929565,2.9309297,3.2309296,0.93092954,0.53092957,2.1309295,0.6309296,2.1309295,0.6309296,-1.2690704,-8.769071,-6.6690702,-6.0690703,-7.9690704,-8.46907,-9.96907,-9.769071,-9.069071,-7.3690705,-7.5690703,-8.86907,-8.769071,-6.7690706,-4.7690706,-2.6690705,-6.3690705,-6.2690706,-6.9690704,-4.3690705,-2.7690704,-1.4690704,-0.56907046,1.6309296,0.6309296,0.93092954,-0.069070436
-8.569071,-9.069071,-8.66907,-9.16907,-9.16907,-9.069071,-9.269071,-8.86907,-9.069071,-7.2690706,-6.4690704,-6.4690704,-5.8690705,-5.0690703,-5.4690704,-2.9690704,-1.5690705,3.2309296,5.5309296,2.9309297,2.7309296,-1.0690705,1.2309296,0.23092957,1.0309296,1.6309296,0.93092954,0.43092957,1.3309295,-1.0690705,-11.569071,-9.16907,-6.7690706,-6.4690704,-6.5690703,-7.8690705,-9.36907,-8.66907,-8.769071,-7.9690704,-7.7690706,-8.16907,-7.9690704,-6.9690704,-7.5690703,-7.8690705,-6.6690702,-4.6690702,-3.3690705,-2.5690703,-0.96907043,-0.069070436,0.33092958,1.0309296,2.1309295,0.43092957,1.8309295
-7.3690705,-7.5690703,-9.36907,-8.46907,-8.36907,-7.6690702,-8.269071,-8.16907,-7.7690706,-6.3690705,-6.3690705,-6.3690705,-6.2690706,-5.6690702,-5.6690702,-5.7690706,-6.0690703,-5.3690705,-3.1690705,2.8309295,0.53092957,1.8309295,-2.5690703,-2.8690705,-3.9690704,-2.0690703,0.53092957,-1.0690705,-7.9690704,-10.66907,-10.769071,-7.9690704,-5.6690702,-4.9690704,-5.5690703,-5.3690705,-5.3690705,-5.1690702,-5.0690703,-3.6690705,-5.0690703,-6.0690703,-5.0690703,-6.2690706,-5.7690706,-5.4690704,-4.1690702,-3.5690703,-2.1690705,-0.36907044,0.73092955,1.2309296,2.0309296,3.5309296,4.2309294,4.0309296,4.4309297
-6.8690705,-7.2690706,-7.0690703,-6.6690702,-6.6690702,-6.8690705,-6.8690705,-6.8690705,-6.0690703,-5.8690705,-5.8690705,-5.5690703,-6.1690702,-6.5690703,-6.8690705,-7.1690702,-8.16907,-12.069071,-6.9690704,-1.4690704,-5.8690705,-2.9690704,-3.5690703,-2.2690704,-5.8690705,-5.4690704,-9.569071,-8.86907,-9.269071,-10.269071,-8.66907,-7.3690705,-4.2690706,-2.5690703,-4.7690706,-6.3690705,-5.8690705,-4.1690702,-3.9690704,-4.2690706,-4.3690705,-4.3690705,-4.0690703,-4.0690703,-3.8690705,-2.9690704,-2.4690704,-2.1690705,-0.069070436,0.93092954,1.1309296,3.1309295,4.1309295,5.7309294,6.7309294,6.9309297,7.7309294
