public/data/weather/2019/09/29/0000-wind-isobaric-250hPa-gfs-1.0.json
{"header": { "discipline":0, "disciplineName":"Meteorological products", "gribEdition":2, "gribLength":51147, "center":7, "centerName":"US National Weather Service - NCEP(WMC)", "subcenter":0, "refTime":"2019-09-29T00:00:00.000Z", "significanceOfRT":1, "significanceOfRTName":"Start of forecast", "productStatus":0, "productStatusName":"Operational products", "productType":1, "productTypeName":"Forecast products", "productDefinitionTemplate":0, "productDefinitionTemplateName":"Analysis/forecast at horizontal level/layer at a point in time", "parameterCategory":2, "parameterCategoryName":"Momentum", "parameterNumber":3, "parameterNumberName":"V-component_of_wind", "parameterUnit":"m.s-1", "genProcessType":2, "genProcessTypeName":"Forecast", "forecastTime":0, "surface1Type":100, "surface1TypeName":"Isobaric surface", "surface1Value":25000.0, "surface2Type":255, "surface2TypeName":"Missing", "surface2Value":0.0, "gridDefinitionTemplate":0, "gridDefinitionTemplateName":"Latitude_Longitude", "numberPoints":65160, "shape":6, "shapeName":"Earth spherical with radius of 6,371,229.0 m", "gridUnits":"degrees", "resolution":48, "winds":"true", "scanMode":0, "nx":360, "ny":181, "basicAngle":0, "lo1":0.0, "la1":90.0, "lo2":359.0, "la2":-90.0, "dx":1.0, "dy":1.0 }, "data":
[rows 0 to 25 of 181, columns 290 to 347 of 360]
-1.1396363,-1.3396362,-1.6396363,-1.8396362,-2.0396361,-2.3396363,-2.5396361,-2.8396363,-3.0396361,-3.2396362,-3.5396361,-3.7396362,-4.039636,-4.2396364,-4.439636,-4.7396364,-4.939636,-5.139636,-5.3396363,-5.639636,-5.8396363,-6.039636,-6.2396364,-6.439636,-6.7396364,-6.939636,-7.139636,-7.3396363,-7.539636,-7.7396364,-7.939636,-8.139636,-8.339636,-8.539637,-8.739636,-8.939636,-9.139636,-9.239636,-9.439636,-9.639636,-9.839636,-10.039637,-10.139636,-10.339636,-10.539637,-10.639636,-10.839636,-10.939636,-11.139636,-11.239636,-11.439636,-11.539637,-11.639636,-11.839636,-11.939636,-12.039637,-12.139636,-12.339636
2.6603637,2.3603637,2.1603637,1.8603637,1.5603638,1.3603637,1.0603638,0.76036376,0.46036378,0.26036376,-0.039636232,-0.33963624,-0.6396362,-0.93963623,-1.2396362,-1.5396363,-1.8396362,-2.1396363,-2.4396362,-2.7396362,-3.0396361,-3.3396363,-3.6396363,-3.9396362,-4.3396363,-4.639636,-4.939636,-5.2396364,-5.539636,-5.8396363,-6.2396364,-6.539636,-6.8396363,-7.139636,-7.539636,-7.8396363,-8.139636,-8.439636,-8.739636,-9.039637,-9.339636,-9.639636,-9.939636,-10.239636,-10.539637,-10.739636,-11.039637,-11.339636,-11.539637,-11.839636,-12.039637,-12.239636,-12.539637,-12.739636,-12.939636,-13.139636,-13.339636,-13.539637
5.860364,5.560364,5.360364,5.060364,4.6603637,4.360364,3.9603639,3.6603637,3.2603638,2.9603639,2.5603638,2.2603638,1.8603637,1.4603637,1.1603638,0.76036376,0.36036378,0.06036377,-0.33963624,-0.6396362,-0.93963623,-1.3396362,-1.6396363,-1.9396362,-2.2396362,-2.6396363,-2.9396362,-3.2396362,-3.4396362,-3.7396362,-3.9396362,-4.2396364,-4.439636,-4.7396364,-4.939636,-5.2396364,-5.439636,-5.7396364,-6.139636,-6.3396363,-6.7396364,-7.139636,-7.639636,-7.939636,-8.439636,-8.939636,-9.339636,-9.839636,-10.339636,-10.839636,-11.339636,-11.739636,-12.239636,-12.639636,-13.139636,-13.539637,-13.939636,-14.439636
12.960363,12.060364,11.160364,10.260364,9.260364,8.260364,7.2603636,6.360364,5.360364,4.460364,3.4603639,2.5603638,1.4603637,0.46036378,-0.53963625,-1.5396363,-2.5396361,-3.4396362,-4.3396363,-5.3396363,-6.139636,-6.939636,-7.8396363,-8.539637,-9.339636,-10.039637,-10.639636,-11.239636,-11.839636,-12.339636,-12.739636,-13.139636,-13.539637,-13.939636,-14.239636,-14.639636,-14.839636,-14.939636,-15.039637,-15.139636,-15.239636,-15.239636,-15.339636,-15.339636,-15.339636,-15.339636,-15.439636,-15.439636,-15.439636,-15.439636,-15.439636,-15.339636,-15.239636,-15.039637,-14.939636,-14.839636,-14.839636,-14.939636
18.760365,17.760365,16.760365,15.760364,14.760364,13.660364,12.560364,11.360364,10.160364,8.960363,7.7603636,6.560364,5.2603636,4.060364,2.8603637,1.5603638,0.26036376,-1.0396363,-2.2396362,-3.6396363,-5.039636,-6.439636,-7.939636,-9.439636,-10.939636,-12.439636,-13.839636,-15.239636,-16.539637,-17.839636,-19.039637,-20.239635,-21.339636,-22.339636,-23.339636,-24.239635,-24.939636,-25.639637,-26.439636,-26.939636,-27.539637,-27.939636,-28.139637,-28.239635,-28.239635,-28.039637,-27.839636,-27.439636,-27.039637,-26.639637,-26.239635,-25.739635,-25.139637,-24.539637,-23.939636,-23.239635,-22.739635,-22.339636
21.460363,20.360363,19.260365,18.160364,17.160364,15.960363,14.860364,13.760364,12.560364,11.560364,10.360364,9.260364,8.060364,6.960364,5.7603636,4.6603637,3.3603637,2.1603637,0.96036375,-0.23963623,-1.3396362,-2.5396361,-3.7396362,-5.039636,-6.2396364,-7.539636,-8.839636,-10.239636,-11.539637,-13.039637,-14.539637,-16.039637,-17.539637,-18.839636,-20.439636,-22.039637,-23.639637,-25.139637,-26.639637,-28.139637,-29.639637,-31.239635,-32.639637,-34.039635,-35.239635,-36.239635,-37.039635,-37.439636,-37.639637,-37.839638,-37.639637,-37.139637,-36.439636,-35.739635,-35.039635,-34.239635,-33.439636,-32.539635
20.160364,19.260365,18.160364,17.160364,16.060364,15.160364,14.160364,13.160364,12.160364,11.260364,10.360364,9.360364,8.460363,7.560364,6.6603637,5.7603636,4.7603636,3.7603638,2.7603638,1.7603638,0.6603638,-0.43963623,-1.4396362,-2.5396361,-3.6396363,-4.8396363,-5.939636,-7.2396364,-8.639636,-10.039637,-11.539637,-12.939636,-14.439636,-15.739636,-17.139637,-18.539637,-20.039637,-21.539637,-23.039637,-24.439636,-26.039637,-27.639637,-29.339636,-31.139637,-32.639637,-34.139637,-35.639637,-37.139637,-38.639637,-39.739635,-40.939636,-41.839638,-42.639637,-42.939636,-42.939636,-42.639637,-42.139637,-41.439636
19.560364,18.560364,17.760365,17.060364,16.460363,15.760364,15.260364,14.660364,13.960363,13.460363,12.860364,12.360364,11.760364,11.060364,10.060364,9.260364,8.360364,7.460364,6.560364,5.6603637,4.460364,3.2603638,2.0603638,0.8603638,-0.23963623,-1.3396362,-2.3396363,-3.4396362,-4.439636,-5.8396363,-7.2396364,-8.639636,-9.939636,-11.439636,-12.639636,-14.139636,-15.639636,-17.139637,-18.839636,-20.739635,-22.339636,-23.839636,-25.639637,-27.539637,-29.239635,-30.939636,-32.739635,-34.539635,-36.339638,-38.139637,-39.839638,-41.439636,-43.039635,-44.539635,-45.739635,-46.739635,-47.739635,-48.439636
18.760365,18.560364,18.660364,19.160364,19.860363,20.260365,20.560364,20.360363,19.660364,18.860363,17.860363,16.760365,15.660364,14.560364,13.460363,12.460363,11.560364,10.560364,9.460363,8.560364,7.360364,6.2603636,5.060364,3.7603638,2.2603638,0.96036375,-0.43963623,-1.9396362,-3.5396361,-5.039636,-6.3396363,-7.539636,-8.639636,-9.639636,-10.739636,-11.739636,-12.839636,-14.139636,-15.639636,-17.339636,-19.239635,-20.939636,-22.739635,-24.439636,-26.139637,-28.039637,-30.039637,-31.739635,-33.739635,-35.739635,-37.639637,-39.439636,-41.439636,-43.539635,-45.339638,-47.039635,-48.639637,-50.139637
22.360363,23.960363,24.960363,25.260365,25.260365,25.060364,24.260365,22.960363,21.360363,20.160364,18.960363,17.860363,17.060364,15.960363,14.660364,13.360364,11.760364,10.760364,10.460363,10.260364,9.360364,8.160364,6.960364,5.860364,4.6603637,3.5603638,2.3603637,1.2603638,0.36036378,-0.6396362,-1.8396362,-3.5396361,-5.539636,-7.539636,-9.539637,-11.739636,-13.639636,-15.139636,-16.139637,-16.839636,-17.539637,-18.339636,-19.439636,-21.039637,-22.739635,-24.739635,-26.739635,-29.039637,-31.139637,-33.439636,-35.539635,-37.639637,-39.839638,-41.939636,-43.939636,-46.039635,-48.139637,-50.039635
23.760365,26.760365,28.260365,28.460363,27.860363,26.360363,24.660364,23.160364,21.660364,20.260365,18.860363,17.560364,16.160364,15.360364,14.560364,13.960363,13.260364,12.660364,12.160364,11.460363,10.460363,9.260364,7.960364,6.460364,5.2603636,4.2603636,3.5603638,3.0603638,2.5603638,1.7603638,0.36036378,-1.3396362,-2.9396362,-4.539636,-6.139636,-7.8396363,-10.139636,-12.439636,-14.139636,-15.739636,-17.539637,-18.839636,-19.939636,-20.939636,-21.839636,-22.939636,-24.239635,-26.039637,-28.339636,-30.739635,-33.139637,-35.539635,-37.739635,-40.039635,-42.239635,-44.439636,-46.739635,-49.139637
24.660364,28.060364,30.060364,30.360363,28.560364,26.160364,23.460363,20.860363,18.760365,17.360363,16.360363,15.760364,15.460363,15.560364,15.560364,15.060364,14.160364,13.460363,12.760364,12.260364,11.960363,11.660364,11.060364,10.160364,9.060364,7.7603636,6.360364,4.960364,3.4603639,2.1603637,1.0603638,0.16036376,-0.53963625,-1.4396362,-2.6396363,-4.539636,-6.939636,-9.439636,-11.439636,-12.939636,-14.039637,-15.239636,-16.939636,-18.339636,-19.239635,-20.339636,-21.639637,-23.239635,-25.139637,-27.339636,-29.639637,-32.139637,-34.539635,-37.239635,-39.839638,-42.339638,-44.739635,-47.139637
18.460363,23.160364,27.260365,27.060364,25.660364,24.060364,22.360363,20.960363,19.860363,18.260365,16.160364,14.460363,13.560364,12.960363,12.460363,12.260364,12.360364,12.460363,12.460363,12.360364,12.360364,12.260364,11.860364,11.360364,10.760364,10.160364,9.360364,8.460363,7.2603636,5.7603636,3.5603638,1.0603638,-1.6396363,-3.1396363,-3.8396363,-4.3396363,-5.639636,-8.039637,-10.139636,-11.739636,-13.339636,-14.839636,-15.839636,-16.439636,-17.239635,-18.239635,-19.239635,-20.639637,-22.139637,-23.839636,-25.939636,-28.139637,-30.939636,-33.739635,-36.439636,-39.139637,-41.739635,-44.439636
13.760364,19.760365,25.560364,27.460363,26.660364,25.360363,24.960363,24.360363,23.260365,21.860363,20.560364,19.060364,17.860363,16.760365,15.760364,15.060364,14.660364,14.360364,14.060364,14.060364,14.460363,15.460363,16.360363,16.660364,15.660364,14.160364,12.360364,10.360364,8.060364,5.460364,3.4603639,1.6603638,-0.23963623,-2.3396363,-4.3396363,-6.2396364,-7.3396363,-7.939636,-9.639636,-11.939636,-13.339636,-12.439636,-10.939636,-10.739636,-11.739636,-12.739636,-15.139636,-17.539637,-19.939636,-22.039637,-23.939636,-26.039637,-27.939636,-30.239635,-32.939636,-35.939636,-38.739635,-41.439636
8.460363,15.560364,22.760365,25.760365,24.560364,22.360363,21.160364,20.660364,20.160364,19.760365,19.060364,18.360363,17.760365,16.960363,16.260365,15.760364,15.260364,14.760364,14.260364,14.160364,14.760364,15.460363,15.960363,16.460363,17.060364,16.460363,14.460363,12.260364,10.260364,8.360364,6.1603637,3.6603637,1.4603637,-1.0396363,-3.4396362,-5.7396364,-7.639636,-9.239636,-10.839636,-12.739636,-13.639636,-13.839636,-11.939636,-8.639636,-8.139636,-9.839636,-12.839636,-15.539637,-17.539637,-19.139637,-21.239635,-23.639637,-26.039637,-28.239635,-30.539637,-32.939636,-35.539635,-38.239635
6.1603637,11.860364,19.860363,24.460363,24.760365,24.160364,23.260365,22.360363,21.260365,20.360363,19.560364,19.160364,18.860363,18.760365,18.460363,18.260365,18.060364,17.560364,16.960363,16.160364,15.560364,15.460363,15.460363,16.160364,16.560364,16.660364,16.060364,14.160364,12.260364,10.160364,7.7603636,4.860364,2.0603638,-0.53963625,-3.1396363,-5.2396364,-6.7396364,-7.8396363,-8.839636,-10.039637,-10.739636,-10.239636,-9.139636,-8.239636,-8.239636,-9.539637,-11.639636,-14.039637,-16.339636,-17.739635,-19.739635,-21.539637,-23.339636,-25.339636,-27.439636,-29.939636,-32.639637,-35.339638
6.7603636,3.1603637,10.360364,17.160364,22.060364,25.060364,27.160364,26.860363,25.060364,23.660364,22.160364,21.060364,20.460363,20.160364,20.360363,20.760365,21.460363,21.260365,20.460363,19.260365,18.260365,17.760365,16.260365,14.660364,14.060364,14.660364,13.960363,11.260364,9.360364,7.360364,5.6603637,3.6603637,1.7603638,-0.23963623,-2.3396363,-4.039636,-5.3396363,-6.3396363,-7.139636,-7.139636,-5.7396364,-5.139636,-5.7396364,-6.3396363,-7.039636,-7.8396363,-9.239636,-11.239636,-13.339636,-15.039637,-17.239635,-19.439636,-21.339636,-23.339636,-25.139637,-26.839636,-29.339636,-32.339638
9.460363,5.7603636,1.3603637,4.2603636,10.760364,17.260365,22.560364,25.660364,27.260365,26.560364,24.860363,23.060364,22.060364,21.860363,22.260365,22.760365,22.660364,22.160364,21.160364,20.360363,18.660364,17.160364,16.160364,15.160364,15.260364,14.260364,11.860364,10.260364,8.560364,6.860364,5.2603636,3.4603639,1.9603637,0.46036378,-0.93963623,-2.6396363,-4.939636,-5.7396364,-4.439636,-2.6396363,-2.7396362,-3.8396363,-3.6396363,-4.3396363,-5.439636,-6.7396364,-7.939636,-9.039637,-10.339636,-12.039637,-13.839636,-16.339636,-19.339636,-21.639637,-23.039637,-24.439636,-26.439636,-28.939636
12.460363,9.760364,6.360364,2.8603637,-1.2396362,-0.13963623,6.960364,14.960363,19.660364,22.660364,24.360363,24.060364,23.760365,22.660364,22.460363,22.760365,22.760365,22.460363,22.360363,21.260365,19.560364,16.960363,15.960363,15.660364,15.960363,14.360364,11.360364,9.760364,8.860364,7.360364,5.360364,3.5603638,1.9603637,0.46036378,-1.2396362,-3.5396361,-5.2396364,-5.039636,-3.8396363,-2.4396362,-0.6396362,0.16036376,-0.33963624,-1.9396362,-3.6396363,-5.039636,-6.639636,-8.139636,-9.639636,-10.839636,-12.339636,-14.039637,-16.339636,-18.539637,-20.839636,-22.839636,-24.839636,-26.839636
14.960363,12.260364,9.360364,6.560364,3.5603638,-0.039636232,-3.9396362,-3.5396361,5.2603636,11.560364,14.760364,17.860363,19.760365,21.160364,22.960363,23.060364,22.460363,22.560364,22.060364,21.360363,20.660364,19.060364,17.360363,16.060364,15.260364,15.260364,13.960363,11.260364,9.060364,7.960364,6.860364,5.460364,3.3603637,1.5603638,0.06036377,-1.6396363,-3.0396361,-3.4396362,-3.5396361,-3.4396362,-2.9396362,-2.0396361,-1.1396363,-0.13963623,-1.7396362,-4.439636,-6.139636,-7.639636,-9.539637,-11.339636,-13.039637,-14.239636,-15.239636,-16.439636,-18.239635,-20.239635,-22.239635,-24.339636
17.760365,14.960363,12.160364,9.460363,6.060364,2.7603638,-1.2396362,-5.2396364,-8.139636,-1.4396362,4.560364,7.460364,10.060364,12.760364,14.360364,15.860364,16.960363,19.460363,21.360363,22.360363,21.160364,19.860363,19.060364,18.460363,16.660364,14.760364,13.460363,12.060364,10.760364,9.260364,7.6603637,6.460364,4.960364,3.4603639,2.0603638,0.6603638,-1.3396362,-1.8396362,-2.3396363,-2.6396363,-2.7396362,-3.2396362,-3.9396362,-3.3396363,-2.9396362,-3.7396362,-4.8396363,-6.039636,-7.8396363,-9.739636,-11.639636,-12.939636,-14.439636,-16.139637,-17.839636,-19.039637,-19.739635,-20.439636
19.060364,16.660364,14.560364,11.760364,8.860364,5.460364,2.2603638,-1.4396362,-5.439636,-8.439636,-4.2396364,0.36036378,2.9603639,5.560364,8.460363,10.760364,12.960363,15.560364,16.060364,15.760364,15.960363,17.160364,18.660364,18.060364,16.260365,15.660364,14.460363,12.860364,11.360364,9.860364,8.160364,6.860364,5.6603637,4.560364,3.2603638,2.0603638,0.6603638,-0.53963625,-0.8396362,-0.93963623,-1.5396363,-2.5396361,-3.3396363,-4.539636,-5.2396364,-5.539636,-6.3396363,-7.7396364,-8.739636,-9.339636,-9.739636,-10.339636,-11.239636,-12.239636,-12.839636,-13.639636,-15.139636,-16.539637
23.260365,21.160364,18.860363,16.560364,13.860364,10.360364,7.2603636,3.4603639,0.16036376,-4.2396364,-7.3396363,-6.639636,0.26036376,0.26036376,2.0603638,4.360364,7.2603636,9.560364,12.260364,14.260364,14.660364,13.460363,12.060364,11.160364,11.160364,12.160364,13.860364,13.560364,11.960363,10.960363,9.960363,8.960363,7.560364,5.960364,4.2603636,3.1603637,2.3603637,1.5603638,0.46036378,-0.53963625,-1.0396363,-1.3396362,-1.8396362,-2.4396362,-3.1396363,-4.2396364,-5.439636,-6.7396364,-8.039637,-9.039637,-9.939636,-10.739636,-11.539637,-12.239636,-12.739636,-13.339636,-13.739636,-14.239636
24.160364,22.860363,21.260365,19.860363,17.960363,14.760364,12.060364,9.460363,6.360364,3.0603638,-0.6396362,-4.439636,-6.639636,-0.33963624,1.4603637,0.96036375,1.4603637,3.7603638,6.1603637,8.360364,10.760364,11.760364,11.860364,9.260364,7.2603636,6.7603636,6.960364,6.860364,6.860364,6.860364,7.7603636,8.260364,8.060364,7.360364,6.6603637,5.860364,5.060364,3.9603639,2.3603637,0.8603638,0.26036376,-0.43963623,-1.6396363,-3.0396361,-4.439636,-5.439636,-6.3396363,-7.3396363,-7.8396363,-8.839636,-9.839636,-10.439636,-10.839636,-11.339636,-11.639636,-11.939636,-12.439636,-12.939636
25.760365,24.260365,22.460363,21.360363,20.260365,19.060364,16.760365,14.760364,12.460363,9.960363,6.960364,3.1603637,-1.0396363,-5.039636,-3.6396363,3.2603638,3.4603639,2.5603638,2.2603638,3.6603637,5.360364,7.7603636,7.7603636,7.2603636,5.060364,4.860364,5.360364,5.860364,5.6603637,4.460364,3.7603638,3.6603637,3.9603639,3.3603637,3.1603637,3.7603638,3.7603638,3.2603638,3.6603637,4.560364,3.6603637,2.1603637,0.46036378,-0.8396362,-1.6396363,-3.1396363,-4.8396363,-5.939636,-6.439636,-7.7396364,-8.539637,-8.439636,-8.739636,-8.939636,-9.239636,-9.939636,-10.339636,-10.539637
20.060364,21.460363,22.560364,23.360363,23.460363,21.360363,20.160364,18.260365,16.960363,15.560364,12.460363,9.560364,6.060364,1.9603637,-2.4396362,-4.7396364,1.3603637,3.8603637,4.460364,3.8603637,2.7603638,2.2603638,3.4603639,2.6603637,2.0603638,2.0603638,2.9603639,4.7603636,5.460364,5.360364,4.960364,4.960364,5.360364,4.960364,3.7603638,2.8603637,2.2603638,1.7603638,2.2603638,1.1603638,-0.33963624,-0.43963623,-1.5396363,-2.2396362,-2.6396363,-2.4396362,-2.9396362,-4.139636,-6.039636,-6.8396363,-6.2396364,-5.539636,-6.8396363,-7.539636,-7.639636,-7.8396363,-8.039637,-8.639636
