public/data/weather/2019/09/29/0000-wind-isobaric-250hPa-gfs-1.0.json
{"header": { "discipline":0, "disciplineName":"Meteorological products", "gribEdition":2, "gribLength":49733, "center":7, "centerName":"US National Weather Service - NCEP(WMC)", "subcenter":0, "refTime":"2019-09-29T00:00:00.000Z", "significanceOfRT":1, "significanceOfRTName":"Start of forecast", "productStatus":0, "productStatusName":"Operational products", "productType":1, "productTypeName":"Forecast products", "productDefinitionTemplate":0, "productDefinitionTemplateName":"Analysis/forecast at horizontal level/layer at a point in time", "parameterCategory":2, "parameterCategoryName":"Momentum", "parameterNumber":2, "parameterNumberName":"U-component_of_wind", "parameterUnit":"m.s-1", "genProcessType":2, "genProcessTypeName":"Forecast", "forecastTime":0, "surface1Type":100, "surface1TypeName":"Isobaric surface", "surface1Value":25000.0, "surface2Type":255, "surface2TypeName":"Missing", "surface2Value":0.0, "gridDefinitionTemplate":0, "gridDefinitionTemplateName":"Latitude_Longitude", "numberPoints":65160, "shape":6, "shapeName":"Earth spherical with radius of 6,371,229.0 m", "gridUnits":"degrees", "resolution":48, "winds":"true", "scanMode":0, "nx":360, "ny":181, "basicAngle":0, "lo1":0.0, "la1":90.0, "lo2":359.0, "la2":-90.0, "dx":1.0, "dy":1.0 }, "data":
[rows 0 to 25 of 181, columns 58 to 115 of 360]
-9.488379,-9.688379,-9.788379,-9.988379,-10.188379,-10.288379,-10.488379,-10.688379,-10.788379,-10.988379,-11.088379,-11.288379,-11.388379,-11.588379,-11.688379,-11.788379,-11.988379,-12.088379,-12.188379,-12.288379,-12.388379,-12.488379,-12.588379,-12.788379,-12.888379,-12.888379,-12.988379,-13.088379,-13.188379,-13.288379,-13.388379,-13.388379,-13.488379,-13.588379,-13.588379,-13.688379,-13.688379,-13.788379,-13.788379,-13.888379,-13.888379,-13.888379,-13.888379,-13.988379,-13.988379,-13.988379,-13.988379,-13.988379,-13.988379,-13.988379,-13.988379,-13.988379,-13.988379,-13.888379,-13.888379,-13.888379,-13.788379,-13.788379
-7.7883787,-7.888379,-7.988379,-8.088379,-8.188379,-8.288379,-8.388379,-8.488379,-8.588379,-8.588379,-8.688379,-8.788379,-8.788379,-8.888379,-8.988379,-8.988379,-9.088379,-9.088379,-9.188379,-9.188379,-9.188379,-9.288379,-9.288379,-9.288379,-9.388379,-9.388379,-9.388379,-9.388379,-9.388379,-9.388379,-9.488379,-9.488379,-9.488379,-9.488379,-9.388379,-9.388379,-9.388379,-9.388379,-9.388379,-9.288379,-9.288379,-9.288379,-9.288379,-9.188379,-9.188379,-9.188379,-9.188379,-9.088379,-9.088379,-8.988379,-8.988379,-8.988379,-8.888379,-8.888379,-8.788379,-8.788379,-8.688379,-8.688379
-11.188379,-11.388379,-11.488379,-11.588379,-11.688379,-11.788379,-11.888379,-11.888379,-11.988379,-11.988379,-12.088379,-12.088379,-12.088379,-12.188379,-12.188379,-12.188379,-12.288379,-12.288379,-12.288379,-12.288379,-12.388379,-12.388379,-12.388379,-12.388379,-12.388379,-12.288379,-12.288379,-12.288379,-12.288379,-12.288379,-12.188379,-12.188379,-12.188379,-12.088379,-12.088379,-11.988379,-11.988379,-11.888379,-11.888379,-11.788379,-11.688379,-11.688379,-11.588379,-11.488379,-11.388379,-11.288379,-11.188379,-11.088379,-10.988379,-10.888379,-10.788379,-10.688379,-10.688379,-10.588379,-10.488379,-10.388379,-10.288379,-10.188379
-14.588379,-14.788379,-14.988379,-15.288379,-15.488379,-15.788379,-15.988379,-16.18838,-16.28838,-16.488379,-16.588379,-16.68838,-16.78838,-16.888378,-17.088379,-17.18838,-17.28838,-17.28838,-17.388378,-17.388378,-17.488379,-17.488379,-17.488379,-17.388378,-17.388378,-17.388378,-17.28838,-17.18838,-17.088379,-16.988379,-16.888378,-16.78838,-16.588379,-16.388378,-16.18838,-16.088379,-15.888379,-15.688379,-15.488379,-15.288379,-15.088379,-14.888379,-14.688379,-14.588379,-14.288379,-14.088379,-13.888379,-13.688379,-13.488379,-13.288379,-13.088379,-12.888379,-12.688379,-12.488379,-12.288379,-11.988379,-11.788379,-11.588379
-16.18838,-16.18838,-16.18838,-16.18838,-16.18838,-16.088379,-16.088379,-16.088379,-16.18838,-16.28838,-16.488379,-16.588379,-16.588379,-16.68838,-16.78838,-16.78838,-16.68838,-16.68838,-16.68838,-16.68838,-16.78838,-16.78838,-16.888378,-16.988379,-16.988379,-17.088379,-17.088379,-17.18838,-17.18838,-17.18838,-17.18838,-17.088379,-17.088379,-16.988379,-16.888378,-16.78838,-16.588379,-16.488379,-16.388378,-16.18838,-16.088379,-15.888379,-15.688379,-15.588379,-15.588379,-15.488379,-15.488379,-15.388379,-15.188379,-15.088379,-14.888379,-14.788379,-14.588379,-14.388379,-14.188379,-13.888379,-13.688379,-13.488379
-16.68838,-16.888378,-17.088379,-17.28838,-17.388378,-17.588379,-17.68838,-17.988379,-18.18838,-18.388378,-18.488379,-18.68838,-18.68838,-18.68838,-18.588379,-18.488379,-18.388378,-18.388378,-18.588379,-18.68838,-18.988379,-19.088379,-19.088379,-19.088379,-18.988379,-18.68838,-18.488379,-18.28838,-18.18838,-18.088379,-18.088379,-17.988379,-17.888378,-17.68838,-17.388378,-17.088379,-16.78838,-16.588379,-16.28838,-16.088379,-15.888379,-15.688379,-15.388379,-15.188379,-14.988379,-14.788379,-14.688379,-14.588379,-14.388379,-14.288379,-14.088379,-13.988379,-13.888379,-13.688379,-13.588379,-13.488379,-13.288379,-13.188379
-15.088379,-15.188379,-15.488379,-15.788379,-16.28838,-16.488379,-16.588379,-16.78838,-16.888378,-16.988379,-16.988379,-17.18838,-17.28838,-17.488379,-17.588379,-17.588379,-17.488379,-17.388378,-17.18838,-16.988379,-16.988379,-16.988379,-17.088379,-17.18838,-17.088379,-16.888378,-16.488379,-16.18838,-15.988379,-15.888379,-15.988379,-15.988379,-15.988379,-15.888379,-15.688379,-15.388379,-15.088379,-14.788379,-14.488379,-14.288379,-14.188379,-14.088379,-13.888379,-13.788379,-13.588379,-13.388379,-13.188379,-12.888379,-12.688379,-12.388379,-12.088379,-11.888379,-11.588379,-11.388379,-11.288379,-11.088379,-11.088379,-10.988379
-8.588379,-8.988379,-9.288379,-9.688379,-9.888379,-10.188379,-10.488379,-10.788379,-11.088379,-11.488379,-11.888379,-12.288379,-12.488379,-12.588379,-12.688379,-12.888379,-12.988379,-13.088379,-13.188379,-13.288379,-13.288379,-13.288379,-13.288379,-13.288379,-13.188379,-13.188379,-13.088379,-13.088379,-13.188379,-13.388379,-13.488379,-13.388379,-13.088379,-12.888379,-12.788379,-12.888379,-12.988379,-12.888379,-12.688379,-12.688379,-12.588379,-12.588379,-12.588379,-12.588379,-12.588379,-12.388379,-12.288379,-12.288379,-12.288379,-12.388379,-12.488379,-12.588379,-12.588379,-12.588379,-12.488379,-12.488379,-12.488379,-12.488379
-4.688379,-4.688379,-4.888379,-4.988379,-5.088379,-5.2883787,-5.688379,-6.088379,-6.388379,-6.7883787,-7.2883787,-7.688379,-8.188379,-8.588379,-9.088379,-9.388379,-9.588379,-9.888379,-9.888379,-9.888379,-10.088379,-10.188379,-10.288379,-10.388379,-10.288379,-10.288379,-10.288379,-10.288379,-10.188379,-10.088379,-10.088379,-10.188379,-10.388379,-10.688379,-10.788379,-10.488379,-10.188379,-10.288379,-10.588379,-10.888379,-10.888379,-10.988379,-11.188379,-11.488379,-11.588379,-11.788379,-12.088379,-12.188379,-12.388379,-12.688379,-12.988379,-13.188379,-13.188379,-13.188379,-13.188379,-13.088379,-12.988379,-12.888379
-4.688379,-4.2883787,-3.6883788,-3.1883788,-2.788379,-2.6883788,-2.6883788,-2.8883789,-3.088379,-3.288379,-3.488379,-3.788379,-4.088379,-4.688379,-5.188379,-5.688379,-6.188379,-6.7883787,-7.188379,-7.388379,-7.588379,-7.7883787,-8.188379,-8.388379,-8.688379,-8.888379,-9.088379,-9.188379,-9.188379,-9.088379,-9.088379,-8.888379,-8.888379,-9.088379,-9.288379,-8.988379,-8.588379,-8.888379,-9.588379,-10.088379,-10.088379,-10.388379,-11.088379,-11.788379,-12.088379,-12.288379,-12.688379,-12.788379,-12.788379,-12.888379,-13.088379,-13.188379,-13.288379,-13.288379,-13.488379,-13.488379,-13.488379,-13.388379
-2.288379,-2.488379,-2.588379,-2.6883788,-2.8883789,-3.088379,-2.8883789,-2.3883789,-1.8883789,-1.4883789,-1.4883789,-1.3883789,-1.4883789,-1.8883789,-2.288379,-2.6883788,-3.288379,-3.788379,-4.388379,-4.988379,-5.588379,-6.2883787,-6.888379,-7.488379,-7.988379,-8.388379,-8.688379,-8.888379,-9.188379,-9.488379,-9.588379,-9.488379,-9.388379,-9.288379,-9.488379,-10.188379,-10.788379,-10.688379,-10.788379,-10.888379,-11.488379,-12.188379,-12.888379,-12.988379,-12.988379,-13.288379,-13.488379,-13.488379,-13.588379,-13.688379,-13.788379,-13.588379,-13.488379,-13.588379,-13.688379,-13.988379,-14.088379,-14.088379
1.0116211,0.7116211,0.4116211,0.1116211,-0.1883789,-0.4883789,-0.8883789,-1.1883789,-1.4883789,-1.6883789,-1.5883789,-1.288379,-1.0883789,-1.0883789,-1.288379,-1.5883789,-2.088379,-2.488379,-3.1883788,-3.8883789,-4.588379,-5.2883787,-6.188379,-6.7883787,-7.388379,-7.7883787,-8.488379,-9.188379,-9.588379,-10.088379,-10.488379,-10.988379,-11.188379,-11.488379,-11.688379,-11.688379,-11.888379,-12.288379,-12.688379,-12.788379,-13.088379,-13.588379,-13.388379,-12.888379,-13.188379,-13.388379,-13.188379,-12.888379,-12.888379,-12.888379,-12.788379,-12.788379,-12.888379,-13.088379,-13.088379,-12.988379,-12.888379,-12.988379
1.0116211,1.1116211,1.211621,1.211621,1.1116211,1.0116211,0.7116211,0.4116211,0.1116211,-0.1883789,-0.38837892,-0.7883789,-1.0883789,-1.0883789,-1.0883789,-1.3883789,-1.788379,-2.288379,-2.788379,-3.488379,-4.088379,-4.7883787,-5.588379,-6.488379,-7.088379,-7.688379,-8.288379,-8.688379,-9.088379,-9.688379,-10.288379,-10.788379,-11.288379,-11.588379,-11.988379,-12.188379,-12.188379,-12.188379,-12.288379,-12.488379,-12.388379,-12.088379,-12.188379,-12.288379,-12.188379,-11.888379,-11.488379,-11.488379,-11.688379,-11.488379,-11.288379,-11.188379,-11.088379,-11.088379,-11.188379,-11.388379,-11.688379,-11.888379
1.3116211,1.8116211,2.3116212,2.6116211,2.8116212,2.711621,2.411621,2.011621,1.6116211,1.1116211,0.5116211,0.1116211,-0.38837892,-0.68837893,-0.7883789,-0.9883789,-1.1883789,-1.6883789,-2.1883788,-2.8883789,-3.588379,-4.2883787,-5.088379,-5.988379,-6.588379,-6.988379,-7.2883787,-7.688379,-8.488379,-8.988379,-9.588379,-10.188379,-10.488379,-10.688379,-11.088379,-11.188379,-11.088379,-10.688379,-10.488379,-10.488379,-10.288379,-10.088379,-9.988379,-9.988379,-9.988379,-10.088379,-10.088379,-10.088379,-9.988379,-9.988379,-9.788379,-9.688379,-9.488379,-9.588379,-9.788379,-9.988379,-10.088379,-10.188379
0.6116211,1.211621,1.8116211,2.511621,3.1116211,3.411621,3.3116212,3.011621,2.6116211,2.411621,1.711621,1.211621,0.6116211,0.1116211,-0.1883789,-0.1883789,-0.2883789,-0.5883789,-1.1883789,-1.788379,-2.288379,-2.988379,-3.588379,-4.2883787,-5.088379,-5.688379,-6.088379,-6.2883787,-6.588379,-6.888379,-7.488379,-7.988379,-8.288379,-8.588379,-8.888379,-9.188379,-9.188379,-9.088379,-9.188379,-9.088379,-8.888379,-8.688379,-8.488379,-8.188379,-7.988379,-7.888379,-7.7883787,-7.888379,-7.988379,-8.088379,-8.288379,-8.488379,-8.788379,-8.988379,-8.988379,-8.988379,-8.988379,-8.888379
1.3116211,2.011621,2.511621,2.911621,3.3116212,3.711621,4.111621,4.311621,4.111621,3.911621,3.711621,3.511621,3.011621,2.011621,1.3116211,1.0116211,0.9116211,0.5116211,0.21162109,-0.5883789,-0.8883789,-1.1883789,-1.5883789,-2.088379,-2.588379,-3.088379,-3.788379,-4.188379,-4.188379,-4.388379,-4.488379,-4.688379,-4.688379,-4.588379,-4.588379,-4.488379,-4.2883787,-4.2883787,-4.2883787,-4.2883787,-4.2883787,-4.388379,-4.388379,-4.2883787,-4.388379,-4.488379,-4.688379,-4.7883787,-4.888379,-4.888379,-4.988379,-5.188379,-5.2883787,-5.688379,-6.188379,-6.7883787,-7.088379,-7.2883787
1.5116211,2.411621,3.1116211,3.6116211,4.411621,4.811621,5.011621,5.111621,5.311621,5.311621,5.2116213,4.7116213,4.2116213,3.711621,2.911621,2.1116211,1.8116211,1.6116211,1.3116211,0.7116211,0.1116211,-0.2883789,-0.5883789,-0.8883789,-1.1883789,-1.3883789,-1.6883789,-2.1883788,-2.488379,-2.588379,-2.488379,-2.288379,-2.088379,-1.8883789,-1.788379,-1.6883789,-1.5883789,-1.3883789,-0.9883789,-0.8883789,-1.1883789,-1.288379,-1.288379,-1.0883789,-0.9883789,-0.8883789,-0.8883789,-1.0883789,-1.288379,-1.3883789,-1.3883789,-1.3883789,-1.5883789,-1.6883789,-1.9883789,-2.288379,-2.788379,-3.1883788
3.3116212,3.3116212,4.011621,4.911621,5.311621,5.811621,6.2116213,6.511621,6.611621,6.111621,6.011621,5.7116213,5.311621,4.511621,3.6116211,2.8116212,2.011621,1.711621,1.0116211,0.7116211,0.4116211,0.011621093,-0.38837892,-0.68837893,-0.68837893,-0.7883789,-0.7883789,-0.8883789,-0.7883789,-0.4883789,-0.2883789,-0.088378906,0.1116211,0.3116211,0.6116211,0.9116211,1.211621,1.5116211,1.6116211,1.8116211,2.211621,2.3116212,2.3116212,2.411621,2.411621,2.411621,2.3116212,2.211621,2.211621,2.1116211,2.011621,2.011621,2.1116211,2.211621,2.1116211,1.8116211,1.6116211,1.4116211
6.2116213,6.011621,5.7116213,5.811621,6.411621,6.7116213,6.511621,6.811621,6.811621,6.411621,6.011621,5.2116213,4.7116213,4.111621,3.211621,2.1116211,1.4116211,0.7116211,0.011621093,-0.2883789,-0.4883789,-0.68837893,-0.5883789,-0.68837893,-0.8883789,-0.68837893,-0.38837892,-0.088378906,0.21162109,0.5116211,0.7116211,0.9116211,1.1116211,1.3116211,1.8116211,2.3116212,2.911621,3.3116212,3.8116212,4.011621,4.111621,4.011621,4.2116213,4.511621,4.611621,4.7116213,4.911621,5.111621,5.011621,4.911621,4.511621,4.111621,4.2116213,4.811621,5.311621,5.011621,4.511621,4.011621
8.611621,7.7116213,7.311621,6.911621,6.911621,7.011621,6.911621,6.2116213,5.811621,5.2116213,4.511621,3.6116211,2.911621,2.211621,1.211621,0.6116211,0.1116211,-0.68837893,-1.4883789,-1.6883789,-1.5883789,-1.0883789,-1.1883789,-1.0883789,-0.9883789,-0.4883789,0.011621093,0.3116211,0.7116211,1.0116211,1.4116211,2.011621,2.411621,2.711621,3.011621,3.411621,3.911621,4.2116213,4.511621,4.611621,5.011621,5.411621,5.7116213,6.2116213,6.7116213,7.311621,7.911621,8.011621,7.811621,7.611621,7.511621,7.311621,6.911621,6.411621,6.2116213,6.011621,6.111621,6.811621
10.711621,9.211621,8.311621,7.611621,6.811621,6.411621,5.511621,4.2116213,3.911621,3.411621,2.8116212,1.5116211,0.7116211,0.011621093,-0.38837892,-0.7883789,-1.788379,-1.9883789,-2.1883788,-2.088379,-1.4883789,-1.0883789,-0.68837893,-0.1883789,0.5116211,1.1116211,1.5116211,1.9116211,2.211621,2.711621,3.3116212,3.711621,4.2116213,5.011621,5.311621,5.911621,6.811621,7.2116213,7.611621,7.411621,7.311621,7.611621,8.111621,8.711621,9.211621,9.611621,9.911621,10.111621,10.111621,10.211621,10.711621,11.511621,12.211621,12.711621,12.811621,12.311621,12.111621,11.711621
11.511621,9.711621,8.411621,7.411621,5.911621,4.7116213,3.711621,2.511621,2.011621,1.4116211,0.6116211,-0.38837892,-1.0883789,-1.4883789,-1.6883789,-2.1883788,-2.6883788,-2.488379,-1.788379,-1.3883789,-0.68837893,-0.088378906,0.4116211,0.9116211,1.4116211,1.6116211,1.9116211,2.511621,3.1116211,4.011621,5.011621,5.511621,6.011621,6.411621,6.7116213,6.811621,6.511621,6.311621,6.311621,6.611621,6.911621,7.511621,7.811621,8.211621,8.811621,9.511621,10.211621,10.811621,11.111621,11.411621,11.911621,12.511621,13.111621,13.511621,13.611621,13.511621,13.611621,13.411621
11.211621,9.711621,8.211621,6.7116213,5.111621,3.1116211,1.9116211,0.9116211,0.21162109,-0.38837892,-1.288379,-1.8883789,-2.588379,-2.8883789,-3.088379,-3.288379,-2.988379,-2.3883789,-1.1883789,-0.1883789,0.3116211,0.81162107,1.1116211,1.3116211,1.4116211,1.711621,2.211621,2.8116212,3.211621,3.411621,3.3116212,2.8116212,2.911621,3.511621,4.111621,4.511621,4.811621,5.2116213,5.911621,6.811621,8.011621,9.211621,9.811621,10.611621,11.211621,11.911621,12.811621,13.711621,14.311621,15.011621,15.511621,15.911621,15.811621,15.411621,14.911621,14.311621,13.811621,13.611621
10.011621,8.711621,7.511621,6.2116213,4.611621,2.711621,1.5116211,0.011621093,-0.7883789,-1.6883789,-2.488379,-2.988379,-3.488379,-4.188379,-4.488379,-4.2883787,-3.288379,-1.9883789,-0.68837893,-0.088378906,0.1116211,0.21162109,0.4116211,0.7116211,0.9116211,0.81162107,0.5116211,0.5116211,1.0116211,1.3116211,1.8116211,2.411621,3.011621,3.6116211,4.411621,5.011621,5.611621,6.2116213,7.011621,7.611621,8.611621,9.611621,10.411621,11.111621,12.011621,12.911621,13.611621,14.211621,15.011621,15.611621,15.711621,16.611622,17.411621,18.011621,18.81162,19.011621,18.511621,17.31162
7.811621,7.2116213,6.611621,5.311621,4.2116213,2.8116212,2.211621,1.1116211,-0.2883789,-1.6883789,-2.788379,-3.6883788,-5.088379,-5.588379,-5.088379,-3.6883788,-2.288379,-1.9883789,-2.1883788,-1.9883789,-1.788379,-2.088379,-1.9883789,-1.4883789,-0.7883789,-0.088378906,0.5116211,1.0116211,1.5116211,1.8116211,2.411621,3.011621,3.511621,3.6116211,4.311621,5.011621,5.811621,6.311621,6.911621,7.511621,8.411621,9.411621,10.611621,11.611621,12.511621,13.711621,14.611621,15.511621,16.411621,17.011621,17.31162,17.71162,18.411621,18.81162,19.31162,19.911621,20.31162,20.71162
5.911621,5.911621,5.511621,4.911621,3.711621,2.511621,1.711621,0.81162107,-0.7883789,-2.1883788,-3.788379,-5.188379,-5.588379,-4.488379,-3.488379,-3.488379,-3.588379,-3.588379,-3.988379,-3.488379,-2.8883789,-2.1883788,-1.4883789,-0.68837893,-0.2883789,0.3116211,0.7116211,1.1116211,1.5116211,2.011621,2.411621,3.011621,3.711621,4.411621,4.911621,5.311621,5.811621,6.311621,7.111621,7.911621,8.611621,9.411621,10.311621,11.311621,12.511621,13.511621,14.711621,16.011621,17.511621,19.011621,20.011621,21.31162,22.611622,23.411621,24.011621,24.71162,24.411621,24.011621
