public/data/weather/2019/09/29/0000-wind-isobaric-850hPa-gfs-1.0.json
{"header": { "discipline":0, "disciplineName":"Meteorological products", "gribEdition":2, "gribLength":52938, "center":7, "centerName":"US National Weather Service - NCEP(WMC)", "subcenter":0, "refTime":"2019-09-29T00:00:00.000Z", "significanceOfRT":1, "significanceOfRTName":"Start of forecast", "productStatus":0, "productStatusName":"Operational products", "productType":1, "productTypeName":"Forecast products", "productDefinitionTemplate":0, "productDefinitionTemplateName":"Analysis/forecast at horizontal level/layer at a point in time", "parameterCategory":2, "parameterCategoryName":"Momentum", "parameterNumber":2, "parameterNumberName":"U-component_of_wind", "parameterUnit":"m.s-1", "genProcessType":2, "genProcessTypeName":"Forecast", "forecastTime":0, "surface1Type":100, "surface1TypeName":"Isobaric surface", "surface1Value":85000.0, "surface2Type":255, "surface2TypeName":"Missing", "surface2Value":0.0, "gridDefinitionTemplate":0, "gridDefinitionTemplateName":"Latitude_Longitude", "numberPoints":65160, "shape":6, "shapeName":"Earth spherical with radius of 6,371,229.0 m", "gridUnits":"degrees", "resolution":48, "winds":"true", "scanMode":0, "nx":360, "ny":181, "basicAngle":0, "lo1":0.0, "la1":90.0, "lo2":359.0, "la2":-90.0, "dx":1.0, "dy":1.0 }, "data":
[rows 0 to 25 of 181, columns 0 to 56 of 360]
-1.2296356,-1.1296356,-1.1296356,-1.0296357,-0.92963564,-0.92963564,-0.8296356,-0.8296356,-0.7296356,-0.62963563,-0.62963563,-0.5296356,-0.4296356,-0.4296356,-0.32963562,-0.32963562,-0.22963563,-0.12963562,-0.12963562,-0.02963562,0.07036438,0.07036438,0.17036438,0.17036438,0.27036437,0.37036437,0.37036437,0.4703644,0.4703644,0.57036436,0.6703644,0.6703644,0.7703644,0.87036437,0.87036437,0.9703644,0.9703644,1.0703644,1.1703644,1.1703644,1.2703644,1.2703644,1.3703644,1.3703644,1.4703643,1.5703644,1.5703644,1.6703644,1.6703644,1.7703644,1.7703644,1.8703644,1.8703644,1.9703643,1.9703643,2.0703645,2.0703645
-2.7296357,-2.7296357,-2.7296357,-2.7296357,-2.6296356,-2.6296356,-2.5296357,-2.5296357,-2.5296357,-2.4296355,-2.4296355,-2.4296355,-2.4296355,-2.4296355,-2.4296355,-2.3296356,-2.3296356,-2.3296356,-2.3296356,-2.3296356,-2.3296356,-2.3296356,-2.3296356,-2.3296356,-2.3296356,-2.3296356,-2.3296356,-2.3296356,-2.3296356,-2.3296356,-2.3296356,-2.3296356,-2.3296356,-2.3296356,-2.3296356,-2.3296356,-2.2296357,-2.2296357,-2.2296357,-2.2296357,-2.1296356,-2.1296356,-2.1296356,-2.1296356,-2.0296357,-2.0296357,-2.0296357,-2.0296357,-1.9296356,-1.9296356,-1.9296356,-1.8296356,-1.8296356,-1.7296356,-1.7296356,-1.7296356,-1.6296356
-4.8296356,-4.7296357,-4.7296357,-4.7296357,-4.8296356,-4.8296356,-4.8296356,-4.8296356,-4.9296355,-4.9296355,-4.9296355,-4.9296355,-4.9296355,-4.8296356,-4.8296356,-4.8296356,-4.7296357,-4.7296357,-4.629636,-4.629636,-4.5296354,-4.5296354,-4.4296355,-4.4296355,-4.4296355,-4.4296355,-4.4296355,-4.5296354,-4.5296354,-4.5296354,-4.5296354,-4.5296354,-4.5296354,-4.5296354,-4.5296354,-4.5296354,-4.4296355,-4.4296355,-4.4296355,-4.4296355,-4.3296356,-4.3296356,-4.3296356,-4.3296356,-4.3296356,-4.3296356,-4.3296356,-4.3296356,-4.3296356,-4.2296357,-4.2296357,-4.2296357,-4.129636,-4.129636,-4.0296354,-4.0296354,-3.9296355
-6.5296354,-6.7296357,-6.8296356,-7.0296354,-7.129636,-7.129636,-7.2296357,-7.2296357,-7.2296357,-7.129636,-7.0296354,-6.9296355,-6.8296356,-6.7296357,-6.629636,-6.629636,-6.5296354,-6.5296354,-6.5296354,-6.4296355,-6.4296355,-6.4296355,-6.4296355,-6.3296356,-6.3296356,-6.3296356,-6.3296356,-6.3296356,-6.2296357,-6.2296357,-6.129636,-6.0296354,-6.0296354,-5.9296355,-5.9296355,-5.9296355,-5.9296355,-5.9296355,-5.9296355,-5.8296356,-5.8296356,-5.7296357,-5.7296357,-5.629636,-5.629636,-5.629636,-5.5296354,-5.5296354,-5.5296354,-5.5296354,-5.4296355,-5.4296355,-5.4296355,-5.4296355,-5.4296355,-5.4296355,-5.4296355
-6.2296357,-6.4296355,-6.5296354,-6.7296357,-6.9296355,-7.0296354,-7.129636,-7.2296357,-7.2296357,-7.2296357,-7.2296357,-7.3296356,-7.4296355,-7.5296354,-7.629636,-7.7296357,-7.8296356,-7.9296355,-8.029635,-8.129636,-8.229635,-8.329636,-8.429636,-8.429636,-8.429636,-8.429636,-8.429636,-8.329636,-8.329636,-8.229635,-8.129636,-8.129636,-8.029635,-8.029635,-7.9296355,-7.9296355,-7.9296355,-7.8296356,-7.8296356,-7.7296357,-7.629636,-7.5296354,-7.4296355,-7.3296356,-7.2296357,-7.129636,-7.0296354,-7.0296354,-6.9296355,-6.9296355,-6.9296355,-6.9296355,-6.9296355,-7.0296354,-7.129636,-7.129636,-7.2296357
-6.7296357,-6.9296355,-7.129636,-7.3296356,-7.629636,-7.8296356,-8.029635,-8.229635,-8.329636,-8.429636,-8.629636,-8.729635,-8.929636,-8.929636,-9.029635,-9.029635,-8.929636,-8.929636,-8.929636,-8.929636,-9.029635,-9.029635,-9.129636,-9.229635,-9.329636,-9.429636,-9.529635,-9.729635,-9.929636,-10.029635,-10.129636,-10.229635,-10.329636,-10.429636,-10.529635,-10.529635,-10.529635,-10.529635,-10.429636,-10.429636,-10.329636,-10.329636,-10.229635,-10.129636,-10.129636,-10.129636,-10.129636,-10.029635,-10.029635,-9.929636,-9.829636,-9.729635,-9.529635,-9.329636,-9.229635,-9.129636,-9.029635
-5.8296356,-6.2296357,-6.5296354,-7.0296354,-7.3296356,-7.629636,-7.8296356,-8.029635,-8.229635,-8.429636,-8.629636,-8.829636,-9.029635,-9.229635,-9.329636,-9.429636,-9.529635,-9.629636,-9.929636,-10.129636,-10.229635,-10.329636,-10.329636,-10.329636,-10.429636,-10.529635,-10.529635,-10.729635,-10.829636,-11.029635,-11.129636,-11.229635,-11.429636,-11.529635,-11.529635,-11.529635,-11.629636,-11.629636,-11.729635,-11.929636,-12.029635,-12.129636,-12.129636,-12.129636,-11.929636,-11.829636,-11.729635,-11.729635,-11.829636,-12.029635,-12.329636,-12.629636,-12.829636,-12.729635,-12.529635,-12.229635,-12.029635
-4.0296354,-4.3296356,-4.5296354,-4.8296356,-5.0296354,-5.2296357,-5.5296354,-5.7296357,-6.129636,-6.4296355,-6.7296357,-7.0296354,-7.2296357,-7.5296354,-7.8296356,-8.229635,-8.529635,-8.929636,-9.229635,-9.529635,-9.829636,-10.129636,-10.429636,-10.629636,-10.929636,-11.129636,-11.229635,-11.129636,-11.129636,-11.129636,-11.129636,-11.229635,-11.229635,-11.329636,-11.529635,-11.629636,-11.829636,-11.929636,-12.129636,-12.229635,-12.329636,-12.329636,-12.229635,-12.229635,-12.229635,-12.329636,-12.429636,-12.729635,-12.929636,-13.229635,-13.429636,-13.729635,-13.929636,-13.929636,-13.829636,-13.629636,-13.329636
-7.0296354,-7.3296356,-7.5296354,-7.9296355,-8.429636,-8.629636,-8.529635,-8.329636,-8.029635,-7.7296357,-7.5296354,-7.3296356,-7.3296356,-7.3296356,-7.4296355,-7.5296354,-7.629636,-7.7296357,-7.9296355,-8.329636,-8.729635,-9.129636,-9.429636,-9.729635,-10.229635,-10.629636,-11.029635,-11.329636,-11.729635,-11.929636,-12.129636,-12.029635,-11.829636,-11.529635,-11.429636,-11.429636,-11.529635,-11.729635,-11.929636,-12.029635,-12.029635,-11.929636,-11.929636,-11.829636,-11.929636,-12.029635,-12.129636,-12.229635,-12.129636,-12.029635,-12.029635,-12.129636,-12.129636,-12.129636,-12.229635,-12.229635,-12.429636
-6.7296357,-7.5296354,-8.029635,-8.229635,-8.429636,-8.529635,-8.629636,-8.629636,-8.729635,-8.929636,-9.029635,-9.029635,-8.829636,-8.529635,-8.329636,-8.129636,-7.9296355,-7.7296357,-7.7296357,-7.8296356,-7.9296355,-7.9296355,-8.129636,-8.329636,-8.629636,-8.829636,-9.129636,-9.629636,-10.029635,-10.229635,-10.429636,-10.929636,-11.329636,-11.829636,-11.929636,-11.829636,-11.829636,-12.129636,-12.329636,-12.029635,-11.429636,-11.229635,-11.129636,-11.029635,-11.129636,-11.229635,-11.129636,-11.029635,-11.029635,-11.329636,-11.629636,-11.429636,-11.329636,-11.429636,-11.529635,-12.129636,-12.029635
-5.3296356,-5.9296355,-6.5296354,-6.9296355,-7.2296357,-7.629636,-7.9296355,-8.629636,-9.029635,-9.129636,-9.329636,-9.129636,-8.729635,-8.229635,-8.329636,-8.429636,-8.729635,-8.329636,-7.9296355,-8.329636,-9.729635,-9.329636,-9.029635,-9.329636,-9.529635,-9.629636,-9.329636,-9.229635,-8.629636,-8.529635,-8.629636,-8.629636,-9.029635,-9.629636,-9.929636,-10.129636,-10.329636,-10.629636,-10.929636,-10.729635,-10.529635,-10.229635,-10.029635,-9.929636,-10.029635,-10.129636,-10.329636,-10.429636,-10.529635,-10.429636,-10.429636,-10.729635,-10.729635,-11.029635,-10.929636,-10.829636,-11.029635
-4.129636,-4.629636,-5.4296355,-5.9296355,-6.0296354,-5.9296355,-6.129636,-6.8296356,-7.4296355,-8.429636,-9.729635,-10.629636,-9.829636,-8.929636,-7.0296354,-5.3296356,-3.2296357,-4.9296355,-5.129636,-7.0296354,-6.5296354,-5.3296356,-6.4296355,-6.8296356,-7.129636,-7.5296354,-8.129636,-8.829636,-9.329636,-9.629636,-9.429636,-9.329636,-9.229635,-8.729635,-8.329636,-8.029635,-7.9296355,-7.7296357,-7.629636,-7.5296354,-7.4296355,-7.8296356,-8.329636,-8.829636,-9.029635,-9.129636,-9.229635,-9.629636,-10.029635,-10.329636,-10.529635,-10.529635,-10.629636,-10.629636,-10.629636,-10.629636,-10.629636
0.37036437,-0.4296356,-1.2296356,-1.4296356,-2.2296357,-2.6296356,-2.8296356,-3.7296357,-4.0296354,-5.0296354,-6.4296355,-7.2296357,-8.229635,-9.429636,-9.929636,-9.829636,-9.029635,-9.029635,-8.129636,-7.0296354,-7.4296355,-8.329636,-8.929636,-7.8296356,-7.0296354,-6.9296355,-6.9296355,-6.8296356,-6.9296355,-7.3296356,-7.5296354,-7.5296354,-7.3296356,-6.7296357,-6.629636,-7.0296354,-7.7296357,-8.129636,-8.129636,-8.629636,-9.529635,-10.129636,-10.229635,-10.329636,-10.429636,-10.129636,-9.829636,-9.629636,-9.529635,-9.529635,-9.529635,-9.629636,-9.729635,-10.029635,-10.129636,-9.929636,-9.529635
4.9703646,3.9703643,2.4703643,1.6703644,0.9703644,0.4703644,0.37036437,0.37036437,-0.02963562,0.17036438,0.37036437,0.27036437,-0.12963562,-0.8296356,-3.1296356,-6.629636,-9.829636,-9.229635,-6.2296357,-4.9296355,-4.0296354,-3.4296355,-3.8296356,-4.129636,-4.9296355,-5.3296356,-5.129636,-5.3296356,-5.129636,-5.2296357,-5.129636,-4.9296355,-5.0296354,-6.3296356,-7.2296357,-7.7296357,-8.829636,-9.229635,-8.829636,-8.829636,-8.929636,-9.129636,-9.429636,-9.629636,-9.429636,-9.229635,-8.929636,-9.229635,-9.229635,-9.229635,-9.329636,-9.129636,-8.929636,-8.929636,-8.829636,-8.229635,-7.5296354
5.0703645,5.4703646,5.6703644,5.9703646,6.5703645,6.370364,4.9703646,3.0703645,2.1703644,2.2703643,1.7703644,1.7703644,2.3703644,2.6703644,2.5703645,0.9703644,-1.2296356,-0.8296356,-1.2296356,-2.3296356,-2.2296357,-2.2296357,-1.6296356,-1.2296356,-1.3296356,-1.5296357,-1.8296356,-2.2296357,-2.3296356,-2.6296356,-3.2296357,-3.4296355,-4.0296354,-5.3296356,-6.129636,-6.7296357,-7.629636,-8.429636,-9.029635,-9.729635,-9.929636,-10.229635,-10.929636,-10.829636,-10.629636,-10.629636,-9.929636,-9.329636,-8.829636,-8.229635,-7.8296356,-7.4296355,-7.4296355,-6.9296355,-6.129636,-4.9296355,-2.6296356
3.6703644,4.5703645,5.370364,5.6703644,5.5703645,5.2703643,4.870364,5.4703646,6.0703645,5.9703646,4.9703646,4.870364,4.870364,3.9703643,4.7703643,4.370364,1.9703643,2.5703645,1.9703643,1.4703643,0.7703644,0.7703644,0.4703644,0.6703644,0.4703644,-0.02963562,0.17036438,0.37036437,0.57036436,0.17036438,-0.62963563,-1.3296356,-1.5296357,-1.2296356,-2.0296357,-3.8296356,-4.3296356,-4.629636,-6.5296354,-7.9296355,-8.729635,-9.729635,-10.029635,-10.329636,-10.629636,-10.429636,-9.829636,-8.429636,-7.5296354,-6.5296354,-6.3296356,-5.5296354,-5.3296356,-4.2296357,-3.7296357,-3.0296357,-1.2296356
1.0703644,0.9703644,0.57036436,-0.02963562,-0.32963562,-0.02963562,1.1703644,1.9703643,2.2703643,2.7703643,2.9703643,2.8703644,2.7703643,2.9703643,3.3703644,3.1703644,4.370364,3.9703643,4.2703643,3.6703644,3.6703644,3.3703644,2.5703645,1.8703644,1.9703643,2.3703644,2.3703644,1.9703643,2.5703645,3.2703643,2.9703643,2.5703645,1.8703644,2.1703644,2.4703643,0.57036436,-0.32963562,0.4703644,0.6703644,0.27036437,0.17036438,-1.3296356,-2.4296355,-2.2296357,-4.0296354,-4.2296357,-4.9296355,-5.2296357,-5.4296355,-5.2296357,-3.1296356,-2.2296357,-0.62963563,0.27036437,-0.22963563,-4.2296357,-9.829636
-0.4296356,-0.8296356,-1.1296356,-1.1296356,-1.1296356,-1.3296356,-0.7296356,-0.62963563,-0.32963562,0.17036438,0.37036437,0.87036437,0.9703644,1.4703643,2.1703644,2.2703643,2.4703643,2.5703645,1.1703644,1.5703644,2.9703643,3.6703644,3.6703644,2.6703644,2.2703643,1.8703644,2.1703644,2.7703643,3.1703644,3.8703644,4.5703645,5.2703643,5.4703646,5.0703645,6.0703645,6.6703644,6.4703646,5.7703643,6.0703645,8.270365,9.370364,9.270365,8.570364,8.470365,8.370364,7.870364,7.1703644,6.4703646,3.7703643,2.8703644,1.7703644,1.6703644,1.3703644,1.4703643,-3.7296357,-4.129636,-3.1296356
-2.2296357,-1.9296356,-2.1296356,-1.6296356,-1.3296356,-0.5296356,-0.4296356,-0.12963562,0.4703644,0.4703644,0.27036437,0.07036438,-0.02963562,-0.62963563,-1.3296356,-1.1296356,-0.02963562,0.87036437,0.9703644,0.7703644,-0.22963563,-0.4296356,0.07036438,-0.12963562,-0.02963562,0.4703644,0.9703644,1.5703644,2.3703644,3.1703644,3.9703643,4.9703646,5.7703643,6.6703644,7.5703645,8.170364,8.770365,10.070364,10.670364,11.070364,11.770365,11.170364,10.870364,10.970365,11.870364,12.570364,11.370364,9.370364,8.970365,8.070364,7.1703644,4.9703646,3.0703645,3.0703645,2.4703643,1.9703643,2.3703644
-2.1296356,-1.9296356,-1.7296356,-1.7296356,-1.8296356,-1.4296356,-1.2296356,-1.3296356,-1.2296356,-0.8296356,-0.62963563,-0.5296356,-0.7296356,-0.4296356,-0.8296356,-0.62963563,-0.62963563,-2.9296355,-2.9296355,-2.4296355,-2.4296355,-1.9296356,-2.2296357,-1.5296357,-0.92963564,-0.02963562,0.4703644,1.2703644,1.9703643,2.8703644,3.3703644,3.7703643,4.5703645,5.6703644,6.7703643,7.6703644,9.070364,9.770365,10.570364,11.370364,11.570364,11.670364,11.170364,11.070364,11.170364,11.170364,11.370364,10.970365,10.170364,8.970365,8.170364,7.6703644,7.870364,5.9703646,4.9703646,2.8703644,3.6703644
-2.6296356,-2.3296356,-2.1296356,-2.1296356,-2.0296357,-1.9296356,-1.9296356,-2.0296357,-1.9296356,-1.9296356,-1.9296356,-2.1296356,-2.6296356,-2.0296357,-2.6296356,-3.1296356,-3.3296356,-3.6296356,-3.8296356,-2.5296357,0.7703644,3.8703644,3.0703645,1.4703643,2.2703643,1.3703644,2.2703643,2.9703643,3.5703645,4.1703644,5.370364,4.7703643,5.2703643,5.7703643,7.2703643,8.070364,8.870364,9.570364,10.270365,10.870364,11.170364,11.270365,11.670364,11.770365,11.670364,11.070364,10.770365,11.070364,11.070364,10.270365,9.570364,9.070364,8.570364,8.070364,8.270365,5.4703646,5.6703644
-4.129636,-3.9296355,-3.6296356,-3.4296355,-3.4296355,-3.3296356,-3.1296356,-2.9296355,-2.7296357,-2.3296356,-2.2296357,-2.3296356,-2.4296355,-2.6296356,-1.9296356,-0.8296356,1.3703644,2.8703644,2.6703644,3.6703644,3.2703643,2.9703643,1.8703644,0.37036437,-0.5296356,-0.5296356,0.7703644,0.7703644,2.9703643,3.3703644,3.0703645,3.3703644,4.870364,6.370364,7.370364,8.270365,9.570364,11.470365,12.870364,13.970365,13.870364,12.270365,10.770365,10.170364,10.270365,10.370364,10.270365,10.270365,10.270365,10.770365,9.670364,9.170364,7.870364,7.9703646,10.570364,10.670364,7.7703643
-4.0296354,-3.5296357,-3.4296355,-3.5296357,-3.8296356,-4.129636,-3.5296357,-3.1296356,-2.6296356,-2.3296356,-1.2296356,-0.92963564,-0.4296356,1.4703643,3.0703645,2.9703643,3.6703644,2.0703645,2.0703645,1.0703644,0.9703644,2.9703643,2.4703643,3.4703643,4.4703646,5.4703646,7.6703644,8.770365,9.070364,9.770365,8.770365,8.070364,8.670364,7.4703646,7.9703646,8.570364,6.870364,7.0703645,8.870364,10.870364,12.270365,10.470365,11.070364,12.670364,13.970365,15.170364,13.870364,10.670364,10.170364,10.070364,9.870364,12.670364,12.970365,11.470365,11.370364,9.370364,8.770365
-7.0296354,-6.4296355,-4.9296355,-3.9296355,-3.8296356,-2.9296355,-2.4296355,-1.4296356,-0.62963563,-0.22963563,-0.32963562,-1.0296357,0.7703644,2.8703644,2.7703643,2.0703645,2.1703644,1.7703644,4.5703645,3.3703644,5.6703644,8.970365,9.670364,12.470365,13.570364,12.870364,13.870364,13.570364,13.370364,13.470365,13.770365,12.970365,11.570364,11.670364,11.670364,11.570364,10.470365,9.570364,10.170364,11.270365,11.370364,9.970365,10.770365,11.470365,12.970365,12.970365,12.170364,11.570364,11.870364,11.870364,12.270365,12.570364,11.470365,9.570364,8.370364,8.870364,8.570364
-6.5296354,-5.9296355,-6.0296354,-5.9296355,-6.3296356,-6.129636,-6.2296357,-5.4296355,-4.5296354,-4.2296357,-3.5296357,-2.4296355,-1.2296356,0.37036437,1.4703643,1.1703644,4.0703645,8.070364,9.570364,10.770365,8.370364,6.6703644,5.6703644,6.7703643,8.170364,9.170364,9.370364,9.170364,9.970365,10.570364,11.070364,10.370364,11.170364,11.270365,11.170364,10.470365,11.270365,12.170364,13.070364,13.470365,13.070364,12.970365,13.170364,13.170364,13.070364,11.170364,10.770365,11.270365,11.770365,12.470365,12.570364,12.670364,11.470365,10.270365,9.870364,9.470365,8.270365
-6.8296356,-6.0296354,-5.4296355,-5.2296357,-6.5296354,-6.2296357,-4.2296357,-2.3296356,-1.9296356,-1.8296356,-1.0296357,-2.1296356,1.1703644,1.0703644,2.7703643,3.9703643,5.4703646,7.9703646,8.970365,9.370364,8.870364,4.4703646,3.8703644,3.1703644,2.7703643,2.3703644,2.6703644,3.5703645,4.7703643,5.870364,6.9703646,7.370364,7.9703646,8.170364,8.670364,8.670364,8.370364,10.870364,11.770365,12.670364,12.370364,14.070364,13.070364,9.870364,10.370364,11.970365,12.370364,12.070364,11.170364,10.370364,11.570364,10.570364,10.770365,10.670364,9.870364,9.870364,9.670364
