public/data/weather/2019/09/29/0000-wind-isobaric-850hPa-gfs-1.0.json
{"header": { "discipline":0, "disciplineName":"Meteorological products", "gribEdition":2, "gribLength":52938, "center":7, "centerName":"US National Weather Service - NCEP(WMC)", "subcenter":0, "refTime":"2019-09-29T00:00:00.000Z", "significanceOfRT":1, "significanceOfRTName":"Start of forecast", "productStatus":0, "productStatusName":"Operational products", "productType":1, "productTypeName":"Forecast products", "productDefinitionTemplate":0, "productDefinitionTemplateName":"Analysis/forecast at horizontal level/layer at a point in time", "parameterCategory":2, "parameterCategoryName":"Momentum", "parameterNumber":2, "parameterNumberName":"U-component_of_wind", "parameterUnit":"m.s-1", "genProcessType":2, "genProcessTypeName":"Forecast", "forecastTime":0, "surface1Type":100, "surface1TypeName":"Isobaric surface", "surface1Value":85000.0, "surface2Type":255, "surface2TypeName":"Missing", "surface2Value":0.0, "gridDefinitionTemplate":0, "gridDefinitionTemplateName":"Latitude_Longitude", "numberPoints":65160, "shape":6, "shapeName":"Earth spherical with radius of 6,371,229.0 m", "gridUnits":"degrees", "resolution":48, "winds":"true", "scanMode":0, "nx":360, "ny":181, "basicAngle":0, "lo1":0.0, "la1":90.0, "lo2":359.0, "la2":-90.0, "dx":1.0, "dy":1.0 }, "data":
[rows 130 to 155 of 181, columns 57 to 113 of 360]
16.270365,16.170364,18.370365,21.470364,25.070364,23.070364,23.070364,28.470364,27.570364,26.570364,27.870365,26.670364,24.970364,24.170364,19.670364,20.670364,21.170364,18.370365,16.470364,16.370365,14.470365,14.170364,14.070364,13.970365,12.470365,12.170364,12.070364,12.370364,11.070364,12.170364,10.170364,10.970365,11.770365,11.670364,11.170364,10.970365,11.370364,11.570364,11.770365,10.870364,11.470365,11.370364,10.970365,11.870364,11.870364,12.570364,16.870365,13.970365,15.170364,21.070364,19.570364,17.270365,12.870364,9.870364,10.770365,10.370364,10.770365
12.870364,13.470365,14.170364,15.770365,16.770365,17.870365,21.670364,29.770365,26.270365,30.070364,30.570364,29.370365,27.170364,24.270365,24.770365,20.770365,22.170364,19.970364,17.970364,16.670364,15.370364,15.170364,14.270365,13.270365,12.470365,11.970365,12.170364,12.470365,11.970365,11.670364,11.870364,13.170364,13.470365,13.670364,12.770365,13.670364,14.770365,13.470365,13.570364,12.570364,12.170364,12.670364,12.270365,12.570364,13.570364,13.470365,14.870364,15.470365,19.470364,17.970364,18.270365,20.970364,16.570364,12.170364,13.170364,11.870364,12.570364
16.070364,16.470364,17.370365,17.970364,18.670364,19.670364,20.570364,19.970364,21.770365,24.370365,27.470364,32.070366,29.770365,27.870365,24.370365,20.970364,22.670364,21.170364,18.870365,18.070364,15.470365,15.570364,14.670364,13.770365,12.770365,12.270365,12.470365,11.470365,11.770365,11.570364,12.770365,13.970365,13.470365,14.070364,13.570364,14.070364,14.270365,14.070364,13.970365,14.370364,14.070364,13.970365,12.670364,13.770365,13.370364,14.970365,15.070364,14.870364,16.370365,19.670364,20.370365,18.570364,19.870365,17.270365,15.770365,14.270365,15.470365
19.970364,20.070364,19.270365,19.770365,20.870365,21.570364,21.970364,21.970364,21.370365,22.070364,21.670364,25.470364,29.270365,29.670364,28.170364,24.270365,21.370365,21.970364,20.370365,17.570364,15.970365,15.870364,15.170364,13.070364,12.370364,11.470365,11.070364,10.970365,11.470365,13.770365,14.370364,12.870364,13.070364,13.770365,13.970365,14.670364,15.570364,15.570364,15.970365,15.970365,15.870364,15.370364,14.770365,14.270365,14.970365,16.070364,15.970365,17.970364,17.870365,20.770365,21.770365,21.370365,18.270365,18.570364,17.270365,17.470364,17.770365
21.670364,22.270365,22.370365,22.070364,22.370365,22.770365,23.770365,22.870365,23.370365,23.670364,23.570364,22.770365,24.670364,28.370365,29.170364,25.270365,22.870365,21.070364,19.070364,17.570364,16.370365,15.270365,13.970365,13.070364,12.570364,11.370364,11.770365,13.770365,14.770365,12.470365,11.670364,12.470365,13.070364,13.370364,14.170364,15.070364,16.070364,17.470364,17.270365,17.670364,18.370365,17.270365,16.670364,15.970365,15.670364,16.270365,15.870364,17.570364,16.470364,19.470364,22.070364,24.070364,22.570364,20.070364,18.470364,16.870365,19.370365
22.770365,23.670364,24.970364,25.970364,26.570364,26.470364,24.470364,24.370365,23.570364,24.070364,25.170364,23.870365,25.170364,22.970364,28.070364,32.070366,24.670364,19.870365,19.470364,17.070364,16.570364,16.670364,13.270365,12.870364,13.570364,13.170364,13.970365,13.870364,12.670364,10.570364,12.170364,12.970365,13.770365,14.170364,14.670364,15.870364,16.770365,17.370365,18.470364,19.070364,19.270365,19.870365,20.170364,18.570364,17.270365,17.070364,16.570364,16.170364,21.170364,16.270365,20.470364,22.770365,20.270365,23.370365,20.470364,18.570364,17.670364
25.170364,24.870365,25.070364,25.670364,25.470364,26.970364,27.270365,26.870365,25.870365,25.770365,25.770365,24.970364,22.570364,22.870365,24.770365,31.470364,22.970364,17.770365,17.970364,16.470364,15.970365,15.970365,14.570364,13.870364,13.370364,13.970365,13.870364,12.970365,11.870364,12.470365,13.170364,13.670364,14.370364,15.570364,16.570364,17.570364,17.770365,18.370365,19.070364,19.770365,20.970364,20.670364,21.470364,21.670364,19.770365,18.570364,17.870365,18.070364,17.070364,22.770365,16.970364,18.070364,23.370365,19.370365,21.270365,21.370365,20.170364
17.370365,17.970364,20.870365,20.670364,23.870365,25.170364,26.270365,28.170364,28.970364,28.770365,27.470364,26.270365,25.970364,24.970364,24.070364,26.670364,30.270365,18.370365,17.270365,15.170364,15.670364,17.570364,15.570364,14.670364,13.670364,13.670364,13.170364,13.170364,12.870364,12.870364,13.370364,14.370364,15.370364,16.770365,17.970364,18.370365,18.670364,19.970364,20.670364,22.070364,22.370365,22.070364,22.170364,22.370365,23.470364,20.470364,19.470364,18.670364,16.870365,18.970364,21.070364,18.570364,17.170364,19.970364,18.770365,19.470364,22.270365
18.570364,20.970364,23.270365,25.770365,27.870365,29.270365,29.270365,28.770365,28.770365,28.770365,27.670364,26.170364,25.370365,25.070364,25.770365,21.670364,26.970364,19.870365,15.570364,14.870364,16.170364,18.470364,16.370365,15.770365,12.870364,13.170364,12.870364,12.970365,12.970365,13.070364,14.170364,15.070364,16.070364,16.770365,17.570364,18.670364,19.870365,20.870365,21.770365,22.670364,24.770365,25.170364,22.670364,22.270365,23.270365,22.470364,21.070364,20.470364,18.770365,19.170364,22.070364,18.970364,18.870365,20.570364,21.270365,20.570364,21.570364
19.470364,21.870365,24.670364,29.170364,33.970364,35.470364,32.370365,30.070364,28.270365,25.770365,27.070364,25.570364,25.870365,24.170364,21.970364,19.970364,26.770365,18.970364,14.470365,13.070364,15.170364,18.170364,16.170364,13.170364,11.470365,12.670364,12.370364,13.070364,12.970365,13.370364,13.970365,15.070364,15.470365,15.970365,17.070364,18.270365,19.670364,20.370365,21.470364,22.670364,22.470364,22.070364,22.270365,21.770365,22.570364,21.670364,20.870365,21.270365,22.070364,20.770365,22.170364,22.170364,19.870365,19.770365,22.570364,22.070364,21.870365
18.270365,20.070364,22.570364,24.970364,27.070364,25.970364,33.170364,27.070364,24.770365,22.870365,21.770365,21.570364,25.270365,21.470364,19.370365,17.870365,21.070364,15.270365,12.170364,11.170364,14.770365,15.570364,15.070364,10.770365,11.870364,12.470365,12.470365,12.870364,13.170364,12.970365,13.270365,13.870364,14.170364,15.270365,16.570364,17.270365,18.170364,19.270365,19.070364,16.470364,14.770365,18.570364,14.270365,16.870365,16.770365,20.070364,20.670364,19.670364,22.270365,22.270365,21.270365,19.970364,21.070364,21.070364,22.270365,22.970364,24.070364
15.570364,17.070364,18.170364,18.370365,17.570364,17.470364,17.970364,17.570364,18.670364,15.870364,14.770365,15.670364,16.670364,17.070364,18.270365,18.170364,17.470364,13.070364,10.470365,11.470365,13.770365,12.870364,9.370364,9.670364,11.570364,12.270365,11.970365,13.070364,12.770365,11.870364,12.870364,12.870364,13.670364,14.570364,15.370364,16.170364,16.270365,17.070364,15.470365,14.170364,13.370364,13.270365,13.370364,13.670364,14.270365,16.170364,19.670364,23.170364,19.770365,21.770365,20.670364,18.670364,19.170364,17.170364,19.570364,22.970364,23.570364
13.670364,13.770365,13.370364,12.870364,11.570364,9.870364,8.270365,11.870364,14.270365,15.170364,16.870365,16.270365,15.370364,17.070364,16.270365,14.870364,13.470365,9.570364,9.770365,10.770365,11.770365,9.170364,9.270365,10.470365,11.370364,12.170364,12.470365,12.370364,11.070364,12.870364,11.970365,12.870364,13.470365,14.570364,14.670364,15.370364,14.970365,13.770365,13.070364,12.770365,12.670364,11.770365,11.770365,9.870364,11.970365,14.370364,13.170364,14.470365,17.870365,18.470364,16.670364,16.170364,16.470364,17.070364,17.470364,20.370365,18.370365
12.170364,11.370364,9.870364,8.170364,6.5703645,2.8703644,9.170364,11.170364,13.470365,15.670364,17.370365,17.070364,17.970364,14.370364,11.770365,8.770365,6.870364,5.0703645,6.5703645,7.9703646,6.4703646,8.570364,8.770365,9.970365,10.870364,10.770365,11.770365,11.170364,12.370364,11.970365,12.470365,12.870364,13.770365,14.170364,14.870364,14.770365,14.170364,12.470365,11.270365,9.270365,8.870364,8.970365,9.970365,10.070364,8.170364,8.370364,10.670364,13.870364,14.370364,16.770365,13.870364,12.670364,13.070364,13.770365,12.970365,13.370364,11.570364
11.270365,9.870364,7.870364,5.6703644,3.9703643,3.4703643,1.5703644,2.6703644,10.070364,9.870364,9.070364,11.170364,9.670364,7.370364,4.0703645,2.6703644,2.4703643,3.8703644,4.9703646,5.370364,6.370364,5.5703645,6.6703644,8.670364,9.370364,10.670364,11.170364,10.470365,12.570364,12.370364,12.370364,13.070364,13.970365,14.470365,14.870364,14.370364,13.470365,11.670364,10.270365,8.770365,7.7703643,8.070364,6.9703646,6.6703644,6.9703646,10.170364,11.770365,11.770365,12.570364,8.770365,8.570364,8.670364,8.670364,7.2703643,6.870364,7.870364,6.4703646
10.870364,9.170364,6.870364,4.7703643,3.0703645,1.6703644,1.3703644,-0.5296356,-3.8296356,-6.129636,-6.4296355,-4.2296357,-4.9296355,-3.3296356,-1.2296356,0.6703644,0.6703644,0.6703644,2.5703645,3.8703644,4.0703645,4.1703644,5.870364,6.870364,8.570364,10.570364,9.370364,11.870364,11.170364,11.470365,11.970365,12.770365,13.270365,14.170364,13.870364,13.170364,10.070364,10.370364,8.470365,8.070364,6.870364,6.7703643,7.0703645,7.1703644,7.7703643,9.170364,10.070364,9.270365,7.370364,7.7703643,8.470365,8.470365,8.170364,8.870364,9.270365,8.270365,8.570364
10.670364,8.770365,6.9703646,5.6703644,3.4703643,0.4703644,0.57036436,1.1703644,1.2703644,-0.32963562,-0.5296356,-0.32963562,-0.4296356,-0.02963562,-0.32963562,0.4703644,1.6703644,2.3703644,3.1703644,4.0703645,5.4703646,4.870364,6.5703645,7.6703644,9.670364,8.870364,8.970365,9.770365,9.770365,10.270365,11.170364,11.670364,12.470365,12.770365,10.870364,9.970365,8.770365,8.270365,7.2703643,6.7703643,6.370364,6.370364,6.7703643,6.9703646,7.5703645,8.070364,8.070364,7.1703644,3.8703644,5.1703644,5.370364,6.1703644,6.9703646,7.5703645,7.0703645,3.7703643,5.7703643
11.770365,8.470365,7.9703646,5.9703646,4.2703643,2.9703643,1.0703644,0.7703644,0.57036436,2.8703644,1.4703643,-0.4296356,0.07036438,0.57036436,1.4703643,0.9703644,2.5703645,1.4703643,2.0703645,3.1703644,4.870364,6.870364,7.370364,7.2703643,6.9703646,7.0703645,7.6703644,7.870364,8.770365,9.270365,9.570364,9.870364,10.570364,9.770365,8.470365,7.0703645,7.1703644,7.1703644,6.4703646,6.5703645,6.370364,5.870364,5.9703646,5.6703644,6.2703643,6.2703643,6.0703645,2.9703643,2.1703644,3.0703645,0.6703644,-0.5296356,-0.32963562,1.2703644,2.0703645,2.2703643,1.6703644
8.870364,8.970365,7.870364,5.6703644,5.370364,2.8703644,1.8703644,0.57036436,0.7703644,0.6703644,0.7703644,-0.02963562,-0.4296356,-0.22963563,0.57036436,0.7703644,1.5703644,-0.32963562,1.7703644,3.4703643,4.2703643,4.7703643,4.370364,3.6703644,3.9703643,4.870364,5.9703646,7.0703645,7.5703645,7.2703643,7.1703644,7.6703644,7.6703644,7.0703645,6.1703644,6.1703644,6.2703643,6.5703645,6.6703644,6.7703643,6.870364,6.370364,5.370364,4.7703643,4.9703646,3.4703643,2.5703645,1.3703644,-0.4296356,1.5703644,0.57036436,-1.9296356,-2.9296355,-1.5296357,-0.4296356,0.6703644,2.1703644
7.9703646,8.070364,7.4703646,5.870364,4.2703643,3.2703643,1.4703643,0.07036438,-1.7296356,-0.62963563,-1.0296357,-1.6296356,-1.8296356,-1.8296356,-2.0296357,-1.2296356,-0.22963563,1.0703644,0.9703644,1.9703643,1.1703644,1.5703644,1.3703644,1.8703644,3.2703643,3.9703643,5.2703643,6.1703644,5.9703646,5.1703644,4.370364,4.1703644,4.4703646,3.8703644,3.7703643,2.5703645,4.0703645,5.7703643,7.5703645,9.470365,8.570364,7.4703646,6.870364,5.9703646,5.2703643,4.1703644,2.1703644,1.9703643,-2.5296357,-0.02963562,2.3703644,2.1703644,2.6703644,4.6703644,5.5703645,5.9703646,6.5703645
8.470365,7.7703643,7.5703645,5.7703643,4.1703644,3.7703643,2.6703644,1.2703644,-0.32963562,-1.9296356,-1.8296356,-0.8296356,-2.6296356,-2.8296356,-2.1296356,-2.0296357,-2.4296355,-0.8296356,0.17036438,-0.22963563,0.27036437,-0.4296356,0.07036438,1.3703644,1.9703643,3.6703644,4.6703644,4.2703643,3.1703644,2.5703645,1.4703643,0.37036437,0.07036438,-0.12963562,0.7703644,2.3703644,3.3703644,4.9703646,6.2703643,7.4703646,7.370364,8.470365,8.570364,8.670364,6.370364,5.7703643,4.9703646,2.3703644,1.2703644,-0.5296356,-0.5296356,4.1703644,5.9703646,7.370364,7.4703646,8.870364,10.470365
6.7703643,6.6703644,4.9703646,4.4703646,4.7703643,4.6703644,3.9703643,2.3703644,0.87036437,-1.0296357,-2.7296357,-3.8296356,-3.4296355,-3.4296355,-3.7296357,-2.5296357,-0.62963563,-1.3296356,-1.3296356,-1.8296356,-1.9296356,-1.9296356,-0.7296356,-0.02963562,1.5703644,1.8703644,1.4703643,0.6703644,0.7703644,0.27036437,-0.7296356,-1.7296356,-2.5296357,-3.9296355,-4.7296357,-3.4296355,-1.9296356,-0.4296356,4.0703645,5.0703645,4.5703645,5.370364,6.0703645,6.370364,5.9703646,4.9703646,4.7703643,4.7703643,3.9703643,3.5703645,3.9703643,3.7703643,5.6703644,8.570364,10.670364,11.170364,10.570364
0.6703644,1.5703644,2.8703644,2.7703643,2.3703644,2.5703645,4.370364,1.8703644,0.57036436,-0.92963564,-2.5296357,-3.8296356,-5.4296355,-4.4296355,-3.7296357,-3.1296356,-2.9296355,-3.5296357,-2.8296356,-3.2296357,-2.9296355,-2.0296357,-1.3296356,-0.32963562,-0.62963563,-1.8296356,-2.8296356,-3.6296356,-4.3296356,-4.5296354,-4.2296357,-4.0296354,-3.9296355,-5.0296354,-7.5296354,-9.229635,-9.229635,-7.0296354,-5.8296356,-2.5296357,1.4703643,2.3703644,3.1703644,2.8703644,3.2703643,4.4703646,5.4703646,5.9703646,5.9703646,5.7703643,5.9703646,6.5703645,7.4703646,7.0703645,9.570364,12.170364,14.370364
-0.12963562,-0.5296356,-0.8296356,-2.2296357,-3.3296356,-3.8296356,-3.4296355,-2.7296357,-1.2296356,-2.2296357,-4.0296354,-2.8296356,-4.3296356,-4.2296357,-4.7296357,-5.0296354,-4.2296357,-3.5296357,-3.3296356,-2.4296355,-2.0296357,-0.7296356,-0.12963562,-1.9296356,-3.2296357,-4.3296356,-6.2296357,-7.8296356,-8.529635,-8.729635,-8.429636,-8.629636,-8.829636,-9.129636,-9.429636,-9.929636,-11.429636,-13.329636,-14.929636,-14.529635,-11.529635,-7.129636,-3.7296357,-0.7296356,1.6703644,3.8703644,5.0703645,5.0703645,4.0703645,3.5703645,4.870364,5.0703645,5.6703644,6.6703644,7.6703644,10.570364,10.870364
-4.5296354,-4.2296357,-4.7296357,-6.0296354,-7.4296355,-8.629636,-8.729635,-7.4296355,-5.7296357,-7.129636,-7.629636,-6.0296354,-7.4296355,-5.129636,-4.5296354,-4.0296354,-3.9296355,-4.2296357,-4.9296355,-4.3296356,-1.7296356,-1.6296356,-3.0296357,-3.8296356,-5.2296357,-6.5296354,-6.9296355,-6.5296354,-6.2296357,-6.129636,-6.2296357,-6.5296354,-6.9296355,-7.8296356,-8.529635,-9.129636,-10.729635,-12.629636,-13.629636,-13.629636,-14.229635,-15.629636,-16.929636,-17.429636,-16.129635,-14.229635,-12.529635,-10.429636,-8.029635,-5.3296356,-3.7296357,-1.7296356,-0.8296356,-0.12963562,0.4703644,0.37036437,0.17036438
-10.429636,-10.329636,-9.829636,-9.029635,-8.829636,-8.829636,-9.029635,-9.329636,-9.329636,-9.429636,-8.729635,-7.0296354,-5.9296355,-5.4296355,-5.3296356,-5.3296356,-5.7296357,-5.129636,-3.4296355,-2.4296355,-3.6296356,-3.8296356,-4.7296357,-5.9296355,-6.3296356,-6.0296354,-6.129636,-5.7296357,-4.8296356,-5.5296354,-6.129636,-6.3296356,-6.3296356,-6.629636,-7.2296357,-8.029635,-8.929636,-10.329636,-11.229635,-12.729635,-13.729635,-14.029635,-14.229635,-14.329636,-16.429636,-17.429636,-18.729635,-19.229635,-19.629635,-19.129635,-18.229635,-17.329636,-16.429636,-15.729635,-15.129636,-14.629636,-13.329636
