public/data/weather/2019/09/29/0000-wind-isobaric-850hPa-gfs-1.0.json
{"header": { "discipline":0, "disciplineName":"Meteorological products", "gribEdition":2, "gribLength":54458, "center":7, "centerName":"US National Weather Service - NCEP(WMC)", "subcenter":0, "refTime":"2019-09-29T00:00:00.000Z", "significanceOfRT":1, "significanceOfRTName":"Start of forecast", "productStatus":0, "productStatusName":"Operational products", "productType":1, "productTypeName":"Forecast products", "productDefinitionTemplate":0, "productDefinitionTemplateName":"Analysis/forecast at horizontal level/layer at a point in time", "parameterCategory":2, "parameterCategoryName":"Momentum", "parameterNumber":3, "parameterNumberName":"V-component_of_wind", "parameterUnit":"m.s-1", "genProcessType":2, "genProcessTypeName":"Forecast", "forecastTime":0, "surface1Type":100, "surface1TypeName":"Isobaric surface", "surface1Value":85000.0, "surface2Type":255, "surface2TypeName":"Missing", "surface2Value":0.0, "gridDefinitionTemplate":0, "gridDefinitionTemplateName":"Latitude_Longitude", "numberPoints":65160, "shape":6, "shapeName":"Earth spherical with radius of 6,371,229.0 m", "gridUnits":"degrees", "resolution":48, "winds":"true", "scanMode":0, "nx":360, "ny":181, "basicAngle":0, "lo1":0.0, "la1":90.0, "lo2":359.0, "la2":-90.0, "dx":1.0, "dy":1.0 }, "data":
[rows 52 to 77 of 181, columns 0 to 57 of 360]
-0.8607544,-0.6607544,1.3392456,0.5392456,-1.8607544,-2.0607543,-1.5607544,-2.1607544,-2.8607545,-2.5607543,-1.6607544,-1.1607544,-0.4607544,0.33924562,0.7392456,-0.5607544,-0.8607544,-2.6607544,-1.3607544,-3.7607543,-3.1607544,-1.0607544,-1.1607544,-5.5607543,-7.4607544,-9.260755,-6.3607545,-3.2607543,-1.0607544,-1.6607544,-1.6607544,-0.7607544,-1.0607544,-2.0607543,1.3392456,-0.1607544,-4.7607546,-2.6607544,-3.2607543,-3.7607543,-10.160754,-3.8607545,-0.060754396,0.23924561,0.8392456,-2.1607544,-3.2607543,-1.0607544,-3.7607543,-2.8607545,-4.8607545,-8.060755,-6.7607546,-4.7607546,-2.5607543,1.1392456,6.5392456,0.23924561
-0.7607544,0.039245605,0.7392456,0.5392456,0.23924561,0.1392456,-0.2607544,-1.7607543,-2.9607544,-2.2607543,-1.2607543,-1.9607544,-2.4607544,-0.8607544,1.0392456,0.5392456,-1.1607544,-1.5607544,-2.4607544,-5.8607545,-5.2607546,-0.1607544,-1.0607544,-4.4607544,-7.7607546,-10.460754,-7.9607544,-4.8607545,-0.9607544,-2.0607543,-1.7607543,-3.1607544,-0.8607544,-3.5607543,-3.0607543,-2.6607544,-6.8607545,-4.4607544,-1.2607543,-1.0607544,-1.9607544,-2.2607543,-1.5607544,-0.060754396,-0.2607544,0.1392456,-1.3607544,1.7392457,-1.7607543,-2.9607544,-2.2607543,-3.3607545,-1.9607544,-1.9607544,4.7392454,1.5392456,-8.160754,-3.4607544
-0.5607544,-0.7607544,0.9392456,2.8392456,2.4392457,2.6392455,0.8392456,1.8392456,-0.2607544,-1.0607544,1.5392456,-2.5607543,-6.5607543,-1.7607543,-0.2607544,0.8392456,-1.4607544,-2.6607544,-4.0607543,-7.0607543,-5.2607546,-0.8607544,0.4392456,-3.9607544,-6.2607546,-9.360754,-9.460754,-5.5607543,-3.2607543,0.8392456,0.23924561,-1.9607544,-1.1607544,-1.3607544,-1.1607544,-2.6607544,-3.6607544,-3.9607544,-2.0607543,-1.9607544,-4.4607544,-2.5607543,-0.7607544,-0.4607544,-0.2607544,3.2392457,2.2392457,1.5392456,-0.1607544,-1.2607543,-10.960754,-0.7607544,-1.0607544,-1.7607543,-1.6607544,-4.160754,-9.060755,-3.2607543
-0.6607544,-2.0607543,0.1392456,-0.7607544,2.7392457,3.5392456,-1.4607544,-0.4607544,-0.060754396,-0.060754396,-2.0607543,-4.3607545,-7.160754,-2.2607543,-2.2607543,-0.9607544,-2.3607545,-3.5607543,-5.3607545,-5.2607546,-3.0607543,-0.9607544,-0.9607544,-2.4607544,-1.7607543,-3.5607543,-9.160754,-8.260755,-5.3607545,-2.1607544,0.039245605,0.039245605,-1.6607544,-0.7607544,-3.5607543,-3.0607543,-3.3607545,-2.4607544,-2.6607544,-2.2607543,-2.6607544,-2.2607543,-3.7607543,1.3392456,2.5392456,5.9392457,3.1392455,2.0392456,3.4392457,0.9392456,-0.6607544,-1.6607544,-7.4607544,-0.060754396,-0.060754396,-2.3607545,-13.760755,-11.260755
4.1392455,4.1392455,1.4392456,0.7392456,5.2392454,3.0392456,-2.2607543,-2.9607544,-0.5607544,-1.9607544,-3.7607543,-7.9607544,-5.8607545,-3.1607544,-2.8607545,-1.4607544,-1.8607544,-2.4607544,-2.7607543,-2.0607543,-1.0607544,-0.9607544,-1.4607544,-1.7607543,-1.9607544,-4.660754,-5.4607544,-7.8607545,-7.5607543,-4.9607544,-0.1607544,-0.6607544,-1.8607544,-0.6607544,-2.9607544,-2.4607544,-0.6607544,-1.3607544,-0.9607544,-1.3607544,-4.5607543,-5.9607544,-7.2607546,-2.9607544,-0.4607544,8.639246,4.7392454,1.6392456,1.1392456,2.4392457,3.9392457,1.9392456,-0.1607544,-8.160754,-0.4607544,-4.7607546,-9.460754,0.5392456
0.9392456,3.3392456,1.7392457,5.9392457,4.2392454,0.1392456,-3.8607545,-2.1607544,-1.7607543,-3.6607544,-5.8607545,-9.360754,-5.2607546,-3.7607543,-2.5607543,-2.0607543,-1.6607544,-3.5607543,-1.9607544,-0.6607544,2.8392456,1.3392456,-0.8607544,-1.4607544,-0.8607544,-2.7607543,-5.160754,-5.5607543,-6.5607543,-6.0607543,-3.8607545,-2.6607544,-2.2607543,-2.4607544,-3.4607544,-3.7607543,-1.9607544,2.1392455,0.6392456,0.4392456,-3.1607544,-4.660754,-4.3607545,2.3392456,6.2392454,7.839246,4.7392454,1.1392456,-1.4607544,-0.5607544,-0.3607544,-0.060754396,-0.4607544,-2.3607545,-5.160754,-1.5607544,-6.0607543,-5.4607544
1.5392456,-1.6607544,2.9392457,1.3392456,-0.5607544,-2.9607544,-5.5607543,-2.9607544,-3.4607544,-5.160754,-8.260755,-8.660754,-3.9607544,-3.7607543,-4.5607543,-4.3607545,-2.2607543,-2.3607545,-1.2607543,4.6392455,2.8392456,1.5392456,-0.5607544,-3.0607543,-1.2607543,-1.4607544,-3.8607545,-5.160754,-5.160754,-5.660754,-5.160754,-4.7607546,-4.160754,-4.4607544,-3.6607544,-1.8607544,-2.7607543,-3.0607543,-2.7607543,-2.4607544,-1.9607544,0.8392456,3.4392457,4.0392456,7.339246,6.0392456,3.7392457,-1.3607544,-5.8607545,-7.7607546,-1.4607544,1.0392456,0.1392456,-3.7607543,0.4392456,-1.0607544,1.3392456,-8.360754
5.2392454,-1.1607544,-1.7607543,-1.6607544,-4.3607545,-3.9607544,-4.660754,-3.9607544,-5.160754,-7.8607545,-8.860754,-4.3607545,-3.1607544,-2.5607543,-4.7607546,-6.5607543,-4.0607543,-2.1607544,-2.1607544,0.6392456,3.0392456,1.2392457,-0.7607544,-2.5607543,-3.7607543,-2.9607544,-2.2607543,-5.0607543,-7.3607545,-6.5607543,-6.160754,-5.8607545,-6.0607543,-5.3607545,-2.7607543,-0.9607544,-1.3607544,-2.0607543,-3.4607544,-0.9607544,-2.7607543,0.9392456,5.2392454,8.539246,7.0392456,3.0392456,4.1392455,-0.8607544,-7.160754,-11.660754,-4.4607544,-0.6607544,-1.1607544,1.4392456,-0.1607544,-1.2607543,-1.4607544,-0.4607544
3.2392457,1.6392456,-3.2607543,-1.9607544,-3.5607543,-5.5607543,-4.3607545,-4.3607545,-4.660754,-7.4607544,-6.160754,-2.8607545,-2.0607543,-2.5607543,-3.7607543,-5.5607543,-4.9607544,-3.3607545,-2.2607543,-0.9607544,1.6392456,0.8392456,-0.7607544,-1.5607544,-2.5607543,-2.0607543,-4.5607543,-3.7607543,-4.7607546,-5.7607546,-7.2607546,-8.160754,-7.160754,-5.9607544,-3.8607545,-3.6607544,-1.0607544,-2.1607544,-0.8607544,-1.0607544,1.1392456,4.1392455,7.9392457,6.2392454,4.6392455,4.839246,1.4392456,-2.2607543,-5.0607543,-8.360754,-10.060755,-4.160754,-0.060754396,-1.0607544,-4.0607543,-0.3607544,-0.060754396,3.1392455
0.5392456,-2.3607545,-1.5607544,-2.4607544,-3.5607543,-4.660754,-4.4607544,-5.3607545,-4.4607544,-3.8607545,-4.8607545,-4.9607544,-3.6607544,-3.6607544,-3.1607544,-4.9607544,-2.8607545,-0.9607544,-2.0607543,-0.5607544,-0.4607544,-0.8607544,-4.0607543,-1.8607544,0.039245605,-1.5607544,-4.3607545,-5.8607545,-5.5607543,-4.660754,-7.4607544,-7.2607546,-2.7607543,-4.0607543,-1.9607544,-4.7607546,-7.4607544,2.0392456,0.5392456,-2.7607543,0.039245605,8.539246,12.239245,8.339246,6.2392454,2.2392457,2.7392457,-2.6607544,-3.6607544,-6.160754,-9.760755,-9.960754,-6.8607545,-2.9607544,-2.6607544,-1.6607544,1.3392456,-1.1607544
-2.7607543,-0.6607544,-0.9607544,-4.0607543,-2.9607544,-4.5607543,-5.0607543,-3.2607543,-1.6607544,-0.6607544,-4.2607546,-1.9607544,-1.2607543,-1.4607544,-1.6607544,-2.5607543,-1.3607544,-2.5607543,-3.8607545,-3.2607543,-1.7607543,-0.1607544,-3.7607543,-3.5607543,-1.0607544,-1.2607543,-2.6607544,-4.660754,-6.660754,-4.660754,-4.3607545,-3.8607545,-1.9607544,-1.7607543,1.8392456,-0.8607544,-0.4607544,-0.9607544,-3.3607545,-6.660754,-3.4607544,5.2392454,10.739245,8.539246,5.5392456,2.1392455,1.6392456,0.4392456,-3.3607545,-6.9607544,-8.960754,-12.060755,-7.9607544,-5.2607546,-0.9607544,1.3392456,-0.5607544,-1.3607544
-3.8607545,-1.3607544,-4.9607544,-3.3607545,-3.8607545,-4.7607546,-3.2607543,-4.4607544,-0.1607544,-1.9607544,-4.0607543,-4.2607546,-2.2607543,-3.2607543,-2.4607544,-2.3607545,-2.9607544,-4.0607543,-4.660754,-0.7607544,-2.1607544,-0.8607544,-3.9607544,-2.0607543,-3.3607545,-5.660754,-3.8607545,-2.1607544,-3.2607543,-3.7607543,-3.7607543,-3.1607544,-1.9607544,0.1392456,-0.2607544,3.3392456,2.6392455,-0.3607544,-0.2607544,-9.760755,0.1392456,5.0392456,10.039246,10.739245,5.839246,2.0392456,1.6392456,0.5392456,-3.3607545,-9.360754,-10.260755,-11.760755,-7.7607546,-5.3607545,-3.2607543,-0.1607544,2.3392456,-1.1607544
-0.5607544,-2.2607543,-6.660754,-7.0607543,-5.660754,-4.5607543,-5.5607543,-6.0607543,-3.5607543,-4.2607546,-5.0607543,-4.660754,-3.2607543,-1.6607544,-0.8607544,-2.2607543,-1.1607544,0.5392456,-1.7607543,-1.4607544,-2.4607544,-2.4607544,-6.2607546,-1.7607543,-3.5607543,-6.0607543,-5.0607543,-3.6607544,-4.0607543,-5.3607545,-4.8607545,-3.0607543,-0.6607544,-1.3607544,1.1392456,2.4392457,1.1392456,-1.4607544,-3.2607543,-8.060755,1.7392457,1.5392456,7.339246,7.1392455,3.7392457,1.3392456,1.1392456,0.33924562,-2.8607545,-5.160754,-7.4607544,-8.060755,-5.160754,-3.6607544,-3.2607543,-0.1607544,1.0392456,2.1392455
-1.0607544,0.1392456,-3.4607544,-6.2607546,-7.3607545,-8.860754,-8.160754,-8.760755,-8.060755,-9.860754,-6.5607543,-1.6607544,-1.2607543,0.9392456,0.9392456,-1.4607544,-1.6607544,-0.5607544,-0.4607544,-1.1607544,-4.3607545,-6.0607543,-3.2607543,-4.7607546,-6.2607546,-5.160754,-4.8607545,-4.7607546,-5.3607545,-3.6607544,-3.1607544,-4.160754,-2.3607545,-0.2607544,1.8392456,0.9392456,-2.0607543,-4.160754,-4.9607544,-9.760755,-4.4607544,3.1392455,1.7392457,6.5392456,5.1392455,3.2392457,1.1392456,1.3392456,-1.9607544,-3.4607544,-4.2607546,-1.2607543,-0.9607544,-1.5607544,-1.6607544,-0.6607544,0.039245605,1.0392456
-0.7607544,-3.8607545,0.039245605,-4.3607545,-10.560755,-11.660754,-3.5607543,-4.3607545,-7.660754,-10.560755,-12.460754,-7.160754,-0.9607544,2.6392455,2.6392455,-0.5607544,-2.5607543,-5.160754,-1.2607543,-3.4607544,-4.7607546,-4.160754,-6.0607543,-5.5607543,-5.3607545,-2.6607544,-4.7607546,-4.8607545,-5.3607545,-5.0607543,-5.2607546,-5.660754,-4.3607545,-2.0607543,-1.2607543,-2.8607545,-5.5607543,-6.2607546,-5.8607545,-9.660754,1.1392456,1.1392456,3.5392456,2.6392455,3.5392456,3.2392457,1.5392456,0.6392456,0.1392456,-2.4607544,-3.3607545,-1.5607544,-1.3607544,-0.6607544,0.039245605,1.3392456,1.0392456,0.6392456
-0.7607544,-2.3607545,-2.8607545,-4.660754,-6.9607544,-9.460754,-9.360754,-11.860754,-11.560755,-9.260755,-8.060755,-7.660754,-3.7607543,1.1392456,2.3392456,0.8392456,-0.6607544,-2.8607545,-2.0607543,-3.2607543,-5.0607543,-5.2607546,-5.5607543,-3.8607545,-1.6607544,3.1392455,0.039245605,-1.2607543,-4.7607546,-2.9607544,-4.2607546,-7.5607543,-8.960754,-5.3607545,-6.160754,-5.9607544,-7.5607543,-7.7607546,-9.460754,-0.2607544,-0.9607544,3.8392456,0.6392456,4.0392456,2.3392456,4.6392455,1.0392456,0.23924561,-0.8607544,-1.4607544,-4.660754,-3.6607544,-2.3607545,-1.0607544,-2.0607543,-2.2607543,0.23924561,0.4392456
-4.2607546,-1.4607544,-2.7607543,-3.9607544,0.5392456,-1.5607544,-11.960754,-10.960754,-11.360754,-9.360754,-3.2607543,-3.5607543,-2.3607545,1.7392457,0.8392456,-3.6607544,-2.1607544,-3.6607544,-4.660754,-1.0607544,-7.7607546,-6.9607544,-7.160754,-4.4607544,-3.1607544,2.7392457,0.33924562,-2.8607545,-2.8607545,-4.3607545,-7.2607546,-7.160754,-9.060755,-7.7607546,-7.4607544,-9.560755,-10.660754,-9.760755,-10.160754,-5.2607546,2.0392456,0.8392456,1.9392456,0.6392456,-0.5607544,4.339246,2.3392456,-1.5607544,1.5392456,-0.060754396,-3.0607543,-2.6607544,-3.2607543,-0.7607544,-1.9607544,-1.6607544,-3.5607543,-2.7607543
0.4392456,-1.2607543,-2.8607545,-1.1607544,1.6392456,1.4392456,0.9392456,1.3392456,0.8392456,0.7392456,-0.6607544,0.8392456,-0.2607544,-2.0607543,-3.2607543,-6.660754,-4.160754,-3.1607544,0.23924561,-9.660754,-11.260755,-9.260755,-7.660754,-5.660754,-1.7607543,-0.060754396,-4.8607545,-6.160754,-4.3607545,-5.8607545,-6.3607545,-9.960754,-9.360754,-8.260755,-8.560755,-10.560755,-6.7607546,-8.760755,-7.2607546,-8.560755,-1.6607544,0.1392456,0.4392456,2.0392456,2.7392457,3.2392457,0.039245605,-3.2607543,-0.060754396,-1.1607544,-2.5607543,-2.4607544,-1.9607544,-3.6607544,-2.8607545,-2.7607543,-3.6607544,-3.3607545
1.1392456,-2.0607543,0.039245605,-0.9607544,-0.6607544,-3.3607545,-1.5607544,0.33924562,-0.8607544,-2.9607544,-1.3607544,-0.7607544,-1.4607544,-3.5607543,-6.4607544,-7.8607545,-2.8607545,5.4392457,-2.2607543,-12.460754,-9.960754,-6.0607543,-7.9607544,-6.2607546,-1.4607544,-2.3607545,-4.660754,-6.9607544,-7.8607545,-6.9607544,-7.9607544,-10.760755,-8.360754,-7.5607543,-9.560755,-5.660754,-5.7607546,-9.260755,-6.4607544,-6.3607545,-4.160754,-0.8607544,2.6392455,4.7392454,0.4392456,2.4392457,-0.5607544,-2.1607544,-1.0607544,-1.3607544,-1.7607543,-1.0607544,-3.0607543,-4.160754,-4.0607543,-1.0607544,-0.9607544,-0.4607544
3.1392455,2.0392456,-0.060754396,-3.0607543,-2.4607544,-0.8607544,-0.6607544,-2.3607545,-1.6607544,-2.1607544,-2.1607544,-1.6607544,-3.1607544,-1.5607544,-5.7607546,-7.660754,-3.7607543,1.9392456,0.6392456,-4.7607546,-5.660754,-7.160754,-7.160754,-1.0607544,-3.2607543,-3.9607544,-4.2607546,-6.3607545,-6.2607546,-9.560755,-8.260755,-7.0607543,-8.560755,-4.160754,-4.160754,-1.1607544,-4.3607545,-7.7607546,-6.5607543,-5.8607545,-4.160754,-4.0607543,0.1392456,3.3392456,2.1392455,-0.8607544,0.7392456,0.1392456,-1.4607544,-3.4607544,-2.5607543,-3.5607543,-4.9607544,-1.4607544,-1.2607543,-1.3607544,-1.4607544,-0.9607544
-0.060754396,0.9392456,1.3392456,0.7392456,-0.6607544,-0.6607544,-2.2607543,3.2392457,-3.0607543,-3.3607545,-3.1607544,-3.4607544,-2.0607543,-3.5607543,-4.8607545,-5.3607545,-1.6607544,-2.0607543,-4.3607545,-4.9607544,-6.9607544,-6.660754,-2.7607543,-3.5607543,-4.160754,-3.9607544,-4.4607544,-5.9607544,-7.3607545,-6.8607545,-9.360754,-8.960754,-4.4607544,-4.8607545,0.5392456,-1.4607544,-3.9607544,-4.660754,-3.8607545,-4.8607545,-3.9607544,-2.9607544,-3.8607545,-1.8607544,-4.5607543,-3.1607544,-1.8607544,-2.2607543,-1.6607544,-2.1607544,-0.2607544,-1.3607544,1.2392457,1.8392456,1.6392456,-1.6607544,2.9392457,1.3392456
-1.8607544,1.1392456,1.1392456,0.7392456,1.1392456,0.6392456,1.0392456,0.5392456,-2.6607544,-2.9607544,-6.9607544,-0.8607544,-1.6607544,-3.7607543,-5.2607546,-1.4607544,-2.3607545,-2.8607545,-3.8607545,-7.3607545,-4.5607543,-2.6607544,-6.5607543,-5.7607546,-3.6607544,-3.9607544,-3.4607544,-3.2607543,-5.660754,-3.4607544,-2.6607544,-1.8607544,-0.9607544,-1.7607543,3.0392456,-2.9607544,-1.7607543,-4.0607543,-0.4607544,-2.6607544,-2.6607544,-3.1607544,-4.4607544,-2.9607544,-2.8607545,-4.4607544,-3.4607544,-2.1607544,-0.7607544,0.9392456,-1.1607544,2.6392455,3.1392455,-1.3607544,4.339246,1.7392457,3.6392455,1.2392457
-0.8607544,-0.060754396,4.4392457,-0.1607544,-3.4607544,-0.3607544,-0.1607544,-0.8607544,-0.9607544,-3.0607543,-2.7607543,-1.5607544,-3.2607543,-2.1607544,-3.4607544,-3.9607544,-2.2607543,-3.9607544,-5.160754,-6.7607546,-0.2607544,-0.3607544,-2.8607545,-3.7607543,0.5392456,3.0392456,1.8392456,2.0392456,1.2392457,-0.9607544,-0.1607544,-0.4607544,0.7392456,-2.5607543,-0.7607544,-0.1607544,-4.4607544,-3.2607543,-0.7607544,-2.4607544,-3.1607544,-3.3607545,-3.3607545,-3.3607545,0.6392456,-4.5607543,-3.0607543,-3.1607544,1.7392457,3.5392456,0.1392456,2.9392457,5.7392454,5.2392454,3.4392457,3.7392457,2.7392457,1.8392456
1.1392456,3.0392456,2.1392455,-3.4607544,-4.0607543,-2.3607545,-2.7607543,-2.4607544,-3.5607543,-4.5607543,-3.0607543,-3.1607544,-3.7607543,-3.9607544,-4.2607546,-2.0607543,0.8392456,-0.7607544,-3.6607544,-4.660754,-3.9607544,-1.4607544,0.6392456,1.2392457,5.1392455,2.3392456,3.2392457,-0.5607544,-0.5607544,-0.3607544,2.9392457,0.23924561,-0.5607544,-1.8607544,-3.1607544,-4.2607546,-4.3607545,-3.2607543,-3.3607545,-3.1607544,-4.9607544,-5.660754,-0.9607544,-0.4607544,0.4392456,-2.1607544,-1.6607544,-0.9607544,4.7392454,3.3392456,2.4392457,3.8392456,4.9392457,3.8392456,2.6392455,2.0392456,1.3392456,1.1392456
-1.6607544,1.6392456,-0.2607544,-3.4607544,-3.2607543,-1.7607543,-5.8607545,-5.8607545,-4.4607544,-4.3607545,-2.9607544,-5.660754,-5.3607545,-5.2607546,-4.160754,-0.5607544,2.7392457,0.039245605,-7.0607543,-5.2607546,-1.4607544,-0.5607544,-0.5607544,2.9392457,2.4392457,4.7392454,0.8392456,1.0392456,-0.4607544,-1.7607543,1.2392457,-1.4607544,-2.3607545,-3.3607545,-1.7607543,-2.9607544,-3.8607545,-6.660754,1.3392456,-1.6607544,-2.9607544,-1.8607544,-0.4607544,3.3392456,0.1392456,-0.1607544,0.6392456,1.3392456,1.8392456,1.9392456,1.7392457,1.9392456,3.2392457,2.3392456,1.5392456,1.3392456,2.4392457,3.2392457
-0.7607544,-2.9607544,-2.5607543,-1.4607544,-1.7607543,-1.8607544,-3.4607544,-7.660754,-7.2607546,-1.8607544,-3.3607545,-5.660754,-6.3607545,-4.8607545,-3.3607545,-1.1607544,-0.060754396,-0.8607544,-4.8607545,-0.6607544,1.2392457,1.1392456,3.4392457,3.1392455,0.7392456,1.6392456,0.039245605,-1.9607544,-1.2607543,-2.4607544,0.23924561,-1.5607544,-3.8607545,-2.4607544,-3.0607543,-3.3607545,-4.160754,0.23924561,-2.4607544,1.2392457,-0.5607544,-4.9607544,-1.8607544,-0.9607544,-1.5607544,-1.7607543,-1.7607543,0.33924562,2.5392456,3.0392456,2.4392457,1.9392456,2.1392455,1.6392456,1.8392456,3.3392456,4.0392456,4.4392457
