views/data/weather/2019/09/28/0000-wind-isobaric-500hPa-gfs-1.0.json
{"header": { "discipline":0, "disciplineName":"Meteorological products", "gribEdition":2, "gribLength":78186, "center":7, "centerName":"US National Weather Service - NCEP(WMC)", "subcenter":0, "refTime":"2019-09-28T00:00:00.000Z", "significanceOfRT":1, "significanceOfRTName":"Start of forecast", "productStatus":0, "productStatusName":"Operational products", "productType":1, "productTypeName":"Forecast products", "productDefinitionTemplate":0, "productDefinitionTemplateName":"Analysis/forecast at horizontal level/layer at a point in time", "parameterCategory":2, "parameterCategoryName":"Momentum", "parameterNumber":3, "parameterNumberName":"V-component_of_wind", "parameterUnit":"m.s-1", "genProcessType":2, "genProcessTypeName":"Forecast", "forecastTime":0, "surface1Type":100, "surface1TypeName":"Isobaric surface", "surface1Value":50000.0, "surface2Type":255, "surface2TypeName":"Missing", "surface2Value":0.0, "gridDefinitionTemplate":0, "gridDefinitionTemplateName":"Latitude_Longitude", "numberPoints":65160, "shape":6, "shapeName":"Earth spherical with radius of 6,371,229.0 m", "gridUnits":"degrees", "resolution":48, "winds":"true", "scanMode":0, "nx":360, "ny":181, "basicAngle":0, "lo1":0.0, "la1":90.0, "lo2":359.0, "la2":-90.0, "dx":1.0, "dy":1.0 }, "data":
[rows 108 to 134 of 181, columns 180 to 239 of 360]
-4.485542,-5.035542,-5.765542,-6.725542,-4.835542,-7.015542,-7.735542,-7.935542,-8.345542,-6.945542,-6.545542,-5.685542,-5.795542,-6.005542,-5.785542,-5.615542,-4.955542,-4.685542,-4.215542,-3.575542,-3.545542,-2.785542,-1.725542,-1.135542,-0.70554197,-0.505542,-0.435542,-0.15554199,-0.805542,-0.905542,-1.595542,-1.625542,-1.845542,-1.555542,-1.335542,-0.265542,-0.265542,0.09445801,0.43445802,0.334458,0.66445804,1.154458,1.004458,1.824458,2.674458,2.304458,1.724458,2.3244581,2.724458,2.954458,3.104458,3.954458,4.624458,4.984458,5.534458,6.394458,6.704458,6.824458,7.924458,7.664458
-6.375542,-5.145542,-3.895542,-5.025542,-5.405542,-7.995542,-5.865542,-5.995542,-7.335542,-6.235542,-3.825542,-3.845542,-5.185542,-5.045542,-5.275542,-5.535542,-4.755542,-5.025542,-4.365542,-3.235542,-2.9255419,-2.605542,-2.385542,-1.355542,-1.215542,-0.885542,0.414458,1.184458,0.634458,0.864458,-0.28554198,0.17445801,-0.925542,-0.535542,-0.13554199,0.104458004,0.924458,1.5144581,1.784458,2.514458,2.944458,4.084458,4.434458,3.894458,3.694458,3.694458,4.584458,4.394458,3.594458,3.844458,4.014458,4.024458,5.074458,5.064458,5.954458,6.254458,6.474458,7.074458,7.074458,6.914458
-8.545542,-8.985542,-6.905542,-4.785542,-4.655542,-5.365542,-5.475542,-5.675542,-5.845542,-4.485542,-3.765542,-2.535542,-2.665542,-3.625542,-2.805542,-2.815542,-4.085542,-3.605542,-2.765542,-2.115542,-2.375542,-1.675542,-0.665542,-0.025541993,-0.035541993,0.344458,1.414458,1.474458,0.22445801,0.20445801,0.944458,-0.845542,-0.825542,0.43445802,1.144458,1.424458,2.364458,3.274458,4.434458,4.514458,4.794458,4.214458,4.024458,4.544458,4.364458,3.694458,3.334458,2.924458,2.644458,2.864458,2.704458,2.924458,3.454458,4.124458,4.864458,6.274458,6.194458,5.614458,5.584458,6.394458
-9.845542,-9.725542,-8.935542,-8.315542,-6.235542,-5.725542,-5.525542,-5.935542,-6.795542,-4.925542,-3.885542,-2.275542,-2.055542,-2.505542,-1.675542,-1.535542,-1.355542,-2.005542,-2.6755419,-1.705542,-1.495542,-1.525542,-1.265542,-0.205542,0.85445803,0.814458,1.444458,1.944458,2.064458,2.0744581,1.694458,1.294458,1.114458,1.454458,2.274458,2.414458,2.364458,3.124458,4.174458,4.854458,5.264458,4.664458,4.364458,3.484458,3.304458,3.114458,2.874458,2.644458,3.294458,2.934458,2.124458,2.184458,3.384458,4.444458,5.374458,4.584458,5.014458,5.814458,5.614458,5.284458
-10.145542,-10.495542,-9.375542,-9.285542,-8.025542,-7.185542,-5.675542,-5.305542,-5.235542,-4.955542,-3.965542,-3.505542,-3.025542,-3.465542,-3.595542,-2.605542,-2.185542,-2.755542,-2.095542,-1.035542,-0.885542,-0.785542,-1.215542,-0.755542,-0.09554199,0.30445802,0.984458,0.594458,0.104458004,0.824458,1.044458,0.444458,0.294458,1.0144581,2.254458,2.374458,3.004458,3.744458,5.024458,5.414458,4.864458,5.084458,4.584458,3.644458,3.274458,2.974458,2.104458,2.3244581,1.674458,0.954458,0.844458,1.814458,2.404458,2.964458,3.794458,3.894458,4.004458,3.974458,3.594458,2.924458
-10.265542,-11.455542,-10.805542,-9.315542,-8.005542,-7.445542,-7.815542,-6.545542,-4.955542,-3.765542,-3.405542,-2.635542,-2.505542,-3.215542,-2.595542,-3.275542,-3.985542,-3.105542,-3.715542,-4.035542,-3.665542,-3.685542,-2.875542,-2.055542,-1.805542,-1.495542,-0.655542,0.11445801,0.154458,0.034458008,-0.265542,-0.225542,1.064458,1.124458,0.79445803,0.904458,1.214458,2.644458,3.394458,3.284458,3.424458,3.454458,2.764458,2.3244581,2.714458,1.754458,0.834458,0.824458,1.314458,1.614458,0.504458,0.814458,1.344458,2.234458,3.054458,3.714458,4.834458,4.804458,4.744458,4.914458
-7.765542,-13.715542,-11.515542,-9.845542,-8.055542,-7.695542,-7.595542,-7.035542,-7.075542,-6.775542,-4.905542,-2.605542,-1.655542,-1.885542,-2.195542,-2.065542,-1.845542,-2.505542,-3.515542,-4.225542,-4.035542,-3.465542,-3.415542,-3.515542,-3.265542,-2.655542,-1.655542,-1.2355419,-0.795542,-0.06554199,0.614458,0.91445804,0.724458,1.124458,1.774458,2.024458,1.034458,2.464458,2.804458,3.184458,3.024458,3.674458,3.944458,3.284458,1.804458,0.684458,0.554458,0.744458,0.784458,0.30445802,0.034458008,0.814458,2.114458,3.164458,3.434458,3.884458,4.364458,4.734458,5.274458,5.314458
-5.605542,-8.485542,-7.935542,-10.005542,-9.735542,-8.365542,-8.655542,-7.195542,-5.355542,-4.685542,-5.375542,-5.125542,-3.035542,-1.995542,-2.625542,-3.035542,-1.995542,-1.245542,-1.035542,-1.935542,-1.9855419,-2.855542,-2.495542,-2.255542,-2.685542,-2.345542,-1.605542,-1.165542,-1.545542,-1.085542,-0.525542,0.08445801,0.774458,1.664458,1.934458,2.524458,2.724458,1.794458,1.294458,1.544458,1.894458,2.494458,2.714458,1.954458,2.654458,2.104458,-0.385542,-1.305542,-1.125542,-0.795542,0.20445801,0.904458,2.984458,3.494458,4.394458,4.964458,5.514458,5.384458,5.334458,5.374458
-5.745542,-4.485542,-4.205542,-5.345542,-7.255542,-6.225542,-5.465542,-6.045542,-6.305542,-5.195542,-4.515542,-3.755542,-1.665542,-2.385542,-0.725542,-0.975542,-0.89554197,-0.915542,-0.765542,-0.58554196,-1.155542,-1.8655419,-2.515542,-2.715542,-2.645542,-2.315542,-1.385542,-0.355542,0.66445804,0.284458,0.60445803,1.024458,1.724458,2.024458,3.104458,3.364458,4.394458,4.434458,4.624458,3.8244581,2.024458,4.354458,6.854458,4.824458,3.424458,4.004458,1.434458,-0.15554199,-0.915542,-0.775542,0.004458008,1.374458,2.224458,3.124458,3.424458,3.814458,5.324458,5.214458,4.014458,3.054458
-3.045542,-2.375542,-1.8655419,-1.525542,-1.295542,-2.725542,-1.005542,-1.7355419,-3.045542,-3.715542,-3.775542,-3.215542,-2.555542,-1.165542,-2.045542,-1.605542,-0.885542,-0.595542,-0.235542,-0.265542,-0.515542,-0.725542,-1.135542,-1.415542,-1.325542,-1.275542,-0.685542,0.024458008,-0.10554199,0.924458,1.204458,1.364458,1.624458,2.054458,2.844458,3.654458,4.644458,4.704458,5.004458,4.754458,4.524458,1.414458,1.054458,8.064458,6.394458,9.204458,1.354458,-0.905542,-3.515542,-2.515542,-1.6155419,-0.505542,1.224458,1.304458,2.034458,3.204458,4.534458,2.684458,0.774458,0.104458004
-1.915542,-0.37554199,-0.12554199,-1.595542,-1.895542,-2.295542,-2.065542,-2.975542,-2.805542,-2.375542,-3.025542,-2.635542,-1.445542,-0.64554197,-0.435542,0.454458,0.11445801,-0.295542,0.024458008,-0.16554199,-0.64554197,-0.505542,-0.21554199,-0.16554199,0.314458,0.884458,1.484458,0.694458,0.774458,0.79445803,0.79445803,1.794458,1.734458,1.904458,2.584458,3.294458,4.254458,5.184458,5.754458,5.294458,3.954458,2.214458,-1.335542,4.064458,4.604458,-1.375542,-11.615542,-1.2355419,-2.375542,-2.355542,-1.385542,1.404458,0.004458008,-1.205542,-0.805542,1.254458,-0.765542,-0.08554199,0.104458004,1.224458
-1.465542,-0.935542,0.754458,1.104458,1.174458,-0.055541992,0.254458,-1.155542,-1.245542,-1.715542,-1.385542,-0.865542,-0.425542,-0.355542,0.09445801,0.214458,0.23445801,0.184458,0.524458,0.644458,1.214458,1.174458,0.524458,0.384458,0.754458,2.214458,2.624458,2.494458,1.484458,0.934458,0.744458,0.43445802,0.30445802,1.274458,3.274458,4.264458,5.964458,6.744458,5.804458,3.784458,1.814458,2.764458,-0.47554198,5.314458,-4.155542,-10.845542,-12.215542,-7.435542,1.094458,2.714458,1.664458,3.694458,0.424458,-2.735542,-1.135542,-2.495542,-2.135542,0.344458,1.334458,2.544458
-0.665542,-0.10554199,-0.525542,-0.395542,0.484458,0.804458,0.154458,-0.495542,-0.875542,-0.845542,0.17445801,0.814458,0.934458,0.884458,0.704458,-0.055541992,-0.555542,-0.275542,0.394458,0.334458,0.164458,0.19445801,1.024458,1.314458,1.824458,2.204458,2.394458,2.024458,0.844458,1.834458,3.054458,2.874458,2.554458,4.674458,6.094458,8.044458,9.854458,7.954458,7.084458,4.654458,2.694458,-2.6755419,-5.035542,-9.395542,-10.385542,-12.435542,-13.355542,-10.485542,1.3844581,-0.575542,0.294458,2.224458,-2.355542,-4.005542,-2.535542,-2.755542,-1.315542,1.254458,1.864458,4.864458
0.554458,-0.425542,0.524458,1.464458,0.784458,0.014458008,0.024458008,0.154458,0.254458,0.184458,0.104458004,-0.495542,-0.28554198,-0.015541992,0.20445801,0.154458,0.724458,0.594458,0.724458,0.364458,0.20445801,0.904458,1.964458,2.424458,2.794458,3.344458,3.3244581,3.024458,4.114458,5.304458,3.834458,4.324458,5.654458,6.804458,9.034458,10.124458,8.394458,5.904458,5.744458,5.714458,4.004458,-2.605542,-6.825542,-8.525542,-2.1755419,-16.055542,-7.615542,-4.775542,-4.505542,-3.045542,-3.145542,-5.095542,-7.195542,-2.855542,-2.595542,-2.305542,-0.295542,3.924458,6.114458,5.824458
1.524458,1.674458,1.234458,1.204458,1.744458,2.404458,2.544458,1.834458,1.254458,0.694458,0.634458,1.154458,1.314458,0.384458,-0.13554199,-0.06554199,-0.055541992,-0.655542,-0.885542,-1.105542,-0.545542,0.104458004,0.804458,0.694458,1.314458,2.094458,2.254458,3.134458,4.624458,4.594458,4.964458,5.284458,5.484458,5.574458,6.514458,6.644458,4.464458,1.504458,4.074458,4.314458,-0.595542,-8.895542,-13.605542,-13.505542,-13.945542,-7.655542,-7.085542,4.014458,6.644458,-3.685542,-2.9255419,-5.565542,-4.545542,-3.445542,-3.845542,0.584458,4.414458,5.954458,6.484458,5.874458
1.824458,1.334458,0.994458,0.85445803,1.804458,2.954458,3.274458,3.154458,3.264458,2.904458,2.394458,1.464458,1.114458,0.804458,0.19445801,0.294458,0.484458,0.834458,0.614458,1.104458,1.234458,1.224458,2.474458,3.804458,3.954458,4.704458,5.824458,5.304458,5.074458,5.004458,5.294458,4.774458,4.214458,3.474458,2.634458,0.804458,0.214458,-1.205542,1.224458,-2.335542,-3.445542,-6.145542,-8.985542,-7.685542,-2.955542,2.654458,3.604458,8.734458,7.724458,-2.395542,-5.945542,-4.805542,-5.315542,-2.465542,2.024458,3.354458,4.414458,6.354458,4.024458,3.234458
4.184458,3.384458,3.024458,2.894458,2.814458,3.524458,3.864458,3.634458,2.094458,2.534458,2.474458,3.754458,3.364458,3.124458,2.584458,2.804458,3.094458,2.914458,3.964458,4.414458,5.284458,4.904458,5.524458,5.484458,5.544458,4.164458,4.054458,4.174458,3.904458,3.624458,2.914458,1.584458,0.46445802,0.594458,-0.34554198,-2.1755419,-5.435542,-2.985542,-2.435542,-8.965542,-8.645542,-2.995542,-1.215542,2.664458,2.224458,1.154458,0.12445801,-3.205542,-3.695542,-8.585542,-7.645542,-6.625542,-1.165542,1.714458,3.794458,2.994458,3.874458,3.024458,3.464458,3.284458
5.184458,3.674458,1.8844581,2.164458,4.704458,5.574458,5.664458,4.554458,2.454458,0.314458,1.034458,3.624458,4.814458,4.964458,4.794458,4.184458,4.114458,4.474458,4.504458,4.474458,4.554458,4.484458,4.784458,4.454458,4.444458,3.854458,3.404458,2.674458,2.344458,1.864458,1.204458,-0.06554199,-0.385542,-1.185542,-2.955542,-5.915542,-8.425542,-7.325542,-7.545542,-9.035542,-10.515542,-6.025542,-1.905542,-6.035542,-5.835542,-6.565542,-8.145542,-9.745542,-7.635542,-5.575542,-3.905542,-1.385542,1.434458,1.894458,1.064458,1.834458,1.534458,2.3244581,1.404458,2.294458
4.284458,2.644458,2.3244581,4.234458,5.444458,6.544458,7.274458,4.924458,2.374458,-1.465542,-1.655542,1.244458,3.104458,3.764458,4.244458,4.284458,4.294458,4.674458,5.024458,5.664458,6.164458,6.554458,6.484458,6.024458,5.064458,4.104458,3.314458,2.354458,1.274458,0.574458,-0.115541995,-1.145542,-3.225542,-3.835542,-7.145542,-7.915542,-8.515542,-8.995542,-8.565542,-9.515542,-8.485542,-5.885542,-8.715542,-8.985542,-10.215542,-8.905542,-7.525542,-4.785542,-2.415542,-2.565542,-2.375542,0.444458,1.644458,0.024458008,0.784458,-0.615542,0.134458,0.514458,0.354458,0.284458
3.224458,4.044458,3.624458,3.124458,4.284458,6.174458,6.824458,4.634458,2.414458,1.034458,1.294458,2.454458,3.164458,3.424458,4.254458,4.854458,5.264458,5.864458,7.464458,8.184458,8.634458,8.964458,8.644458,8.494458,7.464458,5.764458,3.594458,0.734458,-0.15554199,-2.035542,-2.885542,-3.205542,-5.205542,-5.055542,-5.245542,-5.895542,-8.505542,-11.955542,-10.465542,-12.165542,-9.835542,-9.525542,-8.445542,-8.765542,-8.635542,-6.795542,-4.165542,-1.625542,-2.005542,-2.195542,-2.255542,-0.205542,-0.405542,-1.685542,-2.595542,-1.975542,-0.635542,-1.465542,-0.985542,-1.375542
2.614458,2.724458,3.174458,3.614458,4.444458,5.074458,5.054458,4.074458,3.114458,2.794458,3.054458,3.974458,4.884458,5.854458,6.194458,6.124458,6.604458,7.614458,9.364458,10.604458,11.754458,12.444458,12.304458,11.474458,9.394458,6.584458,3.694458,1.664458,-2.585542,-5.695542,-6.985542,-7.685542,-7.705542,-6.505542,-6.595542,-6.965542,-7.525542,-11.285542,-12.585542,-15.165542,-13.185542,-10.905542,-10.485542,-10.745542,-8.895542,-7.045542,-4.395542,-2.775542,-1.595542,-2.025542,-2.195542,-0.765542,-0.845542,-4.195542,-3.015542,-3.065542,-3.695542,-2.685542,-0.95554197,-0.455542
2.274458,2.304458,2.974458,3.734458,4.834458,5.094458,6.344458,5.964458,5.364458,5.304458,4.734458,4.654458,5.244458,6.404458,6.624458,6.344458,7.344458,9.854458,10.834458,11.514458,14.514458,16.894459,18.024458,17.084457,12.994458,8.264458,3.424458,-0.06554199,-3.095542,-8.205542,-11.415542,-10.965542,-9.645542,-8.655542,-9.395542,-8.005542,-8.225542,-10.485542,-12.905542,-15.465542,-15.365542,-13.385542,-12.235542,-11.425542,-9.295542,-8.565542,-5.865542,-4.065542,-2.315542,-3.435542,-2.095542,-1.4855419,-1.285542,-5.505542,-6.215542,-5.895542,-5.515542,-3.605542,-2.275542,-1.145542
1.804458,2.204458,3.154458,5.064458,5.724458,6.094458,5.664458,5.744458,5.704458,6.724458,6.794458,7.034458,7.824458,8.594458,9.114458,9.104458,9.634458,9.294458,9.304458,12.854458,17.364458,21.554459,23.554459,22.114458,16.914457,8.324458,0.884458,-3.265542,-6.515542,-8.555542,-12.935542,-14.795542,-13.625542,-11.605542,-10.205542,-9.625542,-9.695542,-10.695542,-13.305542,-15.515542,-16.345543,-16.535542,-16.445541,-15.965542,-8.635542,-10.995542,-9.355542,-6.075542,-4.615542,-3.035542,-2.535542,-0.365542,-2.365542,-7.105542,-6.815542,-6.565542,-5.075542,-2.745542,-2.845542,-1.895542
-0.12554199,0.49445802,2.434458,4.444458,5.694458,6.254458,6.074458,6.984458,6.974458,7.144458,8.314458,8.174458,8.924458,9.044458,8.994458,9.274458,9.774458,8.364458,9.874458,13.864458,17.144459,24.044458,29.934458,28.474459,17.914457,9.484458,2.794458,-1.955542,-8.845542,-11.905542,-13.215542,-14.525542,-16.825542,-15.615542,-14.395542,-12.385542,-12.435542,-12.245542,-13.365542,-14.555542,-17.065542,-17.855541,-18.815542,-18.455542,-13.465542,-14.555542,-9.025542,-8.195542,-5.785542,-1.885542,-3.105542,-2.225542,-4.235542,-6.735542,-6.245542,-6.015542,-3.825542,-2.385542,-1.555542,-1.205542
0.43445802,1.1344581,3.044458,4.544458,5.044458,4.824458,5.534458,6.784458,7.644458,7.164458,7.504458,8.104458,9.114458,9.884458,11.034458,10.644458,10.204458,8.624458,9.904458,13.994458,19.564459,26.204458,32.66446,23.764458,13.614458,4.934458,0.764458,1.164458,-1.495542,-10.585542,-16.535542,-16.045542,-16.275541,-18.095543,-18.185541,-17.155542,-15.185542,-15.265542,-15.185542,-15.935542,-16.615541,-18.015541,-19.645542,-21.395542,-18.725542,-14.075542,-14.445542,-10.245542,-6.855542,-3.795542,-3.715542,-2.325542,-5.365542,-6.205542,-6.975542,-4.055542,-3.275542,-2.475542,-0.95554197,-0.16554199
1.534458,1.744458,2.264458,2.014458,2.564458,3.454458,4.184458,5.234458,6.534458,6.854458,7.614458,8.584458,9.874458,9.844458,10.774458,10.854458,10.274458,10.334458,12.054458,16.454458,22.144459,26.734459,33.07446,19.164457,13.394458,7.524458,3.564458,0.904458,1.494458,-1.2355419,-10.655542,-14.695542,-17.745543,-19.635542,-20.435541,-20.315542,-19.025541,-17.615541,-18.325542,-18.775541,-18.605541,-18.795542,-20.325542,-21.325542,-19.445541,-18.045542,-14.755542,-10.065542,-8.255542,-4.585542,-2.475542,-3.075542,-4.715542,-7.255542,-6.505542,-4.205542,-3.275542,-0.28554198,1.914458,0.424458
5.994458,5.134458,5.104458,4.914458,3.224458,2.294458,3.024458,3.534458,5.434458,7.264458,7.794458,8.284458,9.614458,10.564458,11.434458,12.524458,11.464458,11.774458,14.004458,17.674458,22.484459,25.724459,31.154457,12.154458,9.384458,4.124458,1.244458,1.654458,2.014458,1.644458,-2.345542,-11.215542,-15.025542,-18.325542,-22.155542,-21.685541,-22.605541,-21.765541,-20.585543,-21.465542,-21.855541,-20.525541,-20.345543,-18.075542,-18.955542,-16.055542,-15.255542,-13.005542,-10.855542,-5.965542,-3.975542,-3.205542,-5.565542,-8.215542,-7.505542,-6.245542,-3.445542,-0.145542,3.134458,2.154458
