views/data/weather/2019/09/28/0000-wind-isobaric-500hPa-gfs-1.0.json
{"header": { "discipline":0, "disciplineName":"Meteorological products", "gribEdition":2, "gribLength":76714, "center":7, "centerName":"US National Weather Service - NCEP(WMC)", "subcenter":0, "refTime":"2019-09-28T00:00:00.000Z", "significanceOfRT":1, "significanceOfRTName":"Start of forecast", "productStatus":0, "productStatusName":"Operational products", "productType":1, "productTypeName":"Forecast products", "productDefinitionTemplate":0, "productDefinitionTemplateName":"Analysis/forecast at horizontal level/layer at a point in time", "parameterCategory":2, "parameterCategoryName":"Momentum", "parameterNumber":2, "parameterNumberName":"U-component_of_wind", "parameterUnit":"m.s-1", "genProcessType":2, "genProcessTypeName":"Forecast", "forecastTime":0, "surface1Type":100, "surface1TypeName":"Isobaric surface", "surface1Value":50000.0, "surface2Type":255, "surface2TypeName":"Missing", "surface2Value":0.0, "gridDefinitionTemplate":0, "gridDefinitionTemplateName":"Latitude_Longitude", "numberPoints":65160, "shape":6, "shapeName":"Earth spherical with radius of 6,371,229.0 m", "gridUnits":"degrees", "resolution":48, "winds":"true", "scanMode":0, "nx":360, "ny":181, "basicAngle":0, "lo1":0.0, "la1":90.0, "lo2":359.0, "la2":-90.0, "dx":1.0, "dy":1.0 }, "data":
[rows 25 to 49 of 181, columns 228 to 284 of 360]
7.335623,7.7856226,7.7856226,8.065622,8.465623,8.265622,7.6556225,6.3756227,6.3456225,6.7656226,5.9556227,5.3156223,3.7356226,4.2156224,4.7056227,4.6256227,5.7956223,5.8256226,5.2256227,4.8756227,3.5256226,3.2856226,4.6256227,6.0756226,5.5656223,4.5656223,3.7056227,3.2456226,2.4756227,1.5656226,1.7056226,1.7156225,1.9956225,0.69562256,-0.0043774415,0.045622557,1.2456225,-0.25437745,0.25562257,-1.7543775,-2.9643774,-5.0943775,-6.8743773,-7.8643775,-7.5443773,-8.084377,-5.894377,-5.6843777,-5.9743776,-6.8243775,-7.0743775,-8.284377,-8.6343775,-9.944378,-10.624377,-10.124377,-10.484378
15.715623,14.1556225,11.925623,11.385623,9.215623,6.6756225,5.3056226,4.9656224,4.7856226,3.0856225,2.6056225,1.6056225,1.7256225,3.0556226,4.4456224,4.3256226,3.5156226,3.5056226,2.8556225,2.2556226,3.3156226,4.585623,5.4056225,5.1756225,4.3856225,3.5856225,2.5856225,2.6156225,2.9856226,2.0156226,1.2656226,1.9756225,2.1656225,1.7956226,1.5056225,-0.024377441,-0.34437743,-0.60437745,-2.1343775,-4.2443776,-4.7743773,-4.4943776,-4.6143775,-5.644377,-6.1343775,-6.9043775,-6.5743775,-6.0643773,-6.5243773,-7.8743773,-8.934378,-8.584377,-8.324377,-7.0443773,-7.144377,-7.9343777,-9.364377
18.345623,16.495623,13.965623,10.815622,7.4956226,5.2756224,3.4456224,3.2456226,2.3056226,2.0456226,1.7556225,1.4156226,1.6656226,1.7156225,2.5856225,0.6256226,0.9256226,1.9856225,2.4656227,3.8856225,3.5856225,3.4756227,3.5656226,3.2256227,2.8556225,2.2856226,2.2156227,2.3156226,3.7056227,4.5056224,3.4156225,2.5356226,3.3756225,3.3056226,3.5756226,3.2656226,1.2656226,1.0656226,0.6156226,-0.46437743,-0.124377444,-0.52437747,-0.8843774,-1.7943774,-3.3143775,-3.7143774,-5.2543774,-6.0643773,-5.9443774,-5.4643774,-6.6243773,-7.8143773,-9.324377,-10.154377,-9.6343775,-8.964377,-6.5443773
14.515622,13.065622,10.835623,8.625623,6.2156224,4.6956224,4.5456223,2.7556226,1.0856225,0.9856226,0.69562256,1.1456226,2.2156227,3.2756226,3.6256225,2.8856225,3.0356226,4.0956225,2.4256225,1.7956226,1.6756226,1.8556225,2.5656226,3.0456226,3.6156225,3.4256225,2.3856225,3.3156226,3.7556226,5.4056225,3.9856226,3.5156226,4.3156223,4.335623,3.8356225,4.1656227,5.7756224,5.105623,3.2056227,4.2456226,5.3256226,4.6456227,1.4856225,2.3256226,0.57562256,0.56562257,-0.80437744,-1.6643775,-2.2843773,-2.9143775,-4.2943773,-4.7843776,-7.1543775,-9.764378,-8.704377,-7.6143775,-7.3443775
9.545623,8.165623,7.5656223,5.7956223,4.6456227,5.0356226,2.8556225,1.7356225,1.3856225,1.4256226,2.5156226,2.6356225,2.8756225,2.7556226,2.7656226,2.7956226,1.2856226,-0.08437744,-0.83437747,-1.5243775,-0.10437744,0.12562256,0.71562254,2.1156225,3.2156227,3.9356225,3.9456224,4.3956227,4.2056227,4.8756227,5.7256227,6.6556225,6.2656226,6.0256224,6.0556226,5.3956227,7.1256227,7.4556227,6.4156227,6.7656226,6.2556224,5.8056226,5.7456226,5.6356225,6.7756224,5.8156223,3.1156225,2.4756227,0.7456226,-1.8743775,-3.5243773,-4.1343775,-4.4243774,-4.4243774,-4.0643773,-2.2443774,-1.5843774
5.1256227,4.6556225,5.1156225,5.335623,5.9556227,4.7256227,3.3056226,3.4756227,4.1456227,4.4956226,5.3456225,5.9956226,6.3856225,6.0256224,5.3656225,5.6156225,4.7456226,4.8256226,6.0156226,8.595623,11.885623,13.3656225,11.225622,8.445622,6.7056227,6.4656224,6.5056224,5.9756227,5.085623,6.5156226,6.5656223,7.1956224,7.5356226,7.0156226,6.2456226,6.5156226,7.7256227,8.555622,8.515622,8.545623,7.5556226,7.1456227,8.4056225,8.715623,10.375623,7.8756227,5.6356225,4.0756226,3.6756225,2.0756226,0.18562256,-2.7443774,-1.2743775,-0.5043774,-0.34437743,1.3656225,4.2056227
1.3256226,1.2856226,1.7556225,3.1456225,4.5056224,5.7856226,7.1556225,8.265622,8.695622,9.335623,10.065622,10.835623,11.815622,13.4056225,14.735622,15.175623,16.055622,17.085623,17.425623,16.575623,15.395622,14.235622,14.765622,13.765622,10.815622,8.545623,7.7256227,7.0456223,7.355623,6.4756227,7.5056224,7.4856224,7.1156225,6.7956223,6.5356226,7.7756224,8.425623,9.545623,10.295623,10.005623,10.225622,10.845623,11.325623,11.635623,11.695622,12.225622,9.735622,7.2556224,7.5756226,6.1756225,5.2256227,5.1456227,4.9656224,4.7456226,4.9456224,6.3856225,7.2256227
1.5956225,1.7656226,2.9056225,3.4056225,4.0356226,5.1856227,6.105623,6.7556224,7.5556226,7.9356227,9.145622,10.195622,11.475622,12.415623,13.165623,14.205623,14.805622,15.125623,14.935622,14.485622,13.815622,12.775622,11.1556225,9.305622,8.545623,8.465623,7.9856224,8.175623,8.015622,6.5256224,6.855623,6.9756227,6.5556226,6.6856227,6.9756227,8.515622,9.375623,9.415623,10.395622,12.225622,11.3656225,11.445622,12.395622,13.275622,13.095623,12.205623,11.105622,10.315622,10.895622,10.8656225,9.845623,8.775622,7.9256225,6.585623,7.3856225,6.4556227,6.835623
0.045622557,-0.19437744,-1.7343774,-3.2043774,-2.8943775,-2.6143775,-1.4743774,-0.67437744,-0.23437744,0.63562256,1.0056225,1.8756225,2.6056225,3.4556227,4.2956223,5.855623,6.9756227,8.315622,9.645622,9.785623,10.495623,10.425623,8.925623,8.805622,9.175623,9.255623,9.685622,8.385623,7.6756225,7.1656227,6.2756224,5.9256225,5.7856226,6.4456224,8.105622,8.225622,8.1556225,7.9756227,9.415623,9.215623,9.335623,10.015622,10.565622,10.735622,11.075623,11.625623,12.185622,11.815622,13.145622,13.565622,13.055622,12.355622,9.875623,9.395622,9.965623,8.315622,7.3956227
-4.3843775,-3.3343775,-5.5943775,-7.2643776,-7.1843777,-8.254377,-6.5643773,-6.9643774,-5.9243774,-4.5943775,-5.8643775,-5.0243773,-3.4543774,-1.8243774,-0.37437743,0.77562255,2.4656227,2.8056226,3.7256227,4.9656224,6.3756227,8.275622,9.375623,9.6556225,10.265622,10.725622,10.175623,9.4056225,8.435622,8.075623,6.0256224,4.5156226,4.7056227,6.1756225,6.2656226,5.9756227,6.3156223,6.5256224,6.9756227,7.6556225,10.045623,10.285623,10.005623,10.1156225,10.675623,11.245623,11.375623,11.765622,13.045623,12.675623,12.745623,13.375623,12.375623,13.535623,12.455623,12.445622,10.925623
-5.6943774,-8.034377,-6.5943775,-9.014378,-10.394378,-9.124377,-9.994377,-12.324377,-8.784377,-6.2843776,-2.4843774,-6.144377,-6.8143773,-5.9643774,-4.3843775,-3.6443775,-3.0843775,-2.2143774,-0.15437745,1.2556225,2.4256225,4.3256226,5.6256227,6.8056226,7.585623,7.835623,7.605623,7.0756226,6.8256226,5.7756224,4.605623,4.4956226,4.7956223,5.1956224,5.3756227,5.7356224,6.0656223,6.5956225,6.4556227,7.6556225,7.8156223,7.6456227,7.605623,7.4856224,7.5356226,8.4056225,8.805622,10.005623,11.165623,12.765622,14.065622,13.955623,16.635622,16.455622,14.8656225,11.545623,12.665623
-5.6343775,-5.8143773,-8.814378,-8.334377,-10.3843775,-10.524378,-10.304378,-9.774378,-12.434378,-10.894378,-11.474378,-9.314378,-10.784377,-9.004377,-8.004377,-5.8143773,-3.8643775,-4.7843776,-3.9043775,-2.8643775,-2.3443775,-0.30437744,0.21562256,1.0556226,1.2856226,1.6456226,2.4556227,5.0356226,3.2356226,3.0556226,3.9256225,4.5256224,4.7356224,5.0356226,6.3056226,6.9756227,7.9656224,7.9456224,8.785623,10.485622,10.795623,10.105622,10.335623,10.825623,11.125623,10.915623,11.075623,10.915623,12.345623,13.685622,16.095623,18.585623,17.155622,16.445623,16.815622,18.255623,16.415623
-0.10437744,-1.7943774,-2.7943773,-3.2943773,-0.7643774,-5.664377,-8.664377,-8.774378,-9.474378,-10.874377,-11.314378,-10.614377,-11.334377,-9.154377,-7.5143776,-7.4643774,-6.4943776,-2.7443774,-2.7343774,-2.8343775,-4.5543776,-3.9243774,-3.1943774,-1.2443775,0.88562256,1.1956226,0.50562257,1.7756226,3.4256225,5.0456223,4.7156224,5.3956227,6.0556226,6.8756227,7.9456224,9.015622,9.535623,10.535623,11.745623,11.895622,12.435622,13.465623,13.555622,13.245623,13.335623,14.215623,15.995623,16.455622,18.565622,19.915623,19.845623,18.135622,16.595623,16.335623,21.725622,23.555622,22.785622
4.0556226,2.0956225,-2.5943775,-8.084377,-2.1543775,-5.0643773,-9.274378,-5.3743773,-7.5943775,-7.7743773,-4.0243773,-3.5343773,-5.9043775,-9.584377,-9.8443775,-6.9043775,-5.8243775,-4.0443773,-2.8943775,-0.024377441,1.1656226,0.81562257,-0.32437745,-1.1043774,-0.32437745,1.3356225,3.3056226,4.0756226,5.2756224,6.6456227,8.465623,9.555622,10.395622,11.045623,11.435622,11.915623,12.725622,13.415623,14.085623,13.8656225,13.965623,14.875623,16.095623,17.985622,20.385622,22.385622,23.065622,23.095623,22.955622,21.595623,20.825623,21.165623,22.565622,23.735622,26.995623,24.855623,25.875622
7.4656224,6.2456226,-0.44437745,-6.0243773,-11.184378,-7.4743776,-11.874377,-12.064378,-8.8443775,-4.5543776,-3.1443775,-3.3743775,-3.2143774,-2.3043776,-0.59437746,-4.0143776,-3.0843775,-0.31437743,-0.53437746,-1.9643774,0.5556226,2.6256225,4.2856226,5.0356226,5.5156226,6.0256224,7.0056224,8.345623,9.785623,11.785623,14.305622,15.745623,16.295622,17.985622,18.755623,18.965622,19.505623,19.485622,19.605623,19.905622,20.225622,20.625622,21.255623,21.945623,23.005623,24.065622,24.835623,24.985622,25.325623,25.865623,29.025623,33.01562,34.965622,33.12562,29.695623,27.475622,25.065622
12.825623,9.315622,8.085623,1.6556226,0.33562255,-8.794377,-10.164377,-7.6343775,-9.154377,-7.3243775,-10.3443775,-5.1543775,1.8756225,-1.4643774,-0.85437745,-1.1943774,2.3956225,4.2856226,7.7256227,7.6156225,7.6756225,9.445622,11.805622,11.825623,11.285623,12.015622,13.295623,14.285623,14.455623,14.415623,14.075623,14.565622,14.745623,14.235622,14.875623,15.235622,17.045622,16.415623,16.715622,17.115623,17.665623,19.285622,19.225622,19.635622,21.035622,23.205622,26.465622,31.625622,34.215622,35.76562,35.505623,34.33562,31.895622,30.345623,31.825623,31.805622,23.375622
17.215622,17.405622,12.725622,10.665623,8.885623,8.165623,0.59562254,-5.3143773,-2.9843774,4.2056227,2.0556226,-3.9543774,-3.2043774,1.3356225,4.5156226,3.0356226,6.2756224,8.065622,14.705623,17.935623,19.805622,22.695623,20.905622,18.595623,16.495623,19.625622,21.425623,19.745623,18.825623,17.515623,17.585623,18.725622,17.075623,14.165623,11.505623,12.645622,14.975622,15.415623,15.815622,18.775623,21.835623,24.165623,26.685623,29.795622,31.965622,34.575623,35.325623,35.115623,33.755623,33.35562,34.215622,32.055622,31.625622,31.025623,37.275623,37.975624,33.83562
18.065622,21.385622,23.565622,20.415623,16.595623,15.425623,15.045623,14.775622,15.005623,14.145622,13.275622,17.505623,10.825623,15.785623,19.855623,14.215623,7.9856224,9.425623,11.325623,13.985622,15.8656225,17.245623,19.315622,21.815622,25.115623,25.645622,23.215622,22.835623,23.455622,26.825623,28.025623,28.705622,29.525623,30.445623,30.805622,30.035622,30.695623,31.955622,33.155624,34.805622,35.12562,33.755623,35.565624,34.67562,34.045624,33.69562,32.395622,30.855623,31.225622,32.385624,35.075623,40.69562,42.925625,42.095627,41.945625,40.87562,41.645626
17.215622,20.935623,23.735622,27.895622,29.985622,29.575623,28.465622,28.355623,28.945623,28.915623,30.385622,29.455622,25.785622,22.885622,20.385622,19.905622,16.635622,16.885622,14.835623,13.295623,14.725622,16.395622,16.605623,21.655622,20.545622,21.275623,23.165623,24.825623,25.635622,26.335623,28.175623,29.555622,29.635622,29.445623,29.615623,30.315622,30.615623,30.185623,30.085623,29.565622,30.325623,30.425623,29.905622,30.545622,29.745623,29.395622,30.875622,30.515623,36.805622,35.85562,36.17562,33.385624,34.33562,33.645622,34.795624,35.01562,34.935623
14.025622,16.545622,19.825623,23.535622,26.315622,28.315622,29.835623,29.665623,28.735622,28.095623,26.815622,23.415623,21.935623,23.345623,21.745623,19.845623,20.835623,19.745623,19.435623,19.495623,18.985622,17.535622,16.195623,17.615623,20.585623,21.875622,21.685623,19.365623,20.325623,21.475622,23.675623,24.815622,25.545622,23.965622,25.875622,25.845623,25.485622,26.785622,28.485622,28.985622,28.515623,31.035622,29.855623,34.635624,39.58562,40.235622,37.595623,33.83562,34.805622,32.67562,27.685623,28.815622,28.065622,25.995623,27.895622,29.855623,30.325623
16.115623,15.265622,15.585623,16.225622,17.385622,18.695623,19.825623,20.065622,20.835623,22.785622,23.735622,22.635622,22.715622,22.645622,21.005623,19.135622,18.745623,17.385622,17.155622,17.935623,18.215622,18.095623,17.085623,20.165623,20.645622,22.365623,21.885622,20.715622,18.195623,21.775623,23.685623,22.275623,21.925623,21.565622,23.395622,23.565622,24.915623,23.475622,24.805622,29.115623,30.785622,35.365623,37.505623,31.925623,31.985622,32.225624,29.825623,29.645622,28.605623,25.895622,23.455622,20.135622,20.305622,22.975622,23.155622,24.075623,24.455622
18.275623,16.845623,16.215622,16.555622,17.375622,17.605623,17.835623,18.615623,19.535622,21.105623,22.415623,21.875622,18.855623,17.335623,17.525623,16.535622,14.835623,15.815622,14.035623,17.485622,17.785622,17.365623,15.305622,18.385622,20.095623,21.205622,19.425623,19.925623,17.885622,19.505623,17.465622,19.335623,23.935623,22.865623,23.055622,25.075623,29.115623,31.235622,30.615623,30.025623,31.265623,33.35562,32.755623,33.705624,31.895622,28.865623,28.335623,23.805622,21.245623,20.435623,20.905622,12.195622,21.665623,24.775623,20.855623,20.665623,18.335623
19.265623,21.205622,19.835623,18.105623,18.025623,18.235622,18.365623,19.215622,20.165623,19.515623,16.445623,17.705622,16.755623,14.645622,15.1556225,15.835623,15.305622,16.305622,16.145622,15.485622,16.235622,18.805622,18.925623,20.185623,20.795622,21.175623,23.215622,26.665623,29.175623,29.145622,25.055622,26.875622,30.595623,28.445623,28.495623,28.175623,27.455622,28.345623,29.575623,28.635622,28.745623,28.405622,27.835623,28.675623,26.625622,25.735622,26.525623,20.985622,20.475622,18.325623,21.895622,21.015623,22.635622,20.065622,18.455622,16.935623,17.505623
17.535622,17.715622,18.845623,21.115623,20.105623,18.475622,17.915623,18.825623,20.555622,20.125622,19.865623,19.225622,18.585623,18.805622,17.315622,17.505623,17.335623,19.885622,21.225622,21.595623,14.985622,13.705623,15.785623,16.655622,16.275623,17.545622,25.725622,18.695623,24.345623,26.575623,26.325623,21.815622,21.745623,21.925623,23.205622,22.995623,25.125622,24.215622,25.925623,26.955622,28.485622,28.055622,27.725622,28.185623,23.135622,22.835623,22.205622,20.175623,21.615623,22.685623,23.555622,21.675623,18.505623,16.915623,16.055622,16.875622,16.215622
18.875622,20.205622,20.565622,21.115623,21.045622,21.645622,22.185623,23.495623,24.565622,24.965622,23.485622,23.905622,21.955622,22.495623,22.255623,24.605623,22.875622,23.575623,24.975622,25.225622,20.445623,16.265623,12.535623,15.095623,18.545622,21.555622,26.635622,24.375622,24.425623,20.845623,22.615623,20.295622,18.115623,16.735622,19.525623,18.645622,20.865623,24.215622,25.175623,23.705622,25.305622,25.495623,23.975622,23.095623,19.745623,19.355623,18.555622,19.195623,26.165623,18.935623,16.855623,15.045623,15.825623,12.965623,13.855622,14.415623,13.735622
