views/data/weather/2019/09/28/0000-wind-isobaric-500hPa-gfs-1.0.json
{"header": { "discipline":0, "disciplineName":"Meteorological products", "gribEdition":2, "gribLength":76714, "center":7, "centerName":"US National Weather Service - NCEP(WMC)", "subcenter":0, "refTime":"2019-09-28T00:00:00.000Z", "significanceOfRT":1, "significanceOfRTName":"Start of forecast", "productStatus":0, "productStatusName":"Operational products", "productType":1, "productTypeName":"Forecast products", "productDefinitionTemplate":0, "productDefinitionTemplateName":"Analysis/forecast at horizontal level/layer at a point in time", "parameterCategory":2, "parameterCategoryName":"Momentum", "parameterNumber":2, "parameterNumberName":"U-component_of_wind", "parameterUnit":"m.s-1", "genProcessType":2, "genProcessTypeName":"Forecast", "forecastTime":0, "surface1Type":100, "surface1TypeName":"Isobaric surface", "surface1Value":50000.0, "surface2Type":255, "surface2TypeName":"Missing", "surface2Value":0.0, "gridDefinitionTemplate":0, "gridDefinitionTemplateName":"Latitude_Longitude", "numberPoints":65160, "shape":6, "shapeName":"Earth spherical with radius of 6,371,229.0 m", "gridUnits":"degrees", "resolution":48, "winds":"true", "scanMode":0, "nx":360, "ny":181, "basicAngle":0, "lo1":0.0, "la1":90.0, "lo2":359.0, "la2":-90.0, "dx":1.0, "dy":1.0 }, "data":
[rows 150 to 174 of 181, columns 114 to 170 of 360]
18.845623,15.225622,14.965623,13.425623,11.815622,8.805622,8.275622,7.0556226,6.6656227,4.7456226,3.5156226,4.7156224,4.6156225,5.1956224,5.1756225,5.0656223,4.5256224,3.9656227,3.9056225,4.1556225,3.5756226,3.4256225,4.7856226,4.9056225,6.2156224,8.8656225,11.265622,11.8656225,11.805622,11.325623,10.505623,7.7756224,4.7856226,2.9356225,0.6756226,0.59562254,1.7656226,1.9156226,1.6756226,1.0156226,1.6556226,2.9656227,4.3156223,6.085623,8.485622,9.645622,8.575623,7.5256224,8.535623,9.715623,12.165623,12.6156225,11.455623,10.955623,9.975622,8.105622,6.9356227
17.155622,16.885622,16.925623,15.505623,13.975622,11.755623,9.945622,8.685622,7.2856226,5.3756227,4.0556226,2.9656227,2.0256226,2.9056225,4.1656227,4.7856226,4.7956223,3.1256225,1.0556226,-0.5743774,0.60562253,2.7456226,3.7056227,2.7756226,1.5956225,-1.2143774,-4.1243773,-2.5543776,-1.4743774,-0.9443774,1.7956226,2.9156225,3.3556225,3.3656225,2.7656226,3.4056225,3.8556225,3.5456226,2.1356225,2.6856225,2.6256225,2.7056227,2.6156225,2.7556226,2.7056227,3.4556227,5.7056227,7.1256227,8.275622,7.9256225,7.7156224,7.2256227,6.8256226,6.1156225,5.7856226,5.8956227,6.3456225
17.675623,17.985622,17.455622,16.305622,15.445622,15.4056225,14.925623,13.525622,11.775622,10.525622,8.895622,8.545623,6.7256227,4.2356224,3.2856226,1.8856225,1.2256225,1.0756226,1.1456226,1.9256226,2.7356226,2.3356225,1.5356226,0.57562256,-0.17437744,-0.32437745,-0.64437747,-1.0243775,-0.72437745,-0.014377441,1.4956225,3.0756226,2.4656227,1.6756226,0.66562253,-1.2143774,-2.8143775,-2.3243775,-1.8843775,-2.1843774,-1.5543774,-0.73437744,1.1256225,2.5856225,3.6056225,4.8656225,5.4756227,5.6656227,5.9656224,5.9556227,6.2056227,6.7056227,6.9256225,7.4656224,8.075623,8.805622,8.925623
14.685622,14.515622,15.095623,15.695622,15.965623,16.575623,14.735622,13.825623,13.585623,12.275622,10.205623,9.375623,8.255623,7.6756225,6.4456224,5.9356227,5.4656224,4.5356226,3.8156226,4.105623,4.6956224,5.0056224,5.105623,4.6456227,3.3256226,2.0456226,1.0856225,1.1356225,-1.7343774,-5.5243773,-6.0343776,-6.7243776,-6.7343774,-6.8343773,-6.7543774,-6.144377,-5.0143776,-3.9943774,-3.0943775,-2.2043774,-1.2243774,-0.36437744,0.32562256,0.83562255,1.3856225,1.8856225,2.6856225,3.5456226,4.4356227,5.6456227,7.0556226,8.025622,8.925623,9.715623,10.455623,10.995623,10.855622
13.345623,13.425623,12.035623,11.075623,10.955623,10.385623,11.145622,11.695622,11.525622,10.9056225,10.265622,10.045623,7.9756227,6.0956225,5.2556224,3.7456226,2.9056225,2.7856226,3.3556225,3.2356226,3.5556226,2.9756227,-0.124377444,-3.8943775,-7.6143775,-9.064378,-9.124377,-8.744377,-7.9643774,-7.6143775,-8.164377,-8.504377,-8.194378,-7.5243773,-6.914377,-6.8643775,-6.9243774,-6.3043776,-5.3543773,-4.0843773,-2.9443774,-2.0543776,-1.0243775,0.05562256,1.3256226,2.7656226,4.1956224,5.6156225,7.0756226,8.255623,9.3656225,10.3656225,11.1156225,11.625623,11.955623,12.095623,12.4056225
9.625623,9.725622,8.055622,6.7356224,5.4856224,4.2256227,4.0056224,4.1256227,4.3756227,4.6756225,5.1356225,4.6256227,3.7156227,2.7756226,1.1756226,-0.20437744,-1.3143774,-2.9843774,-6.4243774,-9.3443775,-10.764378,-11.184378,-10.144378,-9.1343775,-8.754377,-9.554378,-9.954377,-9.804378,-10.214377,-10.204377,-9.964377,-9.864377,-9.524378,-8.864377,-7.894377,-6.6843777,-5.2243776,-3.6943774,-2.2843773,-1.0443774,-0.22437744,0.59562254,1.8656225,3.1656225,4.3956227,5.7656226,7.1656227,8.595623,10.145622,11.6156225,12.745623,13.425623,14.035623,14.335623,14.435622,14.695622,15.085623
7.1756225,4.2856226,2.8156226,2.9656227,3.6356225,3.0256226,2.2856226,0.43562257,-0.59437746,-1.6643775,-3.6343775,-5.144377,-5.6243773,-6.8443775,-9.624377,-11.974378,-13.3843775,-10.994377,-9.414377,-9.234378,-8.364377,-9.614377,-11.064378,-9.974378,-9.164377,-9.764378,-10.274378,-10.0943775,-9.374377,-9.154377,-7.9843774,-6.4943776,-5.0643773,-3.4843774,-2.7343774,-2.2143774,-1.3243774,-0.52437747,0.5556226,1.8656225,3.6456225,5.5756226,7.4556227,9.065622,9.985622,10.845623,11.875623,12.945622,14.005623,14.745623,15.125623,15.485622,15.765622,15.855622,15.855622,16.405622,16.965622
-1.0443774,-0.78437746,-0.77437747,-2.4443774,-4.4743776,-6.2843776,-7.3543773,-8.114377,-9.264378,-9.904377,-11.194378,-12.504377,-10.984378,-11.424377,-11.124377,-9.914377,-9.964377,-8.954377,-10.374377,-9.394378,-8.824377,-8.804378,-7.0643773,-8.604378,-7.3643775,-7.7643776,-5.9843774,-5.3243775,-5.3843775,-3.7243774,-2.5543776,-2.4643774,-2.3743775,-1.9443774,-0.90437746,0.6856226,2.6056225,3.6256225,4.085623,4.4856224,5.7256227,7.4556227,9.235622,10.715623,11.825623,12.715623,13.355622,14.145622,14.935622,15.525622,16.005623,16.205622,16.855623,17.035622,17.835623,18.075623,17.745623
-4.4643774,-6.1043773,-6.6943774,-7.0443773,-5.9043775,-6.6043773,-7.7943773,-7.7943773,-8.324377,-9.724378,-10.264378,-10.804378,-10.814378,-10.004377,-10.154377,-9.064378,-10.504377,-12.244377,-7.6143775,-4.5743775,-5.7243776,-7.644377,-6.5243773,-6.3243775,-5.2443776,-3.8243775,-2.8043776,-2.4943774,-2.5043774,-1.8943775,-1.5343775,-0.7643774,0.10562256,0.21562256,0.31562257,1.0356226,2.9956226,3.6556225,4.4256225,5.0656223,6.5756226,7.9956226,9.565622,10.555622,10.855622,11.175623,11.785623,12.625623,13.3656225,13.685622,13.965623,14.255623,13.885623,13.565622,12.6556225,12.495623,12.825623
-6.0443773,-6.6943774,-6.2943773,-6.5743775,-7.0543776,-7.1343775,-7.5743775,-9.154377,-10.414377,-10.164377,-9.184378,-7.8143773,-6.8643775,-6.2943773,-7.2243776,-10.614377,-9.184378,-9.404377,-7.0543776,-5.1343775,-5.0443773,-6.644377,-6.4643774,-5.7943773,-4.6943774,-3.7243774,-2.8843775,-2.3243775,-1.8443774,-0.8743774,-0.26437744,0.85562253,1.0356226,0.8656226,1.0956225,1.7556225,2.9356225,3.6556225,4.3256226,4.8056226,5.2656226,5.3256226,5.3056226,5.3256226,5.4256225,5.9256225,6.1656227,5.4556227,4.4856224,4.5156226,4.9156227,5.3156223,5.4756227,5.6656227,5.5256224,5.7656226,5.5756226
-5.6043773,-6.5943775,-6.0843773,-6.0243773,-7.0643773,-7.2043777,-8.124377,-10.174377,-10.784377,-7.9843774,-5.7743773,-5.6343775,-6.3743773,-7.4643774,-8.424377,-8.734378,-9.904377,-8.314378,-6.7043777,-4.3543773,-3.3243775,-4.7243776,-4.0743775,-4.2443776,-3.9543774,-2.8043776,-2.1243775,-1.6043774,-1.0543774,-0.67437744,-0.03437744,0.46562254,1.0556226,1.3956226,1.6556226,1.7356225,2.0756226,2.0956225,1.6856226,1.4156226,1.6456226,2.4756227,2.4656227,1.6956226,1.4456226,0.52562255,0.57562256,0.29562256,0.12562256,-0.33437744,-0.98437744,-0.71437746,-0.83437747,-0.17437744,0.30562255,0.6756226,2.3456225
-6.5543776,-6.7143774,-6.3543773,-5.3443775,-4.6843777,-6.2643776,-8.5943775,-8.534377,-7.3643775,-5.8243775,-4.1743774,-3.5843775,-5.3843775,-7.6243773,-8.284377,-7.644377,-6.5443773,-5.5043774,-4.1143775,-3.6843774,-3.8043776,-4.0643773,-3.7043774,-2.4043775,-1.7043774,-1.0143775,0.015622559,0.47562256,0.65562254,0.63562256,0.9956226,1.3156226,1.1756226,1.3856225,1.3856225,1.2356225,1.1256225,0.75562257,0.53562254,0.19562256,-0.42437744,-0.5643774,-0.08437744,-0.124377444,-0.66437745,-0.79437745,-0.99437743,-1.2343774,-1.5443774,-1.6843774,-1.3143774,-1.0743774,-0.5043774,0.08562256,0.70562255,0.83562255,0.27562255
-3.0643775,-3.6843774,-3.4743774,-2.9643774,-2.4843774,-3.1443775,-4.664377,-5.0443773,-4.4843774,-3.7543774,-3.1643775,-3.6843774,-5.2543774,-5.2243776,-5.0043774,-4.5743775,-3.7743773,-3.0243773,-2.8343775,-2.6943774,-2.5143774,-2.1243775,-1.2543775,-0.60437745,-0.0043774415,0.60562253,0.95562255,1.3656225,1.7456225,1.9756225,1.8456225,1.6456226,1.3556225,1.0456226,1.1256225,1.2156225,1.0056225,0.25562257,-0.35437745,-0.83437747,-0.80437744,-1.0443774,-0.5643774,0.26562256,-0.85437745,-1.5743774,-1.9143775,-1.6543775,-1.3743775,-1.4843774,-1.3543774,-3.5143774,-2.5643775,-1.6143775,-1.9143775,-1.0243775,-0.59437746
-0.5743774,-0.60437745,-0.73437744,-0.5143774,-0.37437743,-0.03437744,-0.67437744,-1.8043774,-1.6843774,-1.4543774,-1.5043775,-1.1943774,-1.4743774,-1.5643774,-1.0743774,-0.6943774,-0.37437743,-0.17437744,0.20562255,0.53562254,0.59562254,0.5456226,0.7356226,0.9856226,1.5256226,1.9956225,2.3556225,2.7256227,2.8656225,2.7256227,2.8456225,2.5956225,2.1956224,1.7756226,1.5856225,1.7156225,1.9056226,1.4356226,0.025622558,-0.78437746,-0.84437746,-1.5443774,-2.0343773,-2.3643775,-1.9643774,-1.5643774,-1.3943775,-1.5443774,-1.5143775,-2.0043774,-1.4543774,-0.77437747,-1.5043775,-2.0343773,-2.2743773,-2.8043776,-2.2443774
3.8856225,3.5956225,2.9956226,2.8456225,2.8156226,2.9356225,3.1656225,3.3156226,3.1656225,2.8656225,3.0156226,3.2756226,3.5056226,3.6056225,3.7356226,3.9356225,4.0756226,4.0756226,3.8856225,3.9456224,4.1156225,4.1256227,4.1656227,3.9256225,3.7856226,3.7656226,3.8556225,4.1856227,4.2656226,4.1756225,4.085623,3.9656227,3.7856226,3.4956226,3.3756225,3.1556225,2.8656225,2.8856225,2.4656227,2.0956225,0.47562256,-1.0943774,-0.93437743,-1.6243775,-1.7343774,-1.4143775,-0.83437747,-0.7043774,-1.1443775,-0.48437744,-1.2343774,-1.0043775,-1.0443774,-1.2243774,-1.4343774,-1.3343774,-1.8343774
6.7456226,7.3656225,7.5556226,7.585623,7.4856224,7.6156225,7.855623,8.195622,8.635623,8.945622,9.125623,9.315622,9.705623,9.795623,9.715623,9.795623,9.565622,9.105622,8.885623,8.725622,8.645622,8.395622,8.175623,8.025622,7.8256226,7.8756227,7.6656227,7.3656225,6.9856224,6.7756224,6.5356226,6.3256226,6.0756226,5.4956226,4.9556227,4.9256225,4.6656227,4.4556227,4.3956227,3.8156226,3.8656225,4.0056224,2.5156226,0.71562254,0.64562255,-0.29437745,-0.17437744,0.23562256,-0.0043774415,-0.30437744,-0.6343774,-1.0943774,-1.5143775,-1.6943774,-1.8843775,-2.2043774,-2.3943775
9.765622,10.045623,10.215623,10.465623,10.765622,11.215623,11.645622,11.845623,12.105622,12.3656225,12.795623,13.325623,13.795623,14.125623,14.235622,14.225622,14.355622,14.335623,13.935622,13.735622,13.265622,12.625623,11.835623,11.515622,11.565622,11.425623,11.085623,10.715623,10.495623,10.335623,9.945622,9.435622,8.8656225,8.045623,7.6256227,7.3456225,6.8956227,6.8056226,6.085623,5.4156227,3.5556226,3.0056226,5.2756224,3.5856225,2.0456226,1.6756226,0.65562254,0.12562256,0.37562257,0.0056225588,-0.60437745,-0.97437745,-1.6243775,-2.0443773,-2.3243775,-2.7243774,-2.9643774
10.625623,11.355622,12.025622,12.6156225,13.425623,14.105622,14.475622,14.785623,14.965623,15.195622,15.465623,15.835623,16.255623,16.425623,16.375622,16.155622,15.775622,15.735622,15.665623,15.545623,15.605622,15.775622,15.815622,15.775622,15.625623,15.145622,14.385623,13.475622,13.175623,12.895622,12.585623,12.195622,11.575623,11.015622,10.265622,9.275622,8.355622,7.7656226,7.3856225,7.7256227,7.3656225,4.3656225,1.2456225,3.0556226,2.3456225,2.6156225,1.8256226,0.9256226,0.10562256,-0.59437746,-0.8243774,-1.1143775,-1.3343774,-1.8343774,-2.5843775,-2.7743773,-2.8043776
11.185622,11.645622,12.055622,12.4056225,13.045623,13.725622,14.315622,14.885623,15.455623,16.065622,16.725622,17.295622,17.625622,17.595623,17.315622,17.125622,17.185623,17.335623,17.515623,17.655622,17.845623,17.955622,17.875622,17.625622,17.385622,16.975622,16.595623,16.305622,15.875623,15.425623,14.755623,13.955623,13.145622,12.095623,11.345623,10.635623,9.765622,8.605622,7.0556226,7.3756227,9.145622,9.805622,6.2656226,3.0756226,3.0956225,2.4756227,1.3656225,0.81562257,0.17562255,0.03562256,-0.29437745,-0.64437747,-0.124377444,-0.41437745,-1.6943774,-2.6243775,-2.8543775
10.555622,11.035623,11.505623,11.955623,12.325623,12.685622,13.1156225,13.535623,13.885623,14.255623,14.6556225,15.025622,15.355622,15.435622,15.485622,15.595623,15.765622,15.8656225,16.165623,16.615623,16.935623,17.155622,17.285622,17.275623,17.125622,16.965622,16.755623,16.475622,16.065622,15.6156225,15.015622,14.075623,13.005623,12.245623,11.685622,10.935622,10.135623,8.875623,7.2756224,7.0456223,7.335623,7.4856224,8.595623,8.195622,5.5356226,4.8856225,4.2356224,3.5156226,2.5956225,1.9356226,1.1256225,0.85562253,0.50562257,-0.20437744,-0.99437743,-1.3643775,-1.9543774
8.355622,8.595623,8.805622,9.105622,9.525622,9.945622,10.285623,10.605622,10.915623,11.235622,11.585623,11.945622,12.215623,12.295623,12.195622,12.315622,12.705623,12.9056225,12.965623,13.1556225,13.555622,13.6556225,13.715623,13.665623,13.505623,13.395622,13.435622,13.435622,13.245623,12.8656225,12.3656225,11.915623,11.475622,10.975622,10.6156225,10.735622,10.045623,8.435622,7.9656224,8.175623,6.6356225,5.8156223,6.1156225,6.2556224,6.0656223,5.3856225,4.6256227,4.0256224,3.4456224,3.0556226,2.4456224,1.6256225,0.70562255,-0.0043774415,-0.23437744,-0.61437744,-0.7043774
7.1956224,7.2556224,7.3256226,7.3156223,7.2256227,7.1856227,7.2156224,7.3456225,7.5056224,7.7156224,7.9856224,8.235622,8.455623,8.665623,8.915623,9.065622,9.025622,8.995623,9.105622,9.335623,9.505623,9.545623,9.585623,9.665623,9.575623,9.375623,9.235622,9.325623,9.345623,9.125623,8.925623,8.605622,8.135623,8.065622,8.515622,8.595623,8.005623,7.7256227,7.1456227,6.7656226,6.5456223,6.1656227,5.7656226,5.4056225,4.1856227,4.7856226,4.4056225,4.1556225,3.7156227,3.1856225,2.6556225,2.1456225,1.6356225,0.9256226,0.19562256,-0.07437744,-0.15437745
6.585623,6.5256224,6.585623,6.6256227,6.6556225,6.7956223,6.9456224,7.0056224,6.9756227,6.9756227,7.0256224,7.0356226,6.9056225,6.6956224,6.4956226,6.3956227,6.4056225,6.5056224,6.6356225,6.7456226,6.8756227,7.0756226,7.3156223,7.4956226,7.5056224,7.3156223,7.0056224,6.7756224,6.6756225,6.6356225,6.605623,6.605623,6.6256227,6.7056227,6.6356225,6.3756227,6.105623,6.0256224,5.9156227,5.4856224,4.835623,4.2456226,3.8956225,3.8956225,3.7756226,3.4256225,3.1956224,3.4956226,3.3456225,3.1556225,2.7756226,2.3556225,1.8156226,1.5556226,1.2856226,0.88562256,0.6156226
5.5956225,5.4156227,5.3256226,5.3456225,5.4556227,5.585623,5.7156224,5.9056225,6.1656227,6.3956227,6.5556226,6.585623,6.585623,6.5756226,6.5756226,6.585623,6.585623,6.5656223,6.5456223,6.5056224,6.4656224,6.4756227,6.4656224,6.3756227,6.2056227,5.9956226,5.855623,5.7656226,5.7056227,5.5956225,5.5156226,5.3656225,5.2356224,5.105623,4.9356227,4.7656226,4.7156224,4.4656224,4.1956224,3.9156225,3.8856225,3.8756225,3.8556225,3.8556225,3.7656226,3.7956226,3.4256225,3.9456224,3.1056225,3.5056226,3.4156225,3.1556225,2.5556226,2.4656227,2.1656225,1.7856226,1.5256226
4.355623,4.4056225,4.4056225,4.335623,4.2456226,4.1756225,4.1656227,4.1856227,4.1956224,4.1956224,4.1956224,4.2256227,4.2956223,4.3756227,4.4856224,4.5756226,4.6456227,4.7056227,4.7256227,4.7356224,4.7356224,4.7356224,4.7456226,4.7556224,4.7456226,4.7556224,4.7556224,4.7256227,4.6756225,4.6256227,4.5556226,4.4056225,4.2456226,4.085623,3.9856226,4.0456223,4.1656227,4.2856226,4.2856226,4.0956225,3.8356225,3.7056227,3.7756226,4.0156226,4.0956225,4.105623,3.9056225,3.6656225,3.5356226,3.2756226,3.1656225,2.9356225,2.9056225,3.2756226,2.3056226,3.0756226,3.3156226
