views/data/weather/2019/09/28/0000-wind-isobaric-500hPa-gfs-1.0.json
{"header": { "discipline":0, "disciplineName":"Meteorological products", "gribEdition":2, "gribLength":78186, "center":7, "centerName":"US National Weather Service - NCEP(WMC)", "subcenter":0, "refTime":"2019-09-28T00:00:00.000Z", "significanceOfRT":1, "significanceOfRTName":"Start of forecast", "productStatus":0, "productStatusName":"Operational products", "productType":1, "productTypeName":"Forecast products", "productDefinitionTemplate":0, "productDefinitionTemplateName":"Analysis/forecast at horizontal level/layer at a point in time", "parameterCategory":2, "parameterCategoryName":"Momentum", "parameterNumber":3, "parameterNumberName":"V-component_of_wind", "parameterUnit":"m.s-1", "genProcessType":2, "genProcessTypeName":"Forecast", "forecastTime":0, "surface1Type":100, "surface1TypeName":"Isobaric surface", "surface1Value":50000.0, "surface2Type":255, "surface2TypeName":"Missing", "surface2Value":0.0, "gridDefinitionTemplate":0, "gridDefinitionTemplateName":"Latitude_Longitude", "numberPoints":65160, "shape":6, "shapeName":"Earth spherical with radius of 6,371,229.0 m", "gridUnits":"degrees", "resolution":48, "winds":"true", "scanMode":0, "nx":360, "ny":181, "basicAngle":0, "lo1":0.0, "la1":90.0, "lo2":359.0, "la2":-90.0, "dx":1.0, "dy":1.0 }, "data":
[rows 81 to 107 of 181, columns 240 to 299 of 360]
-4.715542,-4.545542,-5.535542,-5.725542,-6.705542,-7.675542,-7.865542,-7.775542,-7.355542,-6.885542,-6.705542,-7.275542,-7.925542,-8.945542,-8.085542,-4.665542,-4.505542,-2.505542,-1.1155419,3.234458,6.444458,7.414458,5.764458,4.994458,5.054458,3.814458,2.664458,0.884458,3.844458,3.604458,4.604458,5.804458,5.454458,3.844458,3.124458,2.434458,1.184458,2.084458,5.124458,6.624458,5.654458,4.814458,4.684458,3.044458,1.584458,-0.205542,0.894458,-1.535542,-0.635542,-1.425542,-4.175542,-6.895542,-7.385542,-7.705542,-5.425542,-4.355542,-4.005542,-0.925542,-0.615542,-0.395542
-4.545542,-4.755542,-5.445542,-6.255542,-7.145542,-7.715542,-6.315542,-5.245542,-5.145542,-4.765542,-5.705542,-4.735542,-6.065542,-6.095542,-6.815542,-9.245542,-7.615542,-4.045542,-1.9855419,-0.495542,2.344458,1.174458,3.3244581,3.174458,3.234458,2.004458,0.394458,-1.225542,2.564458,3.764458,4.544458,4.854458,4.784458,4.654458,5.234458,2.654458,4.244458,3.334458,4.194458,4.884458,4.964458,2.414458,3.244458,2.194458,1.484458,1.064458,1.224458,-1.005542,-1.505542,-3.435542,-4.155542,-6.095542,-7.235542,-7.795542,-7.275542,-4.055542,-3.375542,-1.345542,-0.58554196,-0.275542
-3.865542,-4.115542,-4.495542,-5.405542,-5.245542,-4.965542,-4.535542,-4.415542,-4.845542,-5.435542,-5.685542,-5.865542,-7.025542,-7.695542,-7.455542,-6.355542,-5.945542,-5.095542,-4.655542,-3.965542,-0.28554198,0.014458008,-0.12554199,1.274458,1.174458,2.464458,2.194458,1.574458,2.374458,1.664458,1.774458,3.124458,3.314458,3.374458,3.874458,4.004458,4.484458,3.884458,2.984458,4.434458,4.484458,3.8244581,2.514458,0.944458,-0.25554198,1.474458,-1.425542,-0.775542,-1.085542,-3.6755419,-3.725542,-4.205542,-5.885542,-7.215542,-6.495542,-4.315542,-3.735542,-2.235542,-1.1155419,-0.225542
-3.685542,-3.245542,-3.475542,-2.565542,-3.415542,-3.345542,-4.545542,-4.455542,-4.145542,-5.045542,-6.765542,-7.775542,-7.705542,-6.825542,-5.285542,-5.585542,-6.615542,-3.045542,-5.275542,-3.245542,-0.485542,-2.305542,0.184458,0.164458,0.66445804,-0.025541993,2.854458,2.134458,1.344458,1.854458,0.394458,1.714458,1.784458,0.79445803,0.944458,0.574458,-0.25554198,2.394458,1.534458,1.934458,4.574458,3.964458,1.594458,0.104458004,1.034458,-0.115541995,2.124458,-0.055541992,-2.885542,-4.025542,-4.545542,-4.935542,-4.965542,-5.695542,-5.495542,-4.685542,-3.575542,-2.595542,-1.1155419,-1.045542
-1.8655419,-2.295542,-2.035542,-1.825542,-1.405542,-2.345542,-3.045542,-3.855542,-4.555542,-5.805542,-6.425542,-6.215542,-7.285542,-6.985542,-7.845542,-7.085542,-7.735542,-6.535542,-4.755542,-3.585542,-4.995542,-5.365542,-1.675542,-2.065542,-3.265542,0.184458,0.384458,1.584458,2.964458,3.654458,3.734458,3.204458,2.674458,2.844458,0.444458,-1.265542,-2.035542,0.184458,0.254458,2.714458,3.864458,3.624458,1.894458,-1.255542,-2.555542,1.614458,-0.34554198,-0.935542,-2.905542,-2.495542,-4.315542,-4.785542,-5.075542,-5.565542,-5.645542,-4.605542,-3.825542,-5.825542,-4.975542,-3.895542
0.46445802,0.624458,0.154458,-0.395542,-1.395542,-1.775542,-2.245542,-2.405542,-2.825542,-3.595542,-4.585542,-6.475542,-6.785542,-6.865542,-7.015542,-7.685542,-6.945542,-7.575542,-5.455542,-5.535542,-3.955542,-4.875542,-3.405542,-2.635542,-2.315542,0.184458,0.764458,1.524458,1.754458,3.094458,3.004458,2.624458,1.424458,1.344458,0.584458,-0.415542,-1.765542,-0.485542,-0.09554199,2.144458,2.924458,2.974458,1.214458,-1.685542,0.684458,1.154458,0.19445801,-1.155542,-0.815542,-1.055542,-3.645542,-4.385542,-4.505542,-5.625542,-6.005542,-5.665542,-5.165542,-4.325542,-5.485542,-5.345542
0.184458,0.60445803,0.514458,-0.37554199,-0.725542,-0.925542,-0.605542,-1.945542,-3.315542,-3.455542,-3.275542,-4.355542,-4.875542,-4.625542,-5.545542,-5.535542,-6.185542,-5.045542,-4.205542,-3.515542,-3.525542,-3.605542,-3.375542,-2.205542,-0.83554196,0.09445801,-0.04554199,-0.13554199,1.614458,0.984458,1.374458,1.794458,1.344458,1.294458,0.504458,-0.405542,0.634458,1.344458,1.524458,1.274458,2.564458,2.494458,3.064458,1.164458,0.49445802,1.0144581,0.524458,1.164458,1.354458,-1.465542,-3.985542,-3.865542,-4.535542,-5.325542,-5.175542,-4.925542,-5.285542,-5.715542,-6.965542,-6.945542
-0.365542,-0.615542,-0.37554199,-0.425542,-1.795542,0.004458008,0.254458,-1.085542,-2.765542,-3.825542,-4.505542,-5.215542,-5.585542,-5.725542,-6.045542,-6.405542,-6.145542,-5.455542,-5.335542,-4.925542,-4.785542,-4.145542,-2.825542,-3.025542,-1.895542,-0.965542,-0.025541993,1.544458,1.364458,0.704458,0.974458,1.584458,1.574458,1.624458,0.804458,1.184458,2.124458,2.694458,2.444458,2.914458,2.394458,1.494458,1.894458,0.564458,0.734458,-0.28554198,-0.175542,-0.24554199,0.644458,-1.1155419,-1.225542,-2.235542,-3.465542,-4.145542,-4.205542,-4.385542,-6.065542,-5.655542,-7.625542,-6.765542
-1.595542,-0.555542,0.354458,0.23445801,-0.865542,-0.565542,0.064458005,-0.555542,-2.315542,-3.605542,-3.775542,-4.345542,-3.895542,-5.175542,-5.165542,-5.745542,-6.285542,-6.035542,-5.155542,-4.575542,-3.375542,-2.615542,-2.405542,-1.505542,-1.605542,-0.70554197,0.574458,1.204458,0.714458,1.604458,1.804458,1.504458,0.864458,0.634458,1.614458,2.0744581,2.274458,1.814458,1.674458,1.624458,1.574458,1.174458,-0.655542,1.464458,0.104458004,1.0144581,-0.385542,-0.205542,-1.075542,-1.085542,-2.255542,-3.605542,-3.935542,-4.475542,-4.085542,-3.635542,-5.775542,-9.135542,-7.605542,-7.105542
-2.635542,-1.715542,-1.305542,-0.825542,0.17445801,1.094458,1.534458,0.60445803,-0.625542,-1.915542,-3.345542,-3.775542,-4.625542,-4.715542,-4.695542,-4.655542,-4.285542,-4.345542,-4.225542,-3.155542,-2.765542,-2.685542,-2.785542,-1.495542,-0.95554197,-0.755542,0.22445801,0.344458,0.424458,0.934458,0.534458,-0.015541992,0.60445803,1.754458,1.874458,2.644458,2.334458,2.444458,1.964458,2.604458,0.284458,-1.355542,0.314458,2.494458,2.894458,1.024458,-0.965542,-0.04554199,1.154458,-0.845542,-4.525542,-4.445542,-3.855542,-3.165542,-5.215542,-7.005542,-4.495542,-3.545542,-5.915542,-5.615542
-2.625542,-2.205542,-2.495542,-1.875542,-0.37554199,0.22445801,0.654458,0.004458008,-0.735542,-2.315542,-3.575542,-4.425542,-5.165542,-5.155542,-4.815542,-4.035542,-3.945542,-4.415542,-4.515542,-4.635542,-3.205542,-2.495542,-1.675542,-1.995542,-1.645542,-0.515542,-0.555542,-0.525542,-0.24554199,0.864458,0.824458,0.844458,1.534458,2.334458,2.784458,2.0744581,2.884458,3.104458,1.424458,0.534458,0.764458,-1.275542,0.364458,2.304458,2.404458,3.144458,1.304458,0.974458,-0.24554199,-1.675542,-2.485542,-4.395542,-5.515542,-6.355542,-6.265542,-6.745542,-3.405542,-5.445542,-5.835542,-4.745542
-1.915542,-1.845542,-1.9855419,-1.2355419,-0.765542,0.27445802,1.164458,1.164458,0.40445802,-1.465542,-3.245542,-3.465542,-3.575542,-4.105542,-4.235542,-3.775542,-3.705542,-3.875542,-4.175542,-4.035542,-2.745542,-2.355542,-1.455542,-1.125542,-0.485542,-0.825542,-0.855542,-0.64554197,0.064458005,0.214458,1.064458,2.154458,2.104458,2.0744581,2.304458,2.704458,1.774458,2.264458,2.224458,-0.875542,-0.495542,0.264458,-0.805542,1.774458,1.724458,2.014458,1.2644581,-0.385542,1.984458,-2.495542,-2.765542,-5.345542,-5.275542,-3.755542,-3.4255419,-3.625542,-8.015542,-6.545542,-5.715542,-6.005542
0.09445801,-0.70554197,-0.945542,-0.625542,-0.275542,1.304458,2.804458,2.694458,3.284458,1.404458,-1.015542,-1.805542,-2.415542,-3.1755419,-3.195542,-3.715542,-2.945542,-3.265542,-3.555542,-2.995542,-2.335542,-1.975542,-1.925542,-1.185542,-1.245542,-1.415542,-0.785542,0.524458,0.334458,0.344458,1.434458,1.704458,2.014458,2.484458,2.294458,1.244458,1.964458,1.124458,0.754458,-1.265542,-0.495542,0.624458,0.314458,1.734458,1.164458,1.8844581,0.934458,-2.015542,-3.055542,-2.755542,-2.585542,-1.265542,-2.555542,-3.365542,-3.935542,-1.515542,-3.715542,-2.505542,-0.565542,-1.9855419
2.0744581,2.404458,1.364458,1.364458,1.674458,2.124458,3.014458,3.084458,3.344458,2.964458,0.994458,-0.235542,-1.665542,-2.285542,-2.335542,-2.135542,-2.005542,-2.095542,-2.275542,-2.495542,-2.535542,-2.825542,-2.695542,-2.555542,-1.875542,-1.3655419,-1.505542,-0.535542,-0.635542,0.904458,1.584458,1.614458,2.454458,2.114458,1.774458,1.284458,-0.15554199,0.734458,-0.415542,-1.665542,1.794458,1.544458,0.564458,0.994458,0.294458,1.694458,-3.235542,0.504458,-2.195542,-0.09554199,-2.1755419,-0.975542,-2.725542,0.30445802,-2.145542,-2.405542,-1.855542,-1.6155419,-0.915542,-1.135542
1.534458,2.864458,2.954458,3.014458,2.714458,3.154458,4.454458,4.434458,3.974458,3.204458,2.794458,0.974458,-0.04554199,-0.775542,-1.3655419,-1.7355419,-0.885542,-1.715542,-2.805542,-3.395542,-3.135542,-2.9255419,-2.345542,-1.775542,-1.815542,-1.275542,-0.595542,-0.655542,-0.015541992,0.584458,1.574458,1.234458,0.864458,1.454458,1.474458,1.3844581,0.564458,-0.265542,-0.385542,-0.70554197,-0.665542,0.504458,1.574458,1.154458,0.12445801,1.574458,-0.845542,0.384458,-1.295542,1.714458,-1.655542,-3.9255419,-3.565542,-2.835542,-1.515542,-0.975542,-0.605542,-2.165542,-3.195542,-4.495542
3.224458,2.354458,2.844458,3.234458,3.394458,2.484458,2.794458,2.984458,3.934458,3.974458,3.494458,3.014458,1.584458,0.04445801,-0.905542,-2.225542,-2.635542,-2.535542,-3.005542,-3.865542,-3.575542,-3.285542,-2.695542,-2.085542,-1.625542,-0.515542,-0.485542,-0.715542,0.14445801,0.354458,0.354458,0.254458,0.954458,1.494458,1.424458,0.294458,0.904458,-0.21554199,-0.305542,0.564458,1.784458,1.544458,0.944458,1.604458,2.984458,3.384458,0.004458008,4.154458,0.22445801,-0.765542,-2.315542,-2.805542,-2.725542,-1.425542,-2.525542,-3.625542,0.244458,-1.605542,-2.445542,-2.965542
2.524458,3.084458,3.044458,3.464458,3.794458,3.264458,2.5744581,1.784458,1.644458,2.624458,3.104458,2.414458,2.394458,0.934458,-1.385542,-2.265542,-2.9255419,-4.025542,-3.335542,-2.875542,-3.295542,-2.895542,-2.965542,-2.705542,-2.015542,-1.375542,-0.83554196,-0.805542,-0.235542,-0.525542,0.344458,1.494458,2.204458,3.144458,0.314458,-0.775542,0.004458008,-0.24554199,-0.275542,0.30445802,-0.09554199,-0.615542,2.364458,3.414458,3.774458,4.104458,5.674458,2.704458,3.3244581,1.064458,0.014458008,-1.685542,-1.495542,-0.64554197,-0.845542,-1.885542,-1.805542,-1.055542,-3.145542,-0.24554199
2.904458,3.724458,3.714458,2.804458,3.444458,2.304458,2.024458,2.384458,1.2644581,0.694458,1.874458,1.854458,1.464458,0.964458,-0.47554198,-1.955542,-3.005542,-2.905542,-2.895542,-3.035542,-2.815542,-2.685542,-3.295542,-3.055542,-2.795542,-2.305542,-1.875542,-1.565542,-1.255542,-0.845542,0.384458,1.864458,3.924458,4.484458,2.244458,-1.195542,-0.525542,-0.665542,0.504458,-0.205542,-0.685542,-3.035542,0.744458,2.744458,4.954458,4.994458,4.134458,3.564458,3.424458,2.244458,4.694458,3.714458,-1.105542,-0.715542,-1.305542,-0.505542,-2.475542,-0.865542,-1.6155419,-2.995542
2.334458,2.424458,1.744458,3.434458,2.724458,2.5744581,2.254458,0.764458,1.064458,1.244458,0.924458,1.604458,2.084458,1.674458,1.444458,-0.385542,-1.405542,-2.165542,-2.915542,-2.365542,-2.005542,-1.725542,-2.395542,-2.965542,-2.775542,-2.505542,-1.995542,-2.445542,-1.465542,-0.95554197,0.384458,1.864458,3.834458,4.194458,1.654458,-1.685542,-0.785542,-0.335542,0.91445804,-0.365542,-0.395542,-1.8655419,-1.585542,2.044458,4.124458,5.074458,5.264458,5.554458,4.134458,2.544458,2.904458,0.07445801,0.334458,-0.18554199,-3.355542,-1.945542,-1.6155419,-1.855542,-1.885542,-3.655542
4.554458,1.424458,0.834458,2.764458,1.834458,1.8844581,1.744458,1.684458,0.594458,0.504458,0.874458,0.994458,1.344458,1.844458,1.664458,0.424458,-2.295542,-2.615542,-3.855542,-4.225542,-3.965542,-3.745542,-2.745542,-2.525542,-2.815542,-2.085542,-2.075542,-2.335542,-1.135542,-0.675542,0.624458,2.054458,3.144458,0.704458,-0.06554199,-0.715542,0.324458,1.044458,1.404458,1.5144581,-0.10554199,-0.265542,-1.925542,-0.515542,3.404458,5.224458,5.904458,5.324458,4.384458,3.394458,3.354458,1.724458,0.414458,-1.675542,-3.705542,-3.545542,-3.405542,-2.015542,-0.37554199,-1.425542
3.664458,2.214458,3.014458,2.224458,0.894458,2.424458,1.324458,1.324458,1.574458,1.3844581,0.634458,1.054458,0.814458,0.894458,0.684458,1.304458,0.354458,-0.865542,-0.83554196,-3.055542,-3.505542,-3.285542,-3.565542,-2.625542,-3.105542,-3.795542,-3.4255419,-2.745542,-1.445542,-0.495542,0.184458,1.334458,1.934458,-1.1155419,-1.005542,-0.31554198,0.904458,2.404458,1.154458,1.734458,0.524458,0.30445802,0.614458,-2.065542,3.394458,4.934458,6.314458,6.664458,7.704458,7.594458,6.464458,4.704458,2.514458,-1.305542,-4.235542,-4.045542,-4.105542,-3.695542,-2.545542,-1.675542
5.964458,4.744458,3.634458,2.5744581,1.994458,0.60445803,0.594458,0.46445802,-0.235542,0.894458,0.17445801,-0.0055419924,-0.875542,-0.195542,-0.21554199,0.064458005,0.284458,-0.24554199,-1.145542,-2.835542,-3.965542,-3.955542,-3.345542,-2.755542,-3.395542,-4.465542,-4.165542,-2.615542,-2.095542,-1.245542,-0.24554199,0.324458,-0.235542,-0.615542,-1.075542,-0.405542,0.46445802,0.944458,0.654458,1.164458,1.624458,1.994458,1.624458,2.194458,0.09445801,2.664458,3.334458,6.514458,10.634458,11.704458,8.924458,5.084458,3.714458,2.504458,-1.215542,-4.695542,-4.775542,-6.155542,-5.005542,-3.565542
6.424458,7.714458,7.154458,4.964458,2.544458,1.814458,1.774458,0.614458,-1.335542,-0.335542,1.334458,0.554458,0.11445801,0.414458,-0.12554199,-0.47554198,-0.885542,-1.575542,-1.975542,-3.705542,-3.845542,-3.715542,-3.545542,-3.455542,-4.225542,-5.255542,-3.965542,-3.345542,-2.765542,-2.255542,-1.335542,-0.655542,-1.525542,-2.035542,-0.515542,0.49445802,0.314458,0.694458,1.2644581,0.884458,1.434458,1.874458,1.944458,1.5144581,-0.975542,1.484458,4.394458,5.684458,8.814458,9.394458,11.194458,9.584458,8.894458,6.784458,5.614458,1.564458,-2.055542,-5.875542,-5.485542,-3.625542
5.924458,6.204458,7.274458,6.534458,5.424458,3.124458,2.044458,1.964458,1.564458,-0.495542,-2.295542,-1.695542,-0.395542,-0.555542,-0.325542,-0.775542,-1.375542,-1.805542,-1.965542,-3.485542,-3.945542,-3.645542,-4.085542,-4.365542,-4.515542,-5.035542,-5.075542,-5.475542,-3.735542,-2.575542,-2.135542,-2.645542,-2.785542,-2.455542,-0.625542,-0.225542,0.444458,0.834458,0.964458,0.834458,0.66445804,0.064458005,1.364458,1.274458,-1.035542,-2.365542,-0.0055419924,4.824458,8.664458,9.034458,6.364458,8.014458,7.924458,8.574458,8.304458,6.804458,2.994458,-0.175542,-1.825542,-0.675542
5.514458,6.364458,6.564458,6.554458,7.544458,6.834458,5.694458,3.004458,2.404458,2.054458,1.104458,-0.665542,-1.025542,-2.065542,-1.625542,-1.565542,-1.555542,-1.775542,-1.4855419,-3.505542,-3.695542,-3.765542,-4.205542,-4.835542,-5.085542,-5.355542,-5.635542,-5.135542,-3.665542,-3.085542,-2.855542,-3.145542,-3.695542,-2.625542,-0.615542,-0.13554199,0.894458,0.634458,0.19445801,-0.365542,0.164458,-0.405542,0.634458,1.054458,0.804458,0.214458,0.27445802,2.454458,-0.28554198,6.014458,8.814458,4.654458,8.974458,8.444458,8.254458,8.354458,7.084458,4.504458,0.23445801,-2.765542
5.294458,5.854458,6.274458,6.464458,5.974458,7.214458,5.874458,3.964458,2.714458,2.204458,1.824458,1.594458,0.364458,-1.405542,-2.165542,-2.015542,-1.9855419,-1.8655419,-2.945542,-2.395542,-3.275542,-3.395542,-3.465542,-4.115542,-4.805542,-5.195542,-5.025542,-5.545542,-4.705542,-3.655542,-4.455542,-4.915542,-4.295542,-1.895542,-0.95554197,0.104458004,1.214458,0.804458,-0.075541995,-0.58554196,0.244458,-0.055541992,0.694458,1.444458,2.964458,2.434458,-0.505542,-1.835542,-1.005542,0.894458,8.494458,8.804458,6.114458,6.214458,7.354458,7.144458,7.074458,5.674458,6.654458,5.244458
6.094458,5.914458,6.564458,6.194458,5.604458,5.244458,6.004458,4.434458,2.744458,2.214458,1.1344581,1.144458,1.604458,1.7644581,-0.09554199,-1.825542,-2.595542,-2.615542,-2.945542,-3.055542,-1.805542,-3.025542,-3.305542,-3.615542,-3.735542,-4.425542,-4.525542,-4.695542,-4.865542,-5.205542,-5.305542,-4.325542,-3.535542,-1.885542,-1.785542,-0.95554197,-0.485542,0.944458,0.19445801,-0.435542,-0.265542,0.154458,1.054458,1.204458,2.394458,2.314458,0.834458,-2.775542,-1.975542,-0.47554198,1.054458,6.064458,3.5744581,4.984458,4.844458,5.504458,6.044458,6.504458,6.964458,7.234458
