views/data/weather/current/current-wind-surface-level-gfs-1.0.json
{"header": { "discipline":0, "disciplineName":"Meteorological products", "gribEdition":2, "gribLength":78465, "center":7, "centerName":"US National Weather Service - NCEP(WMC)", "subcenter":0, "refTime":"2019-10-05T00:00:00.000Z", "significanceOfRT":1, "significanceOfRTName":"Start of forecast", "productStatus":0, "productStatusName":"Operational products", "productType":1, "productTypeName":"Forecast products", "productDefinitionTemplate":0, "productDefinitionTemplateName":"Analysis/forecast at horizontal level/layer at a point in time", "parameterCategory":2, "parameterCategoryName":"Momentum", "parameterNumber":2, "parameterNumberName":"U-component_of_wind", "parameterUnit":"m.s-1", "genProcessType":2, "genProcessTypeName":"Forecast", "forecastTime":0, "surface1Type":103, "surface1TypeName":"Specified height level above ground", "surface1Value":10.0, "surface2Type":255, "surface2TypeName":"Missing", "surface2Value":0.0, "gridDefinitionTemplate":0, "gridDefinitionTemplateName":"Latitude_Longitude", "numberPoints":65160, "shape":6, "shapeName":"Earth spherical with radius of 6,371,229.0 m", "gridUnits":"degrees", "resolution":48, "winds":"true", "scanMode":0, "nx":360, "ny":181, "basicAngle":0, "lo1":0.0, "la1":90.0, "lo2":359.0, "la2":-90.0, "dx":1.0, "dy":1.0 }, "data":
[rows 150 to 174 of 181, columns 114 to 170 of 360]
4.0073195,5.2173195,6.8373194,7.287319,6.807319,5.4873195,5.1973195,6.517319,6.4373193,7.9173193,8.567319,8.92732,9.487319,10.957319,12.317319,12.797319,13.13732,12.76732,11.747319,11.587319,11.167319,10.607319,10.877319,10.93732,11.72732,12.117319,11.957319,12.877319,14.22732,15.59732,16.587318,17.40732,17.937319,18.437319,19.267319,20.04732,20.447319,20.63732,20.65732,21.57732,21.41732,22.927319,20.12732,17.257318,16.23732,16.187319,14.2173195,13.747319,12.92732,7.2173195,5.8873196,6.8973193,8.837319,8.587319,9.837319,10.407319,11.157319
2.4473193,2.9773192,3.7173193,5.9873195,5.7073193,5.117319,4.8173194,5.0873194,6.287319,6.557319,6.7973194,7.7173195,8.737319,11.337319,12.037319,12.34732,12.18732,12.237319,11.697319,8.657319,9.17732,10.417319,11.077319,11.39732,11.627319,12.47732,12.09732,12.117319,13.22732,15.737319,16.74732,17.14732,19.12732,18.96732,20.437319,21.56732,22.41732,21.937319,20.40732,19.587318,18.777319,16.53732,13.077319,12.80732,12.17732,11.817319,10.857319,9.7173195,-0.012680664,0.33731934,2.9873192,1.8073193,1.8973193,4.787319,7.767319,9.837319,10.59732
-0.87268066,-0.71268064,-0.09268066,0.8873193,1.0073193,1.6773193,2.3173194,2.2873194,2.9973192,4.6373196,5.5873194,5.6573195,5.9573193,6.5273194,7.6273193,9.877319,10.587319,8.367319,8.587319,8.76732,8.997319,9.43732,9.837319,10.39732,11.007319,11.237319,11.667319,12.657319,13.587319,14.357319,12.68732,14.167319,15.287319,15.957319,16.937319,19.027319,20.53732,17.14732,16.777319,17.81732,19.007318,14.707319,13.657319,9.947319,1.5873194,-6.1826806,-9.332681,-9.922681,-8.802681,-6.6626806,-4.1826806,-1.5426806,2.0573194,4.4273195,6.4673195,7.0273194,8.957319
-0.68268067,0.097319335,0.48731935,0.6973193,0.60731936,0.68731934,0.17731933,0.097319335,-0.42268068,-1.0726807,0.34731933,1.8373194,2.8873193,3.0573194,3.5173194,4.307319,5.2173195,7.057319,9.18732,10.657319,11.34732,11.357319,11.297319,11.797319,12.957319,11.55732,0.5773193,1.3473194,3.7573195,5.3173194,6.6373196,7.077319,6.6673193,5.1573195,3.6473193,0.40731934,-3.8126807,-6.5526805,-8.10268,-9.36268,-10.27268,-11.0326805,-11.712681,-11.85268,-11.56268,-10.472681,-9.142681,-7.5526805,-5.6126804,-3.7826807,-2.0826807,1.0573193,2.8273194,4.0873194,5.6573195,6.4873195,7.7273192
-5.2026806,-4.8226805,-4.6626806,-4.422681,-4.0826807,-3.5526807,-2.9126806,-2.3026807,-1.8826807,-1.6026807,-1.6226807,-1.2826806,-0.57268065,-0.032680664,0.35731933,0.8273193,1.6673193,4.1573195,6.037319,7.287319,8.907319,2.9973192,-2.1826806,-3.6726806,-4.3026805,-4.232681,-3.4426806,-2.5126808,-1.7826806,-1.0126806,-0.112680666,0.68731934,0.24731934,-0.56268066,-2.0526807,-3.9826806,-5.732681,-6.7826805,-7.7826805,-8.36268,-8.832681,-9.11268,-9.042681,-8.502681,-7.6826806,-6.6426806,-5.652681,-4.3926806,-3.0226808,-1.6326807,0.6573193,2.4673193,3.8073194,5.0073195,5.9273195,7.017319,7.9073195
-4.1826806,-3.9226806,-3.4626806,-3.1826806,-3.4626806,-3.8326807,-4.0826807,-4.152681,-4.1626806,-4.132681,-3.9926805,-4.132681,-4.3326807,-4.5626807,-4.942681,-5.5426807,-6.502681,-7.5626807,-8.592681,-9.11268,-9.252681,-8.922681,-8.382681,-7.6826806,-6.9926805,-6.4526806,-6.1626806,-5.7926807,-4.922681,-3.8326807,-2.8126807,-2.7626808,-3.3526807,-4.0726805,-4.5726805,-5.0126805,-5.6126804,-6.0426807,-6.5626807,-6.922681,-7.212681,-7.0426807,-6.5426807,-5.982681,-5.2626805,-4.6126804,-3.7126806,-2.6126807,-1.2926806,0.13731934,1.4273193,2.5473194,3.7673194,4.9073195,5.7373195,6.6073194,7.4273195
-4.0326805,-3.9526806,-3.4326806,-3.3526807,-3.3026807,-3.7026806,-4.4326806,-3.9626806,-3.9926805,-3.7926807,-3.8326807,-3.8426807,-4.422681,-5.882681,-8.042681,-8.48268,-8.15268,-9.61268,-10.5326805,-10.85268,-9.242681,-7.922681,-7.8226805,-7.252681,-6.8526807,-6.5326805,-6.6426806,-6.9926805,-7.252681,-6.4726806,-5.5226808,-3.7426805,-3.5026808,-3.7226806,-3.6726806,-4.0326805,-4.402681,-4.6226807,-4.922681,-5.1126804,-5.1126804,-4.962681,-4.6826806,-4.3726807,-3.9026806,-3.4326806,-2.5726807,-1.6626806,-0.7326807,-0.022680664,1.0173193,1.9073193,2.2873194,2.8673193,3.4773192,4.1073194,5.017319
2.4773192,5.807319,4.1273193,1.1673193,1.3773193,-0.052680664,-0.70268065,1.1273193,0.81731933,-0.5326807,-3.2126806,-7.482681,-3.7826807,-1.5826807,0.7173193,3.1573193,-0.45268068,-5.2826805,-7.9126806,-6.1426806,-5.8026805,-5.652681,-5.3226805,-5.5426807,-5.1126804,-5.172681,-4.482681,-4.0426807,-3.5826807,-2.3326807,0.27731934,-0.49268067,-1.4626807,-3.3126807,-2.8626807,-2.4126806,-2.9026806,-3.3926806,-3.7026806,-3.8326807,-3.8226807,-3.5326807,-3.2726808,-2.9626806,-2.6626806,-2.2826807,-1.7526807,-1.1326807,-0.56268066,-0.24268067,-0.13268067,-0.38268065,-0.23268066,0.10731933,0.30731934,0.37731934,0.21731934
-5.0526805,-5.922681,-4.442681,-2.7426805,-3.4626806,-4.3526807,-4.3726807,-5.8126807,-5.7826805,-6.4126806,-6.8526807,-6.6126804,-6.4726806,-6.0726805,-6.4726806,-7.2426805,-6.9126806,-6.4926805,-8.52268,-8.36268,-6.9526806,-4.502681,-4.0526805,-4.442681,-2.9926805,-1.8326807,-0.082680665,0.61731935,-0.30268067,0.50731933,-2.6826806,-7.3126807,1.3573194,2.5373194,-0.002680664,-2.0726807,-4.0826807,-3.5626807,-2.7226806,-2.6726806,-2.6426806,-2.1526806,-2.2026806,-2.3126807,-2.1126807,-1.8026806,-1.4526807,-1.1526806,-0.99268067,-1.3126807,-1.6126807,-2.0426807,-2.2226806,-3.4226806,-3.6826806,-3.8726807,-3.8326807
-5.2826805,-5.882681,-5.8426805,-6.2726808,-6.4326806,-6.5526805,-6.5926805,-7.212681,-6.942681,-7.712681,-7.902681,-7.422681,-6.8426805,-6.8426805,-7.252681,-7.3526807,-8.292681,-8.36268,-10.61268,-7.2926807,-8.502681,-3.1426806,-1.7726806,-1.7226807,-2.3026807,-0.83268064,-0.082680665,0.85731936,1.1673193,2.0173194,0.60731936,0.19731933,-0.6126807,-3.7226806,-4.8226805,-4.3926806,-1.7826806,-0.7926807,-1.3326807,-0.99268067,-0.62268066,0.6473193,1.2673193,1.5373193,1.0273193,-0.5926807,-0.81268066,-0.88268065,-1.0826807,-1.0826807,-1.0226806,-1.4326806,-2.0026808,-2.5026808,-2.9526806,-3.5326807,-4.0326805
-5.2926807,-5.9126806,-6.502681,-6.902681,-6.922681,-6.882681,-7.172681,-7.5226808,-7.422681,-7.3526807,-7.982681,-7.8626804,-7.7826805,-7.0126805,-6.1426806,-5.5226808,-6.922681,-7.5826807,-6.7226806,-7.3626804,-4.8726807,-2.2126806,-2.7326806,-2.5326807,-2.3426807,-1.2526807,0.91731936,2.5273194,3.7973194,3.1673193,2.2673194,0.7773193,-1.4626807,-2.8126807,-2.8126807,-2.5726807,-3.2026806,-3.5626807,-3.1726806,-2.8526807,-3.6026807,-3.0026808,-2.3826807,-1.3226807,-1.4026806,-0.44268066,1.1173193,-0.082680665,1.1173193,1.8573194,2.4073193,3.6873193,3.5373194,2.7673194,1.5073193,0.20731933,0.19731933
-5.982681,-6.502681,-6.8226805,-6.6826806,-6.7826805,-6.6426806,-6.902681,-6.8626804,-6.882681,-6.8126807,-6.882681,-6.8126807,-6.7426805,-6.5326805,-5.8726807,-5.3626804,-5.1126804,-5.1426806,-4.752681,-3.3326807,-1.9526807,-1.7826806,-2.4626806,-1.5126806,0.037319336,1.1273193,2.5073195,2.7173193,2.6573193,2.2873194,2.0073195,0.11731934,-1.7726806,-2.4426806,-3.1526806,-3.5326807,-4.0426807,-4.1426806,-4.4726806,-4.1826806,-4.0826807,-3.8326807,-3.6526806,-3.2526808,-3.0226808,-0.36268067,0.9073193,0.9473193,0.12731934,1.0873194,-0.81268066,-1.0526806,1.6173193,2.0573194,0.07731934,1.3773193,2.4573193
-5.8626804,-5.2426805,-5.402681,-6.232681,-6.422681,-6.2726808,-6.5626807,-7.002681,-6.9326806,-6.882681,-7.1026807,-6.6426806,-5.9926805,-4.9526806,-4.4126806,-4.192681,-3.8926806,-3.0526807,-2.3026807,-1.3926806,-0.50268066,0.007319336,0.68731934,1.1673193,1.4173193,1.7073194,1.1073194,0.23731934,0.33731934,0.097319335,-0.20268066,-0.7226807,-1.4626807,-2.5226808,-3.2826807,-3.6626806,-4.2426805,-4.5926805,-4.8926806,-4.9526806,-4.2726808,-3.8126807,-3.9026806,-3.4026806,-3.3026807,-0.37268066,0.59731936,-0.22268066,2.7373192,-0.15268067,-0.89268064,-0.90268064,-1.4426807,-0.7326807,0.86731935,1.6273193,0.39731935
-5.192681,-5.3926806,-5.1826806,-5.4126806,-5.462681,-5.7426805,-5.462681,-5.4126806,-5.212681,-5.1226807,-4.9326806,-4.4126806,-3.8526807,-3.4726806,-3.1426806,-2.8926806,-1.4726807,-0.49268067,0.08731934,0.5773193,0.9073193,0.78731936,1.0973194,1.0373193,0.97731936,0.45731935,-0.082680665,0.18731934,0.19731933,-0.34268066,-0.95268065,-1.5026807,-2.2226806,-3.1026807,-3.3426807,-3.7526808,-3.7626808,-4.0826807,-4.5526805,-4.1826806,-4.1426806,-3.7026806,-3.0126808,-2.3726807,-1.4426807,-0.39268067,0.6373193,1.8673193,-0.44268066,-2.0426807,-0.17268066,-2.6626806,0.16731934,1.2573193,1.0273193,4.057319,8.447319
-3.7426805,-3.6526806,-3.5426807,-3.6726806,-3.8626807,-3.6226807,-3.5426807,-3.6326807,-3.6126807,-3.4926805,-3.1926806,-2.6926806,-2.2226806,-1.7226807,-1.3726807,-0.63268065,-0.14268066,0.14731933,0.59731936,0.73731935,1.1373193,1.2873193,1.0573193,0.7773193,0.62731934,0.47731933,0.39731935,-0.032680664,-0.38268065,-1.0826807,-1.4926807,-1.9826807,-2.3026807,-2.4026806,-2.2226806,-2.0326807,-1.9626807,-1.9726807,-1.6426806,-1.0526806,-0.25268066,0.17731933,0.61731935,0.8373193,1.0773194,1.5073193,0.6973193,1.1473193,-0.19268066,0.19731933,1.5673194,1.1373193,1.0673194,2.7773194,4.2273192,2.6373193,4.057319
-2.3226807,-2.5426807,-2.5026808,-2.3426807,-2.4026806,-2.4726806,-2.6026807,-2.6526806,-2.5626807,-2.2526808,-1.7726806,-1.2626806,-0.81268066,-0.5426807,-0.19268066,0.20731933,0.60731936,0.8873193,0.9473193,0.87731934,0.91731936,0.99731934,1.1773193,1.2773193,1.1373193,0.80731934,-0.002680664,-0.31268066,-0.75268066,-0.9226807,-1.1226807,-1.2626806,-1.1926807,-0.88268065,-0.51268065,-0.24268067,0.057319336,0.30731934,0.80731934,1.3473194,2.0673194,2.8973193,3.5973194,4.0273194,4.327319,4.077319,4.1673193,3.6373193,2.4273193,0.8273193,2.5173194,3.9373193,3.7473192,3.2673194,0.047319338,0.27731934,0.32731932
-1.6026807,-1.6026807,-1.6726806,-1.4826807,-1.2626806,-1.2126807,-1.0526806,-0.87268066,-0.6726807,-0.41268066,-0.20268066,-0.042680666,0.06731933,0.20731933,0.50731933,0.7173193,0.80731934,0.86731935,0.97731936,1.0173193,0.99731934,1.0673194,1.1873193,0.75731933,0.53731936,0.6473193,0.39731935,0.027319336,-0.112680666,-0.14268066,-0.032680664,-0.002680664,0.12731934,0.32731932,0.60731936,0.7673193,1.1373193,1.2773193,1.3473194,1.3273194,1.4673194,1.7173194,1.4573194,0.32731932,1.5973194,2.7173193,2.5273194,1.5973194,-0.93268067,1.6273193,2.8873193,3.7173193,1.6973194,-2.8626807,0.14731933,-0.99268067,-2.8926806
-0.23268066,-0.16268067,-0.012680664,0.06731933,0.06731933,0.047319338,0.10731933,0.21731934,0.36731935,0.5173193,0.68731934,0.74731934,0.78731936,0.8273193,0.99731934,1.2973193,1.5673194,1.5473193,1.5173193,1.5573193,1.5873194,1.6973194,1.8973193,2.0673194,2.1973193,2.3373194,2.4473193,2.3173194,2.0573194,2.0273194,2.1373193,2.3473194,2.6073194,2.7073193,2.6773193,2.7873194,2.9473193,3.0873194,3.0673194,2.9473193,2.8473194,2.6673193,2.4273193,2.1473193,2.4773192,3.8973193,3.8173194,3.0873194,-0.63268065,-0.44268066,0.15731934,-0.5326807,-1.3726807,1.1973194,2.3473194,2.4773192,0.9073193
1.4073193,1.2973193,0.8973193,0.66731936,0.7173193,0.6973193,0.7073193,0.6573193,0.61731935,0.68731934,0.9673193,1.3473194,1.7273194,2.1073194,2.3573194,2.6073194,2.7873194,3.0173194,3.1273193,3.2373192,3.1973193,3.2573195,3.3873193,3.6473193,3.8673193,4.1573195,4.3373194,4.2273192,4.1273193,4.1673193,4.1773195,4.347319,4.3973193,4.4573193,4.867319,5.4273195,5.8173194,6.117319,6.4773192,6.7173195,6.5673194,6.8973193,5.497319,4.0473194,6.6573195,6.1573195,3.8873193,2.8773193,-0.052680664,-0.7826807,-1.5726807,-1.4526807,-2.8326807,-2.7526808,-0.93268067,1.6673193,2.9573193
1.9873194,2.0973194,2.0273194,1.9473194,1.9973193,2.0373194,2.0373194,2.1373193,2.1673193,2.2273192,2.4073193,2.5873194,2.9473193,3.4073193,3.4473193,3.4873192,3.5773194,3.6173193,3.6573193,3.7173193,3.8673193,4.0473194,4.247319,4.3873196,4.597319,4.7973194,5.057319,5.2973194,5.4373193,5.6373196,5.7773194,6.077319,6.347319,6.6673193,7.1873193,7.3573194,7.6273193,8.337319,9.007319,8.867319,8.9673195,10.157319,7.4873195,5.3173194,4.0873194,2.0673194,5.3973193,4.0273194,0.31731933,0.9673193,0.67731935,1.2873193,2.2773194,3.4573193,3.8273194,3.2273192,2.8173194
2.6373193,2.6073194,2.6273193,2.6073194,2.5173194,2.4473193,2.4373193,2.4373193,2.4573193,2.4873192,2.5173194,2.5973194,2.7073193,2.8573194,3.0673194,3.1773193,3.0973194,3.4373193,3.8873193,4.2973194,4.327319,4.497319,4.6973195,4.9273195,5.1073194,5.1673193,5.347319,5.557319,5.807319,6.347319,6.6073194,6.8173194,7.517319,8.607319,9.987319,9.7173195,8.867319,9.817319,11.197319,8.247319,3.9873192,4.307319,7.2973194,5.5273194,4.1373196,6.2973194,7.017319,5.4573193,5.2173195,5.0273194,4.5073195,3.8973193,3.3973193,2.8873193,2.4473193,2.3673193,2.4473193
3.1873193,3.2673194,3.3973193,3.4873192,3.5873194,3.6873193,3.6773193,3.6173193,3.7273192,3.8273194,3.7173193,3.5073195,3.4873192,3.8473194,4.537319,4.9373193,5.2173195,5.5073195,5.6673193,5.4173193,5.0073195,4.7373195,4.6073194,4.577319,4.4773192,4.497319,4.597319,4.8173194,5.017319,5.2973194,5.6073194,5.9173193,6.1373196,6.5673194,6.997319,7.307319,7.1973195,7.4273195,6.787319,2.9073193,-0.09268066,-0.6726807,-0.052680664,0.79731935,2.5873194,2.6773193,1.5973194,0.80731934,-0.10268066,-0.09268066,0.17731933,0.54731935,0.9473193,1.2573193,1.4173193,1.7873193,1.9573194
3.4573193,3.4473193,3.5173194,3.5773194,3.6973193,3.9473193,4.0473194,4.077319,4.117319,4.2073193,4.267319,4.1873193,3.9873192,3.7873194,3.5573194,3.3773193,3.2973194,3.3073194,3.3873193,3.4873192,3.5973194,3.7573195,3.9173193,4.0273194,3.9873192,3.6773193,3.2773194,3.0173194,2.9473193,2.9173193,2.8473194,2.7673194,2.7373192,2.7973194,2.8573194,2.7673194,2.4773192,1.6573193,0.12731934,-1.1726806,-0.9726807,0.34731933,1.6573193,2.1973193,2.5573194,2.8873193,2.9273193,2.6873193,2.5473194,2.8373194,2.3873193,2.3173194,2.6273193,3.2173193,2.6373193,2.0573194,1.6673193
4.9373193,4.6373196,4.3773193,4.1973195,4.0473194,3.9273193,3.8273194,3.7073193,3.5573194,3.4473193,3.4273193,3.4173193,3.3973193,3.4373193,3.5373194,3.6073194,3.7073193,3.6873193,3.6073194,3.4173193,3.1873193,2.9573193,2.8273194,2.7773194,2.8873193,2.9273193,2.8473194,2.6373193,2.3873193,2.2073193,2.0073195,1.7373194,1.5073193,1.2373194,0.91731936,0.7173193,0.54731935,0.66731936,1.0973194,1.2973193,1.5473193,1.4573194,1.6173193,2.3173194,2.1173193,-0.06268066,-1.8826807,-2.0026808,1.6773193,3.1273193,0.037319336,-1.6626806,-0.24268067,1.2073194,1.2073194,1.3073193,1.8173194
4.6973195,4.6073194,4.517319,4.4573193,4.4373193,4.3873196,4.3173194,4.267319,4.1973195,4.117319,4.0273194,3.9373193,3.8173194,3.6773193,3.5673194,3.4973192,3.4873192,3.4773192,3.4473193,3.3873193,3.2973194,3.1773193,2.9973192,2.7873194,2.6173193,2.4173193,2.1373193,1.8473194,1.6473193,1.5773194,1.5173193,1.3873193,1.1973194,0.9673193,0.72731936,0.49731934,0.25731933,0.047319338,-0.17268066,-0.5426807,-0.94268066,-1.3026806,-1.6326807,-1.9726807,-2.2526808,-1.3226807,0.44731933,2.4473193,3.7773194,3.7573195,2.0773194,-0.35268065,-2.2726808,-2.4226806,1.1073194,2.2973194,1.6673193
