views/data/weather/current/current-wind-isobaric-70hPa-gfs-1.0.json
{"header": { "discipline":0, "disciplineName":"Meteorological products", "gribEdition":2, "gribLength":69912, "center":7, "centerName":"US National Weather Service - NCEP(WMC)", "subcenter":0, "refTime":"2019-10-05T00:00:00.000Z", "significanceOfRT":1, "significanceOfRTName":"Start of forecast", "productStatus":0, "productStatusName":"Operational products", "productType":1, "productTypeName":"Forecast products", "productDefinitionTemplate":0, "productDefinitionTemplateName":"Analysis/forecast at horizontal level/layer at a point in time", "parameterCategory":2, "parameterCategoryName":"Momentum", "parameterNumber":2, "parameterNumberName":"U-component_of_wind", "parameterUnit":"m.s-1", "genProcessType":2, "genProcessTypeName":"Forecast", "forecastTime":0, "surface1Type":100, "surface1TypeName":"Isobaric surface", "surface1Value":7000.0, "surface2Type":255, "surface2TypeName":"Missing", "surface2Value":0.0, "gridDefinitionTemplate":0, "gridDefinitionTemplateName":"Latitude_Longitude", "numberPoints":65160, "shape":6, "shapeName":"Earth spherical with radius of 6,371,229.0 m", "gridUnits":"degrees", "resolution":48, "winds":"true", "scanMode":0, "nx":360, "ny":181, "basicAngle":0, "lo1":0.0, "la1":90.0, "lo2":359.0, "la2":-90.0, "dx":1.0, "dy":1.0 }, "data":
[rows 0 to 26 of 181, columns 122 to 182 of 360]
-3.3739698,-3.3539698,-3.3339698,-3.3139696,-3.2939696,-3.2739697,-3.2539697,-3.2339697,-3.2039697,-3.1839697,-3.1539698,-3.1339698,-3.1039698,-3.0739698,-3.0439696,-3.0139697,-2.9839697,-2.9539697,-2.9139698,-2.8839698,-2.8439698,-2.8139696,-2.7739697,-2.7339697,-2.7039697,-2.6639698,-2.6239698,-2.5839698,-2.5339696,-2.4939697,-2.4539697,-2.4139698,-2.3639698,-2.3239698,-2.2739697,-2.2239697,-2.1839697,-2.1339698,-2.0839698,-2.0339696,-1.9839697,-1.9339697,-1.8839698,-1.8339697,-1.7739698,-1.7239697,-1.6739697,-1.6139697,-1.5639697,-1.5039697,-1.4539697,-1.3939698,-1.3439697,-1.2839698,-1.2239697,-1.1739697,-1.1139697,-1.0539697,-0.99396974,-0.93396974,-0.87396973
-4.22397,-4.1939697,-4.1739697,-4.1439695,-4.11397,-4.0839696,-4.05397,-4.01397,-3.9839697,-3.9439697,-3.9139698,-3.8739698,-3.8339698,-3.7839696,-3.7439697,-3.6939697,-3.6539698,-3.6039698,-3.5539696,-3.5039697,-3.4539697,-3.3939698,-3.3539698,-3.2939696,-3.2439697,-3.1739697,-3.1239698,-3.0639696,-3.0039697,-2.9339697,-2.8739698,-2.8239698,-2.7539697,-2.6939697,-2.6339698,-2.5639696,-2.5039697,-2.4339697,-2.3839698,-2.3239698,-2.2639697,-2.2039697,-2.1539698,-2.0839698,-2.0339696,-1.9639697,-1.9139698,-1.8639697,-1.8039697,-1.7539697,-1.6939697,-1.6439698,-1.5839697,-1.5239698,-1.4639697,-1.4139698,-1.3539697,-1.2939698,-1.2339697,-1.1739697,-1.1139697
-3.9639697,-3.9339697,-3.8939698,-3.8539698,-3.8139696,-3.7839696,-3.7439697,-3.6939697,-3.6639698,-3.6139698,-3.5839698,-3.5439696,-3.5139697,-3.4839697,-3.4539697,-3.4139698,-3.3839698,-3.3539698,-3.3139696,-3.2739697,-3.2439697,-3.2039697,-3.1639698,-3.1239698,-3.0739698,-3.0339696,-2.9739697,-2.9239697,-2.8739698,-2.8139696,-2.7539697,-2.6939697,-2.6339698,-2.5739698,-2.5139697,-2.4539697,-2.3939698,-2.3339698,-2.2739697,-2.2139697,-2.1439698,-2.0739698,-1.9939697,-1.9239697,-1.8339697,-1.7439697,-1.6639698,-1.5639697,-1.4639697,-1.3639697,-1.2639698,-1.1739697,-1.0739697,-0.98396975,-0.8939697,-0.8339697,-0.7539697,-0.68396974,-0.6339697,-0.5839697,-0.54396975
-3.8839698,-3.8639698,-3.8439698,-3.8239698,-3.8039696,-3.7839696,-3.7639697,-3.7439697,-3.7239697,-3.6939697,-3.6839697,-3.6639698,-3.6539698,-3.6339698,-3.6139698,-3.5939698,-3.5839698,-3.5639696,-3.5439696,-3.5239697,-3.5039697,-3.4739697,-3.4539697,-3.4239697,-3.4039698,-3.3739698,-3.3339698,-3.3039696,-3.2739697,-3.2439697,-3.2239697,-3.1939697,-3.1539698,-3.1139698,-3.0739698,-3.0339696,-2.9839697,-2.9239697,-2.8439698,-2.7739697,-2.6639698,-2.5539696,-2.4339697,-2.3039696,-2.1639698,-2.0239697,-1.8939698,-1.7739698,-1.6639698,-1.5539697,-1.4539697,-1.3639697,-1.2639698,-1.1739697,-1.0739697,-0.9539697,-0.8339697,-0.7039697,-0.5739697,-0.43396974,-0.30396974
-4.63397,-4.65397,-4.6839695,-4.70397,-4.7139697,-4.72397,-4.7339697,-4.74397,-4.7539697,-4.7539697,-4.7539697,-4.74397,-4.7339697,-4.7139697,-4.6839695,-4.6639695,-4.6439695,-4.63397,-4.6239696,-4.61397,-4.6039696,-4.5839696,-4.5639696,-4.53397,-4.5039697,-4.4639697,-4.4139695,-4.3539696,-4.2939696,-4.2139697,-4.13397,-4.0439696,-3.9639697,-3.8739698,-3.7739697,-3.6639698,-3.5439696,-3.4139698,-3.2739697,-3.1239698,-2.9839697,-2.8539698,-2.7239697,-2.6039698,-2.4739697,-2.3539698,-2.2139697,-2.0739698,-1.9039698,-1.7439697,-1.5539697,-1.3539697,-1.1439698,-0.9539697,-0.7639697,-0.60396975,-0.45396972,-0.32396972,-0.20396973,-0.093969725,0.016030274
-5.15397,-5.2739697,-5.3939695,-5.5039697,-5.59397,-5.6839695,-5.74397,-5.80397,-5.8539696,-5.90397,-5.95397,-6.0039697,-6.0439696,-6.0439696,-6.01397,-5.95397,-5.86397,-5.74397,-5.61397,-5.47397,-5.32397,-5.1739697,-5.0439696,-4.90397,-4.76397,-4.6239696,-4.49397,-4.36397,-4.2339697,-4.11397,-4.01397,-3.9239697,-3.8439698,-3.7539697,-3.6739697,-3.5939698,-3.4939697,-3.3839698,-3.2639697,-3.1139698,-2.9639697,-2.7939696,-2.6239698,-2.4339697,-2.2339697,-2.0239697,-1.8139697,-1.6039697,-1.4239697,-1.2539697,-1.1039697,-0.9439697,-0.7839697,-0.60396975,-0.40396973,-0.18396972,0.04603027,0.27603027,0.48603028,0.6660303,0.82603025
-5.5439696,-5.65397,-5.74397,-5.8139696,-5.84397,-5.84397,-5.82397,-5.7939696,-5.7539697,-5.72397,-5.6839695,-5.65397,-5.61397,-5.5639696,-5.5039697,-5.4239697,-5.34397,-5.2539697,-5.1739697,-5.09397,-5.03397,-4.95397,-4.8939695,-4.82397,-4.7339697,-4.6239696,-4.51397,-4.3939695,-4.2539697,-4.1039696,-3.9439697,-3.7839696,-3.6339698,-3.4839697,-3.3539698,-3.2239697,-3.1039698,-2.9839697,-2.8639698,-2.7739697,-2.6939697,-2.6039698,-2.5139697,-2.4039698,-2.2839696,-2.1439698,-1.9839697,-1.7939698,-1.5639697,-1.3239697,-1.0939697,-0.8839697,-0.68396974,-0.5039697,-0.35396972,-0.20396973,-0.08396973,0.07603028,0.25603026,0.46603027,0.6660303
-5.76397,-5.8139696,-5.80397,-5.7339697,-5.6239696,-5.49397,-5.3739696,-5.2739697,-5.1739697,-5.0639696,-4.95397,-4.8339696,-4.6939697,-4.55397,-4.4339695,-4.34397,-4.3139696,-4.3139696,-4.34397,-4.38397,-4.40397,-4.38397,-4.3539696,-4.2939696,-4.2339697,-4.1739697,-4.1439695,-4.1439695,-4.13397,-4.09397,-4.03397,-3.9339697,-3.8139696,-3.6939697,-3.5539696,-3.3939698,-3.2539697,-3.1339698,-3.0239697,-2.9239697,-2.8339698,-2.7739697,-2.7039697,-2.6339698,-2.5339696,-2.4139698,-2.2739697,-2.1039698,-1.9139698,-1.6839697,-1.4639697,-1.2439697,-1.0139698,-0.80396974,-0.5939697,-0.41396973,-0.22396973,-0.043969728,0.116030276,0.25603026,0.39603028
-4.9239697,-4.97397,-5.07397,-5.1639695,-5.1739697,-5.11397,-5.0039697,-4.9339695,-4.90397,-4.8739696,-4.78397,-4.6639695,-4.57397,-4.5039697,-4.4139695,-4.34397,-4.30397,-4.3139696,-4.32397,-4.32397,-4.2939696,-4.2339697,-4.1639695,-4.0839696,-4.0239697,-3.9739697,-3.9439697,-3.9139698,-3.8839698,-3.8639698,-3.8439698,-3.8539698,-3.8339698,-3.7839696,-3.7039697,-3.6039698,-3.4939697,-3.4239697,-3.3639698,-3.2639697,-3.1139698,-2.9639697,-2.8139696,-2.6739697,-2.5439696,-2.4139698,-2.2639697,-2.1039698,-1.9239697,-1.7039697,-1.4939697,-1.2939698,-1.0939697,-0.87396973,-0.6439697,-0.44396973,-0.25396973,-0.063969724,0.14603028,0.36603028,0.56603026
-4.70397,-4.76397,-4.7939696,-4.7539697,-4.6239696,-4.4339695,-4.26397,-4.1639695,-4.1039696,-4.0439696,-4.03397,-4.09397,-4.22397,-4.3339696,-4.4339695,-4.51397,-4.57397,-4.59397,-4.57397,-4.5239697,-4.4439697,-4.3539696,-4.28397,-4.20397,-4.15397,-4.13397,-4.11397,-4.1039696,-4.05397,-3.9839697,-3.9539697,-3.9239697,-3.9039698,-3.8739698,-3.8439698,-3.7939696,-3.6939697,-3.5939698,-3.5039697,-3.4139698,-3.3139696,-3.2039697,-3.1239698,-3.0639696,-3.0039697,-2.8939698,-2.7239697,-2.5539696,-2.4039698,-2.2839696,-2.1539698,-2.0439696,-1.9339697,-1.8239697,-1.6839697,-1.5139698,-1.2939698,-1.0639697,-0.8239697,-0.5839697,-0.37396973
-4.1939697,-4.1939697,-4.1439695,-4.0639696,-4.0639696,-4.07397,-4.0239697,-3.8739698,-3.7339697,-3.6839697,-3.7639697,-3.9839697,-4.2139697,-4.40397,-4.5439696,-4.65397,-4.78397,-4.9239697,-5.0239697,-5.0639696,-5.03397,-4.95397,-4.8739696,-4.8139696,-4.74397,-4.6639695,-4.55397,-4.45397,-4.38397,-4.3139696,-4.22397,-4.11397,-4.01397,-3.9339697,-3.8639698,-3.7839696,-3.6939697,-3.5739698,-3.4539697,-3.3339698,-3.2639697,-3.2139697,-3.1739697,-3.1339698,-3.1039698,-3.1139698,-3.1539698,-3.1739697,-3.1439698,-3.0339696,-2.8839698,-2.7339697,-2.5939698,-2.4839697,-2.3739698,-2.2339697,-2.1039698,-1.9739697,-1.8439697,-1.6839697,-1.5439698
-3.8539698,-3.9439697,-4.07397,-4.1739697,-4.1739697,-4.0839696,-3.9839697,-3.9639697,-3.9839697,-3.9639697,-3.9139698,-3.9939697,-4.1939697,-4.4639697,-4.6939697,-4.90397,-5.11397,-5.3139696,-5.45397,-5.53397,-5.5439696,-5.5239697,-5.5039697,-5.4239697,-5.28397,-5.1839695,-5.13397,-5.0639696,-4.9239697,-4.72397,-4.5639696,-4.4639697,-4.3739696,-4.2539697,-4.1439695,-4.05397,-3.9239697,-3.7739697,-3.6339698,-3.4739697,-3.3639698,-3.3139696,-3.3339698,-3.3039696,-3.2039697,-3.1039698,-3.0439696,-3.0239697,-3.0239697,-3.0239697,-2.9639697,-2.9439697,-2.9639697,-2.9539697,-2.9139698,-2.8139696,-2.6739697,-2.6239698,-2.6039698,-2.5239697,-2.3839698
-3.4839697,-3.5539696,-3.6539698,-3.8039696,-3.9839697,-4.1039696,-4.03397,-3.8539698,-3.7039697,-3.6539698,-3.6239698,-3.6639698,-3.7839696,-4.0039697,-4.24397,-4.4339695,-4.5839696,-4.7539697,-4.95397,-5.11397,-5.2539697,-5.32397,-5.4139695,-5.51397,-5.5439696,-5.40397,-5.2739697,-5.24397,-5.1839695,-5.05397,-4.80397,-4.55397,-4.3139696,-4.1039696,-3.9739697,-3.9039698,-3.8439698,-3.6839697,-3.5239697,-3.4139698,-3.2739697,-3.0839698,-2.8839698,-2.7039697,-2.5739698,-2.6039698,-2.7439697,-2.8139696,-2.7739697,-2.7239697,-2.6739697,-2.6439698,-2.6139698,-2.5639696,-2.5239697,-2.4839697,-2.3639698,-2.2739697,-2.1839697,-2.1339698,-2.1839697
-3.6639698,-3.6539698,-3.6039698,-3.5139697,-3.3739698,-3.1639698,-3.1139698,-3.2639697,-3.4839697,-3.6839697,-3.7539697,-3.8239698,-4.0039697,-4.11397,-4.11397,-4.1639695,-4.30397,-4.47397,-4.63397,-4.7539697,-4.88397,-4.97397,-4.99397,-5.0639696,-5.13397,-5.1039696,-5.0439696,-4.9239697,-4.7339697,-4.59397,-4.5839696,-4.63397,-4.6039696,-4.4339695,-4.09397,-3.6739697,-3.3739698,-3.2439697,-3.1439698,-2.8639698,-2.4539697,-2.1039698,-1.8539697,-1.6439698,-1.3839698,-1.2539697,-1.3239697,-1.4339697,-1.5039697,-1.5339698,-1.5539697,-1.5339698,-1.5039697,-1.4139698,-1.3739697,-1.3439697,-1.2839698,-1.2139697,-1.1639698,-1.2739698,-1.4939697
-2.9739697,-3.1839697,-3.2839696,-3.3439698,-3.3539698,-3.3039696,-3.2239697,-3.0339696,-2.9739697,-3.0739698,-3.2139697,-3.2239697,-3.2739697,-3.3239698,-3.2739697,-3.2839696,-3.3439698,-3.4939697,-3.6139698,-3.6839697,-3.9139698,-4.1939697,-4.3939695,-4.5239697,-4.5639696,-4.57397,-4.6239696,-4.6939697,-4.7139697,-4.7139697,-4.6939697,-4.63397,-4.4339695,-4.03397,-3.5139697,-2.9839697,-2.4639697,-2.0339696,-1.7539697,-1.5639697,-1.3039697,-1.0039697,-0.73396975,-0.5739697,-0.34396973,-0.023969727,0.20603028,0.22603028,0.19603027,0.22603028,0.30603027,0.27603027,0.18603027,0.16603027,0.19603027,0.26603028,0.3860303,0.33603027,0.24603027,0.21603027,0.17603028
-2.2139697,-2.1339698,-2.1039698,-2.2439697,-2.3839698,-2.5739698,-2.7439697,-2.7839696,-2.7339697,-2.7539697,-2.8739698,-2.9839697,-3.0639696,-3.1439698,-3.0839698,-3.0139697,-2.9639697,-2.8539698,-2.7939696,-2.8139696,-2.8239698,-3.0139697,-3.3439698,-3.5639696,-3.7039697,-3.7639697,-3.6339698,-3.4939697,-3.3739698,-3.3339698,-3.4039698,-3.5339696,-3.5639696,-3.2839696,-2.7939696,-2.2639697,-1.7439697,-1.2539697,-0.85396975,-0.41396973,-0.10396972,0.06603027,0.18603027,0.34603027,0.56603026,0.7960303,0.93603027,1.0260303,1.1560303,1.4160303,1.5660303,1.5060303,1.3860303,1.3660302,1.4560302,1.4560302,1.3160303,1.2060302,1.2460303,1.3760303,1.6760303
-1.0639697,-1.3039697,-1.4739697,-1.4939697,-1.4739697,-1.3539697,-1.3739697,-1.5539697,-1.8039697,-2.0339696,-2.1439698,-2.2339697,-2.3039696,-2.2539697,-2.1539698,-2.1239698,-2.0139697,-1.7739698,-1.6039697,-1.5739697,-1.5039697,-1.5639697,-1.5739697,-1.4539697,-1.4539697,-1.5739697,-1.6139697,-1.6639698,-1.7239697,-1.8539697,-2.1239698,-2.3739698,-2.4539697,-2.3439698,-2.0739698,-1.6939697,-1.2739698,-0.7839697,-0.28396973,0.12603027,0.22603028,0.29603028,0.50603026,0.81603026,1.2660303,1.7260302,2.0160303,2.2460303,2.5660303,2.8460302,2.8560302,2.7660303,2.8360302,2.7560303,2.5260303,2.5660303,2.8060303,3.0060303,2.9760303,3.0460303,3.2460303
0.13603027,-0.14396973,-0.40396973,-0.5339697,-0.5739697,-0.5939697,-0.6439697,-0.73396975,-0.85396975,-0.9439697,-0.9039697,-0.9639697,-0.92396975,-0.8439697,-0.7239697,-0.6439697,-0.61396974,-0.66396976,-0.67396975,-0.61396974,-0.61396974,-0.5339697,-0.3939697,-0.31396973,-0.24396972,-0.27396974,-0.35396972,-0.37396973,-0.55396974,-0.7639697,-0.8839697,-0.93396974,-0.9539697,-0.81396973,-0.45396972,0.04603027,0.47603026,0.87603027,1.2160302,1.5960302,1.9060303,2.1460302,2.5060303,2.8260303,3.0160303,3.3160303,3.7560303,4.2060304,4.71603,5.0360303,5.2060304,5.4560304,5.54603,5.52603,5.2660303,4.8060303,4.3960304,4.02603,3.6260302,3.6060302,3.6860304
1.0460303,1.2060302,1.2460303,1.0960302,0.9760303,0.8560303,0.8060303,0.7460303,0.70603025,0.62603027,0.56603026,0.40603027,0.34603027,0.3860303,0.47603026,0.56603026,0.63603026,0.69603026,0.63603026,0.39603028,0.19603027,0.26603028,0.51603025,0.68603027,0.5560303,0.3860303,0.22603028,0.17603028,0.20603028,0.19603027,0.24603027,0.32603028,0.50603026,0.7760303,1.1860303,1.7060302,2.1860304,2.7860303,3.1960304,3.5760303,3.8660302,3.9960303,4.04603,4.2460303,4.52603,4.9560304,5.34603,5.92603,6.5660305,7.19603,7.59603,7.86603,7.9560304,8.05603,7.8560305,7.4360304,7.17603,6.6060305,6.2860303,5.8360305,5.44603
2.0960302,2.0360303,2.1260302,2.3260303,2.1260302,1.7060302,1.6360303,1.5860302,1.4460303,1.3960303,1.3960303,1.4960303,1.5360303,1.4660302,1.5160303,1.8560302,2.1160302,1.8760303,1.4860302,1.3260303,1.3860303,1.3560302,1.2460303,1.1760303,1.2060302,1.2760303,1.4060303,1.4360303,1.2760303,1.2460303,1.2760303,1.2660303,1.4160303,1.7660303,2.3060303,2.7860303,3.1360302,3.5160303,3.9760303,4.3760304,4.4560304,4.5160303,4.4960303,4.5860305,4.8960304,5.3160305,5.5660305,6.11603,6.09603,6.73603,7.2860303,7.79603,7.5660305,7.6660304,7.84603,7.8360305,7.8060303,7.69603,7.71603,7.84603,7.73603
2.9360304,2.9160302,2.9460304,2.9260302,2.9460304,2.7560303,2.4460304,2.3360302,2.3960302,2.4260302,2.5060303,2.5160303,2.5760303,2.6860304,2.6460302,2.9860303,3.3260303,3.5260303,3.4060302,3.0760303,2.8360302,2.6160302,2.4060302,2.2360303,2.1460302,2.1760302,2.1260302,2.1260302,2.1160302,2.1160302,2.1360302,2.1860304,2.2560303,2.4560304,2.7760303,3.1260302,3.6060302,4.0860305,4.2660303,4.61603,4.7860303,4.88603,4.94603,5.0860305,5.17603,5.6460304,6.1260304,6.3260303,6.42603,6.6660304,6.79603,6.5660305,6.2460303,6.0760303,6.0160303,6.0660305,6.40603,7.02603,7.38603,7.75603,8.10603
3.6360302,3.7360303,3.7960303,3.7160304,3.4560304,3.0660303,2.8360302,3.1160302,3.5360303,3.6160302,3.3760302,3.2860303,3.2560303,3.4660304,3.6660302,3.9960303,4.19603,4.21603,4.19603,4.2860303,4.29603,3.8660302,3.1560302,2.8060303,2.7960303,2.8160303,2.7260303,2.7960303,3.0060303,3.2860303,3.5060303,3.6360302,3.7160304,3.8860302,4.27603,4.8060303,5.04603,4.9760303,5.3260303,5.5760303,5.79603,5.96603,6.13603,6.1460304,6.29603,6.2660303,6.04603,5.75603,5.71603,5.0660305,4.6460304,4.7860303,4.65603,4.5860305,4.84603,5.34603,5.6060305,5.6860304,5.8560305,6.2460303,6.69603
4.19603,4.50603,4.25603,4.0760303,4.09603,4.00603,3.8360302,3.9860303,4.1260304,3.9760303,3.7360303,3.8060303,3.8860302,3.8360302,3.7360303,3.8360302,4.0660305,4.27603,4.44603,4.6260304,4.5660305,4.6460304,4.6260304,4.40603,4.15603,4.11603,4.1660304,4.0860305,4.15603,4.2260303,4.54603,4.8060303,4.9360304,5.2260303,5.7660303,5.8960304,5.9360304,6.6260304,7.00603,6.8360305,7.0360303,7.04603,6.98603,6.84603,6.4760303,6.1660304,6.17603,5.7660303,5.4360304,5.5360303,5.46603,5.2660303,5.04603,4.98603,5.19603,5.7060304,6.27603,6.4560304,6.5760303,6.8560305,6.8560305
4.4760303,4.7660303,5.02603,4.8260303,4.7460303,4.98603,5.0760303,5.0760303,4.96603,5.0760303,5.1860304,5.02603,4.5660305,4.1660304,3.9460304,3.9560304,4.44603,4.7460303,4.90603,5.1660304,5.3560305,5.5160303,5.3260303,5.1260304,5.2060304,5.27603,5.3160305,5.5860305,5.7060304,5.8360305,5.7860303,5.3560305,5.73603,6.38603,6.98603,7.38603,7.48603,7.5360303,7.6460304,7.8960304,7.6860304,7.6860304,7.7260303,7.6660304,7.48603,7.27603,6.92603,6.4560304,6.50603,6.6260304,6.98603,7.02603,6.9160304,6.92603,7.3760304,7.3760304,7.71603,7.8960304,8.03603,8.12603,8.60603
4.00603,4.4760303,4.8160305,5.0160303,5.04603,5.54603,6.09603,6.1260304,6.00603,5.98603,5.7260303,5.40603,5.1460304,4.8960304,4.9560304,5.2260303,5.4360304,5.4760303,5.40603,5.2660303,5.63603,5.88603,6.1060305,6.2060304,6.42603,6.6460304,7.00603,6.9760303,6.8060303,6.8060303,6.7660303,6.3760304,6.3960304,6.88603,7.5160303,7.9760303,7.8960304,7.94603,8.326031,9.21603,9.13603,8.696031,8.66603,8.89603,8.34603,8.17603,8.88603,8.43603,7.09603,7.4360304,8.236031,8.276031,8.196031,8.446031,9.076031,8.99603,8.74603,9.55603,9.97603,9.88603,9.80603
4.92603,5.09603,5.3260303,5.4160304,5.6060305,5.8760304,6.42603,6.36603,6.42603,6.3260303,6.04603,6.09603,6.13603,5.9760303,5.9960303,6.25603,6.5860305,6.1460304,5.4760303,5.65603,5.92603,6.29603,6.7460303,6.9760303,7.4560304,7.75603,8.05603,8.196031,7.8560305,7.48603,7.50603,7.50603,7.3260303,7.27603,7.71603,7.92603,8.12603,8.33603,7.84603,7.9960303,8.45603,8.51603,8.18603,8.526031,7.9960303,8.08603,8.8160305,9.18603,8.34603,9.196031,9.91603,10.71603,10.79603,10.87603,11.50603,11.486031,11.13603,12.446031,11.49603,11.80603,11.76603
6.0660305,5.90603,5.98603,5.79603,6.2060304,6.29603,6.5860305,6.52603,6.5560303,6.5360303,6.5560303,6.6660304,6.75603,6.8060303,6.3560305,6.1260304,6.61603,6.5360303,6.54603,6.6660304,6.63603,6.7260303,7.0560303,7.6660304,8.04603,8.17603,8.20603,7.98603,8.236031,8.38603,8.10603,7.9160304,8.05603,8.116031,8.25603,9.01603,8.866031,9.54603,8.59603,8.76603,8.156031,8.366031,9.01603,9.156031,8.62603,8.83603,11.18603,10.17603,10.486031,11.16603,11.99603,12.78603,13.076031,14.87603,12.616031,11.62603,14.84603,14.84603,15.0660305,15.16603,14.87603
