views/data/weather/current/current-wind-isobaric-70hPa-gfs-1.0.json
{"header": { "discipline":0, "disciplineName":"Meteorological products", "gribEdition":2, "gribLength":69912, "center":7, "centerName":"US National Weather Service - NCEP(WMC)", "subcenter":0, "refTime":"2019-10-05T00:00:00.000Z", "significanceOfRT":1, "significanceOfRTName":"Start of forecast", "productStatus":0, "productStatusName":"Operational products", "productType":1, "productTypeName":"Forecast products", "productDefinitionTemplate":0, "productDefinitionTemplateName":"Analysis/forecast at horizontal level/layer at a point in time", "parameterCategory":2, "parameterCategoryName":"Momentum", "parameterNumber":2, "parameterNumberName":"U-component_of_wind", "parameterUnit":"m.s-1", "genProcessType":2, "genProcessTypeName":"Forecast", "forecastTime":0, "surface1Type":100, "surface1TypeName":"Isobaric surface", "surface1Value":7000.0, "surface2Type":255, "surface2TypeName":"Missing", "surface2Value":0.0, "gridDefinitionTemplate":0, "gridDefinitionTemplateName":"Latitude_Longitude", "numberPoints":65160, "shape":6, "shapeName":"Earth spherical with radius of 6,371,229.0 m", "gridUnits":"degrees", "resolution":48, "winds":"true", "scanMode":0, "nx":360, "ny":181, "basicAngle":0, "lo1":0.0, "la1":90.0, "lo2":359.0, "la2":-90.0, "dx":1.0, "dy":1.0 }, "data":
[rows 81 to 107 of 181, columns 61 to 121 of 360]
-3.1039698,-2.6739697,-2.8639698,-3.4739697,-4.5039697,-3.4839697,-2.6739697,-2.8139696,-2.3639698,-4.2139697,-4.34397,-4.0039697,-4.24397,-6.3139696,-7.11397,-7.61397,-7.4139695,-6.95397,-7.0839696,-6.65397,-5.6839695,-4.61397,-3.8339698,-4.4639697,-4.11397,-4.97397,-5.1239696,-4.5239697,-2.2639697,-2.5839698,-2.2539697,-1.7139697,-1.3639697,-0.8439697,-1.7039697,-2.3239698,-3.5339696,-4.05397,-2.7939696,-3.2339697,-1.6139697,-1.3139697,0.036030274,-2.9839697,-3.4139698,-4.7139697,-4.2139697,-3.0539696,-3.4639697,-3.6139698,-4.3139696,-5.1839695,-4.6839695,-4.7539697,-5.1639695,-4.65397,-2.9739697,-3.4339697,-4.7939696,-5.2139697,-4.61397
-3.5039697,-2.5239697,-2.0439696,-3.0539696,-3.8339698,-4.6739697,-3.7939696,-4.09397,-3.8939698,-3.7939696,-4.9339695,-5.09397,-5.28397,-6.3739696,-7.1939697,-8.343969,-7.30397,-7.03397,-6.72397,-5.7339697,-6.51397,-4.95397,-4.4139695,-3.9939697,-4.2139697,-4.24397,-3.4839697,-3.6039698,-3.2739697,-3.0339696,-2.8739698,-1.7239697,-0.5039697,-0.81396973,-2.3039696,-2.7339697,-2.7239697,-2.7639697,-2.6139698,-1.4639697,-0.7739697,-0.10396972,-0.7639697,-1.0939697,-2.4739697,-2.8139696,-2.9139698,-3.0739698,-3.5639696,-3.5139697,-3.9239697,-3.7939696,-3.3139696,-3.2839696,-3.0239697,-2.9139698,-2.5139697,-1.6939697,-3.8839698,-4.7339697,-4.72397
-3.0339696,-2.8239698,-3.2939696,-3.8339698,-4.1739697,-5.36397,-5.03397,-5.3539696,-4.80397,-5.40397,-5.47397,-5.9239697,-5.45397,-6.01397,-6.38397,-6.9639697,-6.5839696,-6.6239696,-5.6639695,-5.5639696,-6.5839696,-4.78397,-4.4339695,-3.9139698,-3.3239698,-3.7139697,-2.3939698,-3.5239697,-3.6239698,-2.7539697,-1.3139697,-1.4339697,-1.1139697,-0.9639697,-1.5539697,-1.4439697,-2.2839696,-2.3639698,-1.4239697,-1.8239697,1.0560303,0.8560303,0.25603026,-1.5939697,-2.0539696,-1.6939697,-2.0639696,-2.1139698,-2.6739697,-2.4939697,-2.9839697,-2.5339696,-2.3439698,-1.7439697,-1.2139697,-1.7639698,-1.8239697,-0.053969726,-1.6539698,-2.8639698,-3.6939697
-2.3139696,-1.9839697,-2.3639698,-3.8039696,-3.6739697,-4.34397,-5.1639695,-5.40397,-5.4339695,-5.22397,-5.7739697,-5.4239697,-5.9239697,-5.72397,-5.72397,-5.4239697,-5.7939696,-6.03397,-5.20397,-5.5239697,-5.3739696,-3.5839698,-3.2739697,-2.7739697,-2.4839697,-1.7839698,-2.0839698,-2.0339696,-2.0139697,0.44603026,-0.67396975,-0.6339697,-0.16396973,-0.28396973,-1.2039697,-0.18396972,-0.60396975,-1.0339698,-0.99396974,0.5560303,0.88603026,0.7860303,0.87603027,-1.6939697,-1.8239697,-0.86396974,-1.2839698,-1.5739697,-1.9639697,-1.2339697,-2.0039697,-2.4739697,-1.5639697,-1.8039697,-0.5139697,-1.1239697,0.10603027,0.93603027,-0.28396973,-0.9439697,-2.3739698
-0.8839697,-2.0439696,-2.1339698,-1.6239697,-1.4139698,-2.5039697,-3.6839697,-3.8439698,-4.57397,-4.61397,-4.34397,-4.0439696,-3.4939697,-4.8939695,-5.28397,-4.4139695,-5.22397,-4.5839696,-4.7939696,-3.7239697,-2.9039698,-1.6139697,-0.9639697,-1.1239697,-0.85396975,-1.3639697,-1.5739697,-1.1939697,-0.45396972,1.3560302,-0.23396973,1.6160302,1.5960302,1.5060303,0.9260303,0.8460303,-1.0939697,0.9260303,0.58603024,1.4160303,2.0860302,1.0960302,1.2060302,-0.5939697,-0.9439697,-1.0939697,-1.0739697,-0.7239697,0.20603028,0.14603028,-0.61396974,-0.79396975,0.026030274,-1.5039697,-0.07396973,-0.37396973,-0.07396973,2.5760303,1.4360303,1.2460303,0.036030274
-1.8139697,-0.15396972,-0.9739697,-1.3439697,-0.8939697,-2.2939696,-3.3039696,-3.8339698,-4.9139695,-4.11397,-2.2239697,-2.7039697,-2.7639697,-2.7639697,-3.1539698,-2.7939696,-2.8639698,-2.1339698,-4.45397,-2.9439697,-1.4739697,-0.25396973,1.3060303,2.0560303,0.7760303,-1.0839697,-0.07396973,-0.80396974,1.3160303,2.6460302,2.4360304,2.6960304,4.11603,3.1660302,2.6460302,1.6260303,0.07603028,0.68603027,1.1660303,2.3760302,2.9360304,2.9260302,1.9360303,-0.24396972,-0.40396973,-0.9639697,-0.9739697,0.116030276,0.31603026,0.21603027,0.7160303,0.45603028,0.7360303,0.056030273,-0.24396972,0.17603028,1.2460303,2.6260302,2.2860303,1.6260303,0.9760303
1.2160302,0.49603027,0.6660303,0.56603026,-0.23396973,0.026030274,-2.3939698,-1.2339697,-0.66396976,-0.22396973,-1.1539698,-0.093969725,-1.0139698,-1.5239698,-1.5139698,-1.6239697,-1.2439697,-1.5139698,-1.1439698,-1.6939697,0.056030273,3.1160302,3.6860304,3.9260302,2.1760302,0.76603025,1.2260302,2.0260303,2.6860304,2.5360303,3.2360303,3.6660302,4.7260303,3.8160303,5.02603,3.7060304,1.5560303,1.3660302,1.7060302,2.9560304,3.4360304,3.7160304,3.2060304,0.83603024,0.036030274,-0.40396973,0.82603025,0.63603026,0.9260303,0.3860303,0.20603028,1.0960302,1.7660303,0.29603028,-0.54396975,0.68603027,1.9860302,2.3260303,2.0560303,2.4660304,2.3660302
1.8160303,1.8860303,1.7260302,2.0060303,2.4960303,2.2660303,1.5560303,0.07603028,1.7560303,3.2960303,2.9660304,2.3760302,1.5260303,0.48603028,-1.2939698,-0.17396973,1.8860303,0.33603027,-0.3639697,0.88603026,3.4060302,4.3060303,5.6860304,5.0860305,3.5260303,1.6260303,3.1360302,3.6860304,5.0660305,4.90603,4.3760304,4.3760304,4.61603,4.2260303,4.25603,5.8360305,3.4460304,3.7360303,4.0660305,3.3060303,3.4260302,3.4060302,2.7660303,1.6760303,1.2260302,0.8060303,0.81603026,0.9160303,0.5960303,0.25603026,0.28603026,0.6660303,0.5960303,1.0560303,0.42603028,0.7360303,1.4460303,1.1260303,2.9760303,3.4360304,3.1360302
1.8660302,3.2660303,2.4760303,4.5660305,4.9760303,5.0160303,4.9760303,3.8560302,4.8160305,5.9960303,6.71603,7.19603,5.1260304,4.04603,3.2560303,4.04603,3.7660303,3.1560302,3.7260303,3.9360304,5.8760304,6.34603,7.1260304,5.96603,6.15603,4.2060304,3.6760302,5.3160305,5.77603,6.6860304,6.6260304,6.2460303,7.4760303,6.0760303,7.73603,6.5160303,5.52603,4.75603,3.9660304,3.5760303,3.7460303,3.8360302,2.8560302,2.2360303,1.6560303,0.5460303,0.036030274,0.5460303,0.7260303,-0.41396973,-0.87396973,0.62603027,0.36603028,-0.37396973,-0.35396972,0.63603026,0.51603025,1.2160302,2.3860302,3.6660302,3.6960304
4.6260304,4.3260303,4.7060304,5.9360304,5.7460303,5.50603,5.8760304,6.1260304,7.2660303,7.3160305,8.38603,9.20603,9.03603,7.7460303,6.2060304,7.36603,6.6860304,6.88603,6.3760304,8.366031,7.9360304,8.63603,9.88603,6.8060303,7.4360304,7.6060305,5.5560303,7.0560303,8.03603,9.59603,8.156031,8.526031,8.18603,9.04603,8.21603,7.88603,6.3060303,4.9760303,4.2260303,4.44603,4.2460303,3.5960302,3.1360302,2.6160302,1.3960303,0.40603027,-0.16396973,0.016030274,0.63603026,-0.13396972,-0.6939697,0.7360303,-0.3939697,-0.22396973,-1.3739697,-0.49396974,0.14603028,1.5460303,3.3460302,4.29603,3.1760302
4.86603,5.8260303,5.88603,6.6460304,7.09603,7.40603,8.21603,8.75603,8.72603,8.78603,8.88603,8.88603,9.80603,9.12603,8.66603,9.62603,9.41603,11.59603,10.30603,12.70603,12.01603,8.49603,9.736031,10.51603,7.84603,9.406031,9.03603,8.78603,9.91603,10.13603,9.67603,9.17603,9.17603,9.45603,8.71603,7.7860303,7.34603,5.8360305,5.8160305,5.17603,5.0360303,2.9160302,2.2060304,1.4160303,0.8460303,0.87603027,0.87603027,-0.0039697266,0.13603027,-0.0039697266,0.28603026,-0.67396975,-0.7539697,-1.3739697,-1.2639698,-0.43396974,0.51603025,1.4060303,3.2360303,3.5460303,3.9360304
5.75603,6.1060305,5.4760303,6.90603,7.9960303,9.47603,9.84603,9.43603,9.366031,10.116031,9.276031,9.75603,10.62603,10.12603,9.946031,11.22603,12.21603,13.3160305,12.0660305,12.446031,12.72603,12.20603,11.83603,12.526031,12.67603,11.42603,10.76603,10.34603,10.776031,11.156031,9.986031,10.156031,10.45603,9.486031,9.196031,8.12603,8.26603,7.3360305,6.50603,5.46603,4.1660304,2.8460302,1.4560302,1.1460303,1.3360302,1.2160302,-0.19396973,-0.08396973,0.19603027,-0.11396973,-0.10396972,-0.32396972,-1.2939698,-1.6239697,-1.6339698,0.016030274,0.46603027,1.9960303,3.5360303,3.3760302,4.4960303
5.9560304,5.21603,6.29603,7.1660304,7.9360304,9.43603,9.74603,9.67603,9.68603,9.88603,10.30603,10.99603,11.63603,11.58603,11.12603,12.76603,13.16603,13.66603,12.60603,11.26603,12.22603,13.46603,13.116031,13.196031,14.09603,13.696031,12.89603,11.79603,10.62603,11.326031,10.576031,9.55603,10.01603,9.97603,9.28603,9.656031,8.33603,7.69603,6.27603,5.25603,4.44603,3.2660303,1.2860303,1.5060303,0.88603026,0.76603025,0.10603027,-0.20396973,0.04603027,0.15603027,-0.023969727,0.46603027,-0.5039697,-1.7939698,-0.6539697,-0.7539697,0.32603028,2.2560303,3.2760303,3.5160303,3.7960303
5.2860303,5.73603,6.46603,6.59603,7.7060304,8.89603,9.60603,8.96603,9.22603,8.906031,10.30603,10.33603,11.97603,12.08603,12.62603,13.30603,12.96603,12.24603,11.986031,12.076031,11.8160305,12.64603,12.8160305,12.30603,12.8160305,12.91603,14.10603,12.276031,12.3160305,11.24603,10.30603,9.076031,9.63603,10.37603,9.89603,9.26603,8.906031,8.17603,6.92603,5.3560305,5.3060303,3.6860304,1.6960303,0.7860303,0.31603026,0.68603027,0.27603027,0.23603028,0.21603027,0.21603027,-0.6539697,-0.48396972,-0.7239697,-1.2539697,-1.2839698,0.0060302736,1.2860303,2.3060303,2.2260303,3.2460303,3.4560304
5.96603,5.3360305,5.96603,5.6260304,6.54603,7.5360303,7.9360304,8.92603,8.87603,9.24603,9.236031,10.406031,10.446031,11.486031,12.64603,13.576031,13.22603,12.17603,10.88603,11.026031,11.54603,12.12603,13.696031,12.35603,10.99603,11.30603,11.986031,13.04603,12.04603,12.26603,11.01603,9.59603,9.826031,10.83603,10.72603,9.93603,9.0660305,8.39603,7.7460303,6.3160305,5.59603,4.34603,1.7960303,1.1760303,0.3560303,0.57603025,0.6560303,0.8060303,0.37603027,-0.47396973,-0.79396975,-1.0839697,-0.9739697,-1.2639698,-0.8939697,0.06603027,1.2360302,2.3160303,2.6160302,2.8760302,2.6960304
5.8060303,5.67603,5.25603,5.1660304,6.1660304,6.9960303,7.94603,8.3160305,8.43603,8.66603,9.18603,9.576031,10.88603,11.64603,11.95603,12.63603,12.866031,12.21603,11.66603,11.66603,11.60603,11.446031,13.10603,12.58603,11.96603,10.3160305,11.28603,11.04603,11.83603,11.656031,10.33603,9.66603,9.28603,10.43603,10.63603,10.03603,9.62603,8.50603,8.41603,7.00603,6.17603,4.63603,3.0160303,1.9060303,0.5360303,1.4560302,1.1660303,1.6260303,0.45603028,-0.8239697,-1.0639697,-1.4939697,-0.85396975,-0.7739697,-1.0939697,0.29603028,1.2960303,2.2060304,2.3760302,3.5060303,2.7360303
5.1660304,6.1660304,5.7260303,5.36603,7.02603,6.9960303,7.52603,8.22603,8.406031,7.5860305,8.35603,9.196031,9.776031,10.276031,11.20603,11.58603,11.09603,11.276031,10.92603,10.326031,10.08603,10.116031,11.736031,12.116031,11.076031,10.74603,10.33603,9.74603,11.04603,10.236031,10.28603,9.45603,8.42603,9.18603,9.34603,9.09603,9.34603,8.906031,8.96603,7.3360305,6.63603,4.40603,4.15603,2.4360304,1.8760303,1.9460303,2.4960303,1.9460303,0.07603028,-0.91396976,-1.3739697,-0.9039697,-0.14396973,-0.6939697,-0.45396972,0.49603027,0.94603026,1.4260303,2.0660303,1.8760303,2.1960304
4.50603,5.6460304,5.65603,6.7260303,6.75603,6.61603,6.96603,7.69603,6.8360305,7.1260304,6.88603,7.7660303,8.55603,8.41603,9.60603,10.43603,10.04603,10.59603,10.67603,9.906031,9.97603,9.776031,10.326031,10.25603,9.93603,10.236031,9.026031,9.72603,9.43603,9.866031,9.78603,8.526031,7.86603,8.24603,8.33603,7.8760304,8.80603,8.43603,8.34603,6.73603,6.13603,5.9760303,5.19603,3.3460302,2.5960302,2.7360303,2.2460303,2.2260303,-0.43396974,-0.8439697,-0.8939697,-0.56396973,-0.3339697,-0.46396974,-0.9739697,0.026030274,0.13603027,1.4860302,1.2060302,0.88603026,0.47603026
5.42603,5.23603,5.25603,5.5660305,5.6660304,5.54603,6.5860305,6.63603,6.75603,7.09603,7.19603,7.6660304,6.8960304,7.0660305,7.7060304,9.236031,9.986031,10.20603,9.92603,9.34603,9.13603,8.85603,9.196031,8.92603,8.39603,8.55603,9.526031,9.43603,8.97603,9.71603,9.18603,8.42603,7.1660304,6.7460303,7.3560305,7.6660304,7.8160305,8.776031,7.8760304,6.7460303,5.88603,5.6060305,6.0560303,4.88603,3.2460303,3.3160303,2.1860304,1.9360303,-0.43396974,-0.6339697,-1.1639698,-0.86396974,-0.7239697,-0.66396976,-0.7639697,-0.123969726,0.086030275,0.6760303,0.6660303,0.45603028,0.056030273
5.17603,4.5660305,4.71603,4.67603,3.9660304,4.5160303,5.8160305,6.1260304,6.44603,6.69603,6.5760303,6.6260304,6.5160303,6.1860304,6.3060303,7.4760303,8.45603,8.93603,9.21603,9.0660305,9.46603,8.42603,8.39603,7.94603,7.3060303,7.9360304,8.17603,8.92603,8.46603,8.70603,8.72603,8.03603,7.3960304,6.84603,6.86603,7.71603,7.19603,8.64603,7.4360304,6.5860305,5.4960303,4.6260304,6.5160303,6.21603,3.6360302,3.8960302,2.7260303,1.9860302,0.14603028,0.056030273,-1.1339698,-1.3339697,-0.68396974,-1.1439698,-0.15396972,-0.29396972,0.30603027,-0.19396973,-0.10396972,0.29603028,-0.27396974
4.3260303,4.6860304,4.3360305,3.7560303,4.6060305,5.40603,5.4760303,4.96603,5.0760303,4.6660304,4.9760303,5.2860303,5.25603,4.86603,4.63603,5.59603,6.11603,6.61603,6.8760304,7.8960304,8.59603,8.39603,7.50603,6.2660303,6.29603,6.2060304,6.42603,7.46603,8.0660305,7.6460304,7.8960304,7.3760304,7.8260303,7.0560303,7.3060303,7.6660304,7.0860305,7.1260304,6.65603,5.73603,5.1260304,4.1460304,6.38603,5.8560305,4.15603,3.6860304,3.0460303,2.7460303,0.8460303,1.1860303,-0.043969728,-0.48396972,-0.43396974,-0.99396974,-0.35396972,0.12603027,0.27603027,-0.29396972,-0.38396972,-0.9739697,-1.0939697
2.7360303,3.0960302,3.5860302,3.0560303,2.4060302,2.9260302,2.7160304,3.7760303,4.46603,4.34603,4.34603,4.29603,3.9160302,3.4060302,3.6160302,3.7860303,3.9060302,5.34603,5.2460303,6.2060304,6.5160303,6.7660303,5.8160305,3.9660304,4.3060303,4.6460304,4.4960303,6.1660304,6.7460303,6.8260303,7.3560305,7.1260304,7.29603,7.6860304,8.09603,7.3560305,7.04603,7.4160304,6.5160303,5.40603,5.2460303,4.86603,5.5660305,5.2260303,4.67603,4.0560303,3.9360304,2.5960302,1.8560302,1.6960303,1.2860303,0.50603026,-0.053969726,0.43603027,0.47603026,1.1460303,0.51603025,-0.10396972,-0.5139697,-1.8239697,-2.3639698
0.9860303,1.0960302,0.49603027,1.1560303,1.5160303,1.0960302,2.2060304,2.7460303,3.2460303,3.4060302,3.5560303,3.4560304,3.1060302,1.9060303,2.8060303,3.7360303,4.96603,6.1260304,6.67603,5.9760303,6.1660304,5.84603,4.4760303,3.3460302,1.9560302,2.7260303,3.1860304,4.0160303,5.77603,6.50603,6.6460304,6.71603,6.7460303,7.98603,8.776031,9.10603,9.14603,7.9960303,6.75603,5.3960304,5.3760304,5.0860305,5.2260303,4.67603,4.7060304,3.6960304,3.8460302,3.7060304,3.0560303,2.4460304,2.0360303,1.5760303,1.4660302,1.7160302,1.2160302,1.4860302,1.1860303,-0.11396973,-1.4039698,-1.9539697,-2.4839697
0.39603028,0.57603025,0.9160303,0.43603027,0.83603024,1.1460303,1.1060302,1.7660303,2.4460304,2.5660303,2.8860302,3.4660304,3.8160303,2.8860302,3.3760302,4.09603,5.2660303,5.8760304,5.29603,6.0360303,5.48603,4.73603,5.0360303,3.6960304,3.0760303,2.5860302,2.1260302,2.0560303,2.6560302,4.92603,5.8060303,6.42603,5.69603,6.48603,8.05603,8.50603,9.59603,9.33603,8.17603,7.6060305,5.75603,5.69603,4.5860305,4.42603,3.5860302,3.8660302,4.0760303,4.40603,3.4360304,2.1560302,2.3560302,3.1460302,3.1260302,3.2960303,2.5260303,1.5760303,1.9760302,0.19603027,-0.86396974,-1.2239697,-2.1439698
1.3060303,0.89603025,0.9960303,1.3360302,1.4260303,1.7060302,0.87603027,0.086030275,0.116030276,1.7360302,2.5060303,2.7660303,2.4760303,2.6260302,2.2760303,2.5160303,3.4560304,4.5560303,4.8360305,4.4160304,5.2260303,5.1860304,4.44603,3.8560302,2.9960303,1.4860302,1.9360303,2.2460303,1.9960303,1.9960303,4.27603,5.5360303,5.4960303,5.5860305,6.0760303,6.8360305,8.09603,9.0660305,9.04603,8.45603,7.42603,6.7660303,5.2660303,4.92603,4.1460304,3.5660303,4.40603,3.9460304,2.5460303,2.4460304,1.5960302,3.5360303,3.4660304,3.6560302,4.6060305,3.4560304,2.6860304,1.9560302,-0.19396973,-1.2939698,-2.5739698
2.2160304,1.7360302,1.7460303,2.2260303,1.3860303,1.2560303,0.6660303,0.82603025,0.7360303,0.83603024,1.9560302,2.4860303,2.7760303,2.2860303,1.3460302,1.1360303,1.9960303,3.6360302,5.0560303,5.2060304,3.2660303,4.1460304,3.4260302,3.2660303,2.2660303,1.5260303,1.2260302,1.1060302,1.5060303,1.4160303,2.1860304,4.09603,4.9360304,5.17603,5.1860304,6.2460303,6.7060304,8.26603,8.13603,7.67603,6.9760303,7.3360305,6.1260304,5.3060303,4.73603,3.6060302,3.7260303,3.2360303,2.3260303,2.0160303,2.9560304,4.0760303,3.2360303,3.5060303,3.8360302,4.19603,2.9260302,1.3960303,0.3560303,-1.1339698,-2.2739697
2.6460302,3.1360302,2.3560302,3.0360303,2.1360302,1.8860303,0.83603024,0.6060303,0.95603025,1.4160303,1.9960303,2.8160303,2.8260303,2.4660304,2.0660303,1.1760303,0.7360303,1.0460303,1.6360303,2.7360303,3.5660303,4.13603,3.3960302,2.9260302,2.4060302,1.9060303,1.7960303,3.3960302,4.0760303,2.6260302,1.4260303,0.29603028,3.8660302,4.8760304,4.90603,4.6460304,5.9560304,7.65603,7.8560305,6.8560305,6.5760303,6.59603,5.88603,5.9560304,5.77603,5.0860305,4.63603,4.1860304,2.9960303,2.4460304,3.0560303,3.8460302,4.13603,4.38603,3.8460302,3.4060302,2.5260303,1.0960302,0.9060303,-0.16396973,-1.0339698
