views/data/weather/current/current-wind-isobaric-70hPa-gfs-1.0.json
{"header": { "discipline":0, "disciplineName":"Meteorological products", "gribEdition":2, "gribLength":67791, "center":7, "centerName":"US National Weather Service - NCEP(WMC)", "subcenter":0, "refTime":"2019-10-05T00:00:00.000Z", "significanceOfRT":1, "significanceOfRTName":"Start of forecast", "productStatus":0, "productStatusName":"Operational products", "productType":1, "productTypeName":"Forecast products", "productDefinitionTemplate":0, "productDefinitionTemplateName":"Analysis/forecast at horizontal level/layer at a point in time", "parameterCategory":2, "parameterCategoryName":"Momentum", "parameterNumber":3, "parameterNumberName":"V-component_of_wind", "parameterUnit":"m.s-1", "genProcessType":2, "genProcessTypeName":"Forecast", "forecastTime":0, "surface1Type":100, "surface1TypeName":"Isobaric surface", "surface1Value":7000.0, "surface2Type":255, "surface2TypeName":"Missing", "surface2Value":0.0, "gridDefinitionTemplate":0, "gridDefinitionTemplateName":"Latitude_Longitude", "numberPoints":65160, "shape":6, "shapeName":"Earth spherical with radius of 6,371,229.0 m", "gridUnits":"degrees", "resolution":48, "winds":"true", "scanMode":0, "nx":360, "ny":181, "basicAngle":0, "lo1":0.0, "la1":90.0, "lo2":359.0, "la2":-90.0, "dx":1.0, "dy":1.0 }, "data":
[rows 100 to 124 of 181, columns 0 to 57 of 360]
-8.566904,-9.666904,-9.006905,-9.136905,-8.336905,-8.016904,-7.156904,-5.8569045,-5.3669043,-5.4569044,-3.5569043,-1.9969043,-0.2569043,0.9330957,1.2730957,0.4130957,-0.4169043,0.7830957,2.8530958,3.8630958,3.7630956,4.5430956,5.223096,5.1330957,4.973096,2.8630958,1.2130957,0.3930957,0.2230957,0.3630957,0.6930957,-0.9669043,-0.85690427,-0.3069043,-0.7269043,-0.9769043,-1.4869043,-0.2469043,-0.1969043,-0.6669043,0.4530957,1.2130957,1.1930957,1.1530957,2.0130956,1.8430957,1.9230957,1.6430957,2.2930956,1.2730957,0.2630957,-0.5669043,-0.5569043,-1.4569043,-1.3869042,-1.5769043,-0.4069043,-0.9469043
-8.316904,-9.026904,-9.636905,-9.316904,-8.346905,-8.076904,-6.7469044,-5.3869042,-4.716904,-3.5469043,-3.6869042,-3.5769043,-2.0769043,-0.5169043,-0.2869043,0.7330957,-0.2869043,1.2730957,3.2630956,4.4130955,4.683096,3.1230958,3.2730956,3.8630958,3.9730957,2.6030958,1.1930957,0.5930957,0.9630957,0.5930957,1.1830957,0.9030957,0.6030957,-1.1869043,-0.6869043,-0.4569043,-0.0669043,-0.3669043,0.2930957,-0.5369043,-0.8169043,0.4030957,0.8530957,1.6530957,1.3230957,1.0030957,1.1230958,1.6430957,1.6730957,1.3030957,0.033095703,-0.3469043,-0.6569043,-0.8469043,-1.6869043,-2.4469042,-1.0569043,-0.056904297
-7.7469044,-8.236904,-8.426905,-9.576904,-9.976904,-8.946904,-7.296904,-6.6669044,-4.4569044,-3.0569043,-2.7469044,-2.0569043,-1.9869043,-0.7769043,-0.49690428,-0.1269043,1.0730957,-0.6169043,0.2430957,1.0330957,2.1230958,3.0330956,2.8330958,3.5830958,2.8130958,1.5430957,2.1530957,0.8230957,0.2730957,0.3330957,2.0830958,1.3430957,0.7830957,0.8530957,0.2730957,-0.2569043,-0.8969043,-0.7869043,-0.7569043,-0.6969043,-0.3369043,-0.7769043,0.6330957,1.0130957,0.9530957,0.6830957,-0.1369043,-0.2169043,0.5930957,0.4430957,0.25309572,0.2930957,0.1730957,-1.4469043,-2.2269044,-2.2469044,-1.4869043,-0.3869043
-7.3869042,-7.906904,-8.406904,-8.3769045,-9.076904,-9.146904,-8.756905,-7.426904,-5.8569045,-4.546904,-3.4369042,-2.9169042,-2.2369044,-1.9469043,-1.5469043,-1.2969043,-1.6169043,-1.4269043,-0.7669043,-1.5069042,-1.9469043,-0.14690429,-1.6869043,0.8430957,2.1930957,1.4830956,0.18309571,-1.4269043,-1.3969043,-1.9069043,-1.3469043,-0.116904296,0.7230957,0.0830957,-0.2969043,-0.9869043,-0.6669043,-0.5769043,-0.6369043,-0.3569043,-0.4469043,0.1930957,0.7130957,1.2030957,0.9930957,0.6530957,0.4630957,-0.0769043,-0.14690429,-0.086904295,-0.5169043,-0.2569043,-0.5269043,0.033095703,-0.5169043,-1.0369043,-2.0769043,-2.0969043
-7.156904,-7.8869042,-9.146904,-9.446904,-9.146904,-8.8769045,-8.316904,-7.796904,-7.546904,-6.506904,-5.8869042,-4.7469044,-5.5569043,-5.1369042,-4.006904,-4.8969045,-4.5969043,-2.3569043,-2.5569043,-2.7269044,-2.7169044,-1.9569043,-2.0569043,-1.2569042,-1.6869043,-1.2969043,-0.9569043,-1.3669043,-2.2569044,-2.2969043,-2.6169043,-3.8769042,-2.9569044,-1.4969043,-0.8469043,-0.0769043,-0.7069043,-1.7569042,-0.9369043,-0.2669043,-0.5569043,-0.27690428,0.6130957,1.0730957,0.4530957,0.7330957,1.1030957,0.18309571,-0.7069043,-0.5969043,0.1330957,-0.1969043,-0.1869043,-0.2169043,-0.5569043,-0.016904296,0.4430957,-0.2269043
-5.3769045,-6.5569043,-7.1169043,-8.316904,-9.336905,-9.336905,-9.866904,-8.906904,-8.066904,-7.7669044,-7.6169043,-7.1269045,-6.0169044,-5.5969043,-5.3069043,-4.4369044,-4.3769045,-4.2869043,-4.656904,-3.9169042,-5.0969043,-3.7569044,-3.7769043,-3.3969042,-5.1669044,-3.8269043,-3.5169044,-2.6569042,-1.8569043,-2.2969043,-3.0369043,-3.3869042,-4.8569045,-4.6869044,-4.6669044,-2.5769043,-0.7469043,-0.3369043,-1.1569043,-1.6769043,-0.3169043,-0.116904296,0.0030957032,0.053095702,1.0830957,1.2830957,0.7530957,0.2230957,0.5130957,0.28309572,0.6130957,0.4830957,0.8730957,1.2230957,0.4830957,0.47309572,0.0630957,-0.0669043
-5.8369045,-6.0569043,-6.5569043,-7.176904,-7.6869044,-8.786904,-9.336905,-9.076904,-9.1269045,-7.966904,-7.6069045,-7.4769044,-6.6669044,-5.6269045,-4.3469043,-4.5869045,-4.0969043,-3.6769042,-3.2269044,-2.6569042,-1.5269043,-2.5569043,-3.0069044,-2.2869043,-1.5969043,-0.8169043,-0.85690427,-0.7069043,-0.3569043,-0.14690429,-0.8269043,-1.2969043,-3.2769043,-3.6969042,-3.3769042,-4.196904,-4.906904,-2.5769043,-1.3669043,-1.7169043,-1.4269043,-1.0169044,-0.3769043,-0.1569043,0.18309571,-1.1069043,0.2030957,1.1830957,0.8830957,0.4830957,0.6130957,0.7430957,0.6730957,0.9430957,1.0330957,0.6330957,0.1330957,0.3030957
-4.906904,-5.3369045,-5.5969043,-5.8069043,-6.8969045,-7.0169044,-7.716904,-7.3069043,-6.8069043,-6.4569044,-5.656904,-5.156904,-4.526904,-4.066904,-3.6069043,-3.6169043,-2.7769043,-2.0969043,-2.4069042,0.0030957032,-0.9369043,0.2730957,1.1330957,1.6630957,2.1030958,2.2830956,2.6430957,3.0230956,2.9730957,2.3130958,1.9830956,0.9030957,0.5530957,-1.1569043,-2.9469042,-3.0369043,-2.9469042,-3.5469043,-2.1969042,-1.4269043,-1.2169043,-1.0869043,-0.2669043,-0.5769043,0.1030957,0.1330957,-0.0769043,-0.036904298,0.3230957,0.5530957,0.9730957,0.1930957,-0.6669043,-1.2869043,-1.0369043,0.0630957,0.2430957,-0.3369043
-3.2569044,-3.7669044,-3.2269044,-3.0269043,-4.0969043,-3.5069044,-4.8969045,-5.6669044,-5.696904,-4.3669043,-4.3369045,-4.026904,-4.156904,-3.3969042,-2.1269042,-1.5269043,-1.8369043,1.2030957,0.0030957032,1.0930957,0.6630957,-0.006904297,1.3030957,1.5230957,1.5830957,2.6030958,3.3230958,1.7130957,2.1030958,-0.5469043,0.9730957,2.1330957,1.7830957,0.6030957,-1.2169043,-1.5669043,-2.4169042,-2.3369043,-2.4369042,-0.49690428,0.3430957,0.9330957,-0.14690429,-0.6369043,-0.9769043,-0.056904297,-0.9069043,-0.0969043,0.1630957,0.9730957,1.7830957,0.9630957,0.6130957,0.043095704,-1.5469043,-2.1369042,-1.4869043,-0.5469043
-1.5269043,-2.4569044,-2.9169042,-2.1869042,-1.8269043,-2.6569042,-1.3369043,-2.1969042,-4.3469043,-4.736904,-3.3469043,-3.2269044,-2.8569043,-1.5569043,-1.5869043,-1.6569043,-0.7669043,-0.9669043,0.4430957,-0.5269043,-0.1569043,-0.5769043,-1.4169043,-2.0669043,-0.4869043,-0.3869043,-0.6569043,-1.5269043,-2.0869043,-3.6969042,-3.2869043,-2.3369043,-2.7169044,-1.5169044,-2.8669043,-3.5269043,-4.4769044,-4.216904,-3.1669042,-2.5069044,-2.2969043,-1.3269043,0.6530957,0.9430957,-0.1269043,0.47309572,-0.5569043,-0.1869043,0.2230957,0.9130957,1.3730958,0.7230957,-0.2969043,-0.4269043,-0.8369043,-1.2869043,-1.8569043,-1.3069043
0.1930957,-1.1869043,-2.4869044,-2.3969042,-1.3069043,-0.17690429,-0.5269043,0.033095703,-1.2169043,-2.2769043,-2.4969044,-1.9869043,-0.8269043,-1.1369042,-1.3269043,-0.9369043,-1.3969043,-1.6869043,-1.0869043,-0.9469043,-0.1869043,0.2230957,-1.6069043,-2.5769043,-3.2069044,-2.6869042,-2.9669044,-4.696904,-4.2269044,-4.3469043,-2.7669044,-2.3469043,-2.0769043,-1.0569043,-1.5369043,-2.5469043,-2.9969044,-3.3969042,-3.7669044,-3.5269043,-2.9569044,-3.1169043,-2.3669043,-1.2269043,0.013095703,-0.3469043,2.0830958,0.1730957,1.5230957,0.7830957,0.18309571,0.4830957,0.4830957,-0.2269043,-0.7869043,-1.0069042,-0.7569043,-0.8369043
3.4430957,1.7930957,0.2330957,-0.6369043,-0.4869043,-0.5869043,-0.116904296,0.2030957,0.2030957,-0.6269043,-1.1069043,-2.1269042,-2.4069042,-2.4769044,-2.4369042,-1.6869043,-1.9569043,-2.2869043,-1.9169043,-1.9069043,-2.7669044,-2.9769044,-4.446904,-3.4669044,-3.1269042,-2.7669044,-3.8769042,-2.0769043,-2.3769042,-2.2069044,-4.5569043,-1.7069043,-1.5369043,-1.4869043,-2.7669044,-1.9369043,-0.8269043,-0.016904296,-0.6469043,-0.46690428,-0.27690428,-0.9969043,-3.2869043,-1.0369043,-2.5269043,-0.9969043,-0.3269043,1.0630957,1.6030957,3.1630957,2.0230956,1.8330957,2.0630958,1.8930957,1.6730957,0.033095703,0.6330957,1.1530957
3.9830956,4.1330957,1.8130957,0.89309573,-0.2269043,0.3630957,0.9130957,1.0630957,-0.6369043,-1.6769043,-1.4969043,-2.1269042,-3.1669042,-3.2269044,-2.3769042,-2.8169043,-3.8969042,-2.8669043,-2.8169043,-1.9669043,-1.1469043,-1.9769043,-3.2769043,-4.8069043,-4.406904,-3.6169043,-3.5769043,-3.9669044,-4.1269045,-3.9169042,-3.6569042,-2.8469043,-2.6469042,-2.2169044,-2.0469043,-3.5269043,-3.1469042,-2.6169043,-1.8069043,0.1930957,1.3530957,1.0030957,-0.4769043,-1.0069042,0.7830957,-1.3969043,-0.7069043,-0.8869043,0.1130957,1.1530957,3.3230958,3.6330957,2.8530958,2.8030958,2.4230957,1.9430957,1.3730958,1.5430957
3.5330956,3.4530957,4.3630958,2.3430958,1.3030957,0.7630957,-0.1669043,-0.016904296,-0.49690428,-2.1069043,-2.6569042,-3.4869044,-2.9069042,-2.7569044,-1.9769043,-2.2469044,-2.5769043,-2.9069042,-3.6169043,-3.7669044,-3.4569044,-3.0169044,-3.4769044,-3.2169044,-3.4269042,-4.006904,-3.1069043,-3.2369044,-4.466904,-3.0069044,-2.9169042,-5.756904,-2.6069043,-3.8469043,-3.7669044,-1.0769043,-0.9469043,-0.4769043,-0.4069043,0.7630957,1.8230957,2.6530957,2.7730956,1.4530957,0.4530957,-0.2669043,2.2530956,3.3230958,1.9630957,1.3130957,2.3930957,3.1430957,4.3630958,4.723096,4.703096,5.183096,4.263096,2.9630957
2.2530956,2.6530957,2.8730958,3.0230956,1.8430957,0.6130957,-0.3369043,-0.6169043,-1.0069042,-1.8869042,-3.0069044,-3.4969044,-3.8469043,-3.9069042,-3.6769042,-2.7469044,-1.8669043,-2.2169044,-2.1169043,-3.2269044,-3.0669043,-3.6669042,-4.5769043,-3.8069043,-2.9269042,-2.4769044,-3.3369043,-1.9969043,-2.4669044,-2.3769042,-3.1969042,-5.1669044,-6.6069045,-5.3869042,-5.4569044,-3.9969044,-2.6369042,-0.8069043,-0.3069043,1.2230957,2.4630957,2.8330958,3.3830957,5.323096,2.9730957,1.8830957,3.3230958,3.1830957,4.6530957,4.7930956,3.0830958,3.0330956,3.4430957,3.6830957,5.2930956,6.9230957,5.493096,4.9030957
1.3730958,1.1830957,1.0030957,1.2330956,1.4430957,1.6730957,0.1930957,-1.6369042,-2.1469042,-2.1569042,-1.8769042,-2.8969042,-3.9569044,-4.0969043,-4.3869042,-3.7769043,-1.9169043,-1.3369043,-1.3569043,-1.4469043,-0.6669043,-0.9869043,-2.8269043,-2.6569042,-3.3269043,-3.8269043,-4.466904,-3.2969043,-2.8369043,-2.9669044,-2.7869043,-3.9069042,-5.6669044,-2.8269043,-1.4369043,-0.5869043,-0.7669043,-0.8469043,0.033095703,0.023095703,1.5630957,3.4530957,3.3230958,3.2430956,3.4430957,4.4130955,4.6230955,2.7130957,6.4030957,4.763096,5.7930956,5.453096,4.3930955,3.8430958,4.5030956,4.5630956,4.6330957,5.013096
1.6930957,1.1630957,0.4530957,-0.3569043,-0.9469043,-0.2869043,0.8730957,-0.8469043,-2.9469042,-4.0569043,-3.5369043,-3.2369044,-4.7069044,-5.2269044,-4.506904,-4.3069043,-3.6169043,-1.9969043,-0.6469043,0.4630957,0.043095704,0.18309571,-0.3969043,-0.6669043,-1.6769043,-3.4869044,-3.1669042,-3.4769044,-4.8869042,-4.3269043,-4.3469043,-3.9969044,-4.406904,-2.9269042,-1.4369043,-1.1269042,-1.6269042,-1.3769042,-0.7669043,-0.3569043,0.5730957,2.7430956,2.5230956,2.8030958,4.803096,3.7330956,4.3930955,6.3530955,4.4630957,5.513096,6.2130957,5.933096,5.1530957,5.1630955,5.203096,4.703096,3.9330957,3.9230957
3.0230956,2.7930956,1.3730958,0.1430957,-1.7769043,-3.7069044,-2.2269044,-1.0869043,-1.9269043,-3.4969044,-4.8069043,-3.8769042,-5.406904,-5.4369044,-5.5169044,-5.3369045,-3.8869042,-3.2069044,-2.8869042,-2.9069042,-1.9569043,-1.4769043,-0.9769043,-0.2369043,-0.20690429,-1.4669043,-2.3469043,-3.3369043,-2.0769043,-2.7569044,-5.066904,-4.2469044,-3.6669042,-4.216904,-4.0569043,-0.5869043,-0.3669043,-0.1369043,-0.026904296,0.4130957,0.5030957,0.5830957,1.3230957,2.6930957,2.5830958,3.7430956,4.473096,4.6330957,4.8730955,5.743096,5.4630957,4.6630955,3.9130957,3.6330957,4.6530957,4.8930955,4.343096,3.2230957
3.9830956,3.7830956,3.8130958,2.5630958,0.7930957,-1.2369043,-3.8669043,-4.8269043,-4.506904,-3.8069043,-5.696904,-6.2469044,-6.2669044,-5.8269043,-4.466904,-6.026904,-5.066904,-5.0169044,-4.4769044,-3.8169043,-2.7169044,-2.4169042,-1.9069043,-0.6569043,-0.4269043,-1.4169043,-2.0369043,-1.7869043,-1.5769043,-0.7269043,-2.6469042,-3.0069044,-2.6169043,-2.3069043,-2.0969043,-1.7469043,-1.7369043,1.5030957,0.8230957,1.0630957,2.2530956,1.1730957,0.9630957,1.0230957,1.9130957,3.2630956,2.7030957,3.0130956,4.1430955,4.6630955,4.7130957,3.5330956,2.6830957,2.2230957,2.2630956,2.5430956,2.4530957,3.5930958
1.9830956,3.2430956,3.1230958,3.7030957,2.9430957,2.8330958,-0.3169043,-3.2069044,-5.8969045,-6.9969044,-7.0869045,-6.9169044,-7.8369045,-8.096905,-6.3069043,-7.1069045,-5.9169044,-5.3369045,-5.796904,-4.776904,-3.0669043,-2.5469043,-1.5969043,-2.2169044,-1.7569042,-2.4369042,-2.0369043,-2.1669042,-1.6969043,-1.5469043,-1.5069042,-0.7669043,0.6530957,0.9930957,0.043095704,-0.046904296,0.9230957,1.4530957,2.4930956,3.4530957,3.2130957,1.9830956,1.1030957,1.9230957,2.7630956,3.7930956,3.1030958,3.5330956,3.1530957,3.6030958,3.3430958,4.0430956,3.9630957,3.3330958,3.3730958,2.8930957,2.3930957,2.4230957
1.6130958,1.5030957,3.2030957,3.0530958,3.3630958,3.0230956,2.8530958,0.5630957,-2.1469042,-5.0569043,-7.1169043,-7.1869044,-8.766904,-8.816904,-9.476904,-8.816904,-7.8569045,-8.216905,-8.096905,-6.3069043,-5.5169044,-4.176904,-3.8669043,-2.2569044,-0.7969043,-1.1469043,-1.3969043,-0.4169043,-0.0769043,-0.5869043,-0.5269043,-0.9069043,-0.2569043,0.4430957,0.3530957,1.7730957,3.2130957,3.2230957,3.8130958,4.1230955,3.8730958,2.2230957,2.1330957,2.4230957,3.2330956,3.9830956,2.8430958,3.0930958,3.1030958,2.9330957,3.0830958,2.5930958,2.4830956,3.1430957,3.2830956,2.0730958,2.9330957,2.7130957
-0.2369043,0.1530957,0.7130957,2.1530957,2.4530957,2.2730956,2.1430957,0.7330957,-0.0669043,-1.8969043,-4.0969043,-6.0369043,-7.0969043,-7.6169043,-8.766904,-9.616904,-9.656904,-9.256905,-7.796904,-7.8769045,-7.1169043,-5.8569045,-4.8469043,-4.1369042,-1.7069043,-1.7569042,-0.5369043,0.013095703,0.0030957032,0.0730957,-0.3869043,-0.0769043,-0.7669043,-0.49690428,-0.3769043,1.1030957,1.9330957,3.2930956,3.5530958,2.8430958,3.9730957,2.2730956,1.2930957,2.6730957,1.5030957,0.6530957,2.2830956,3.3430958,2.8130958,2.9930956,3.6230958,4.3330956,3.2130957,3.5330956,3.6830957,2.2330956,1.7530957,2.7730956
-1.5669043,-0.4569043,-0.2669043,-0.5569043,0.3730957,1.4630957,1.1930957,0.8230957,-0.2869043,-1.4869043,-2.6469042,-3.8169043,-6.0969043,-6.4969044,-6.3769045,-7.796904,-9.406904,-10.716905,-11.156904,-9.536904,-7.1869044,-6.9169044,-5.2269044,-4.4969044,-4.0869045,-3.4469042,-2.8069043,-2.5269043,-1.1169043,-1.2869043,0.18309571,-0.8069043,-0.0669043,0.5430957,0.7530957,1.1130958,1.5530957,2.4930956,2.9630957,2.4130957,2.2230957,1.5630957,1.1730957,0.5730957,0.6530957,0.6630957,0.5930957,2.0330956,2.8630958,2.2730956,2.7430956,3.2730956,2.5330956,2.7430956,2.4630957,3.2330956,2.1830957,2.6330957
-1.3169043,-3.0269043,-1.3969043,-0.2669043,-0.3669043,-1.0269043,-0.7269043,-1.6269042,-1.5469043,-1.9969043,-2.4169042,-3.9569044,-4.156904,-4.8869042,-5.446904,-5.8769045,-6.8669043,-8.516904,-9.436904,-9.366904,-9.086905,-8.556904,-7.2469044,-6.3669043,-6.906904,-5.296904,-3.8869042,-2.9969044,-2.1069043,-1.2369043,-1.6169043,0.033095703,1.4230957,1.0630957,0.4630957,0.023095703,1.8430957,1.9730957,1.5130957,2.1830957,1.4030957,1.1730957,0.043095704,-0.116904296,0.9130957,0.47309572,0.8130957,2.1930957,3.1630957,2.5830958,1.8430957,2.0530958,2.2530956,1.6230958,1.1930957,2.4130957,2.8530958,2.3530958
-0.0669043,-0.056904297,-1.1069043,-2.2069044,-2.3269043,-1.4769043,-1.3469043,-2.5069044,-2.8069043,-3.2369044,-4.0869045,-4.6169043,-4.0169044,-3.5469043,-3.9569044,-4.3369045,-4.6269045,-6.3569045,-6.446904,-6.5869045,-7.1669044,-7.4569044,-8.846905,-5.7269044,-5.7269044,-5.6669044,-4.426904,-3.9769044,-2.4569044,-1.7769043,-0.9969043,-0.6669043,-1.2169043,-0.8269043,0.4430957,0.9830957,0.3330957,1.2130957,1.0330957,0.6530957,0.7230957,0.89309573,0.5030957,0.6930957,-0.006904297,1.1430957,1.2330956,0.9730957,1.7930957,1.3330957,1.6730957,1.1930957,1.5030957,2.1330957,2.1930957,2.4730957,1.8230957,1.8030957
