views/data/weather/current/current-wind-isobaric-10hPa-gfs-1.0.json
{"header": { "discipline":0, "disciplineName":"Meteorological products", "gribEdition":2, "gribLength":44583, "center":7, "centerName":"US National Weather Service - NCEP(WMC)", "subcenter":0, "refTime":"2019-10-05T00:00:00.000Z", "significanceOfRT":1, "significanceOfRTName":"Start of forecast", "productStatus":0, "productStatusName":"Operational products", "productType":1, "productTypeName":"Forecast products", "productDefinitionTemplate":0, "productDefinitionTemplateName":"Analysis/forecast at horizontal level/layer at a point in time", "parameterCategory":2, "parameterCategoryName":"Momentum", "parameterNumber":2, "parameterNumberName":"U-component_of_wind", "parameterUnit":"m.s-1", "genProcessType":2, "genProcessTypeName":"Forecast", "forecastTime":0, "surface1Type":100, "surface1TypeName":"Isobaric surface", "surface1Value":1000.0, "surface2Type":255, "surface2TypeName":"Missing", "surface2Value":0.0, "gridDefinitionTemplate":0, "gridDefinitionTemplateName":"Latitude_Longitude", "numberPoints":65160, "shape":6, "shapeName":"Earth spherical with radius of 6,371,229.0 m", "gridUnits":"degrees", "resolution":48, "winds":"true", "scanMode":0, "nx":360, "ny":181, "basicAngle":0, "lo1":0.0, "la1":90.0, "lo2":359.0, "la2":-90.0, "dx":1.0, "dy":1.0 }, "data":
[rows 25 to 49 of 181, columns 114 to 170 of 360]
17.159924,17.159924,17.959925,18.959925,19.659924,20.059925,20.059925,19.659924,19.459925,19.459925,19.459925,19.859924,19.959925,20.059925,19.359924,18.759924,18.659924,18.159924,18.559925,18.659924,17.859924,17.359924,17.659924,17.559925,16.959925,16.159924,15.559924,15.459925,15.6599245,15.959925,16.259924,16.459925,16.459925,16.259924,15.459925,14.459925,14.459925,15.059924,14.959925,15.1599245,16.359924,17.159924,16.259924,15.859924,14.559924,15.759924,14.959925,14.559924,14.559924,15.059924,15.759924,16.659924,16.759924,16.359924,15.859924,15.259924,13.6599245
16.759924,16.859924,17.659924,18.559925,19.059925,19.059925,18.759924,18.559925,18.259924,17.659924,17.759924,17.559925,16.859924,16.659924,16.559925,16.259924,16.659924,16.359924,16.459925,16.659924,16.059925,16.159924,16.059925,15.1599245,13.959925,13.759924,13.859924,14.1599245,14.1599245,14.059924,14.259924,14.259924,13.1599245,11.959925,11.459925,11.359924,11.859924,13.059924,13.759924,13.559924,13.459925,13.959925,13.359924,12.959925,12.059924,12.6599245,12.459925,12.359924,12.359924,13.6599245,14.359924,14.259924,14.259924,13.959925,13.459925,12.859924,11.459925
16.859924,16.859924,17.059925,17.259924,17.059925,16.159924,15.259924,15.059924,15.259924,15.759924,15.359924,15.059924,14.859924,15.059924,15.359924,15.059924,15.459925,15.559924,15.459925,14.959925,14.559924,13.759924,13.1599245,12.859924,12.759924,12.559924,12.1599245,12.1599245,11.959925,11.959925,11.459925,10.959925,10.359924,9.759924,9.1599245,9.6599245,10.459925,11.259924,11.759924,11.6599245,11.259924,10.559924,10.259924,10.1599245,9.959925,9.359924,9.759924,9.6599245,10.559924,11.259924,11.859924,12.359924,12.459925,11.359924,10.459925,8.759924,8.259924
15.059924,15.059924,15.059924,14.559924,13.959925,13.359924,12.859924,13.259924,13.759924,14.059924,14.1599245,14.259924,14.459925,14.559924,14.359924,14.459925,14.359924,13.559924,12.959925,12.559924,12.1599245,11.359924,11.559924,11.359924,10.6599245,9.759924,10.359924,10.6599245,10.559924,9.959925,9.6599245,8.759924,7.559924,7.1599245,7.559924,8.259924,9.1599245,9.859924,9.859924,9.559924,8.959925,8.459925,8.259924,8.1599245,7.959924,8.059924,7.7599244,8.959925,10.1599245,9.759924,9.259924,9.1599245,9.059924,8.359924,7.6599245,7.1599245,6.959924
13.259924,13.059924,12.1599245,11.759924,11.6599245,11.1599245,11.759924,12.359924,13.1599245,14.359924,14.559924,13.959925,13.6599245,13.359924,12.959925,12.1599245,12.259924,11.6599245,10.759924,10.259924,9.859924,9.959925,9.359924,9.1599245,8.1599245,8.759924,8.959925,9.459925,8.359924,7.959924,6.7599244,6.1599245,6.2599244,6.459924,7.059924,7.6599245,8.1599245,8.1599245,7.7599244,7.1599245,7.059924,6.7599244,6.6599245,6.8599243,6.7599244,5.959924,5.7599244,7.2599244,7.559924,7.559924,7.8599243,7.559924,6.959924,6.6599245,6.559924,6.1599245,5.6599245
10.759924,10.459925,10.6599245,10.759924,10.1599245,11.1599245,11.6599245,12.6599245,13.559924,13.559924,13.1599245,12.559924,12.259924,11.359924,10.959925,10.759924,9.859924,9.059924,8.859924,8.759924,8.759924,8.559924,7.7599244,6.8599243,6.6599245,7.3599243,7.959924,6.6599245,7.059924,6.459924,5.959924,5.7599244,6.059924,6.6599245,7.059924,7.1599245,6.7599244,6.1599245,5.3599243,5.059924,5.1599245,5.3599243,5.559924,5.459924,5.3599243,5.459924,6.059924,6.559924,6.059924,6.7599244,6.6599245,6.3599243,6.559924,6.6599245,6.1599245,5.6599245,4.8599243
9.259924,9.6599245,10.6599245,10.1599245,10.459925,10.959925,11.459925,11.859924,12.059924,12.259924,11.859924,11.559924,10.1599245,9.959925,9.359924,8.559924,7.7599244,7.7599244,7.2599244,6.959924,6.959924,6.3599243,6.059924,5.3599243,6.459924,6.459924,5.959924,6.1599245,6.059924,5.1599245,5.059924,5.8599243,5.959924,6.059924,6.059924,5.7599244,5.2599244,5.059924,4.959924,4.2599244,3.8599243,3.7599244,4.2599244,4.2599244,4.2599244,4.7599244,4.8599243,5.059924,5.7599244,6.2599244,6.3599243,6.459924,6.1599245,5.3599243,4.3599243,4.059924,2.9599242
8.6599245,8.459925,9.459925,9.359924,9.859924,9.859924,10.259924,10.559924,10.6599245,10.459925,10.1599245,9.1599245,8.6599245,8.559924,7.8599243,6.559924,6.059924,5.6599245,5.059924,5.2599244,4.7599244,4.2599244,4.3599243,4.959924,5.959924,5.7599244,5.459924,5.059924,5.059924,4.6599245,4.959924,4.8599243,4.559924,4.7599244,5.3599243,5.3599243,5.059924,4.8599243,4.2599244,3.6599243,3.1599243,4.2599244,4.059924,2.7599244,4.059924,4.1599245,4.459924,4.8599243,5.1599245,4.7599244,4.559924,4.7599244,4.3599243,3.7599244,2.5599244,2.2599244,1.7599243
8.259924,8.259924,8.359924,8.459925,8.059924,8.259924,8.459925,8.859924,9.359924,9.1599245,8.1599245,7.3599243,7.3599243,6.6599245,5.8599243,4.559924,4.459924,4.459924,3.7599244,4.1599245,2.9599242,3.5599244,4.959924,4.6599245,4.8599243,5.059924,4.2599244,4.559924,4.2599244,4.1599245,4.2599244,4.7599244,4.8599243,5.1599245,5.459924,5.3599243,4.959924,4.2599244,3.8599243,3.5599244,3.2599244,3.2599244,2.4599242,2.6599243,3.9599242,3.6599243,3.3599243,3.4599242,2.9599242,2.5599244,2.5599244,2.5599244,2.4599242,1.7599243,1.5599244,1.3599243,1.4599243
7.8599243,8.1599245,7.2599244,6.959924,6.3599243,6.7599244,6.8599243,7.3599243,7.1599245,6.8599243,6.459924,5.7599244,5.1599245,4.2599244,3.6599243,3.7599244,3.5599244,3.7599244,3.7599244,3.8599243,2.9599242,4.3599243,3.9599242,3.6599243,3.7599244,3.8599243,4.1599245,4.1599245,4.459924,4.459924,4.8599243,4.7599244,4.8599243,4.459924,4.1599245,4.059924,4.059924,4.059924,3.7599244,3.1599243,2.7599244,2.2599244,2.1599243,2.7599244,2.9599242,2.8599243,2.8599243,2.0599244,1.7599243,1.0599244,0.8599243,0.95992434,1.1599243,1.0599244,0.4599243,-0.34007567,-0.6400757
6.959924,6.2599244,5.959924,5.6599245,5.7599244,5.8599243,6.059924,5.7599244,5.059924,5.1599245,4.6599245,4.3599243,3.5599244,3.4599242,3.4599242,3.1599243,3.1599243,3.6599243,3.1599243,2.9599242,3.0599244,3.5599244,3.8599243,3.2599244,3.2599244,3.7599244,4.059924,4.059924,4.6599245,5.2599244,4.959924,4.059924,3.6599243,3.4599242,3.2599244,3.1599243,2.8599243,2.9599242,2.9599242,2.5599244,2.0599244,2.5599244,2.5599244,2.1599243,1.9599243,1.6599243,0.5599243,0.35992432,-0.040075682,0.059924316,0.25992432,0.059924316,-0.040075682,-0.24007568,-0.9400757,-1.4400756,-1.4400756
4.7599244,4.1599245,5.1599245,5.3599243,6.1599245,5.2599244,3.9599242,3.7599244,3.5599244,3.3599243,3.1599243,2.7599244,2.8599243,3.0599244,2.6599243,2.7599244,3.1599243,2.4599242,1.8599243,2.8599243,1.8599243,2.7599244,3.5599244,3.1599243,3.1599243,2.8599243,2.8599243,3.3599243,4.059924,4.459924,4.2599244,3.5599244,2.6599243,2.2599244,2.1599243,2.5599244,2.7599244,2.4599242,1.5599244,0.95992434,0.95992434,1.1599243,1.3599243,1.5599244,0.7599243,0.059924316,-0.54007566,-1.2400757,-1.1400757,-0.7400757,-0.34007567,-0.040075682,-0.8400757,-1.5400757,-1.8400757,-1.7400757,-0.7400757
4.1599245,4.2599244,4.8599243,4.2599244,3.3599243,2.7599244,2.4599242,1.9599243,1.9599243,1.7599243,2.0599244,1.9599243,2.3599243,2.4599242,2.2599244,2.1599243,1.8599243,0.25992432,0.6599243,1.6599243,2.1599243,1.6599243,2.5599244,2.6599243,1.9599243,1.8599243,2.5599244,3.1599243,3.4599242,3.7599244,3.4599242,3.3599243,3.1599243,3.0599244,2.6599243,2.3599243,1.6599243,0.95992434,0.059924316,-0.14007568,0.4599243,1.1599243,1.1599243,0.8599243,0.059924316,-0.8400757,-0.7400757,-0.7400757,-0.8400757,-0.24007568,0.4599243,0.25992432,-0.54007566,-1.1400757,-1.0400757,-1.0400757,-1.4400756
3.0599244,3.1599243,2.3599243,1.8599243,1.1599243,0.95992434,0.5599243,0.25992432,0.15992431,0.7599243,1.0599244,1.7599243,2.1599243,2.4599242,1.7599243,1.0599244,-0.4400757,-1.0400757,0.35992432,1.3599243,0.4599243,0.7599243,1.1599243,0.95992434,0.6599243,1.3599243,2.0599244,2.7599244,3.2599244,2.9599242,2.9599242,2.0599244,2.3599243,2.5599244,2.0599244,1.4599243,0.95992434,0.25992432,-0.24007568,0.4599243,0.8599243,1.0599244,1.0599244,1.1599243,0.15992431,-0.040075682,0.15992431,0.25992432,0.4599243,1.4599243,1.2599243,0.35992432,0.25992432,0.4599243,0.4599243,0.5599243,0.25992432
1.0599244,1.4599243,1.0599244,0.35992432,-0.24007568,-0.14007568,-0.24007568,-0.54007566,-0.14007568,0.35992432,1.1599243,1.8599243,1.9599243,1.5599244,1.2599243,0.25992432,-0.9400757,-0.7400757,-0.34007567,0.059924316,0.059924316,0.5599243,0.6599243,0.8599243,0.6599243,0.95992434,1.8599243,2.4599242,2.4599242,1.9599243,1.5599244,1.2599243,1.8599243,1.5599244,1.4599243,1.8599243,1.0599244,0.4599243,0.5599243,0.4599243,1.2599243,2.0599244,2.3599243,2.0599244,1.7599243,0.4599243,0.95992434,1.9599243,2.9599242,2.2599244,1.7599243,0.7599243,1.5599244,1.8599243,2.1599243,2.0599244,2.3599243
0.15992431,0.35992432,-0.040075682,-0.54007566,-0.6400757,-0.7400757,-0.7400757,-0.34007567,0.15992431,0.35992432,1.1599243,1.0599244,1.5599244,1.6599243,0.5599243,-0.14007568,-0.24007568,0.15992431,0.35992432,0.5599243,0.5599243,0.8599243,1.9599243,2.4599242,2.6599243,2.8599243,2.9599242,2.8599243,1.7599243,1.5599244,1.4599243,1.0599244,1.3599243,2.0599244,2.4599242,1.6599243,1.7599243,1.0599244,0.95992434,0.6599243,2.1599243,3.2599244,3.7599244,3.7599244,1.1599243,0.8599243,2.3599243,3.3599243,3.6599243,2.9599242,2.0599244,2.6599243,3.3599243,4.3599243,3.9599242,3.7599244,3.8599243
-1.6400757,-2.0400758,-2.4400756,-2.3400757,-2.0400758,-1.8400757,-1.2400757,-0.9400757,-0.24007568,1.0599244,1.8599243,2.3599243,2.6599243,2.9599242,2.9599242,1.6599243,1.9599243,1.6599243,1.9599243,1.9599243,2.3599243,2.7599244,4.559924,4.459924,4.6599245,4.959924,5.6599245,4.959924,3.8599243,1.9599243,1.8599243,2.6599243,3.0599244,3.2599244,2.3599243,2.3599243,1.8599243,1.1599243,0.6599243,1.3599243,3.4599242,5.3599243,6.2599244,5.6599245,3.9599242,4.2599244,4.3599243,4.7599244,4.7599244,3.7599244,4.2599244,4.8599243,5.959924,5.959924,5.3599243,5.2599244,5.959924
-2.5400758,-2.8400757,-2.4400756,-1.8400757,-0.7400757,0.4599243,0.7599243,1.2599243,2.5599244,4.2599244,5.059924,5.7599244,6.1599245,6.8599243,6.959924,6.6599245,5.959924,5.8599243,5.959924,6.2599244,6.2599244,6.459924,7.959924,7.559924,7.7599244,8.559924,10.259924,8.1599245,5.7599244,4.459924,5.559924,5.059924,4.959924,4.559924,4.059924,3.7599244,2.2599244,2.3599243,2.6599243,3.2599244,5.3599243,6.559924,6.3599243,6.559924,6.559924,6.559924,6.8599243,6.959924,5.3599243,4.6599245,6.6599245,7.959924,6.959924,6.059924,7.3599243,7.7599244,7.3599243
-0.9400757,-0.040075682,1.5599244,2.2599244,3.2599244,4.559924,5.3599243,5.3599243,5.8599243,6.959924,7.3599243,8.559924,9.1599245,9.859924,9.459925,9.559924,8.6599245,9.459925,9.359924,10.259924,9.459925,9.059924,9.559924,9.359924,11.059924,13.359924,13.359924,9.359924,9.059924,7.559924,8.859924,7.459924,7.3599243,6.8599243,6.559924,5.7599244,4.959924,4.1599245,4.6599245,5.8599243,7.559924,7.3599243,6.7599244,6.959924,7.959924,8.259924,8.259924,7.559924,6.8599243,8.059924,8.259924,9.259924,8.6599245,8.459925,8.959925,9.559924,8.359924
1.9599243,3.9599242,5.7599244,6.059924,6.459924,7.059924,6.7599244,7.1599245,7.6599245,8.759924,9.859924,9.959925,9.759924,10.059924,9.559924,8.959925,8.6599245,9.1599245,10.359924,10.559924,10.459925,9.759924,10.1599245,9.059924,11.059924,12.059924,11.259924,10.559924,10.759924,10.059924,10.1599245,8.859924,8.059924,8.959925,7.959924,6.959924,5.8599243,6.3599243,6.6599245,8.6599245,9.259924,8.059924,7.8599243,8.6599245,9.1599245,9.959925,9.959925,9.959925,10.559924,11.1599245,11.559924,10.859924,10.1599245,10.459925,11.859924,10.459925,10.6599245
5.6599245,6.7599244,7.959924,7.8599243,7.459924,7.459924,7.059924,5.6599245,7.1599245,7.559924,8.259924,7.7599244,7.7599244,6.8599243,6.959924,6.459924,6.8599243,7.1599245,8.859924,9.259924,8.959925,8.6599245,7.8599243,8.359924,7.8599243,8.959925,8.759924,9.459925,10.259924,10.059924,9.559924,9.459925,9.6599245,8.859924,9.059924,7.8599243,7.3599243,7.7599244,8.959925,9.459925,8.459925,8.1599245,8.859924,9.559924,9.859924,10.259924,11.6599245,12.559924,11.459925,11.959925,12.6599245,12.1599245,12.559924,12.359924,13.259924,13.059924,13.1599245
6.1599245,7.7599244,7.959924,7.6599245,6.459924,6.2599244,6.3599243,4.1599245,5.2599244,5.559924,5.559924,5.2599244,5.2599244,4.1599245,4.7599244,5.2599244,5.3599243,5.959924,6.559924,7.8599243,6.8599243,6.8599243,6.1599245,5.059924,5.059924,6.459924,7.059924,7.559924,8.059924,8.6599245,7.6599245,9.1599245,9.259924,9.059924,9.6599245,9.1599245,8.359924,9.559924,9.759924,7.6599245,8.459925,9.059924,9.359924,10.459925,10.459925,11.259924,11.559924,11.759924,11.059924,12.459925,13.459925,12.859924,13.859924,14.1599245,14.759924,13.859924,13.559924
6.559924,6.559924,6.1599245,6.3599243,6.3599243,4.7599244,4.7599244,3.3599243,2.9599242,3.5599244,4.059924,4.1599245,3.5599244,3.5599244,3.7599244,4.059924,4.459924,4.8599243,5.459924,5.2599244,4.3599243,4.1599245,3.1599243,2.7599244,2.7599244,3.1599243,4.1599245,5.3599243,6.1599245,5.959924,6.2599244,6.459924,7.3599243,7.559924,7.7599244,7.1599245,9.059924,9.1599245,8.259924,8.359924,8.1599245,8.559924,9.959925,10.059924,10.859924,10.259924,9.859924,10.759924,11.059924,11.859924,11.359924,12.559924,12.559924,12.6599245,13.959925,13.859924,13.6599245
5.6599245,5.7599244,5.2599244,4.1599245,4.2599244,3.5599244,2.4599242,1.8599243,1.4599243,1.9599243,2.7599244,1.8599243,2.7599244,3.0599244,2.7599244,2.7599244,2.5599244,3.1599243,3.1599243,3.0599244,2.2599244,2.2599244,1.3599243,0.6599243,1.1599243,0.6599243,1.6599243,2.5599244,3.0599244,3.1599243,3.1599243,3.6599243,4.3599243,4.559924,5.059924,5.959924,6.459924,6.3599243,6.8599243,6.6599245,7.559924,7.7599244,9.059924,9.259924,7.459924,8.759924,9.359924,9.1599245,8.859924,9.559924,10.259924,9.759924,10.459925,11.1599245,11.559924,12.459925,11.259924
5.959924,5.059924,3.4599242,3.2599244,3.1599243,2.5599244,1.4599243,0.25992432,0.4599243,0.8599243,0.95992434,0.7599243,1.6599243,1.9599243,1.5599244,1.0599244,1.5599244,1.4599243,1.7599243,1.6599243,1.1599243,0.4599243,-0.040075682,0.059924316,-0.54007566,0.25992432,0.35992432,0.35992432,0.4599243,0.95992434,0.35992432,0.6599243,2.0599244,1.9599243,2.6599243,2.9599242,3.4599242,4.059924,3.9599242,4.459924,5.059924,5.559924,6.459924,5.959924,5.7599244,6.7599244,6.959924,6.959924,7.2599244,6.959924,7.6599245,7.959924,8.359924,9.759924,10.859924,9.1599245,8.6599245
