views/data/weather/current/current-wind-isobaric-250hPa-gfs-1.0.json
{"header": { "discipline":0, "disciplineName":"Meteorological products", "gribEdition":2, "gribLength":50205, "center":7, "centerName":"US National Weather Service - NCEP(WMC)", "subcenter":0, "refTime":"2019-10-05T00:00:00.000Z", "significanceOfRT":1, "significanceOfRTName":"Start of forecast", "productStatus":0, "productStatusName":"Operational products", "productType":1, "productTypeName":"Forecast products", "productDefinitionTemplate":0, "productDefinitionTemplateName":"Analysis/forecast at horizontal level/layer at a point in time", "parameterCategory":2, "parameterCategoryName":"Momentum", "parameterNumber":2, "parameterNumberName":"U-component_of_wind", "parameterUnit":"m.s-1", "genProcessType":2, "genProcessTypeName":"Forecast", "forecastTime":0, "surface1Type":100, "surface1TypeName":"Isobaric surface", "surface1Value":25000.0, "surface2Type":255, "surface2TypeName":"Missing", "surface2Value":0.0, "gridDefinitionTemplate":0, "gridDefinitionTemplateName":"Latitude_Longitude", "numberPoints":65160, "shape":6, "shapeName":"Earth spherical with radius of 6,371,229.0 m", "gridUnits":"degrees", "resolution":48, "winds":"true", "scanMode":0, "nx":360, "ny":181, "basicAngle":0, "lo1":0.0, "la1":90.0, "lo2":359.0, "la2":-90.0, "dx":1.0, "dy":1.0 }, "data":
[rows 0 to 25 of 181, columns 228 to 284 of 360]
-4.6941957,-4.6941957,-4.6941957,-4.6941957,-4.6941957,-4.6941957,-4.6941957,-4.6941957,-4.5941954,-4.5941954,-4.5941954,-4.5941954,-4.5941954,-4.4941955,-4.4941955,-4.4941955,-4.4941955,-4.3941956,-4.3941956,-4.3941956,-4.2941957,-4.2941957,-4.2941957,-4.1941957,-4.1941957,-4.1941957,-4.0941954,-4.0941954,-3.9941955,-3.9941955,-3.9941955,-3.8941956,-3.8941956,-3.7941957,-3.7941957,-3.6941955,-3.6941955,-3.5941956,-3.5941956,-3.4941955,-3.3941956,-3.3941956,-3.2941957,-3.2941957,-3.1941955,-3.0941956,-3.0941956,-2.9941955,-2.9941955,-2.8941956,-2.7941957,-2.7941957,-2.6941955,-2.5941956,-2.5941956,-2.4941955,-2.3941956
-6.3941956,-6.3941956,-6.3941956,-6.3941956,-6.3941956,-6.3941956,-6.3941956,-6.3941956,-6.3941956,-6.3941956,-6.2941957,-6.2941957,-6.1941957,-6.1941957,-6.0941954,-5.9941955,-5.9941955,-5.8941956,-5.7941957,-5.7941957,-5.6941957,-5.5941954,-5.4941955,-5.3941956,-5.3941956,-5.2941957,-5.1941957,-5.0941954,-4.9941955,-4.8941956,-4.7941957,-4.6941957,-4.5941954,-4.4941955,-4.3941956,-4.2941957,-4.1941957,-4.0941954,-3.9941955,-3.8941956,-3.7941957,-3.6941955,-3.4941955,-3.3941956,-3.2941957,-3.1941955,-2.9941955,-2.8941956,-2.7941957,-2.6941955,-2.4941955,-2.3941956,-2.2941957,-2.0941956,-1.9941956,-1.7941955,-1.6941955
-7.6941957,-7.6941957,-7.7941957,-7.7941957,-7.7941957,-7.8941956,-7.8941956,-7.9941955,-7.9941955,-7.9941955,-8.094195,-8.094195,-8.094195,-8.094195,-8.094195,-8.094195,-8.094195,-8.094195,-8.094195,-7.9941955,-7.8941956,-7.7941957,-7.6941957,-7.4941955,-7.3941956,-7.1941957,-6.9941955,-6.7941957,-6.5941954,-6.2941957,-6.0941954,-5.8941956,-5.5941954,-5.3941956,-5.0941954,-4.8941956,-4.5941954,-4.3941956,-4.0941954,-3.7941957,-3.4941955,-3.2941957,-2.9941955,-2.6941955,-2.3941956,-2.0941956,-1.7941955,-1.4941956,-1.0941956,-0.79419553,-0.49419555,-0.09419556,0.20580444,0.5058044,0.90580446,1.2058045,1.6058044
-8.694196,-8.694196,-8.794195,-8.794195,-8.894196,-8.894196,-8.894196,-8.894196,-8.894196,-8.894196,-8.894196,-8.794195,-8.794195,-8.694196,-8.594195,-8.494196,-8.294195,-8.194196,-8.094195,-7.8941956,-7.6941957,-7.4941955,-7.2941957,-7.0941954,-6.8941956,-6.6941957,-6.4941955,-6.2941957,-6.0941954,-5.8941956,-5.6941957,-5.4941955,-5.2941957,-5.0941954,-4.7941957,-4.4941955,-4.1941957,-3.8941956,-3.4941955,-3.1941955,-2.6941955,-2.3941956,-1.8941956,-1.4941956,-1.0941956,-0.69419557,-0.29419556,0.10580444,0.40580446,0.70580447,0.90580446,1.2058045,1.5058044,1.7058045,2.0058045,2.2058043,2.5058045
-8.394196,-8.394196,-8.494196,-8.494196,-8.494196,-8.494196,-8.494196,-8.494196,-8.494196,-8.494196,-8.394196,-8.294195,-8.094195,-7.9941955,-7.8941956,-7.7941957,-7.6941957,-7.5941954,-7.4941955,-7.3941956,-7.2941957,-7.1941957,-7.0941954,-6.9941955,-6.8941956,-6.7941957,-6.6941957,-6.5941954,-6.4941955,-6.2941957,-6.0941954,-5.7941957,-5.5941954,-5.2941957,-5.0941954,-4.8941956,-4.6941957,-4.3941956,-4.1941957,-3.8941956,-3.6941955,-3.4941955,-3.3941956,-3.2941957,-3.1941955,-3.1941955,-3.1941955,-3.0941956,-3.0941956,-2.8941956,-2.6941955,-2.2941957,-1.8941956,-1.4941956,-0.89419556,-0.39419556,0.10580444
-7.6941957,-7.7941957,-7.8941956,-7.8941956,-7.8941956,-7.8941956,-7.8941956,-7.8941956,-7.8941956,-7.7941957,-7.7941957,-7.6941957,-7.6941957,-7.5941954,-7.4941955,-7.4941955,-7.4941955,-7.4941955,-7.3941956,-7.3941956,-7.3941956,-7.3941956,-7.3941956,-7.3941956,-7.3941956,-7.3941956,-7.3941956,-7.2941957,-7.1941957,-6.9941955,-6.7941957,-6.5941954,-6.3941956,-6.1941957,-5.9941955,-5.8941956,-5.7941957,-5.8941956,-5.9941955,-6.0941954,-6.2941957,-6.2941957,-6.2941957,-6.1941957,-5.9941955,-5.6941957,-5.3941956,-4.9941955,-4.6941957,-4.2941957,-3.9941955,-3.6941955,-3.2941957,-2.8941956,-2.5941956,-2.2941957,-1.9941956
-7.7941957,-7.7941957,-7.7941957,-7.7941957,-7.7941957,-7.8941956,-7.8941956,-7.8941956,-7.8941956,-7.7941957,-7.6941957,-7.5941954,-7.5941954,-7.5941954,-7.6941957,-7.7941957,-7.8941956,-7.8941956,-7.8941956,-7.8941956,-7.8941956,-7.9941955,-8.094195,-8.094195,-8.094195,-8.094195,-7.9941955,-7.8941956,-7.7941957,-7.6941957,-7.5941954,-7.6941957,-7.6941957,-7.8941956,-7.9941955,-8.194196,-8.294195,-8.394196,-8.394196,-8.394196,-8.294195,-8.094195,-7.8941956,-7.6941957,-7.3941956,-7.2941957,-7.0941954,-6.9941955,-6.8941956,-6.8941956,-6.8941956,-6.7941957,-6.5941954,-6.3941956,-6.1941957,-6.0941954,-5.9941955
-7.9941955,-7.8941956,-7.7941957,-7.6941957,-7.6941957,-7.6941957,-7.7941957,-7.7941957,-7.6941957,-7.6941957,-7.5941954,-7.6941957,-7.7941957,-7.9941955,-8.194196,-8.394196,-8.494196,-8.694196,-8.794195,-8.994196,-9.094195,-9.194196,-9.294195,-9.294195,-9.294195,-9.194196,-9.094195,-8.994196,-9.094195,-9.094195,-9.194196,-9.194196,-9.294195,-9.294195,-9.394196,-9.394196,-9.494196,-9.394196,-9.294195,-9.394196,-9.394196,-9.494196,-9.494196,-9.394196,-9.394196,-9.394196,-9.294195,-9.294195,-9.194196,-9.094195,-9.094195,-9.294195,-9.294195,-8.994196,-8.894196,-8.894196,-8.894196
-7.3941956,-7.2941957,-7.1941957,-7.0941954,-6.9941955,-6.9941955,-6.8941956,-6.7941957,-6.7941957,-6.8941956,-6.9941955,-7.1941957,-7.2941957,-7.4941955,-7.6941957,-7.8941956,-8.094195,-8.294195,-8.494196,-8.794195,-8.994196,-9.194196,-9.294195,-9.394196,-9.494196,-9.494196,-9.494196,-9.694196,-9.694196,-9.694196,-9.594195,-9.494196,-9.594195,-9.694196,-9.794195,-9.994196,-9.994196,-10.094195,-10.094195,-10.194196,-10.394196,-10.494196,-10.594195,-10.594195,-10.694196,-10.894196,-10.994196,-11.094195,-10.994196,-10.794195,-10.794195,-10.994196,-11.294195,-11.594195,-11.894196,-11.794195,-11.394196
-6.5941954,-6.3941956,-6.2941957,-6.1941957,-6.0941954,-5.9941955,-5.9941955,-5.9941955,-5.8941956,-5.8941956,-5.9941955,-6.0941954,-6.2941957,-6.4941955,-6.6941957,-6.7941957,-6.8941956,-6.9941955,-7.0941954,-7.1941957,-7.3941956,-7.4941955,-7.5941954,-7.6941957,-8.094195,-8.494196,-8.894196,-9.294195,-9.494196,-9.694196,-9.794195,-9.994196,-10.294195,-10.394196,-10.494196,-10.494196,-10.794195,-10.894196,-10.894196,-10.894196,-10.994196,-10.994196,-11.194196,-11.594195,-12.094195,-12.194196,-12.294195,-12.294195,-12.594195,-12.994196,-13.094195,-13.294195,-13.494196,-13.594195,-13.294195,-13.194196,-12.994196
-4.8941956,-4.9941955,-5.1941957,-5.2941957,-5.1941957,-4.9941955,-4.8941956,-4.6941957,-4.5941954,-4.4941955,-4.4941955,-4.4941955,-4.5941954,-4.6941957,-4.7941957,-4.9941955,-5.0941954,-5.0941954,-5.0941954,-5.1941957,-5.4941955,-5.8941956,-6.1941957,-6.4941955,-6.8941956,-7.2941957,-7.8941956,-8.494196,-8.994196,-9.494196,-9.894196,-10.294195,-10.794195,-11.194196,-11.494196,-11.594195,-11.594195,-11.994196,-12.294195,-12.194196,-12.394196,-12.594195,-12.794195,-13.194196,-13.394196,-13.594195,-13.794195,-13.894196,-13.994196,-13.994196,-13.994196,-14.094195,-14.194196,-14.094195,-13.894196,-13.894196,-13.994196
-2.3941956,-2.6941955,-2.7941957,-2.9941955,-3.0941956,-3.2941957,-3.3941956,-3.5941956,-3.6941955,-3.7941957,-3.8941956,-3.8941956,-3.8941956,-3.8941956,-3.8941956,-3.7941957,-3.7941957,-4.0941954,-4.4941955,-4.7941957,-4.9941955,-5.1941957,-5.3941956,-5.6941957,-5.9941955,-6.5941954,-7.0941954,-7.6941957,-8.194196,-8.694196,-9.294195,-9.694196,-10.294195,-10.794195,-11.194196,-11.494196,-11.994196,-12.294195,-12.894196,-13.494196,-14.094195,-14.494196,-14.494196,-15.194196,-14.794195,-14.794195,-14.794195,-14.794195,-14.794195,-14.694196,-14.294195,-13.994196,-14.194196,-14.394196,-13.894196,-13.594195,-13.194196
0.20580444,0.10580444,-0.09419556,-0.39419556,-0.59419554,-0.89419556,-1.3941956,-1.6941955,-1.9941956,-2.0941956,-2.1941955,-2.4941955,-2.8941956,-3.1941955,-3.4941955,-3.6941955,-3.8941956,-3.9941955,-4.0941954,-4.1941957,-4.2941957,-4.4941955,-4.7941957,-4.9941955,-5.2941957,-5.6941957,-6.2941957,-6.8941956,-7.6941957,-8.094195,-8.494196,-8.894196,-9.194196,-9.694196,-10.094195,-10.394196,-10.794195,-11.094195,-11.394196,-11.794195,-12.194196,-12.494196,-12.494196,-12.594195,-12.994196,-13.194196,-13.594195,-13.494196,-13.594195,-12.894196,-12.794195,-13.194196,-13.994196,-13.194196,-12.294195,-11.894196,-11.694196
2.4058044,2.1058044,1.8058045,1.5058044,1.2058045,0.90580446,0.70580447,0.30580443,-0.09419556,-0.49419555,-0.9941956,-1.2941955,-1.5941956,-1.8941956,-2.0941956,-2.2941957,-2.6941955,-2.7941957,-2.8941956,-2.8941956,-2.9941955,-3.1941955,-3.3941956,-3.5941956,-3.7941957,-3.9941955,-4.4941955,-4.8941956,-5.4941955,-5.9941955,-6.3941956,-6.7941957,-7.2941957,-7.4941955,-7.7941957,-7.9941955,-8.194196,-8.494196,-8.794195,-9.394196,-9.594195,-9.994196,-10.694196,-11.394196,-11.794195,-12.194196,-12.494196,-12.794195,-12.794195,-12.894196,-13.294195,-13.394196,-13.494196,-12.794195,-12.694196,-12.494196,-12.294195
3.5058045,3.1058044,2.9058044,2.8058045,2.9058044,2.8058045,2.4058044,2.1058044,1.9058044,1.5058044,1.0058044,0.5058044,0.20580444,0.0058044433,-0.39419556,-0.69419557,-0.9941956,-1.0941956,-1.1941955,-1.0941956,-1.0941956,-0.9941956,-1.0941956,-1.1941955,-1.4941956,-1.5941956,-2.0941956,-1.9941956,-2.0941956,-2.2941957,-2.4941955,-2.6941955,-3.2941957,-3.7941957,-4.3941956,-4.9941955,-5.2941957,-5.4941955,-5.5941954,-5.5941954,-5.5941954,-6.1941957,-6.7941957,-7.2941957,-7.5941954,-7.8941956,-8.094195,-8.294195,-8.794195,-9.394196,-9.794195,-9.894196,-9.994196,-9.794195,-9.594195,-9.494196,-9.394196
5.8058043,5.2058043,4.5058045,4.0058045,3.5058045,3.3058045,3.4058044,3.5058045,3.4058044,3.5058045,3.5058045,3.2058043,3.0058045,2.7058043,2.1058044,1.7058045,1.9058044,1.8058045,1.7058045,1.7058045,1.7058045,1.8058045,1.9058044,1.9058044,2.0058045,2.2058043,2.5058045,2.5058045,2.4058044,1.9058044,1.7058045,1.6058044,1.5058044,1.3058045,1.0058044,0.80580443,0.60580444,0.40580446,0.10580444,-0.29419556,-0.9941956,-1.4941956,-2.0941956,-2.2941957,-2.5941956,-2.6941955,-2.7941957,-3.3941956,-4.0941954,-4.5941954,-4.8941956,-4.9941955,-5.7941957,-6.5941954,-6.0941954,-5.1941957,-4.8941956
7.6058044,7.6058044,7.3058043,6.7058043,5.9058046,5.0058045,4.5058045,4.5058045,4.6058044,4.7058043,4.8058043,4.9058046,5.0058045,5.1058044,5.1058044,5.2058043,5.1058044,4.9058046,5.1058044,5.3058043,5.5058045,5.5058045,5.5058045,5.6058044,5.8058043,5.8058043,5.8058043,6.1058044,6.3058043,6.2058043,6.0058045,6.1058044,6.5058045,6.7058043,6.7058043,6.7058043,6.5058045,6.4058046,6.3058043,6.0058045,5.7058043,4.9058046,4.0058045,3.2058043,2.4058044,2.0058045,1.8058045,1.7058045,1.6058044,1.2058045,0.80580443,0.5058044,-1.0941956,-1.3941956,-1.4941956,-0.79419553,-0.39419556
8.105804,8.605804,8.505804,8.205805,7.5058045,6.9058046,6.2058043,5.9058046,6.0058045,6.1058044,6.2058043,6.3058043,6.7058043,7.0058045,7.5058045,7.9058046,8.305804,8.505804,8.705805,8.905805,9.005804,9.305804,9.605804,9.705805,9.805804,10.005804,10.405805,10.705805,10.805804,10.505804,10.405805,10.405805,10.805804,11.205805,11.405805,11.805804,12.005804,11.805804,11.605804,11.405805,10.905805,10.305804,10.005804,9.705805,9.105804,7.8058043,6.5058045,5.9058046,5.4058046,5.0058045,4.7058043,4.7058043,4.1058044,3.8058045,4.2058043,3.8058045,3.5058045
8.805804,8.705805,8.705805,9.005804,8.905805,8.505804,8.105804,7.6058044,7.3058043,7.3058043,7.8058043,8.105804,8.405805,8.705805,9.105804,9.305804,9.605804,9.905805,10.405805,11.005804,11.305804,11.605804,12.005804,12.405805,13.005804,13.505804,13.905805,14.305804,14.805804,15.405805,15.705805,16.205805,16.505804,16.805805,17.205805,17.905804,17.705805,17.105804,17.505804,16.905804,16.205805,16.405804,16.005804,15.305804,14.105804,13.305804,12.605804,11.905805,11.205805,10.805804,10.005804,9.205805,8.805804,8.905805,8.505804,8.505804,8.005804
9.505804,10.105804,10.105804,10.005804,9.605804,9.305804,9.305804,9.405805,9.205805,9.305804,9.405805,9.705805,10.205805,10.705805,11.405805,12.005804,12.605804,13.205805,13.805804,14.305804,14.805804,15.505804,16.105804,16.805805,17.505804,18.205805,18.805805,19.505804,20.205805,20.905804,21.605804,22.405804,22.905804,23.605804,24.205805,24.605804,24.105804,24.405804,23.905804,23.505804,23.405804,24.005804,23.605804,22.705805,22.005804,21.405804,20.405804,19.505804,18.105804,17.205805,16.705805,16.005804,15.105804,14.605804,13.805804,13.705805,12.805804
9.805804,10.205805,10.405805,10.705805,10.705805,10.605804,10.605804,10.705805,11.005804,11.105804,11.405805,12.005804,12.805804,13.505804,14.305804,14.905805,15.105804,15.605804,16.705805,17.905804,19.105804,20.105804,21.305805,22.505804,23.605804,24.805805,25.905804,26.905804,27.805805,28.905804,29.705805,30.605804,31.305805,31.805805,32.205803,32.505806,32.405804,32.105804,31.805805,32.405804,32.205803,32.205803,32.005806,31.305805,30.605804,29.805805,29.105804,27.605804,27.205805,26.105804,25.005804,24.305805,23.305805,21.805805,20.705805,19.505804,19.305805
11.705805,10.705805,11.305804,11.705805,12.005804,12.205805,12.505804,12.805804,13.205805,13.805804,14.205805,14.405805,14.805804,16.105804,17.605804,18.805805,20.405804,21.905804,23.805805,25.305805,26.805805,28.805805,30.905804,32.905804,34.505806,36.105804,38.005806,39.805805,41.505806,43.005806,44.205803,45.005806,45.705803,46.105804,46.505806,46.705803,46.405804,46.405804,46.305805,46.405804,46.105804,44.305805,43.505806,42.505806,41.505806,40.505806,39.205803,38.005806,37.205803,36.905804,35.805805,34.405804,33.005806,32.005806,30.505804,28.905804,27.505804
15.705805,14.605804,13.605804,12.805804,12.005804,11.705805,12.005804,12.405805,13.505804,15.005804,16.305805,17.405804,18.605804,20.305805,22.005804,24.205805,26.105804,28.305805,30.805805,33.705803,36.705803,40.105804,42.605804,44.205803,44.805805,45.405804,45.905804,46.405804,46.905804,47.405804,47.805805,48.305805,48.705803,49.105804,49.505806,50.005806,50.705803,50.905804,51.505806,51.805805,52.005806,52.305805,52.505806,52.605804,52.505806,51.805805,50.705803,50.605804,49.905804,49.005806,46.505806,45.205803,42.905804,40.705803,39.005806,36.905804,34.905804
18.205805,17.005804,15.505804,13.805804,13.105804,12.805804,13.105804,14.105804,15.805804,17.605804,19.105804,21.205805,23.605804,25.505804,27.805805,30.905804,34.505806,36.905804,37.405804,37.405804,37.405804,38.105804,38.905804,39.605804,40.305805,41.005806,41.105804,41.405804,41.705803,41.905804,41.905804,42.305805,42.905804,43.505806,44.305805,45.005806,46.005806,46.905804,47.705803,48.405804,49.005806,49.205803,49.805805,50.405804,51.005806,51.305805,51.705803,51.905804,51.605804,51.005806,50.005806,48.705803,47.905804,47.005806,45.505806,44.205803,42.305805
20.805805,20.305805,18.505804,17.305805,16.705805,15.805804,16.005804,17.305805,18.905804,21.005804,23.405804,25.905804,28.805805,32.105804,32.805805,32.605804,31.905804,31.605804,31.505804,31.705805,32.005806,31.605804,30.905804,30.405804,29.605804,29.305805,29.105804,29.105804,28.905804,29.605804,30.005804,30.605804,31.305805,32.105804,33.105804,34.005806,34.905804,36.005806,37.005806,38.205803,39.405804,40.405804,41.505806,42.605804,43.305805,44.405804,45.605804,46.705803,47.205803,47.405804,46.505806,45.605804,45.605804,45.105804,44.305805,43.105804,41.705803
21.505804,20.905804,19.705805,18.005804,17.505804,17.505804,17.705805,19.305805,21.505804,24.405804,27.805805,29.105804,28.305805,27.905804,27.605804,27.205805,26.105804,24.505804,23.105804,21.605804,20.405804,19.405804,18.805805,18.205805,17.705805,17.205805,17.005804,17.005804,17.305805,17.605804,17.905804,18.505804,19.305805,20.605804,21.605804,22.605804,24.005804,25.105804,26.005804,27.005804,28.005804,29.305805,30.705805,32.205803,33.905804,35.105804,36.505806,37.505806,38.005806,38.905804,39.605804,39.905804,39.905804,40.405804,40.205803,38.205803,37.005806
