views/data/weather/current/current-wind-isobaric-250hPa-gfs-1.0.json
{"header": { "discipline":0, "disciplineName":"Meteorological products", "gribEdition":2, "gribLength":50205, "center":7, "centerName":"US National Weather Service - NCEP(WMC)", "subcenter":0, "refTime":"2019-10-05T00:00:00.000Z", "significanceOfRT":1, "significanceOfRTName":"Start of forecast", "productStatus":0, "productStatusName":"Operational products", "productType":1, "productTypeName":"Forecast products", "productDefinitionTemplate":0, "productDefinitionTemplateName":"Analysis/forecast at horizontal level/layer at a point in time", "parameterCategory":2, "parameterCategoryName":"Momentum", "parameterNumber":2, "parameterNumberName":"U-component_of_wind", "parameterUnit":"m.s-1", "genProcessType":2, "genProcessTypeName":"Forecast", "forecastTime":0, "surface1Type":100, "surface1TypeName":"Isobaric surface", "surface1Value":25000.0, "surface2Type":255, "surface2TypeName":"Missing", "surface2Value":0.0, "gridDefinitionTemplate":0, "gridDefinitionTemplateName":"Latitude_Longitude", "numberPoints":65160, "shape":6, "shapeName":"Earth spherical with radius of 6,371,229.0 m", "gridUnits":"degrees", "resolution":48, "winds":"true", "scanMode":0, "nx":360, "ny":181, "basicAngle":0, "lo1":0.0, "la1":90.0, "lo2":359.0, "la2":-90.0, "dx":1.0, "dy":1.0 }, "data":
[rows 130 to 155 of 181, columns 114 to 170 of 360]
33.805805,29.905804,27.505804,25.905804,21.705805,16.505804,11.305804,7.1058044,4.8058043,3.4058044,1.1058044,4.5058045,3.2058043,4.8058043,2.3058045,8.805804,11.105804,13.405805,22.305805,26.605804,31.105804,31.705805,27.905804,30.305805,36.105804,36.505806,38.605804,37.205803,33.705803,34.305805,36.805805,33.305805,27.505804,17.605804,10.405805,9.105804,2.7058043,-2.7941957,-4.8941956,-7.5941954,-9.094195,-9.794195,-10.594195,-11.294195,-11.194196,-8.794195,-5.1941957,0.90580446,6.1058044,13.205805,21.205805,26.905804,30.005804,32.305805,34.505806,34.805805,35.505806
32.205803,29.405804,27.605804,26.105804,24.605804,19.605804,14.005804,8.105804,6.1058044,8.205805,3.9058044,5.3058043,6.0058045,6.4058046,6.9058046,5.4058046,12.705805,19.205805,24.205805,27.005804,30.105804,29.205805,30.305805,29.805805,29.305805,33.005806,38.705803,32.305805,32.505806,33.705803,35.505806,32.405804,27.505804,15.805804,8.205805,8.705805,1.7058045,1.1058044,-2.7941957,-5.3941956,-7.5941954,-8.594195,-8.494196,-7.8941956,-8.794195,-9.394196,-8.394196,-7.2941957,-3.0941956,2.7058043,9.205805,15.905805,22.005804,26.605804,30.505804,34.105804,35.805805
34.305805,30.905804,30.305805,29.905804,25.405804,22.405804,16.505804,13.405805,7.8058043,8.005804,12.205805,11.305804,13.505804,12.105804,5.0058045,7.5058045,12.805804,18.605804,24.605804,25.405804,29.905804,32.105804,34.705803,28.505804,29.205805,33.805805,33.405804,35.405804,36.205803,37.405804,35.005806,31.105804,22.505804,14.205805,10.505804,8.505804,5.5058045,3.4058044,-0.19419555,-1.2941955,-2.4941955,-4.0941954,-5.2941957,-6.2941957,-6.7941957,-6.3941956,-6.1941957,-4.9941955,-3.0941956,-1.2941955,3.0058045,8.705805,14.305804,20.605804,25.105804,29.105804,33.005806
37.105804,32.905804,30.905804,28.805805,28.505804,24.805805,21.205805,16.305805,13.205805,9.505804,7.1058044,12.805804,12.205805,13.905805,11.805804,15.105804,19.805805,25.305805,29.505804,32.705803,33.005806,34.905804,37.905804,37.105804,33.405804,37.005806,37.405804,38.105804,36.905804,37.905804,33.205803,26.305805,20.505804,14.405805,14.205805,10.905805,8.505804,8.105804,6.1058044,4.2058043,1.8058045,0.10580444,-1.3941956,-2.8941956,-5.8941956,-5.7941957,-4.2941957,-1.8941956,-0.39419556,2.3058045,4.4058046,7.0058045,10.105804,15.505804,19.005804,23.305805,28.005804
39.905804,38.805805,34.105804,31.505804,29.905804,29.005804,25.505804,23.005804,18.805805,16.205805,12.005804,10.205805,10.105804,15.205805,22.905804,25.705805,27.805805,32.205803,33.405804,34.405804,39.305805,40.205803,42.005806,42.405804,44.605804,42.505806,40.905804,41.905804,42.105804,41.405804,33.605804,26.505804,20.805805,17.505804,17.705805,16.605804,14.005804,12.505804,11.605804,9.705805,7.1058044,4.2058043,2.6058044,0.20580444,-1.1941955,-1.3941956,-0.89419556,0.20580444,2.2058043,4.7058043,5.5058045,7.9058046,11.505804,12.205805,16.005804,19.405804,23.205805
40.705803,40.605804,40.105804,36.405804,34.505806,32.305805,30.605804,27.505804,25.705805,21.905804,20.005804,16.405804,14.305804,11.605804,16.405804,29.905804,35.305805,40.505806,43.205803,42.505806,45.305805,46.405804,46.805805,47.905804,47.905804,45.005806,41.705803,38.505806,38.205803,35.005806,31.705805,24.805805,19.705805,19.605804,20.505804,22.405804,20.305805,19.205805,17.605804,14.705805,11.105804,8.805804,6.4058046,5.7058043,4.4058046,4.9058046,4.9058046,4.5058045,3.6058044,3.9058044,6.5058045,7.3058043,9.405805,13.405805,15.205805,16.205805,20.605804
40.705803,40.805805,41.305805,39.805805,38.605804,38.405804,36.305805,33.105804,31.805805,29.505804,26.005804,24.105804,21.705805,18.405804,17.205805,16.405804,21.305805,30.705805,38.805805,46.905804,52.505806,54.105804,53.805805,54.405804,54.505806,45.205803,40.805805,39.005806,35.405804,33.405804,29.805805,24.205805,20.705805,19.905804,21.005804,21.905804,21.405804,18.705805,17.405804,16.405804,14.205805,12.205805,9.905805,8.805804,8.305804,8.905805,8.805804,9.005804,7.2058043,6.0058045,5.0058045,6.6058044,10.105804,11.405805,14.605804,16.305805,18.605804
39.105804,41.305805,41.305805,42.005806,41.905804,41.605804,41.205803,40.705803,37.805805,35.505806,32.905804,30.505804,28.405804,26.405804,24.205805,24.005804,21.905804,21.905804,26.705805,33.605804,36.005806,39.905804,43.105804,41.605804,43.605804,42.105804,38.705803,35.405804,36.205803,32.605804,27.605804,23.205805,21.405804,22.005804,22.105804,21.605804,20.605804,20.005804,19.105804,18.005804,16.305805,14.905805,13.705805,12.605804,12.105804,11.305804,12.105804,12.805804,11.105804,9.105804,7.5058045,7.5058045,9.005804,11.705805,13.905805,15.105804,17.705805
39.605804,40.105804,40.505806,41.905804,42.805805,43.405804,42.805805,42.005806,40.505806,39.505806,37.605804,36.905804,35.505806,33.505806,29.505804,27.505804,26.405804,22.605804,18.705805,24.705805,28.305805,31.005804,32.105804,31.605804,32.105804,32.205803,33.605804,34.405804,32.505806,28.305805,24.105804,23.005804,24.305805,24.005804,24.305805,23.905804,23.705805,23.405804,21.805805,20.705805,20.205805,18.405804,17.305805,16.805805,15.705805,15.005804,15.305804,15.505804,15.505804,13.405805,12.505804,10.805804,10.105804,11.905805,14.505804,14.705805,16.205805
39.005806,39.705803,40.905804,41.805805,42.105804,42.805805,43.805805,44.405804,43.905804,42.405804,42.905804,42.805805,38.605804,37.005806,36.205803,30.805805,29.105804,26.605804,22.905804,19.605804,22.505804,24.405804,26.005804,26.905804,28.305805,28.705805,28.305805,28.405804,25.805805,25.205805,23.505804,25.205805,26.705805,27.205805,27.105804,27.005804,27.005804,26.805805,25.405804,23.605804,23.005804,23.005804,22.105804,21.405804,20.305805,19.405804,18.805805,19.605804,19.905804,18.305805,16.705805,14.405805,13.005804,13.705805,14.605804,14.905805,15.205805
35.405804,37.005806,39.605804,41.105804,42.405804,42.805805,43.805805,43.905804,44.805805,45.205803,44.605804,43.605804,44.305805,42.205803,39.705803,37.105804,34.605804,32.105804,28.705805,25.105804,22.905804,22.805805,23.505804,24.305805,25.405804,25.805805,25.505804,25.005804,25.105804,25.205805,25.705805,27.705805,29.505804,30.905804,31.705805,30.505804,29.805805,29.705805,29.105804,28.005804,27.905804,27.505804,26.905804,25.905804,25.105804,23.505804,24.105804,23.305805,22.705805,22.005804,20.705805,18.905804,17.105804,15.805804,16.605804,15.705805,13.805804
33.405804,34.605804,36.205803,38.205803,40.605804,42.505806,44.105804,44.905804,44.405804,44.205803,46.705803,45.105804,46.105804,45.205803,44.205803,41.205803,40.005806,38.005806,36.505806,32.805805,29.405804,27.105804,25.705805,24.305805,23.505804,24.405804,25.605804,26.205805,27.205805,28.005804,29.105804,30.605804,31.705805,32.005806,33.205803,32.405804,32.305805,33.005806,32.605804,32.005806,32.105804,32.105804,31.705805,30.705805,29.805805,28.105804,28.105804,27.405804,26.005804,25.305805,23.805805,22.705805,21.905804,19.205805,18.605804,18.405804,16.305805
30.905804,31.605804,32.805805,35.205803,37.405804,39.805805,42.205803,44.005806,44.905804,45.905804,45.405804,46.805805,46.205803,47.005806,47.105804,48.205803,45.605804,43.805805,42.805805,42.005806,39.305805,36.105804,33.905804,33.105804,32.905804,32.105804,31.305805,31.205805,32.005806,33.405804,34.405804,35.605804,36.705803,36.305805,36.205803,36.405804,36.205803,35.505806,36.105804,36.405804,36.205803,35.905804,35.905804,35.305805,34.905804,34.205803,32.705803,31.305805,30.905804,29.405804,28.105804,27.405804,26.005804,22.705805,21.405804,20.505804,18.405804
30.405804,30.405804,31.105804,32.405804,33.905804,36.405804,38.605804,41.605804,43.405804,44.205803,45.205803,46.605804,48.505806,47.305805,48.205803,48.005806,50.005806,51.105804,48.505806,48.405804,48.405804,46.405804,44.705803,42.505806,40.605804,40.205803,40.005806,39.505806,39.305805,39.505806,40.305805,41.605804,42.005806,41.705803,41.605804,41.105804,40.505806,40.005806,40.205803,40.505806,40.905804,40.405804,40.605804,40.405804,40.405804,40.605804,39.605804,36.805805,34.905804,34.505806,33.805805,32.605804,28.705805,25.005804,23.305805,23.005804,20.905804
30.205805,30.505804,30.805805,31.605804,32.505806,33.405804,35.705803,38.105804,40.205803,42.305805,43.605804,45.105804,46.605804,48.805805,49.905804,49.705803,51.205803,51.005806,53.605804,54.605804,54.005806,54.005806,54.005806,53.105804,51.405804,50.005806,49.105804,47.905804,47.105804,46.405804,46.105804,46.005806,46.305805,46.705803,46.905804,46.605804,46.405804,45.905804,45.705803,45.605804,45.605804,45.505806,45.805805,46.305805,46.705803,45.905804,44.405804,43.805805,43.005806,41.405804,40.005806,37.605804,32.705803,29.005804,26.605804,25.605804,23.305805
29.905804,29.905804,30.505804,31.005804,31.905804,33.205803,34.005806,35.505806,37.505806,39.305805,41.405804,43.205803,45.905804,48.105804,50.005806,50.805805,50.905804,52.205803,53.305805,53.805805,56.605804,59.905804,60.005806,60.405804,60.405804,60.405804,59.405804,58.005806,57.705803,57.205803,56.605804,56.205803,55.805805,55.105804,54.505806,54.005806,53.405804,52.805805,52.905804,52.905804,53.105804,53.205803,53.205803,53.005806,52.705803,52.105804,52.205803,51.805805,51.005806,48.405804,46.005806,42.205803,37.605804,33.005806,29.505804,26.705805,25.205805
28.605804,29.005804,29.205805,29.805805,31.005804,32.105804,33.205803,34.805805,35.605804,37.305805,38.905804,41.005806,43.105804,45.705803,48.105804,50.705803,52.505806,52.905804,53.105804,53.905804,56.405804,57.305805,58.505806,62.605804,65.105804,66.605804,66.105804,66.3058,67.005806,66.8058,65.90581,65.2058,64.8058,64.505806,64.005806,63.205803,62.905804,62.405804,61.605804,60.905804,60.305805,60.005806,59.605804,59.505806,59.605804,60.205803,60.005806,58.805805,57.005806,54.005806,48.705803,44.505806,39.405804,34.105804,30.205805,28.105804,25.905804
27.505804,27.905804,28.205805,28.405804,29.205805,30.605804,31.605804,32.805805,34.405804,36.005806,37.105804,38.505806,40.105804,42.305805,44.405804,46.805805,49.405804,51.605804,53.405804,54.605804,55.105804,56.405804,57.905804,59.105804,61.205803,63.505806,66.40581,68.005806,69.7058,70.605804,71.2058,71.3058,71.105804,70.605804,69.605804,68.90581,68.505806,67.8058,66.90581,66.3058,65.505806,64.605804,63.805805,62.805805,61.705803,60.205803,59.005806,56.705803,54.605804,51.705803,45.705803,40.905804,36.105804,32.705803,30.905804,29.005804,26.705805
25.105804,25.505804,26.205805,27.305805,28.205805,29.205805,30.505804,31.605804,32.205803,33.605804,35.005806,36.205803,37.505806,38.905804,40.405804,42.605804,45.305805,47.205803,49.305805,51.305805,53.305805,55.105804,56.505806,58.005806,59.405804,60.405804,61.505806,62.805805,64.3058,64.90581,65.505806,65.7058,66.005806,66.3058,65.8058,65.7058,64.8058,64.505806,64.505806,63.505806,62.305805,60.605804,58.605804,56.505806,55.405804,53.905804,52.405804,49.405804,46.205803,43.205803,38.005806,34.505806,33.005806,31.605804,30.205805,29.105804,27.905804
22.605804,23.905804,25.305805,26.105804,27.105804,27.905804,28.605804,29.205805,29.905804,30.805805,31.905804,33.105804,34.505806,35.305805,36.705803,38.305805,40.105804,42.005806,44.205803,46.505806,48.505806,50.305805,51.705803,53.005806,54.205803,55.305805,56.505806,58.005806,58.805805,59.205803,58.905804,58.905804,58.705803,58.105804,57.105804,56.605804,55.905804,54.905804,54.105804,54.005806,52.605804,50.605804,49.005806,47.205803,46.505806,45.905804,45.205803,44.405804,42.105804,39.505806,36.505806,34.105804,32.205803,31.705805,30.405804,29.205805,27.905804
21.005804,21.405804,22.205805,22.805805,23.105804,23.705805,24.405804,25.305805,26.305805,27.405804,28.305805,29.405804,30.705805,31.305805,32.505806,34.105804,35.705803,37.005806,38.105804,39.405804,40.905804,42.805805,44.505806,45.605804,47.105804,48.205803,48.805805,49.405804,49.805805,50.005806,50.105804,49.905804,49.605804,49.705803,49.605804,49.605804,49.805805,49.905804,49.105804,48.205803,47.505806,46.105804,44.705803,43.505806,42.605804,41.905804,41.305805,40.605804,39.205803,37.205803,35.005806,33.305805,32.805805,32.705803,31.405804,30.105804,28.405804
18.405804,18.905804,19.405804,19.905804,20.205805,20.605804,21.105804,21.805805,22.505804,23.405804,24.305805,25.705805,26.905804,27.905804,28.605804,30.005804,31.405804,32.705803,33.605804,34.305805,34.805805,35.605804,36.105804,37.105804,38.505806,39.705803,40.805805,40.905804,41.505806,42.005806,42.005806,42.105804,42.805805,43.705803,44.205803,44.605804,44.505806,44.005806,43.405804,42.805805,42.405804,42.205803,41.805805,41.205803,40.105804,39.105804,37.905804,37.305805,36.405804,35.405804,34.005806,32.905804,32.105804,31.605804,30.805805,29.805805,29.005804
15.205805,16.005804,16.705805,17.105804,17.705805,18.305805,18.705805,19.405804,19.905804,20.305805,21.305805,22.105804,22.705805,23.305805,24.105804,25.305805,26.305805,27.405804,28.405804,29.305805,30.205805,31.005804,31.805805,32.205803,32.605804,32.705803,33.205803,33.705803,34.105804,34.605804,35.405804,36.305805,36.805805,36.905804,37.105804,37.405804,37.505806,37.405804,37.705803,37.705803,37.905804,37.805805,37.505806,37.105804,36.505806,36.005806,35.405804,34.605804,34.005806,33.505806,32.405804,32.005806,31.705805,30.905804,30.205805,29.905804,29.305805
12.305804,13.405805,14.105804,14.805804,15.805804,16.505804,17.105804,17.605804,17.905804,18.305805,18.805805,18.905804,19.305805,19.905804,20.705805,21.505804,22.105804,22.805805,23.605804,24.505804,25.405804,26.105804,26.905804,27.205805,27.105804,27.205805,27.605804,27.805805,27.805805,27.805805,28.105804,28.705805,29.005804,29.305805,29.905804,30.305805,30.905804,30.905804,31.105804,31.305805,31.305805,31.605804,31.705805,31.705805,31.605804,31.505804,31.505804,31.305805,31.205805,31.505804,31.505804,31.305805,31.005804,30.705805,30.605804,30.105804,29.605804
8.105804,8.905805,10.005804,11.005804,11.905805,12.805804,13.705805,14.405805,15.005804,15.505804,15.605804,15.905805,16.305805,16.905804,17.705805,18.105804,18.405804,18.805805,19.305805,19.805805,20.405804,20.705805,21.305805,21.805805,22.105804,22.105804,22.305805,22.405804,22.605804,23.405804,23.705805,23.905804,24.305805,24.605804,25.105804,25.505804,25.605804,26.105804,26.205805,26.305805,26.605804,27.005804,27.405804,27.805805,28.205805,28.405804,29.305805,29.605804,29.905804,30.105804,30.205805,30.505804,30.805805,31.005804,30.805805,30.005804,29.305805
4.2058043,5.1058044,5.9058046,6.8058043,7.7058043,8.805804,9.705805,10.605804,11.605804,12.305804,12.705805,13.105804,13.505804,13.805804,14.205805,14.505804,14.705805,14.905805,15.305804,15.805804,16.005804,16.105804,16.205805,16.505804,17.305805,17.405804,17.805805,18.205805,19.205805,19.705805,20.305805,20.305805,20.905804,20.905804,21.105804,21.505804,21.805805,22.405804,22.905804,23.505804,23.905804,24.405804,25.105804,25.205805,26.005804,26.505804,27.005804,27.805805,28.405804,28.705805,29.205805,29.505804,29.605804,29.605804,29.305805,28.705805,27.605804
