views/data/weather/current/current-wind-surface-level-gfs-1.0.json
{"header": { "discipline":0, "disciplineName":"Meteorological products", "gribEdition":2, "gribLength":78457, "center":7, "centerName":"US National Weather Service - NCEP(WMC)", "subcenter":0, "refTime":"2019-10-05T00:00:00.000Z", "significanceOfRT":1, "significanceOfRTName":"Start of forecast", "productStatus":0, "productStatusName":"Operational products", "productType":1, "productTypeName":"Forecast products", "productDefinitionTemplate":0, "productDefinitionTemplateName":"Analysis/forecast at horizontal level/layer at a point in time", "parameterCategory":2, "parameterCategoryName":"Momentum", "parameterNumber":3, "parameterNumberName":"V-component_of_wind", "parameterUnit":"m.s-1", "genProcessType":2, "genProcessTypeName":"Forecast", "forecastTime":0, "surface1Type":103, "surface1TypeName":"Specified height level above ground", "surface1Value":10.0, "surface2Type":255, "surface2TypeName":"Missing", "surface2Value":0.0, "gridDefinitionTemplate":0, "gridDefinitionTemplateName":"Latitude_Longitude", "numberPoints":65160, "shape":6, "shapeName":"Earth spherical with radius of 6,371,229.0 m", "gridUnits":"degrees", "resolution":48, "winds":"true", "scanMode":0, "nx":360, "ny":181, "basicAngle":0, "lo1":0.0, "la1":90.0, "lo2":359.0, "la2":-90.0, "dx":1.0, "dy":1.0 }, "data":
[rows 26 to 51 of 181, columns 58 to 115 of 360]
3.1016235,1.3716235,0.5016235,0.51162356,1.1216235,1.7516235,1.1016235,1.3416235,1.4116235,0.58162355,0.52162355,0.91162354,0.72162354,0.82162356,0.52162355,0.37162355,-0.028376466,-0.84837645,-0.84837645,-1.6683764,-1.5483764,-2.3383765,-2.9883764,-2.2383764,-1.6483765,-0.97837645,-0.41837648,0.12162354,0.5516235,0.85162354,0.60162354,0.64162356,0.36162353,1.4616235,1.2216235,-0.048376463,-0.25837648,-0.8183765,-2.2683764,-0.84837645,0.11162353,0.31162354,1.7216235,1.9116235,2.2216234,3.9116235,3.8816235,3.2916236,2.2416236,2.6216235,4.0316234,3.1116235,3.4016235,2.6516235,4.7416234,5.2816234,3.1816235,2.5416236
1.6916236,0.71162355,0.79162353,1.5916235,1.7616235,1.8416235,1.6516235,1.9316236,1.1016235,1.2116235,0.91162354,0.5016235,-0.53837645,-0.40837646,-0.008376465,0.0016235352,-0.25837648,-0.45837647,-0.60837644,-0.5783765,-0.48837647,-0.77837646,-0.6983765,-0.53837645,-0.24837646,0.17162353,0.18162353,0.31162354,0.48162353,1.0316235,0.17162353,0.25162354,1.1116235,1.6716236,0.38162354,0.021623535,-0.67837644,-0.17837647,-0.97837645,-1.0083765,0.54162353,1.9616235,1.7016236,1.7016236,2.7216234,2.6116235,2.9616234,3.8416235,4.2216234,4.361624,3.2516236,3.5716236,3.8016236,2.3516235,1.9416236,0.6816235,1.5716236,2.0116236
4.2816234,2.8416235,0.9916235,1.2216235,1.8816235,2.0616236,2.1916234,1.4216236,0.8116235,1.2016236,0.90162355,0.5016235,0.34162354,-0.53837645,-0.90837646,-0.79837644,-0.89837646,-0.59837645,-0.018376464,0.18162353,0.15162353,0.16162354,0.021623535,-0.33837646,-0.12837647,0.9316235,0.97162354,0.34162354,0.31162354,-0.13837646,0.52162355,1.6916236,1.4816235,1.2716235,0.8716235,0.21162353,0.13162354,-0.20837647,-1.2083764,-0.46837646,0.28162354,0.38162354,1.2216235,1.7916236,2.3916235,3.1616235,3.6016235,4.2816234,4.9616237,3.6416235,2.8616235,2.8216236,2.8216236,3.4316235,3.6616235,1.8116236,1.9116235,2.4616234
3.7416236,2.6316235,2.0316236,2.4716234,2.0916235,1.6916236,2.0916235,1.5216235,1.0616236,1.3116236,1.2516235,1.0916235,0.70162356,0.5616235,1.0116235,0.72162354,0.26162353,0.33162352,0.40162355,-0.058376465,0.37162355,0.35162354,0.36162353,0.38162354,0.66162354,1.0016235,1.1116235,1.1916236,1.0316235,1.6216235,1.5016235,1.0416236,1.0616236,0.45162353,-0.40837646,-1.0483764,-0.89837646,0.46162355,-0.15837647,-0.14837646,0.6916235,0.29162353,1.5416236,2.7716236,3.7516236,3.8516235,4.4716234,3.6116235,3.9716234,3.6016235,3.6616235,3.6616235,3.1416235,3.0916235,2.7916236,2.3016236,1.7816235,1.2916236
3.9916236,2.2116234,2.9716234,2.3916235,2.7216234,2.8016236,2.7716236,2.3716235,2.1016235,1.8816235,0.98162353,1.2816235,0.79162353,0.84162354,0.35162354,0.65162355,0.85162354,0.7516235,0.89162356,0.84162354,0.6116235,0.84162354,0.6716235,0.90162355,1.3616235,1.6416235,1.2516235,1.5616236,1.3616235,1.6716236,1.0916235,1.1816236,0.7516235,-0.078376465,-0.078376465,-0.18837647,-0.79837644,-0.49837646,-0.46837646,0.6116235,0.5016235,1.2216235,2.8316236,3.6716235,4.4116235,3.9916236,4.4416237,3.8716235,2.8816235,2.8616235,3.1416235,3.1816235,3.2916236,3.0916235,2.9516234,2.8816235,2.1116235,1.4116235
3.8716235,2.8616235,3.0116236,2.8616235,3.1316235,2.9316235,2.6316235,2.4816236,2.1816235,1.8816235,1.4516236,1.4016235,1.2116235,0.85162354,0.6216235,1.1416235,0.77162355,0.71162355,1.1716236,1.2616235,1.5216235,0.91162354,0.6916235,1.5816236,1.0816236,1.4116235,1.4316236,1.4416236,1.5116235,1.0416236,0.8016235,0.47162354,-0.028376466,-0.17837647,-0.19837646,-0.47837648,-0.18837647,-0.29837647,0.95162356,1.2416235,1.3016236,2.1416235,3.2116234,4.3116236,3.8916235,3.1516235,3.7716236,3.2416236,3.3016236,3.2616236,2.9816236,3.1816235,2.9816236,2.6816235,3.9516234,2.0716236,2.0616236,1.5916235
3.9416234,2.9616234,2.1616235,2.6216235,2.5116236,2.5516236,2.4616234,2.3316236,1.8216236,1.6416235,1.4916235,1.3516235,1.4516236,2.0516236,2.7416236,2.0516236,1.7616235,1.4816235,1.3416235,1.7016236,2.1116235,2.3416235,1.8816235,1.6516235,1.1316235,1.6416235,1.3016236,0.9416235,0.8616235,0.6316235,0.22162354,0.34162354,0.23162353,0.011623535,0.0016235352,-0.078376465,0.47162354,0.76162356,0.91162354,1.5216235,1.8416235,2.4316235,3.8516235,3.9716234,3.3916235,3.8216236,3.4216235,3.5216236,3.4516234,2.9416234,2.7116234,3.2016234,2.1016235,2.0016236,3.1016235,1.9416236,1.8316236,1.8916235
2.9716234,3.0016236,1.9616235,2.1016235,1.9216236,2.6916234,2.0916235,1.7216235,1.5916235,1.8616235,1.6916236,2.6616235,2.6616235,2.7116234,2.6716235,2.6216235,2.3716235,1.8016236,1.0816236,1.8616235,3.5016236,3.9316235,2.5316236,1.9616235,1.3816235,1.2516235,1.2616235,1.0016235,0.8116235,0.66162354,0.37162355,0.70162356,1.3816235,1.7316235,1.6116235,1.8516235,2.1016235,1.5316235,2.0916235,1.9216236,2.7516236,2.4416234,3.2616236,2.4316235,2.7216234,2.8816235,3.7916236,2.8616235,2.4316235,2.3816235,3.7316236,3.3916235,3.4516234,3.4316235,4.5716233,5.0316234,4.3316236,2.1616235
3.4816236,2.9516234,1.3816235,2.0316236,2.5316236,2.3216236,2.1816235,2.3616235,2.4716234,2.1916234,3.0416236,2.8316236,3.2816236,3.9116235,3.6616235,2.6916234,2.2716236,1.9616235,2.0416236,2.8016236,3.6216235,3.0316236,2.0016236,1.6116235,1.2216235,0.70162356,0.82162356,1.2816235,1.3516235,1.9416236,2.2316236,1.4716235,2.1016235,2.4016235,2.6116235,3.8516235,2.3216236,2.8916235,2.6916234,2.1216235,1.5116235,0.89162356,1.7116235,1.0316235,3.9616234,3.3916235,2.5416236,2.8616235,2.2616236,2.0516236,2.7716236,2.6816235,0.37162355,0.31162354,1.7416235,0.6916235,2.0616236,0.6116235
2.6516235,3.0516236,1.2916236,2.8216236,2.2116234,2.0716236,1.6716236,2.2516236,2.3016236,2.8716235,3.5916235,3.7116234,3.4016235,3.0816236,3.2316236,1.5016235,2.1216235,1.9616235,1.9516236,2.3616235,2.4816236,2.1916234,2.0116236,2.0316236,1.4416236,1.0716236,1.9016235,1.5116235,2.2016234,2.0116236,3.3816235,1.1716236,2.4816236,3.5316236,3.8516235,4.7416234,4.7816234,4.5216236,1.8416235,1.8116236,2.1316235,0.5516235,1.1316235,1.8716235,2.0916235,1.7716235,1.8816235,1.3616235,0.70162356,1.3816235,1.8516235,0.45162353,2.1816235,-0.15837647,0.101623535,0.8116235,-1.0783764,0.83162355
0.90162355,1.0816236,2.7216234,1.6616235,2.0916235,1.9716235,2.4616234,2.6016235,2.7416236,3.2816236,3.4216235,3.0116236,1.8116236,1.0916235,0.91162354,3.0316236,3.2416236,2.2516236,1.9316236,1.8216236,2.1016235,2.3316236,1.5316235,0.47162354,0.58162355,0.73162353,1.2716235,1.4316236,2.0216236,3.0916235,0.90162355,2.2516236,1.9016235,2.0316236,2.3616235,2.0016236,1.5716236,1.5716236,5.9916234,5.2416234,3.4016235,2.5516236,2.0316236,1.2816235,0.71162355,0.95162356,1.2016236,0.8716235,0.54162353,0.53162354,0.23162353,5.3416233,-0.27837646,1.0016235,-0.47837648,0.44162354,0.9416235,1.0816236
1.2716235,2.2316236,1.5916235,1.8516235,1.6916236,1.5816236,1.9516236,2.6216235,2.8416235,3.6716235,2.9316235,2.1716235,1.9116235,1.7316235,1.6216235,2.8016236,2.5316236,1.0716236,1.0116235,1.3016236,1.0716236,1.0316235,1.5016235,1.3116236,1.4116235,1.6116235,1.9516236,2.6416235,3.4816236,2.4816236,2.0716236,1.6816236,2.0816236,4.3316236,4.1916237,4.2616234,3.5616236,1.5916235,1.1816236,0.5516235,0.82162356,3.2616236,2.7316236,1.7116235,0.6216235,-0.16837646,0.46162355,0.0016235352,0.84162354,3.5016236,5.6616235,1.5816236,1.2416235,1.0616236,1.8716235,1.1116235,1.6016235,0.6816235
0.70162356,1.2916236,1.7816235,1.0716236,1.9316236,2.5416236,2.2016234,2.7016234,1.8816235,1.4916235,1.2216235,1.0616236,0.90162355,0.91162354,1.0316235,2.4016235,2.7516236,1.6616235,-0.54837644,-0.12837647,-0.40837646,0.53162354,1.4616235,1.0816236,1.6816236,2.2116234,2.7316236,2.6716235,3.0716236,1.5316235,2.1716235,2.1516235,1.4916235,0.6916235,0.97162354,1.6516235,1.7716235,0.59162354,2.6016235,1.2416235,1.1116235,-0.27837646,1.2516235,0.041623536,0.20162353,1.1516235,0.30162352,0.0016235352,4.111624,1.6716236,0.71162355,1.2616235,1.8916235,1.3616235,1.5316235,0.49162352,0.35162354,0.16162354
2.3816235,2.2116234,1.8816235,0.72162354,1.1716236,1.4316236,1.7816235,1.7416235,1.7216235,1.6016235,1.2316235,1.0416236,0.85162354,0.66162354,0.54162353,-0.36837646,-0.76837647,-0.96837646,-0.42837647,-0.60837644,0.65162355,1.7516235,1.1216235,1.1116235,0.64162356,0.041623536,1.4416236,1.3916235,1.2516235,0.13162354,1.0716236,1.2716235,-0.31837645,1.7316235,1.3316236,1.5316235,3.0016236,1.3916235,1.5216235,0.11162353,0.71162355,-0.8683765,-0.41837648,-0.64837646,-1.3283764,-0.5783765,0.33162352,-0.34837645,0.51162356,2.3216236,2.3416235,1.4516236,0.89162356,1.5016235,1.7616235,0.6916235,0.45162353,0.42162353
2.5316236,0.97162354,0.53162354,0.15162353,0.6816235,0.6316235,0.5616235,1.1516235,1.1316235,1.0616236,0.73162353,0.45162353,-0.20837647,-0.058376465,-0.028376466,0.20162353,0.6816235,-0.39837646,-0.8783765,-0.58837646,-0.48837647,0.051623534,-0.44837648,-0.38837647,0.15162353,0.071623534,-1.9183764,-0.92837644,1.4016235,2.5716236,1.3116236,-0.20837647,-0.84837645,1.2516235,0.43162355,0.60162354,0.48162353,0.59162354,-0.71837646,0.14162354,-0.35837647,-0.76837647,0.0016235352,-0.36837646,0.23162353,0.70162356,0.57162356,0.73162353,2.5716236,2.4216235,-0.008376465,1.3616235,0.96162355,1.4016235,0.09162354,1.3516235,0.6916235,0.27162352
1.7916236,0.54162353,-0.108376466,-0.44837648,-0.90837646,-0.6183765,0.8816235,0.90162355,0.6716235,0.6716235,-1.1883764,-1.3383765,-0.6883765,-0.14837646,0.09162354,-0.25837648,-0.8883765,-1.2283765,-1.2283765,-2.6383765,-2.5583766,-0.8283765,-1.8683765,-1.1683764,-0.58837646,-3.1683764,-0.5583765,-0.5583765,-0.33837646,-1.8983765,-0.97837645,0.31162354,0.5616235,-0.59837645,-0.38837647,0.071623534,0.39162353,0.33162352,0.64162356,-0.24837646,0.78162354,0.7416235,0.9316235,1.3316236,1.4516236,2.0916235,1.4016235,1.5516236,2.5416236,1.9916235,1.1916236,0.97162354,-0.9383765,0.37162355,0.73162353,1.3116236,1.4516236,1.1916236
1.2016236,-0.31837645,-1.0283765,-2.2383764,-1.7283765,-1.7883765,-0.5583765,-1.0683764,0.28162354,-2.4483764,-2.2183764,-2.7183764,-0.92837644,0.16162354,0.85162354,0.58162355,-2.0783765,-2.3883765,-4.0983763,-4.7283764,-3.7783766,-4.138376,-5.1783767,-1.3783765,-0.08837646,-0.8683765,-0.15837647,0.90162355,-0.06837647,-1.7883765,-2.2483764,-1.3383765,0.97162354,0.41162354,-0.28837645,0.84162354,0.37162355,-0.39837646,0.36162353,2.0516236,1.3716235,0.91162354,1.1416235,0.98162353,-0.11837646,-0.22837646,1.5616236,1.4216236,1.9216236,0.49162352,-0.058376465,0.21162353,1.7816235,1.7116235,1.1016235,1.5816236,1.1216235,-0.35837647
-0.28837645,-1.3883765,-2.9483764,-2.8583765,-2.9083765,-1.6883764,-1.7683765,-2.0283766,-2.0683765,-3.1783764,-2.8083766,-1.8683765,-1.0283765,-1.3683765,-2.1283765,-4.3583765,-4.6283765,-6.2983766,-6.0783763,-6.2483764,-6.2383766,-4.8983765,-3.7583764,-1.8383765,-2.1783764,-3.5183764,-2.6983764,1.1816236,-0.06837647,-0.66837645,-1.5283765,-0.67837644,-0.6183765,-1.1483765,1.0016235,0.101623535,-0.25837648,1.0016235,0.43162355,-0.008376465,-0.27837646,-0.33837646,-0.46837646,0.82162356,0.6316235,1.1316235,1.4216236,2.9016235,2.6116235,1.6016235,0.84162354,0.6316235,2.0416236,1.6116235,1.2516235,1.4916235,1.0616236,0.6216235
-1.7183765,-3.5683765,-3.7283764,-3.0283766,-3.2683764,-2.9483764,-2.9883764,-3.0983765,-2.0683765,-3.4383764,-2.1783764,-2.2983766,-2.9283764,-2.5183764,-3.2583764,-4.5883765,-4.5083766,-4.1183763,-4.5683765,-4.5383763,-4.5983763,-2.4183764,-3.6383765,0.41162354,5.5716233,3.2916236,4.1216235,0.061623536,-1.3183764,-2.1383765,-0.12837647,0.8116235,-0.6883765,0.22162354,0.0016235352,-0.5583765,0.91162354,0.5616235,1.1616235,0.071623534,0.021623535,-0.48837647,-0.59837645,-1.9683765,-1.6083765,1.7016236,1.0616236,2.7016234,2.1716235,1.9816235,0.5616235,0.21162353,0.57162356,1.3816235,1.8216236,2.3616235,1.4816235,1.2416235
-0.84837645,-2.2783766,-3.0083764,-4.2883763,-3.5883765,-3.5083764,-3.0683765,-3.2383764,-3.1583765,-2.5083764,-2.2683764,-3.1683764,-3.1183765,-3.2583764,-3.2883766,-4.0083766,-3.1083765,-3.8083766,-4.7883763,-4.5883765,-0.66837645,1.2916236,3.3716235,-0.058376465,-0.72837645,1.0216235,-0.8683765,0.43162355,-1.0583764,-3.2583764,0.85162354,1.1116235,-0.35837647,-0.84837645,0.36162353,0.071623534,-0.58837646,-0.15837647,-0.6383765,-0.028376466,-2.0583766,-0.77837646,-0.5583765,-0.37837645,-0.8683765,0.11162353,1.7816235,2.7116234,2.7816236,2.3316236,2.3716235,1.9816235,1.9616235,2.8016236,1.6016235,1.2316235,-1.9683765,-3.4383764
-1.8783765,-2.8983765,-3.6183765,-3.6983764,-3.7883766,-4.0683765,-4.5683765,-4.6783767,-6.1483765,-4.1783767,-3.4483764,-0.11837646,-2.7083764,-2.8383765,-2.7883766,-2.8083766,-3.3583765,-1.4383764,-2.3183765,-0.70837647,0.28162354,-0.8083765,0.29162353,0.0016235352,-4.2983766,-2.1183765,1.2116235,0.33162352,0.17162353,0.32162353,0.16162354,0.09162354,-0.11837646,0.91162354,-0.32837647,-0.96837646,-0.33837646,-0.5583765,-3.8183765,-1.0183765,-0.08837646,-1.0383765,-0.48837647,-1.7083764,0.34162354,0.83162355,4.0916233,5.2516236,3.0016236,2.5316236,0.39162353,1.2716235,3.2516236,2.2016234,1.2316235,-0.5683765,-1.0283765,-1.6683764
-2.1883764,-2.9083765,-3.1083765,-4.2883763,-4.3683763,-3.1983764,-2.6183765,-3.5683765,-3.6283765,-3.1383765,-4.3483763,-6.8983765,-1.5783764,-0.8683765,-0.12837647,-0.73837644,0.41162354,-0.36837646,0.97162354,2.9816236,1.4416236,1.4916235,-0.06837647,-0.16837646,1.6516235,5.0616236,0.38162354,0.5516235,-0.35837647,0.24162354,-1.2883765,-1.7783765,-0.9983765,-4.8983765,-0.92837644,-1.3683765,0.35162354,-2.5283766,1.3016236,1.6216235,1.2816235,2.6316235,0.21162353,-2.9283764,-2.1483765,0.46162355,-0.23837647,0.20162353,-1.3083764,-1.7583765,0.91162354,3.0816236,2.5316236,2.6016235,2.3916235,1.2216235,-0.21837646,-1.0783764
-4.4083767,-3.5283766,-3.7583764,-4.8683763,-2.4283764,-0.08837646,-2.7183764,-2.4483764,-2.3883765,-4.0283766,-1.5983765,4.6416235,0.5516235,0.45162353,1.3816235,-1.1883764,1.5716236,-0.058376465,2.0616236,2.0616236,3.9116235,1.4516236,1.5816236,-0.8883765,-0.85837644,0.16162354,-1.1783764,-0.33837646,-1.4583764,0.23162353,0.8116235,0.12162354,-0.6283765,-3.3983765,-2.9383764,2.4216235,-0.90837646,-0.08837646,1.8316236,-0.028376466,-0.018376464,-0.85837644,-1.2383765,-0.83837646,-1.4883765,-0.97837645,-2.2183764,-5.0683765,-5.5083766,3.0116236,3.9816236,3.6916234,3.3916235,2.0316236,3.0316236,1.5116235,-0.6983765,-1.7983764
-2.6183765,-3.0883765,-3.3083766,-2.9283764,-1.1783764,0.48162353,-0.40837646,-0.91837645,0.40162355,-2.7283764,-3.1783764,2.1916234,0.101623535,-0.48837647,0.72162354,-0.15837647,0.6916235,2.8016236,3.8016236,2.1816235,3.3016236,2.3316236,-0.6883765,-0.6383765,1.3416235,1.4116235,0.5016235,2.1816235,-1.5483764,0.13162354,-5.3083763,-4.2783766,-7.0683765,-3.8383765,1.0116235,-0.9483765,2.0816236,-0.34837645,-3.5683765,-4.0583763,-3.4083765,-2.3183765,-5.7883763,-4.4983764,-1.9183764,0.051623534,-2.3283765,-0.25837648,2.1716235,-2.7783766,1.2216235,0.7416235,0.011623535,0.30162352,-1.3083764,-1.0383765,-1.6983764,-2.7283764
-3.1283765,-3.3283765,-3.5683765,-1.4983765,3.0116236,-0.8183765,-2.8883765,-0.048376463,1.4816235,0.97162354,2.1216235,-0.17837647,0.8016235,0.70162356,0.011623535,1.5716236,1.1616235,3.1316235,-2.6883764,-1.2983764,-1.3083764,-1.0883765,-2.7483764,0.84162354,2.8616235,1.2216235,1.2416235,0.18162353,0.16162354,-1.5583764,-3.1083765,-3.1983764,-3.9983764,-1.2983764,-0.22837646,-0.21837646,-1.3783765,-1.5083765,0.7516235,1.3116236,1.5716236,-3.0683765,-2.3083766,0.11162353,2.1316235,2.7516236,-0.67837644,0.5016235,-5.1783767,4.9516234,2.8216236,1.1416235,-1.4383764,-3.6483765,1.2016236,-1.8783765,-0.98837644,-0.15837647
0.041623536,-2.9083765,-3.3283765,-2.4183764,1.3516235,3.2916236,0.6116235,-1.2083764,-1.2383765,0.77162355,1.5316235,-0.39837646,-1.8583765,0.40162355,-0.51837647,0.82162356,0.6116235,-1.1083765,0.6216235,-1.8883765,-0.6883765,0.11162353,0.5616235,0.43162355,-0.34837645,-1.0783764,-0.8183765,-0.70837647,-0.9383765,-2.9383764,-2.6183765,0.5016235,-0.008376465,-2.2183764,-2.8083766,-6.7683764,-2.2983766,-3.1983764,-0.97837645,-0.83837646,-0.52837646,0.78162354,0.51162356,0.36162353,1.2616235,-2.5283766,-2.0383766,-4.5783763,4.1516237,3.1616235,1.6016235,-1.5183765,-5.0683765,-3.9383764,1.1616235,-0.9983765,0.9916235,0.45162353
