views/data/weather/current/current-wind-surface-level-gfs-1.0.json
{"header": { "discipline":0, "disciplineName":"Meteorological products", "gribEdition":2, "gribLength":78457, "center":7, "centerName":"US National Weather Service - NCEP(WMC)", "subcenter":0, "refTime":"2019-10-05T00:00:00.000Z", "significanceOfRT":1, "significanceOfRTName":"Start of forecast", "productStatus":0, "productStatusName":"Operational products", "productType":1, "productTypeName":"Forecast products", "productDefinitionTemplate":0, "productDefinitionTemplateName":"Analysis/forecast at horizontal level/layer at a point in time", "parameterCategory":2, "parameterCategoryName":"Momentum", "parameterNumber":3, "parameterNumberName":"V-component_of_wind", "parameterUnit":"m.s-1", "genProcessType":2, "genProcessTypeName":"Forecast", "forecastTime":0, "surface1Type":103, "surface1TypeName":"Specified height level above ground", "surface1Value":10.0, "surface2Type":255, "surface2TypeName":"Missing", "surface2Value":0.0, "gridDefinitionTemplate":0, "gridDefinitionTemplateName":"Latitude_Longitude", "numberPoints":65160, "shape":6, "shapeName":"Earth spherical with radius of 6,371,229.0 m", "gridUnits":"degrees", "resolution":48, "winds":"true", "scanMode":0, "nx":360, "ny":181, "basicAngle":0, "lo1":0.0, "la1":90.0, "lo2":359.0, "la2":-90.0, "dx":1.0, "dy":1.0 }, "data":
[rows 130 to 155 of 181, columns 232 to 289 of 360]
4.1216235,4.5716233,5.9316235,7.4016237,7.4416237,7.4316235,8.291623,8.8916235,9.001623,9.311624,8.541623,7.7616234,5.4516234,5.7916236,6.8816237,-1.2283765,-3.5483766,-3.7583764,-3.3183765,-2.4483764,-1.4583764,-3.9283764,-2.4383764,-0.6983765,1.4816235,4.6616235,8.071624,0.11162353,-14.038377,-13.018376,-10.778377,-9.218376,-8.528377,-7.0083766,-6.2883763,-4.7283764,-3.2583764,-2.1683764,-0.45837647,1.2916236,3.6216235,5.7716236,4.5016236,-5.3083763,-12.048376,-11.998377,-9.728376,-8.218376,-5.0383763,-2.6983764,-4.4983764,-1.8883765,-0.8083765,-0.7483765,1.1816236,-0.17837647,0.26162353,-1.6683764
4.6616235,6.0316234,6.0316234,6.8316236,7.8416233,8.531624,8.471623,9.111624,9.351624,9.901624,9.731624,9.191624,7.4116235,6.0616236,5.6916237,-0.77837646,-1.4183764,-4.3783765,-4.388376,-3.8883765,-1.9983765,-0.24837646,0.22162354,-2.6983764,-0.42837647,2.8016236,6.8516235,3.8316236,-0.43837646,-12.148376,-11.168377,-9.538377,-7.9483767,-5.7783766,-4.2383766,-3.1783764,-3.7083764,-2.0783765,0.58162355,1.5416236,3.1816235,4.7916236,0.11162353,-6.9783764,-9.158377,-9.398376,-9.1083765,-7.8383765,-5.7583766,-5.0283766,-3.9683764,-2.8783765,-1.8483765,-0.43837646,-1.5383765,-0.16837646,-0.9983765,-0.51837647
3.9016235,4.4016237,6.0016236,6.7616234,8.101624,8.301623,8.481624,9.251623,9.191624,9.851624,9.631623,10.161624,8.711623,6.7716236,6.1816235,5.2916236,0.5516235,-4.2383766,-3.3283765,-3.8883765,-3.8483765,-2.0183764,0.5016235,1.3416235,-0.08837646,-2.1483765,2.3916235,2.6116235,-0.8283765,-1.7283765,-2.8583765,-2.6583765,-3.6183765,-5.138376,-5.3183765,-3.0783765,-2.5983765,-0.52837646,-0.29837647,0.9216235,1.4816235,1.2016236,0.31162354,-6.7183766,-8.318377,-8.228376,-9.958377,-8.848376,-7.7083764,-6.4083767,-5.2383766,-3.4283764,-3.5383766,-1.6183765,-1.6583765,-2.7083764,-0.26837647,-1.0383765
4.5116234,4.8416233,5.5416236,6.0316234,6.8016233,8.631623,8.761623,8.941624,8.831623,9.841623,9.681623,10.541623,9.771624,7.3416233,4.4616237,5.0216236,4.1016235,-0.47837648,-3.3683765,-3.1083765,-3.6183765,-2.7583764,-0.5783765,1.0116235,1.2916236,-1.4083765,-5.0083766,-3.6283765,-4.4283767,-5.3083763,-5.2183766,-5.0183764,-3.7183764,-2.5683765,-1.7883765,-0.36837646,0.65162355,0.60162354,1.3316236,0.27162352,0.101623535,0.09162354,-0.45837647,-4.8083763,-7.7383766,-8.748377,-9.658377,-9.738377,-8.988377,-7.5483766,-7.3983765,-5.8983765,-3.6483765,-3.6783764,-1.2683765,-6.0383763,-0.96837646,0.6916235
4.2716236,4.2216234,4.9316235,6.0516233,6.611624,7.7616234,8.701624,9.321624,9.601624,9.661624,9.681623,10.271624,9.691624,8.201624,6.9716234,5.1016235,4.1516237,2.0316236,-0.5083765,-2.7583764,-2.6383765,-2.2683764,-1.4383764,0.15162353,0.91162354,-0.31837645,-2.6683764,-5.4383764,-6.388376,-5.7583766,-5.0083766,-3.4883764,-2.6583765,-2.6483765,-1.0683764,-1.0283765,-1.4783765,-1.1683764,-0.76837647,-0.22837646,-1.2383765,-1.6783764,-1.5183765,-1.4383764,-5.5983763,-8.918377,-9.378376,-8.308376,-10.078377,-8.548376,-7.7083764,-5.6983767,-5.4883766,-4.2783766,-3.4983764,-1.5983765,-1.0983765,-1.2683765
3.4116235,4.1716237,4.7916236,5.4816236,6.6316237,7.4116235,7.6616235,8.321624,9.221623,9.581623,9.911624,10.091623,9.411624,9.011623,8.651624,6.361624,4.9316235,3.3916235,1.6016235,-0.6983765,-1.3483765,-1.7983764,-1.1783764,-0.11837646,0.031623535,0.15162353,-1.4383764,-5.0783763,-7.1883764,-5.5483766,-4.0783763,-2.4283764,-2.3883765,-1.7983764,-0.83837646,0.47162354,1.0216235,-0.76837647,-1.5283765,-1.2483765,-0.66837645,-0.31837645,-1.6783764,-1.8483765,-4.7683764,-8.028377,-10.098376,-9.868377,-9.938376,-7.9483767,-8.298376,-6.0683765,-5.3483763,-4.6283765,-1.4083765,-1.3683765,-1.4183764,0.071623534
2.8116236,3.0316236,4.2216234,5.1816235,6.2416234,7.4116235,7.9716234,8.231624,8.661624,8.981624,9.511623,9.821624,9.601624,9.841623,9.921623,8.841623,7.1516237,6.1516237,0.97162354,0.031623535,-1.1283765,-2.0083764,-1.9483764,-1.2883765,-0.5783765,-0.67837644,-2.5083764,-7.1883764,-8.078377,-6.8083763,-3.6883764,-1.5483764,-1.4783765,-0.65837646,0.071623534,1.6116235,1.4216236,1.1516235,-0.15837647,-0.9383765,-2.3083766,-2.0883765,-2.1983764,-1.9683765,-3.3283765,-7.2483764,-10.278377,-10.348376,-8.538377,-8.368377,-8.518376,-6.7583766,-5.3383765,-2.8583765,-1.4083765,-2.4383764,-0.18837647,-0.45837647
2.8416235,2.0316236,2.6116235,3.7416236,4.7016234,5.8216233,7.0116234,8.081623,8.711623,8.811624,8.951624,8.811624,9.241624,9.311624,9.561624,9.551623,8.081623,8.791623,6.7416234,2.8716235,0.6716235,-1.1583765,-3.4983764,-3.0883765,-2.1183765,-2.3483765,-3.3183765,-5.5083766,-7.5183764,-7.0383763,-5.2083764,-2.7683764,-1.7283765,-1.3383765,0.83162355,1.5916235,4.4216237,3.1516235,1.0216235,-0.59837645,-0.35837647,-1.7283765,-1.6983764,-1.6183765,-2.6983764,-5.8083763,-10.048376,-8.758376,-7.6883764,-8.178376,-7.2283764,-6.6783767,-6.6983767,-7.7483764,-1.4583764,-1.4483764,-1.8883765,-0.76837647
2.2816236,3.1116235,2.2016234,2.4216235,3.1316235,3.9316235,5.2316236,6.7616234,7.6616235,8.211623,8.471623,8.601624,8.501623,8.831623,9.451624,9.911624,9.711623,10.051623,8.421623,7.0216236,5.9316235,4.1416235,-1.7883765,-3.9283764,-1.6383765,-3.0683765,-3.6083765,-4.8783765,-7.1483765,-7.2483764,-5.0283766,-2.9783764,-1.3483765,0.19162354,0.82162356,2.0316236,3.5316236,3.6316235,2.8916235,-0.6883765,0.021623535,-2.1583765,-2.2883766,-2.2283764,-4.6083765,-5.6583767,-8.828377,-8.818377,-7.3383765,-6.4183764,-6.7983766,-6.4883766,-5.9383764,-2.2383764,-3.3883765,-2.6683764,-2.3783765,1.1116235
1.3016236,2.6216235,3.1216235,2.5216236,1.9716235,2.3916235,3.3616235,4.5316234,5.9916234,6.8516235,7.6516237,8.251623,9.061624,9.341623,9.271624,9.941624,10.171623,10.101624,9.291623,7.7516236,7.1316237,5.2816234,0.6216235,0.22162354,0.72162354,-1.5583764,-2.5083764,-1.1983764,-3.1083765,-4.1483765,-1.7883765,-2.1583765,-0.8883765,-0.60837644,0.73162353,-0.25837648,0.78162354,1.8516235,1.9216236,0.91162354,1.2916236,-0.14837646,-0.51837647,-3.0183764,-3.8083766,-5.5583763,-7.5983763,-7.6883764,-6.7383766,-5.1783767,-4.4883766,-5.9883766,-6.1083765,-2.5483766,-2.5983765,-1.3683765,-4.2183766,-1.4383764
0.101623535,1.4716235,2.1416235,2.3816235,3.7016234,3.1716235,1.9916235,2.6416235,3.3316236,5.1416235,6.0216236,6.4816236,7.6916237,8.781624,9.561624,9.851624,10.601624,10.791623,10.301623,9.711623,4.6016235,1.6916236,1.6616235,1.2516235,0.29162353,-1.1083765,-2.0683765,-3.2083764,-4.0683765,-3.4483764,-1.6483765,-2.0383766,-1.2483765,-1.4683765,-1.3683765,-1.3283764,-1.1883764,0.41162354,0.20162353,-0.53837645,-0.008376465,0.77162355,0.6316235,0.18162353,-1.4683765,-3.4983764,-4.6783767,-4.4483767,-4.7083764,-4.3683763,-4.7683764,-3.2983766,-4.0783763,-1.2683765,-2.4983764,-3.3383765,-0.58837646,0.28162354
-1.4183764,-0.5583765,0.49162352,1.0916235,2.6516235,3.7116234,2.8916235,1.4316236,1.4716235,1.7816235,3.6016235,5.4616237,7.0216236,8.161624,8.701624,9.531624,9.681623,9.721623,10.171623,10.511623,10.341623,4.2316236,0.51162356,-1.3283764,-1.1983764,-1.3483765,-1.1883764,-1.7183765,-3.5183764,-3.0083764,-2.0083764,-1.3483765,-1.8183764,-1.8883765,-1.9883765,-2.1783764,-2.2483764,-1.7283765,-1.3583765,-0.5083765,0.6316235,0.18162353,0.0016235352,0.20162353,-1.0983765,-2.7583764,-3.5183764,-3.9483764,-3.4383764,-3.3183765,-3.1183765,-2.5583766,-1.3383765,-0.49837646,-2.6783764,-0.49837646,-0.43837646,2.5116236
-3.6383765,-1.9783765,-0.5783765,-0.21837646,0.85162354,1.5316235,2.5516236,2.0816236,-0.09837647,0.27162352,1.4716235,2.6116235,4.7116237,6.6016235,7.6616235,8.451624,8.661624,8.791623,8.861624,8.741624,9.651624,9.251623,8.991624,1.4816235,-1.9183764,-2.6183765,-2.7483764,-2.9183764,-2.7183764,-2.2883766,-1.8483765,-2.2483764,-2.8183765,-2.3983765,-2.1583765,-2.2983766,-2.6683764,-1.8483765,-1.0083765,-1.3083764,-3.0783765,-3.5983765,-1.9983765,-0.25837648,-0.79837644,-4.138376,-4.4983764,-4.3183765,-3.7783766,-3.6783764,-3.2983766,-2.4083765,-1.4483764,-1.0783764,0.52162355,1.4916235,1.2316235,1.6816236
-4.5083766,-3.8083766,-3.8883765,-1.9283764,-0.9483765,-0.14837646,1.1816236,1.6716236,0.24162354,-0.09837647,-0.19837646,0.9216235,2.8516235,5.0316234,6.7016234,7.2716236,8.121624,7.7216234,7.4116235,6.5316234,7.0416236,6.9516234,7.7816234,7.7516236,6.8116236,-1.8283764,-3.8983765,-3.9183764,-4.0483766,-4.0983763,-3.6783764,-3.0083764,-2.9883764,-3.6683764,-4.6983767,-3.7883766,-2.2383764,-3.0183764,-2.1583765,-1.0283765,-2.9883764,-4.2383766,-5.2883763,-3.7683764,-3.5283766,-3.7383764,-3.1183765,-2.2483764,-3.1083765,-2.7483764,-2.0583766,-0.9383765,-0.9383765,0.17162353,0.021623535,-0.22837646,-0.08837646,2.6816235
-4.8983765,-3.9983764,-4.2283764,-3.4683764,-2.6083765,-1.8483765,0.051623534,1.1316235,1.0516236,0.15162353,-0.078376465,-0.028376466,0.6216235,2.4916236,5.2116237,7.4416237,6.3716235,7.0916233,6.7016234,6.5116234,6.0116234,5.6416235,5.2116237,4.5316234,5.2816234,5.861624,5.2716236,0.24162354,-3.7583764,-4.2983766,-4.4583764,-3.9883764,-3.5983765,-3.7283764,-4.6683764,-5.2783766,-5.1883764,-3.8283765,-3.0683765,-4.3183765,-3.0883765,-3.4383764,-6.0683765,-4.5783763,-4.6883764,-4.1783767,-3.0883765,-2.4483764,-1.8083764,-1.4483764,-0.38837647,-0.17837647,-0.15837647,-0.22837646,0.15162353,-0.21837646,2.6116235,5.6716237
-5.2783766,-4.4883766,-4.5483766,-4.0983763,-3.3083766,-3.3283765,-1.8883765,-0.52837646,-0.018376464,0.33162352,-0.85837644,-0.59837645,0.26162353,1.4116235,4.0516233,6.7316236,6.2716236,6.0316234,6.1016235,6.0816236,6.0516233,5.9416237,5.7216234,5.7116237,4.7516236,3.3216236,2.4716234,3.5016236,2.6916234,2.2516236,-3.1883764,-5.2383766,-5.3183765,-5.6183763,-5.9483767,-6.2283764,-6.1883764,-5.5583763,-5.0283766,-5.4083767,-4.7983766,-5.1283765,-4.6883764,-5.0183764,-4.6283765,-3.2983766,-3.6083765,-2.7383764,-0.45837647,-0.43837646,-0.008376465,0.59162354,1.0116235,1.1916236,1.5616236,1.8616235,2.2016234,1.9516236
-6.6083765,-6.2283764,-5.1783767,-4.1983767,-3.5483766,-3.8983765,-3.6983764,-2.1883764,-1.2883765,-0.58837646,-0.14837646,-1.6183765,-0.8683765,-0.70837647,1.3116236,5.3116236,5.8816237,5.8416233,6.2016234,6.1016235,6.0816236,6.8416233,6.3016233,5.5216236,5.1616235,4.8316236,4.0516233,2.2216234,0.84162354,0.6816235,1.7316235,1.1316235,-1.6983764,-5.6783767,-6.2983766,-7.4083767,-7.5883765,-7.3683763,-6.7583766,-6.9083767,-6.5983763,-6.0983763,-5.4783764,-4.8483763,-4.2783766,-3.9983764,-3.1583765,-2.9483764,-1.3783765,-0.25837648,0.18162353,0.8116235,1.3116236,1.8516235,2.6016235,2.7216234,3.3316236,3.8416235
-7.6483765,-6.9983764,-6.138376,-5.7783766,-4.1083765,-3.8883765,-4.4383764,-3.8983765,-3.0683765,-2.0883765,-1.3283764,-1.7783765,-2.1483765,-2.1083765,-0.60837644,2.2816236,5.2116237,5.7816234,6.3316236,6.1316237,6.0416236,6.4016237,6.4716234,6.5016236,6.0916233,5.3016233,4.3316236,3.1416235,1.9916235,0.46162355,-0.70837647,-0.5683765,-0.36837646,-0.71837646,-0.8283765,-6.1183763,-8.288377,-8.618377,-8.438376,-7.4483767,-7.9283767,-7.5783763,-7.0883765,-6.3683763,-5.1883764,-4.4783764,-3.8683765,-2.3583765,-1.8483765,-0.72837645,0.44162354,1.2816235,2.1116235,2.6616235,3.2816236,3.7116234,4.5316234,5.4316235
-7.8683763,-6.6583767,-6.2383766,-6.4683766,-6.6783767,-5.0383763,-3.9983764,-4.5283766,-4.6983767,-4.3783765,-3.6983764,-3.3183765,-3.4083765,-3.4583764,-2.8483765,-0.8183765,2.3316236,3.4616234,4.6516237,5.9816236,6.0416236,6.111624,6.0516233,6.4816236,6.4216237,6.1416235,5.361624,3.8416235,1.5716236,0.011623535,-1.1583765,-2.1183765,-3.0983765,-1.9183764,-1.5683764,-1.7483765,-4.2883763,-8.468376,-9.538377,-9.188376,-8.548376,-8.428376,-8.498377,-8.188376,-6.8783765,-5.3383765,-4.2283764,-3.1783764,-2.1783764,-1.0083765,0.84162354,2.0016236,2.8516235,3.2516236,4.0016236,4.861624,5.7016234,6.5516233
-9.208377,-9.598376,-8.628376,-6.888376,-6.9583764,-6.5783763,-5.2483764,-5.3783765,-5.7383766,-6.0483766,-5.6483765,-5.4783764,-4.9883766,-4.2483764,-4.4683766,-2.9383764,-0.49837646,1.6016235,3.1616235,4.9816236,5.8316236,5.6716237,6.0216236,6.6716237,7.0416236,7.7816234,8.011623,7.8916235,5.6916237,3.2516236,1.7516235,-3.9083765,-4.9983764,-3.4783764,-2.3883765,-2.0383766,-1.7783765,-4.5683765,-6.6983767,-8.538377,-8.588376,-9.228376,-8.378376,-8.6083765,-8.318377,-6.9983764,-5.5883765,-3.5283766,-2.0483766,-0.6183765,1.2216235,2.2916236,3.2416236,4.2516236,5.1716237,5.3916235,5.9216237,6.7316236
-9.6083765,-9.588376,-9.448377,-9.258376,-9.048376,-8.6083765,-7.7683764,-6.7083764,-6.2283764,-6.3683763,-6.2883763,-6.3083763,-6.7883763,-6.3583765,-5.9783764,-4.6183763,-2.5083764,-0.15837647,1.6816236,3.5016236,4.6516237,4.9916234,5.7816234,6.5916233,8.071624,8.981624,9.171623,8.541623,6.0316234,5.2016234,1.5516236,0.09162354,-5.5583763,-3.6683764,-2.0383766,-1.8783765,0.9316235,-5.4083767,-5.8783765,-7.4083767,-8.528377,-7.9083767,-7.9583764,-7.8983765,-7.8383765,-7.1483765,-5.6083765,-3.1983764,-1.3583765,0.17162353,1.2516235,2.8716235,4.0016236,4.6716237,5.0916233,5.9316235,7.1416235,7.2616234
-9.128376,-8.978376,-8.838376,-9.618377,-9.648376,-9.148376,-8.718376,-7.9383764,-7.6983767,-6.9183764,-6.5883765,-6.5083766,-7.0883765,-7.5283766,-7.5983763,-6.4583764,-4.5083766,-2.3183765,-0.27837646,1.6816236,2.9816236,4.2916236,5.0416236,6.0016236,7.3316236,7.5116234,7.9516234,7.2916236,6.3116236,4.4616237,2.3316236,0.41162354,-0.67837644,-0.13837646,-1.8383765,1.4716235,-1.0583764,0.9216235,0.031623535,-5.4083767,-5.8183765,-5.9583764,-6.8083763,-8.038377,-7.7983766,-7.6183763,-5.4483767,-2.5683765,-1.1583765,0.41162354,1.9916235,2.9216235,3.8616235,4.8416233,5.8516235,6.7916236,7.1916237,8.121624
-8.178376,-9.088376,-9.588376,-9.468376,-9.1083765,-8.948377,-9.478376,-9.008376,-7.9383764,-8.258376,-7.2883763,-6.6683764,-7.0283766,-8.148376,-8.278377,-8.128376,-6.5283766,-4.3683763,-2.2583764,-0.22837646,1.5816236,3.3416235,3.2516236,4.6516237,5.3416233,4.0416236,4.5316234,3.5716236,3.9016235,3.3816235,1.8916235,0.16162354,-0.42837647,-1.0483764,-0.73837644,-0.06837647,0.58162355,0.48162353,-1.0783764,-1.8383765,-3.6283765,-6.6683764,-7.888376,-7.5183764,-8.1083765,-6.9983764,-4.2583766,-1.6583765,0.051623534,0.9216235,1.9316236,2.6916234,3.8216236,5.2716236,5.7416234,6.4916234,7.8116236,8.531624
-8.748377,-9.368377,-9.368377,-9.898376,-9.998377,-10.018376,-9.168377,-9.218376,-9.378376,-8.118377,-7.5683765,-7.9983764,-7.2983766,-7.7283764,-8.188376,-8.6083765,-7.7983766,-5.8783765,-3.9783764,-1.9583764,0.17162353,2.1416235,1.7216235,3.2516236,4.9016237,2.2416236,1.8116236,1.9016235,1.2716235,1.5016235,1.3216236,0.60162354,-0.22837646,-0.58837646,-0.6883765,-0.65837646,-0.76837647,-0.72837645,-0.97837645,-4.0083766,-5.8183765,-6.1983767,-6.5483766,-6.9383764,-5.9683766,-3.7783766,-1.3783765,-0.24837646,0.8016235,1.3516235,1.8516235,2.5516236,3.6016235,4.2016234,4.9616237,5.7616234,6.5116234,6.6316237
-9.668377,-9.528377,-10.558376,-10.888376,-11.048376,-11.008376,-10.728376,-10.058376,-10.478376,-9.638376,-9.698377,-9.958377,-10.508376,-9.168377,-9.1083765,-9.798376,-9.008376,-7.8283763,-5.9683766,-4.0283766,-1.8283764,0.52162355,-1.8783765,0.7416235,2.6616235,1.9816235,1.9516236,1.1416235,0.49162352,0.45162353,0.83162355,0.38162354,-1.6883764,-2.1283765,-1.6383765,-0.8183765,-0.84837645,-2.3083766,-3.2683764,-3.8183765,-4.5483766,-4.4383764,-3.5683765,-2.3583765,-1.4183764,-0.95837647,0.08162353,0.5016235,0.43162355,0.89162356,1.0116235,1.7016236,2.5816236,2.4916236,2.9616234,4.8416233,5.7016234,5.0516233
-8.688376,-10.158377,-11.818377,-11.458377,-10.648376,-10.538377,-10.458377,-11.378376,-11.958377,-11.538377,-11.118377,-10.478376,-10.308376,-10.488377,-10.698377,-10.458377,-9.958377,-8.998377,-7.4483767,-6.0483766,-3.8783765,-1.7783765,-4.1083765,-3.2983766,-1.1583765,-0.6183765,-0.22837646,-0.37837645,-0.49837646,-1.3783765,-1.9083765,-1.1583765,-0.7483765,-0.78837645,-1.1983764,-1.8583765,-2.4283764,-2.7583764,-2.9783764,-3.2583764,-3.3183765,-2.7283764,-1.9683765,-0.8183765,-0.28837645,0.011623535,0.031623535,0.24162354,0.36162353,0.28162354,0.44162354,1.2716235,2.0416236,2.1416235,2.4816236,2.0316236,2.0716236,2.7116234
