views/data/weather/current/current-wind-isobaric-250hPa-gfs-1.0.json
{"header": { "discipline":0, "disciplineName":"Meteorological products", "gribEdition":2, "gribLength":51313, "center":7, "centerName":"US National Weather Service - NCEP(WMC)", "subcenter":0, "refTime":"2019-10-05T00:00:00.000Z", "significanceOfRT":1, "significanceOfRTName":"Start of forecast", "productStatus":0, "productStatusName":"Operational products", "productType":1, "productTypeName":"Forecast products", "productDefinitionTemplate":0, "productDefinitionTemplateName":"Analysis/forecast at horizontal level/layer at a point in time", "parameterCategory":2, "parameterCategoryName":"Momentum", "parameterNumber":3, "parameterNumberName":"V-component_of_wind", "parameterUnit":"m.s-1", "genProcessType":2, "genProcessTypeName":"Forecast", "forecastTime":0, "surface1Type":100, "surface1TypeName":"Isobaric surface", "surface1Value":25000.0, "surface2Type":255, "surface2TypeName":"Missing", "surface2Value":0.0, "gridDefinitionTemplate":0, "gridDefinitionTemplateName":"Latitude_Longitude", "numberPoints":65160, "shape":6, "shapeName":"Earth spherical with radius of 6,371,229.0 m", "gridUnits":"degrees", "resolution":48, "winds":"true", "scanMode":0, "nx":360, "ny":181, "basicAngle":0, "lo1":0.0, "la1":90.0, "lo2":359.0, "la2":-90.0, "dx":1.0, "dy":1.0 }, "data":
[rows 100 to 124 of 181, columns 0 to 56 of 360]
-11.134992,-10.034991,-7.2349916,-11.234991,-15.234991,-12.334991,-9.134992,-6.1349916,-9.034991,-6.3349915,-6.8349915,-5.4349914,-4.9349914,-5.6349916,-3.2349916,-3.5349915,-3.6349914,-1.3349915,-3.4349914,-1.2349914,-5.1349916,-1.6349914,-1.7349914,-1.4349915,0.06500854,3.8650086,2.9650085,1.3650086,4.4650087,0.76500857,-0.43499145,-2.0349915,0.06500854,-0.53499144,-0.9349915,-1.9349915,-1.5349915,-2.9349914,-4.4349914,-4.0349913,-3.9349914,-2.0349915,-1.5349915,0.46500856,0.76500857,-0.034991454,0.36500853,-0.63499147,-1.6349914,-4.2349916,-5.9349914,-6.2349916,-4.3349915,-3.9349914,-3.3349915,-3.2349916,-2.6349914
-10.534991,-10.834991,-12.934992,-10.634992,-13.134992,-12.434992,-8.834991,-8.234991,-7.3349915,-6.7349916,-4.6349916,-8.334991,-7.4349914,-5.2349916,-5.3349915,-2.7349916,-3.9349914,-4.9349914,-3.3349915,-4.6349916,-4.0349913,-3.0349915,-1.6349914,-0.63499147,1.2650086,3.4650085,2.2650084,1.2650086,1.5650085,2.6650085,0.96500856,1.3650086,-0.83499146,-0.13499145,-0.53499144,1.1650085,-0.53499144,0.16500854,-2.2349916,-2.8349915,-4.2349916,-2.0349915,-1.1349914,0.76500857,2.4650085,0.06500854,-0.73499143,-0.53499144,-2.5349915,-4.7349916,-5.6349916,-5.8349915,-5.0349913,-5.1349916,-4.0349913,-3.5349915,-3.8349915
-9.434992,-9.534991,-10.934992,-13.034991,-14.334991,-12.734991,-10.534991,-9.334991,-7.5349913,-6.9349914,-6.3349915,-6.1349916,-7.1349916,-2.2349916,-4.5349913,-7.6349916,-3.3349915,-3.4349914,-5.7349916,-4.3349915,-5.5349913,-4.4349914,-2.2349916,-2.1349914,0.06500854,1.0650085,1.5650085,0.76500857,-0.034991454,1.2650086,0.86500853,-0.13499145,0.66500854,-2.2349916,0.36500853,0.46500856,0.46500856,-0.034991454,-0.23499146,-0.53499144,-2.0349915,-3.0349915,-0.13499145,1.7650086,3.1650085,0.26500854,-0.034991454,0.5650085,-1.2349914,-4.3349915,-4.5349913,-5.4349914,-3.3349915,-2.4349914,-3.4349914,-3.5349915,-2.8349915
-10.634992,-10.334991,-10.334991,-12.234991,-14.734991,-14.634992,-10.734991,-10.134992,-8.634992,-8.534991,-5.6349916,-8.434992,-9.134992,-7.8349915,-5.8349915,-6.6349916,-5.1349916,-7.6349916,-5.0349913,-5.8349915,-3.0349915,-3.6349914,-3.4349914,-2.6349914,-0.33499146,0.5650085,0.66500854,0.06500854,-0.034991454,0.16500854,0.06500854,1.3650086,0.46500856,1.4650085,-0.13499145,0.26500854,2.0650086,3.0650086,2.5650086,3.1650085,1.1650085,-0.33499146,-0.43499145,0.76500857,0.26500854,1.1650085,0.06500854,0.26500854,-0.9349915,-3.6349914,-4.1349916,-4.5349913,-4.2349916,-3.6349914,-3.0349915,-2.2349916,-2.5349915
-11.634992,-11.834991,-12.534991,-12.834991,-13.734991,-11.534991,-10.834991,-9.934992,-10.734991,-10.834991,-7.5349913,-7.4349914,-8.334991,-6.1349916,-5.2349916,-6.8349915,-3.5349915,-4.4349914,-5.6349916,-3.3349915,-4.3349915,-2.3349915,-0.83499146,-0.9349915,-0.23499146,0.76500857,1.4650085,0.76500857,-0.23499146,0.96500856,0.96500856,1.0650085,0.46500856,0.76500857,0.36500853,1.6650085,3.0650086,2.5650086,2.6650085,3.2650084,2.1650085,1.9650085,1.0650085,1.0650085,0.86500853,1.7650086,-0.43499145,-0.23499146,0.26500854,-0.63499147,-3.5349915,-4.3349915,-4.6349916,-4.0349913,-3.4349914,-3.4349914,-3.8349915
-15.034991,-13.134992,-13.034991,-13.334991,-13.734991,-12.934992,-11.434992,-9.834991,-11.734991,-12.134992,-9.934992,-6.6349916,-5.7349916,-5.6349916,-4.9349914,-5.3349915,-4.6349916,-4.4349914,-5.7349916,-3.2349916,-4.3349915,-2.7349916,-2.4349914,-1.0349915,-1.7349914,1.4650085,1.7650086,2.1650085,0.76500857,0.96500856,0.36500853,0.26500854,0.86500853,1.3650086,2.8650086,3.3650086,1.7650086,3.5650086,2.8650086,3.4650085,2.3650086,2.6650085,3.6650085,2.5650086,2.8650086,1.3650086,-0.034991454,-0.13499145,-0.43499145,-0.63499147,-0.9349915,-2.5349915,-3.1349914,-2.8349915,-2.6349914,-2.3349915,-1.5349915
-15.234991,-17.13499,-15.534991,-14.134992,-13.634992,-13.834991,-11.534991,-11.934992,-11.534991,-12.734991,-10.634992,-7.1349916,-6.4349914,-5.7349916,-5.8349915,-4.3349915,-4.1349916,-3.3349915,-2.5349915,-2.9349914,-1.2349914,-1.8349915,-0.83499146,-0.43499145,0.36500853,-0.23499146,1.3650086,1.7650086,3.0650086,2.8650086,1.4650085,0.66500854,0.86500853,0.46500856,2.4650085,3.2650084,3.7650084,3.9650085,4.3650084,4.0650086,4.2650084,4.5650086,4.0650086,3.1650085,3.3650086,1.3650086,0.16500854,-0.33499146,-1.0349915,-1.8349915,-2.5349915,-2.3349915,-1.4349915,-1.2349914,-0.53499144,-1.6349914,-1.3349915
-12.834991,-16.234991,-17.334991,-16.234991,-13.934992,-12.234991,-11.634992,-10.934992,-10.634992,-11.834991,-10.834991,-8.934992,-8.034991,-7.0349913,-4.8349915,-3.6349914,-4.0349913,-2.1349914,-0.73499143,-3.0349915,-1.8349915,-1.2349914,-1.7349914,-0.33499146,-0.53499144,0.26500854,0.26500854,0.96500856,2.3650086,1.5650085,1.2650086,1.0650085,1.2650086,1.5650085,0.5650085,1.1650085,1.5650085,2.9650085,3.7650084,4.6650085,4.4650087,5.3650084,3.9650085,4.0650086,1.3650086,2.9650085,0.5650085,-0.034991454,-1.2349914,-2.3349915,-3.1349914,-2.8349915,-3.5349915,-2.4349914,-1.2349914,-0.23499146,-0.23499146
-6.0349913,-11.634992,-15.634992,-15.434992,-13.434992,-11.934992,-10.834991,-10.834991,-11.034991,-9.834991,-9.034991,-9.634992,-8.734991,-7.4349914,-6.7349916,-6.7349916,-4.6349916,-2.3349915,-0.83499146,-0.23499146,0.26500854,-0.13499145,-1.1349914,-0.9349915,-1.4349915,-1.4349915,0.46500856,0.96500856,1.1650085,1.3650086,1.5650085,0.5650085,0.16500854,-0.13499145,-0.63499147,0.76500857,1.0650085,1.3650086,3.2650084,2.7650084,3.8650086,3.3650086,3.5650086,3.9650085,1.0650085,1.4650085,-0.034991454,-0.13499145,-1.0349915,0.26500854,-0.43499145,-2.1349914,-2.5349915,-3.8349915,-3.0349915,-2.6349914,-1.9349915
-2.5349915,-5.8349915,-9.834991,-13.334991,-14.834991,-13.634992,-11.934992,-11.334991,-11.434992,-10.534991,-9.734991,-9.334991,-7.9349914,-7.2349916,-6.4349914,-5.0349913,-4.0349913,-1.6349914,-0.034991454,0.46500856,1.6650085,1.5650085,-1.3349915,-2.5349915,-0.63499147,-0.13499145,-1.4349915,-0.034991454,1.4650085,2.3650086,2.7650084,1.6650085,0.26500854,0.66500854,0.76500857,1.1650085,1.0650085,1.5650085,1.5650085,-0.33499146,0.26500854,2.0650086,3.1650085,2.6650085,1.4650085,2.0650086,0.76500857,0.36500853,-1.0349915,-1.9349915,-1.5349915,-2.1349914,-3.4349914,-3.9349914,-4.0349913,-3.5349915,-3.0349915
-1.2349914,-4.1349916,-5.5349913,-9.234991,-11.034991,-12.934992,-14.134992,-13.534991,-12.734991,-11.634992,-10.134992,-9.634992,-8.534991,-7.1349916,-7.0349913,-5.4349914,-4.7349916,-1.7349914,0.46500856,2.1650085,3.5650086,3.8650086,0.5650085,-1.1349914,-2.2349916,-1.5349915,-0.23499146,-0.23499146,2.6650085,3.9650085,5.6650085,4.0650086,2.4650085,2.8650086,1.9650085,2.1650085,1.6650085,1.9650085,1.7650086,1.4650085,0.96500856,-0.034991454,0.46500856,0.66500854,0.46500856,-0.034991454,0.46500856,1.3650086,-3.0349915,-3.5349915,-3.7349916,-2.9349914,-2.2349916,-3.5349915,-3.1349914,-2.7349916,-1.6349914
2.1650085,-1.2349914,-4.0349913,-5.7349916,-6.2349916,-8.334991,-10.134992,-11.434992,-11.134992,-11.134992,-10.634992,-9.834991,-9.234991,-7.9349914,-5.8349915,-5.5349913,-3.4349914,-1.6349914,0.96500856,3.8650086,3.8650086,0.46500856,-0.23499146,0.16500854,0.66500854,0.96500856,0.86500853,3.0650086,5.0650086,5.0650086,3.5650086,3.4650085,3.3650086,2.3650086,2.3650086,2.2650084,2.7650084,3.0650086,3.5650086,4.5650086,4.1650085,3.4650085,1.6650085,0.16500854,0.06500854,0.46500856,0.06500854,-0.034991454,-1.3349915,-2.9349914,-3.0349915,-2.5349915,-1.1349914,-2.3349915,-2.1349914,-2.0349915,-0.9349915
4.3650084,1.8650086,-0.034991454,-3.6349914,-4.8349915,-5.0349913,-7.0349913,-8.534991,-10.034991,-10.434992,-9.734991,-8.834991,-8.134992,-7.9349914,-6.7349916,-4.6349916,-2.7349916,-0.9349915,1.9650085,2.7650084,1.3650086,1.2650086,0.5650085,1.2650086,0.66500854,2.5650086,4.4650087,3.4650085,2.7650084,2.6650085,1.2650086,0.5650085,2.1650085,1.5650085,1.8650086,2.6650085,3.2650084,3.5650086,4.8650084,5.4650087,6.7650084,7.4650087,7.0650086,6.7650084,1.1650085,-0.034991454,-0.13499145,-0.33499146,-0.33499146,-1.1349914,-0.83499146,-0.53499144,-0.53499144,-0.43499145,-1.8349915,-1.1349914,-0.63499147
4.1650085,2.8650086,1.3650086,0.46500856,-0.034991454,-0.53499144,-3.8349915,-7.5349913,-9.634992,-10.434992,-9.534991,-7.9349914,-6.0349913,-4.4349914,-3.4349914,-2.3349915,-2.6349914,-1.7349914,0.36500853,0.96500856,0.86500853,-2.2349916,-1.1349914,-0.53499144,0.66500854,-0.73499143,-0.73499143,0.76500857,-1.6349914,-2.1349914,2.5650086,2.5650086,2.4650085,2.0650086,1.2650086,1.6650085,3.9650085,5.5650086,5.5650086,4.8650084,5.5650086,5.6650085,5.1650085,4.2650084,4.3650084,3.2650084,0.26500854,-0.63499147,-1.0349915,-2.1349914,-1.0349915,-1.0349915,-1.3349915,-0.53499144,-0.43499145,-1.5349915,-2.4349914
3.6650085,1.3650086,0.66500854,0.86500853,-0.33499146,-0.13499145,-1.0349915,-3.8349915,-6.1349916,-6.2349916,-5.8349915,-6.2349916,-6.6349916,-5.8349915,-4.4349914,-3.1349914,-3.2349916,-2.3349915,-1.3349915,-1.4349915,-3.1349914,-2.4349914,-3.5349915,-3.2349916,-4.7349916,-5.0349913,-6.1349916,-4.2349916,-0.73499143,0.46500856,3.0650086,2.0650086,2.3650086,3.8650086,5.0650086,5.4650087,5.9650087,5.3650084,5.9650087,7.3650084,8.665009,7.0650086,4.3650084,2.2650084,-0.33499146,-0.63499147,1.3650086,-1.0349915,-2.0349915,-1.8349915,-1.8349915,-1.8349915,-1.4349915,-1.5349915,-1.3349915,-1.8349915,-0.9349915
-0.43499145,-0.33499146,-2.5349915,-2.5349915,-2.4349914,-2.5349915,-3.6349914,-4.2349916,-6.1349916,-7.8349915,-6.7349916,-6.6349916,-7.9349914,-7.4349914,-6.7349916,-5.2349916,-4.7349916,-3.5349915,-2.6349914,-1.4349915,-1.4349915,-2.5349915,-4.2349916,-5.5349913,-7.5349913,-7.5349913,-5.6349916,-3.5349915,-2.4349914,-0.23499146,1.3650086,3.2650084,3.8650086,6.0650086,7.7650084,9.065008,10.165009,10.465009,11.965009,14.365008,16.565008,16.765009,9.765009,4.2650084,1.2650086,-3.7349916,-4.2349916,-2.6349914,-3.7349916,-3.5349915,-2.8349915,-2.9349914,-3.1349914,-2.6349914,-2.2349916,-1.8349915,-1.4349915
-2.6349914,-5.1349916,-5.2349916,-6.2349916,-5.7349916,-4.7349916,-6.1349916,-7.0349913,-9.034991,-11.634992,-12.234991,-10.934992,-8.834991,-7.7349916,-6.7349916,-5.2349916,-5.6349916,-6.2349916,-4.0349913,-4.2349916,-2.2349916,-1.5349915,-2.9349914,-4.8349915,-4.5349913,-4.4349914,-3.6349914,-3.1349914,-2.0349915,0.06500854,2.8650086,5.5650086,8.065008,9.465009,11.565008,14.165009,16.565008,15.665009,17.36501,19.765009,21.165009,25.265009,18.265009,10.565008,2.5650086,-2.2349916,-4.8349915,-8.134992,-6.0349913,-6.3349915,-5.6349916,-4.7349916,-3.9349914,-3.9349914,-3.7349916,-2.2349916,-1.2349914
-1.4349915,-9.034991,-8.634992,-8.834991,-8.634992,-7.5349913,-8.334991,-11.434992,-12.734991,-14.234991,-13.234991,-10.634992,-9.734991,-9.634992,-6.8349915,-6.1349916,-5.7349916,-5.7349916,-6.9349914,-5.3349915,-4.5349913,-3.1349914,-3.5349915,-4.5349913,-6.1349916,-6.1349916,-4.4349914,-2.3349915,-1.8349915,0.36500853,2.6650085,8.365008,9.865008,11.865008,12.865008,12.965009,15.065008,16.36501,17.86501,19.665009,22.265009,25.36501,27.36501,24.465008,10.965009,1.4650085,-2.8349915,-5.7349916,-9.534991,-7.9349914,-7.9349914,-7.2349916,-6.3349915,-5.3349915,-4.6349916,-3.2349916,-2.1349914
-2.4349914,-6.8349915,-11.934992,-12.934992,-12.534991,-11.234991,-13.134992,-13.234991,-15.034991,-14.934992,-14.434992,-13.834991,-11.834991,-10.434992,-9.034991,-8.234991,-7.0349913,-7.3349915,-6.8349915,-8.034991,-7.8349915,-6.3349915,-4.4349914,-5.5349913,-4.4349914,-6.5349913,-6.4349914,-5.2349916,-2.5349915,0.26500854,1.6650085,5.5650086,8.365008,10.765009,12.865008,16.465008,17.665009,19.165009,22.265009,26.565008,28.965008,31.465008,30.36501,31.36501,25.765009,12.865008,2.7650084,-4.6349916,-6.3349915,-9.034991,-8.934992,-8.034991,-7.2349916,-6.5349913,-5.2349916,-3.6349914,-2.2349916
-3.1349914,-6.2349916,-10.834991,-15.434992,-17.234991,-17.434992,-16.63499,-17.034992,-16.834991,-16.434992,-16.234991,-15.234991,-13.834991,-12.434992,-11.334991,-9.634992,-8.934992,-8.234991,-7.3349915,-7.1349916,-7.5349913,-6.4349914,-5.7349916,-6.1349916,-6.2349916,-5.9349914,-4.0349913,-3.9349914,-1.6349914,0.76500857,3.9650085,6.2650084,9.865008,11.665009,12.765009,14.965009,18.765009,22.165009,24.965008,28.965008,30.965008,34.265007,35.56501,36.86501,33.66501,24.165009,12.365008,3.2650084,-2.5349915,-3.3349915,-6.4349914,-7.2349916,-7.2349916,-6.2349916,-4.2349916,-3.5349915,-1.9349915
1.5650085,-6.7349916,-9.434992,-13.834991,-19.334991,-20.034992,-19.834991,-21.934992,-20.534992,-19.13499,-19.034992,-18.434992,-16.13499,-14.034991,-12.334991,-11.534991,-10.134992,-8.834991,-8.334991,-7.6349916,-7.2349916,-6.9349914,-6.0349913,-5.5349913,-4.6349916,-3.4349914,-2.2349916,-0.43499145,1.4650085,3.7650084,5.6650085,8.265009,10.665009,12.465009,14.165009,15.065008,19.465008,22.965008,27.465008,30.665009,31.965008,34.36501,37.765007,38.465008,42.765007,33.66501,20.565008,12.965009,6.0650086,0.36500853,-2.8349915,-5.2349916,-6.0349913,-6.3349915,-5.8349915,-3.0349915,0.26500854
4.6650085,1.7650086,-10.934992,-12.734991,-18.834991,-22.734991,-22.534992,-23.434992,-22.934992,-20.834991,-20.234991,-20.234991,-18.934992,-15.734991,-13.534991,-12.234991,-10.434992,-9.334991,-9.534991,-7.9349914,-7.3349915,-5.9349914,-5.7349916,-5.8349915,-3.6349914,-1.5349915,-0.63499147,2.1650085,4.5650086,4.7650084,6.1650085,8.365008,11.165009,11.465009,12.765009,14.665009,18.565008,22.86501,27.565008,31.765009,33.16501,33.66501,37.06501,40.86501,41.765007,37.965008,26.86501,17.665009,14.065008,7.9650087,3.4650085,-2.1349914,-1.9349915,-1.1349914,0.06500854,2.5650086,4.9650087
1.7650086,2.8650086,-4.0349913,-12.234991,-17.734991,-21.034992,-22.234991,-23.434992,-23.034992,-23.63499,-21.234991,-20.534992,-20.034992,-18.534992,-16.334991,-14.634992,-11.734991,-10.534991,-9.834991,-9.734991,-8.734991,-7.2349916,-7.4349914,-5.7349916,-2.7349916,-0.9349915,0.76500857,3.3650086,4.4650087,6.7650084,9.265009,9.665009,10.065008,10.665009,12.665009,14.065008,16.565008,21.36501,26.065008,29.765009,30.965008,32.36501,34.06501,38.765007,41.965008,39.56501,28.86501,17.86501,15.265009,12.565008,8.265009,5.7650084,3.9650085,5.2650084,4.9650087,6.5650086,7.2650084
-3.3349915,-2.1349914,-2.3349915,-8.734991,-12.634992,-14.834991,-15.834991,-18.434992,-20.63499,-22.13499,-23.534992,-23.034992,-21.434992,-19.13499,-18.434992,-16.434992,-13.534991,-11.034991,-10.234991,-9.734991,-9.134992,-9.134992,-7.4349914,-5.6349916,-4.1349916,-3.6349914,-1.2349914,1.9650085,4.9650087,7.6650085,8.565008,8.965009,9.265009,9.965009,11.265009,13.465009,15.065008,19.065008,23.265009,27.965008,30.165009,31.265009,33.465008,36.765007,39.765007,38.36501,30.36501,17.965008,13.465009,14.865008,12.665009,10.065008,8.465009,7.7650084,8.165009,7.9650087,8.465009
-5.3349915,-7.3349915,-7.3349915,-7.5349913,-12.434992,-14.134992,-15.734991,-13.834991,-14.034991,-16.334991,-21.534992,-23.734991,-24.834991,-21.63499,-18.234991,-16.934992,-15.134992,-13.834991,-10.534991,-10.334991,-9.234991,-7.0349913,-7.0349913,-6.6349916,-5.0349913,-4.2349916,-2.8349915,0.96500856,3.4650085,5.1650085,7.2650084,8.165009,8.765009,10.065008,11.465009,13.565008,15.165009,19.065008,21.765009,23.765009,26.565008,29.265009,31.265009,33.66501,38.06501,36.16501,30.165009,16.36501,9.265009,11.565008,13.565008,12.065008,12.765009,13.465009,13.765009,11.765009,8.965009
