views/data/weather/current/current-wind-isobaric-70hPa-gfs-1.0.json
{"header": { "discipline":0, "disciplineName":"Meteorological products", "gribEdition":2, "gribLength":67791, "center":7, "centerName":"US National Weather Service - NCEP(WMC)", "subcenter":0, "refTime":"2019-10-05T00:00:00.000Z", "significanceOfRT":1, "significanceOfRTName":"Start of forecast", "productStatus":0, "productStatusName":"Operational products", "productType":1, "productTypeName":"Forecast products", "productDefinitionTemplate":0, "productDefinitionTemplateName":"Analysis/forecast at horizontal level/layer at a point in time", "parameterCategory":2, "parameterCategoryName":"Momentum", "parameterNumber":3, "parameterNumberName":"V-component_of_wind", "parameterUnit":"m.s-1", "genProcessType":2, "genProcessTypeName":"Forecast", "forecastTime":0, "surface1Type":100, "surface1TypeName":"Isobaric surface", "surface1Value":7000.0, "surface2Type":255, "surface2TypeName":"Missing", "surface2Value":0.0, "gridDefinitionTemplate":0, "gridDefinitionTemplateName":"Latitude_Longitude", "numberPoints":65160, "shape":6, "shapeName":"Earth spherical with radius of 6,371,229.0 m", "gridUnits":"degrees", "resolution":48, "winds":"true", "scanMode":0, "nx":360, "ny":181, "basicAngle":0, "lo1":0.0, "la1":90.0, "lo2":359.0, "la2":-90.0, "dx":1.0, "dy":1.0 }, "data":
[rows 150 to 174 of 181, columns 232 to 289 of 360]
-0.006904297,0.4530957,1.0630957,1.9530957,2.6630957,2.6330957,2.6530957,2.9330957,3.5030956,4.1730957,5.0030956,5.2130957,5.553096,5.6130958,5.843096,5.3330956,5.1530957,4.6430955,4.303096,4.2530956,4.7330956,5.4430957,5.8730955,5.5230956,5.8330956,6.513096,6.9030957,7.093096,7.1730957,7.1330957,7.223096,7.573096,7.9230957,8.483096,9.163095,9.973096,10.813096,11.6230955,12.193096,12.793096,13.423096,13.803096,14.173096,14.823095,15.463096,16.223095,16.953096,17.583096,18.283096,18.933096,19.453096,19.843096,20.143095,20.293097,20.623096,21.063095,21.423096,21.863096
0.5130957,1.2230957,1.7830957,2.3530958,2.8430958,2.9930956,2.9530957,3.0430956,3.2130957,3.4830956,3.9930956,4.1630955,4.783096,4.7930956,5.1530957,4.9430957,4.9130955,4.743096,4.6130958,4.6730957,4.8130956,4.8130956,5.7530956,6.593096,5.9130955,6.2330956,6.9130955,7.553096,7.803096,8.323095,8.853096,9.013096,9.223096,9.453095,9.893096,10.433096,11.003096,11.643096,12.383096,13.243095,13.963096,14.6230955,15.393096,16.213097,16.973095,17.923096,18.523096,18.963097,19.413095,19.653095,19.763096,20.453096,21.173096,21.633095,22.173096,22.913095,23.753096,24.413095
-0.2869043,0.4030957,1.2130957,1.9230957,2.3730958,2.9630957,3.4630957,3.6930957,4.0830956,4.453096,4.3930955,4.493096,4.8930955,5.6030955,6.053096,5.9230957,5.7930956,6.2130957,5.8730955,5.8330956,6.0030956,5.843096,5.763096,6.263096,7.5630956,7.533096,7.263096,7.9230957,8.673096,9.343096,9.603096,9.973096,10.6230955,11.133096,11.513096,11.853096,12.3730955,12.843096,13.403095,14.053096,14.713096,15.423096,16.193096,16.823095,17.503096,18.123096,18.513096,19.063095,19.863096,20.633095,21.263096,21.823095,22.713097,23.753096,24.483095,24.933096,25.683096,26.183096
-1.0669043,-0.2369043,0.5230957,0.9230957,1.1830957,1.8930957,2.6230958,3.4130957,4.1730957,4.573096,4.9030957,5.5030956,5.3630958,5.6730957,6.2930956,6.7130957,6.7130957,6.8730955,7.1330957,7.493096,7.7730956,7.8630958,7.8630958,7.823096,8.153095,8.713096,9.913095,9.553096,9.6230955,10.483096,11.163095,11.573095,11.893096,12.453095,12.893096,13.3730955,13.713096,13.893096,14.143096,14.553096,15.043096,15.663095,16.473095,17.363096,18.163095,18.833096,19.463097,20.073095,20.843096,21.643095,22.523096,23.593096,24.513096,25.433096,26.073095,26.463097,26.923096,27.453096
0.18309571,0.7130957,0.6830957,1.0930957,1.3430957,2.0230956,2.6130958,3.1230958,3.5530958,4.0230956,4.2930956,4.553096,5.4030957,5.533096,6.013096,6.593096,6.993096,6.763096,7.0830956,7.6630955,7.953096,8.713096,9.003096,8.993095,9.253096,9.713096,9.823095,9.993095,10.933096,11.263096,11.453095,11.753096,11.843096,12.033095,12.413095,12.933096,13.313096,13.753096,14.443096,15.273096,16.233095,17.163095,18.043097,18.853096,19.543097,20.083096,20.743095,21.633095,22.773096,23.903095,24.983095,26.073095,26.993095,27.693096,28.273096,28.803095,29.373096,30.223095
-0.8669043,-0.5669043,-0.17690429,0.4130957,0.7730957,1.1830957,1.6130958,2.2230957,2.7330956,3.3030958,3.8130958,4.183096,4.6930957,5.033096,5.283096,5.6430955,6.4430957,6.5830956,6.513096,7.1330957,7.823096,8.493095,9.223096,9.813096,9.863095,10.183096,10.413095,10.513096,10.823095,10.693096,10.823095,11.453095,12.453095,13.023096,13.533095,14.113095,14.733096,15.553096,16.403095,17.133095,17.803095,18.513096,19.333096,20.143095,20.823095,21.443096,22.253096,23.363096,24.483095,25.593096,26.793097,27.923096,28.793097,29.563095,30.303095,31.033096,31.803095,32.703094
-1.4869043,-0.9969043,-0.5069043,0.0030957032,0.5130957,1.1630957,1.5830957,1.8730958,2.3030958,3.0830958,3.5030956,4.183096,4.6530957,4.8330956,5.1630955,5.3130956,6.0630956,7.0830956,7.6230955,7.8630958,8.543096,9.223096,9.523096,9.933096,10.353096,10.553096,10.693096,10.993095,11.293096,12.013096,12.473096,12.973096,13.403095,13.843096,14.033095,14.353096,14.983096,15.663095,16.353096,17.193096,18.083096,18.803095,19.313095,20.003096,20.843096,21.933096,23.233095,24.373096,25.293097,26.033096,26.813095,27.663095,28.613096,29.593096,30.843096,32.053097,33.083096,34.333096
-1.9469043,-1.2469043,-0.7969043,-0.46690428,-0.3269043,0.2330957,0.8730957,1.3730958,2.1030958,2.8030958,3.1930957,3.4630957,4.1630955,4.783096,5.493096,5.593096,5.8930955,6.8630958,7.8830957,8.593096,9.043096,9.673096,10.313096,10.843096,11.1230955,11.533095,11.953095,12.313096,12.633096,13.1230955,13.523096,13.763096,13.963096,14.573095,15.443096,16.323095,17.083096,17.893095,18.733095,19.613096,20.543097,21.193096,21.703096,22.283096,23.063095,24.113096,25.233095,26.173096,26.773096,27.353096,27.763096,28.593096,29.873096,31.523096,32.763096,33.883095,35.403095,37.403095
-2.0869043,-1.7869043,-1.3369043,-1.0269043,-0.60690427,-0.026904296,0.4330957,1.0430957,1.5830957,2.3330958,3.4030957,3.9930956,4.2530956,4.743096,5.493096,6.1930957,6.3930955,6.8930955,7.8130956,8.613095,9.193096,9.543096,10.153095,10.853096,11.413095,11.933096,12.443096,12.993095,13.713096,14.173096,14.453095,15.023096,15.813096,16.393095,16.723095,17.183096,17.963097,18.453096,18.733095,19.113096,19.593096,20.013096,21.183096,23.023096,24.813095,26.013096,26.733095,27.533096,28.393095,29.253096,30.573095,31.953096,33.103096,34.243095,35.463097,37.013096,38.313095,39.303097
-2.3469043,-1.5069042,-1.1869043,-0.7369043,-0.086904295,0.1530957,0.5730957,1.3930957,2.1130958,2.7330956,3.4530957,4.1330957,4.8630958,5.6430955,6.2130957,6.6330957,6.823096,7.073096,7.4830956,7.993096,8.583096,9.063096,9.423096,9.963096,10.563096,11.313096,11.963096,12.563096,13.233096,13.993095,14.773096,15.653095,16.423096,17.333096,18.163095,19.053095,19.973095,20.653095,20.973095,20.903095,20.833096,21.633095,23.193096,24.843096,25.903095,26.533096,27.443096,28.503096,30.113096,31.973095,33.513096,34.543095,35.443096,36.563095,38.053097,39.373096,40.063095,40.513096
-2.2469044,-2.1169043,-1.3869042,-0.6669043,-0.0969043,0.6330957,1.3030957,1.5730957,2.0030956,2.4430957,2.9430957,3.5630958,4.303096,4.8130956,5.3530955,5.9630957,6.3330956,6.6630955,7.243096,7.993096,8.693096,9.233096,9.773096,10.283095,10.733096,11.303096,12.133096,13.133096,13.923096,14.553096,15.243095,16.103096,17.313095,18.563095,20.013096,21.193096,22.073095,22.623096,23.173096,23.913095,24.993095,26.533096,28.003096,28.413095,28.783096,29.613096,30.673096,31.853096,33.173096,34.153095,34.983097,35.973095,37.153095,38.223095,39.243095,40.273094,41.093094,42.193096
-1.3869042,-1.1969043,-1.2469043,-0.9969043,-0.3169043,0.2730957,0.8830957,1.4330957,1.8730958,2.3830957,2.8430958,3.6230958,4.553096,5.263096,5.9430957,6.3330956,6.7730956,7.4630957,8.113095,8.803096,9.463096,10.013096,10.583096,11.173096,11.8730955,12.673096,13.293096,13.683096,14.083096,14.653095,15.703095,16.833096,18.213097,19.723095,21.233095,22.273096,22.703096,23.293097,24.423096,25.843096,27.303095,28.103096,28.173096,28.923096,30.353096,31.803095,32.893097,33.973095,34.833096,35.623096,36.663097,37.753098,38.823097,39.673096,40.143097,41.093094,42.213097,42.823097
-3.7769043,-3.2369044,-2.6669042,-1.9369043,-1.2669044,-0.4769043,0.2730957,1.0430957,1.8130957,2.3730958,2.7530956,3.4130957,4.1730957,4.8330956,5.5830956,6.3730955,7.0430956,7.723096,8.663095,9.483096,10.3730955,11.233096,11.933096,12.483096,12.923096,13.403095,14.153095,15.003096,15.683096,16.353096,17.183096,18.433096,19.533096,20.103096,20.453096,21.373096,22.673096,24.143095,25.913095,26.693096,27.083096,28.143095,29.433096,30.523096,31.593096,32.743095,33.763096,34.533096,35.573097,36.783096,37.793095,38.543095,39.343094,40.553097,41.573097,42.193096,42.453094,42.423096
-2.8369043,-2.2369044,-1.6969043,-1.2469043,-0.6569043,-0.046904296,0.6130957,1.1830957,1.7530957,2.3630958,2.9730957,3.5030956,4.1230955,4.8830957,5.6230955,6.343096,7.2130957,8.253096,9.113095,9.703095,10.493095,11.553096,12.423096,13.293096,14.023096,14.663095,15.333096,16.083096,16.913095,17.963097,18.913095,19.543097,20.233095,20.823095,21.843096,23.483095,24.603096,25.263096,26.183096,27.733095,29.063095,29.903095,30.773096,32.053097,32.753098,33.353096,34.573097,35.753098,36.533096,37.463097,38.573097,39.403095,40.223095,40.693096,40.813095,40.933094,41.333096,41.693096
-3.5569043,-2.8369043,-2.0969043,-1.2469043,-0.6269043,0.033095703,0.6630957,1.2330956,2.1330957,2.9530957,3.7130957,4.3130956,4.9230957,5.573096,6.263096,6.9630957,7.823096,8.713096,9.533095,10.313096,11.143096,11.883096,12.533095,12.973096,13.3730955,14.243095,15.603096,16.983095,18.113096,18.883095,19.363096,19.863096,20.883095,22.483095,23.963097,24.303095,24.523096,25.123096,25.953096,27.463097,29.593096,30.553095,32.103096,32.323097,32.463097,33.643097,34.443096,35.413097,36.413097,37.403095,38.173096,38.503098,38.553097,38.683094,39.743095,39.983097,39.643097,39.553097
-5.8669043,-5.296904,-4.5169044,-3.6769042,-2.7969043,-1.8869042,-0.8969043,0.0730957,1.0730957,2.0730958,3.0930958,4.0830956,4.993096,5.6630955,6.2730956,7.013096,7.5430956,7.9430957,8.473096,9.143096,9.953095,11.303096,13.003096,14.743095,15.993095,16.163095,15.533095,15.493095,16.863096,19.073095,20.593096,21.163095,21.583096,22.403095,23.633095,24.743095,26.063095,27.113096,27.483095,27.953096,28.653095,29.313095,30.153095,31.253096,32.333096,33.583096,34.543095,35.083096,35.273094,35.083096,35.473095,36.703094,37.353096,37.733097,37.573097,37.183094,37.743095,38.113094
-6.176904,-5.566904,-4.946904,-4.156904,-3.4169042,-2.8969042,-2.3369043,-1.6669043,-0.8769043,0.1630957,1.3830957,2.4830956,3.4530957,4.3530955,5.093096,5.6630955,6.2330956,7.1130958,8.153095,9.153095,10.143096,11.083096,11.773096,12.423096,13.333096,14.343096,15.383096,16.453096,18.023096,19.313095,20.033096,21.023096,22.143095,22.633095,22.903095,23.793097,25.043097,26.203096,27.093096,27.593096,28.433096,29.623096,30.723095,31.553095,31.713097,31.583096,31.993095,32.773094,33.363094,33.853096,34.173096,34.243095,34.313095,34.713097,34.803097,34.733097,34.963097,34.873096
-6.7669044,-6.156904,-5.3769045,-4.4369044,-3.5369043,-2.7269044,-1.9569043,-1.3469043,-0.60690427,0.2230957,0.9630957,1.8930957,2.6530957,3.3430958,4.2330956,5.1130958,5.993096,7.0430956,8.073095,9.133096,10.223096,11.453095,12.793096,13.6230955,13.953095,14.493095,15.503096,16.903095,18.433096,19.673096,20.473095,21.083096,21.673096,22.383095,23.213097,24.103096,24.983095,25.673096,26.043097,26.553095,26.963097,27.163095,27.563095,28.323095,29.413095,30.463097,31.153095,31.213097,31.113096,31.593096,32.183094,32.223095,32.313095,32.733097,33.043095,33.213097,33.233097,33.093094
-3.1069043,-2.4769044,-1.9369043,-1.4169043,-0.9169043,-0.4569043,0.013095703,0.5330957,1.0830957,1.6930957,2.3730958,3.0030956,3.8130958,4.6130958,5.553096,6.513096,7.5830956,8.583096,9.463096,10.233096,10.823095,11.493095,12.233096,13.113095,14.143096,15.163095,16.033096,16.743095,17.363096,17.953096,18.423096,18.833096,19.313095,20.013096,20.953096,21.863096,22.573095,23.223095,23.993095,24.963097,26.083096,26.653095,26.753096,26.983095,27.493095,27.783096,27.993095,28.293097,28.663095,28.873096,29.053095,29.423096,29.893095,30.123096,30.123096,29.983095,29.863096,29.833096
-3.3469043,-2.9069042,-2.4069042,-1.8269043,-1.2369043,-0.6369043,-0.026904296,0.5630957,1.2430958,1.8730958,2.6230958,3.3530958,4.1130958,4.8930955,5.703096,6.513096,7.323096,8.133096,8.923096,9.703095,10.463096,11.203095,11.983096,12.733096,13.453095,14.093096,14.663095,15.203095,15.823095,16.563095,17.433096,18.293097,19.063095,19.713097,20.243095,20.823095,21.583096,22.493095,23.343096,23.813095,23.833096,23.993095,24.483095,25.113096,26.023096,26.753096,27.193096,27.393095,27.193096,26.753096,26.343096,26.143095,26.463097,26.813095,26.753096,26.663095,26.753096,26.833096
-1.9369043,-1.4169043,-0.8669043,-0.3269043,0.2630957,0.8630957,1.5030957,2.1330957,2.7630956,3.3730958,3.9730957,4.553096,5.1330957,5.7130957,6.283096,6.8730955,7.473096,8.103096,8.783095,9.483096,10.153095,10.803096,11.443096,12.073095,12.653095,13.233096,13.823095,14.453095,15.193096,16.013096,16.893095,17.773096,18.603096,19.313095,19.873096,20.313095,20.663095,20.923096,21.173096,21.503096,21.943096,22.463097,22.933096,23.503096,24.373096,25.143095,24.973095,24.263096,24.343096,24.893095,25.123096,25.063095,24.963097,24.883095,24.983095,25.113096,24.913095,24.733095
-0.1869043,0.3430957,0.9230957,1.4730957,2.0330956,2.5330956,3.0530958,3.5330956,4.0230956,4.533096,5.053096,5.593096,6.1330957,6.6730957,7.2130957,7.743096,8.273096,8.813096,9.313096,9.813096,10.3730955,10.963096,11.593096,12.293096,13.063096,13.8730955,14.653095,15.303096,15.773096,16.083096,16.333096,16.753096,17.383095,18.023096,18.463097,18.743095,19.153095,19.813095,20.533096,20.933096,21.003096,20.903095,20.893095,21.093096,21.423096,21.783096,22.013096,22.033096,21.933096,21.963097,22.103096,22.233095,22.233095,22.253096,22.453096,22.783096,23.053095,23.083096
-0.1569043,0.3530957,0.8630957,1.3730958,1.8830957,2.3930957,2.9330957,3.4730957,4.033096,4.5830956,5.1430955,5.703096,6.2530956,6.7930956,7.3330956,7.843096,8.363095,8.903095,9.463096,9.993095,10.513096,11.013096,11.483096,11.943096,12.3730955,12.773096,13.143096,13.503096,13.903095,14.343096,14.853096,15.443096,16.043097,16.563095,16.913095,17.093096,17.113096,17.063095,17.153095,17.573095,18.263096,18.993095,19.423096,19.353096,19.133095,19.163095,19.563095,19.963097,20.113096,20.123096,20.243095,20.443096,20.603096,20.653095,20.563095,20.433096,20.233095,20.093096
-0.016904296,0.4930957,0.9930957,1.4830956,1.9530957,2.4130957,2.8630958,3.3130958,3.7830956,4.2530956,4.723096,5.243096,5.823096,6.4230957,7.0230956,7.553096,8.003096,8.353096,8.633096,8.853096,9.093096,9.403095,9.773096,10.243095,10.823095,11.513096,12.223096,12.853096,13.293096,13.463096,13.403095,13.303096,13.363095,13.713096,14.363095,15.083096,15.563096,15.553096,15.363095,15.403095,15.793096,16.303095,16.653095,16.803095,16.993095,17.263096,17.533096,17.713097,17.813095,17.883095,17.973095,18.053095,18.043097,17.963097,17.873096,17.833096,17.733095,17.573095
1.2530957,1.6130958,1.9630957,2.3030958,2.6330957,2.9730957,3.3130958,3.6530957,3.9830956,4.303096,4.6030955,4.8830957,5.1430955,5.433096,5.7530956,6.1230955,6.5830956,7.1330957,7.703096,8.303096,8.863095,9.283095,9.533095,9.663095,9.733096,9.793096,9.953095,10.303096,10.743095,11.203095,11.6230955,11.973096,12.333096,12.723096,13.133096,13.483096,13.763096,14.043096,14.383096,14.703095,14.973096,15.133096,15.223096,15.333096,15.453095,15.563096,15.633096,15.643096,15.6230955,15.603096,15.603096,15.633096,15.643096,15.6230955,15.523096,15.383096,15.213096,15.023096
