views/data/weather/current/current-wind-isobaric-10hPa-gfs-1.0.json
{"header": { "discipline":0, "disciplineName":"Meteorological products", "gribEdition":2, "gribLength":40872, "center":7, "centerName":"US National Weather Service - NCEP(WMC)", "subcenter":0, "refTime":"2019-10-05T00:00:00.000Z", "significanceOfRT":1, "significanceOfRTName":"Start of forecast", "productStatus":0, "productStatusName":"Operational products", "productType":1, "productTypeName":"Forecast products", "productDefinitionTemplate":0, "productDefinitionTemplateName":"Analysis/forecast at horizontal level/layer at a point in time", "parameterCategory":2, "parameterCategoryName":"Momentum", "parameterNumber":3, "parameterNumberName":"V-component_of_wind", "parameterUnit":"m.s-1", "genProcessType":2, "genProcessTypeName":"Forecast", "forecastTime":0, "surface1Type":100, "surface1TypeName":"Isobaric surface", "surface1Value":1000.0, "surface2Type":255, "surface2TypeName":"Missing", "surface2Value":0.0, "gridDefinitionTemplate":0, "gridDefinitionTemplateName":"Latitude_Longitude", "numberPoints":65160, "shape":6, "shapeName":"Earth spherical with radius of 6,371,229.0 m", "gridUnits":"degrees", "resolution":48, "winds":"true", "scanMode":0, "nx":360, "ny":181, "basicAngle":0, "lo1":0.0, "la1":90.0, "lo2":359.0, "la2":-90.0, "dx":1.0, "dy":1.0 }, "data":
[rows 78 to 103 of 181, columns 57 to 113 of 360]
-1.7400757,-2.4400756,-3.4400756,-3.0400758,-1.1400757,0.059924316,0.4599243,1.1599243,1.1599243,1.1599243,1.8599243,2.7599244,4.1599245,5.2599244,5.6599245,4.6599245,2.7599244,3.7599244,5.059924,3.7599244,3.9599242,4.3599243,4.3599243,2.4599242,0.059924316,0.7599243,1.7599243,2.8599243,3.5599244,4.1599245,3.2599244,3.4599242,2.9599242,1.8599243,0.059924316,0.059924316,0.15992431,-0.040075682,0.059924316,0.7599243,1.9599243,3.3599243,2.6599243,2.9599242,2.0599244,1.3599243,1.1599243,0.6599243,-0.8400757,-2.2400756,-0.7400757,0.5599243,1.4599243,1.7599243,2.8599243,3.6599243,4.3599243
-2.4400756,-1.6400757,-1.5400757,-1.5400757,-1.1400757,-0.7400757,-1.2400757,-1.3400757,-1.9400756,-0.8400757,0.25992432,1.4599243,1.9599243,2.4599242,3.3599243,3.4599242,4.2599244,5.2599244,4.6599245,4.059924,2.8599243,3.2599244,2.1599243,0.35992432,-1.2400757,-1.0400757,0.8599243,3.0599244,4.059924,3.0599244,2.9599242,2.6599243,1.7599243,0.25992432,0.35992432,0.15992431,0.35992432,0.35992432,0.6599243,1.3599243,1.6599243,1.4599243,2.3599243,2.6599243,3.0599244,2.7599244,0.8599243,-1.4400756,-1.2400757,-1.0400757,-0.6400757,-0.54007566,0.35992432,1.1599243,1.5599244,2.4599242,3.7599244
0.059924316,0.5599243,-0.34007567,-0.24007568,-1.1400757,-2.4400756,-3.6400757,-2.8400757,-1.6400757,-0.9400757,-0.4400757,-0.24007568,1.6599243,1.1599243,0.35992432,2.3599243,3.9599242,4.1599245,3.9599242,2.7599244,1.5599244,-0.14007568,-0.54007566,-1.2400757,-1.1400757,0.5599243,0.8599243,1.6599243,1.9599243,1.9599243,1.8599243,1.3599243,0.95992434,0.5599243,0.6599243,1.1599243,0.95992434,1.4599243,1.1599243,0.95992434,0.4599243,1.8599243,1.8599243,1.9599243,1.1599243,0.5599243,-0.7400757,-1.1400757,-0.14007568,-0.54007566,-0.4400757,-0.34007567,0.059924316,0.4599243,0.15992431,0.4599243,0.8599243
-3.7400756,-2.9400756,-3.0400758,-2.5400758,-2.4400756,-2.4400756,-1.2400757,-1.2400757,-1.5400757,-0.8400757,-0.54007566,0.059924316,0.4599243,1.2599243,2.2599244,3.3599243,4.1599245,3.3599243,1.6599243,0.5599243,0.25992432,-0.14007568,0.25992432,-0.14007568,0.059924316,0.6599243,0.35992432,0.6599243,1.0599244,1.6599243,1.4599243,1.2599243,0.7599243,0.35992432,0.059924316,1.0599244,2.4599242,2.3599243,2.1599243,2.4599242,2.5599244,1.9599243,1.6599243,1.4599243,1.7599243,1.5599244,0.35992432,-0.040075682,-0.7400757,-0.4400757,-1.2400757,-1.5400757,-2.6400757,-1.9400756,-1.8400757,-1.1400757,-0.7400757
-5.3400755,-4.440076,-3.8400757,-3.2400756,-1.3400757,0.059924316,0.25992432,0.059924316,0.059924316,-0.14007568,-0.14007568,-0.34007567,0.5599243,1.7599243,2.3599243,3.7599244,2.6599243,0.8599243,-0.14007568,0.059924316,-0.24007568,0.4599243,1.1599243,1.4599243,1.2599243,0.8599243,0.5599243,0.7599243,1.0599244,1.2599243,1.6599243,1.3599243,1.5599244,0.35992432,-0.040075682,0.25992432,1.2599243,2.1599243,2.1599243,1.7599243,1.3599243,1.2599243,1.0599244,1.3599243,1.2599243,0.95992434,1.1599243,1.2599243,-1.1400757,-2.1400757,-3.2400756,-3.2400756,-2.5400758,-1.9400756,-0.8400757,-1.4400756,-1.1400757
-3.5400758,-2.4400756,-1.4400756,-0.4400757,0.059924316,0.8599243,1.7599243,2.0599244,2.2599244,2.4599242,1.2599243,1.4599243,0.5599243,1.7599243,2.2599244,2.5599244,1.5599244,-0.040075682,-0.8400757,-1.6400757,-1.6400757,-0.14007568,0.7599243,0.8599243,-0.040075682,-0.4400757,0.4599243,0.95992434,0.6599243,0.7599243,1.2599243,1.1599243,1.6599243,2.1599243,1.8599243,1.6599243,0.7599243,1.2599243,1.7599243,1.5599244,0.8599243,-0.24007568,-1.1400757,-0.4400757,0.4599243,-0.4400757,0.15992431,-0.7400757,-1.0400757,-2.8400757,-3.3400757,-1.8400757,-0.7400757,-0.34007567,0.15992431,0.35992432,0.5599243
-0.54007566,-1.0400757,0.25992432,1.6599243,2.4599242,3.3599243,3.5599244,2.8599243,2.5599244,3.3599243,4.059924,3.8599243,3.5599244,2.5599244,1.1599243,0.8599243,0.35992432,-0.6400757,-0.34007567,-0.6400757,-0.14007568,0.15992431,-0.8400757,-1.4400756,-1.8400757,-0.4400757,-0.34007567,0.25992432,0.35992432,-0.14007568,-0.24007568,0.15992431,1.2599243,1.3599243,1.7599243,1.5599244,0.5599243,-0.040075682,0.059924316,-0.040075682,-0.34007567,-0.9400757,-0.7400757,0.059924316,-0.6400757,-0.8400757,-0.7400757,-0.6400757,-0.6400757,-1.1400757,-1.1400757,-0.34007567,-0.040075682,-0.14007568,-0.9400757,-0.24007568,0.15992431
1.9599243,1.7599243,2.7599244,3.3599243,4.1599245,3.6599243,3.4599242,3.6599243,3.6599243,3.5599244,5.1599245,5.8599243,4.7599244,2.8599243,2.5599244,1.5599244,-0.34007567,-0.54007566,-0.4400757,0.7599243,0.25992432,-1.1400757,-1.7400757,-1.9400756,-1.6400757,-1.1400757,-0.6400757,-1.1400757,-0.54007566,-0.4400757,-0.24007568,0.35992432,-0.24007568,0.4599243,0.5599243,0.4599243,1.3599243,0.95992434,0.35992432,0.15992431,-0.54007566,-1.0400757,-2.3400757,-2.0400758,-1.4400756,-1.4400756,-1.3400757,-1.5400757,-1.5400757,-0.4400757,0.059924316,0.059924316,-0.040075682,0.059924316,-0.24007568,-0.7400757,-0.8400757
1.8599243,3.4599242,3.1599243,3.3599243,3.7599244,3.7599244,3.8599243,4.459924,5.559924,6.2599244,6.559924,5.559924,5.059924,5.2599244,3.6599243,3.0599244,1.2599243,0.15992431,0.35992432,0.15992431,-0.6400757,-0.7400757,-2.4400756,-2.6400757,-2.6400757,-2.6400757,-2.3400757,-1.5400757,-1.0400757,-0.14007568,-0.4400757,-0.14007568,0.059924316,-0.24007568,-0.7400757,-0.040075682,-0.14007568,-0.4400757,-0.7400757,-0.6400757,-1.3400757,-1.5400757,-2.3400757,-3.1400757,-2.6400757,-2.2400756,-1.9400756,-1.3400757,-1.2400757,-0.7400757,0.5599243,0.059924316,0.059924316,-0.14007568,-0.8400757,-1.2400757,-1.4400756
1.9599243,2.7599244,3.1599243,2.9599242,3.4599242,3.5599244,4.459924,5.3599243,6.1599245,7.059924,7.959924,8.1599245,8.1599245,7.559924,5.8599243,4.059924,3.0599244,2.5599244,1.3599243,0.25992432,-0.4400757,-2.0400758,-2.5400758,-3.1400757,-3.6400757,-2.9400756,-2.9400756,-2.5400758,-1.5400757,-1.4400756,-0.8400757,-1.0400757,-0.54007566,0.5599243,0.15992431,0.15992431,-0.4400757,-1.5400757,-2.0400758,-1.5400757,-1.9400756,-2.2400756,-2.2400756,-2.0400758,-2.1400757,-1.6400757,-1.3400757,-0.8400757,-0.54007566,-1.3400757,-1.5400757,-0.7400757,-0.9400757,-1.1400757,-2.1400757,-1.5400757,-2.1400757
0.6599243,0.95992434,1.4599243,2.4599242,2.3599243,3.4599242,5.459924,6.7599244,6.8599243,7.559924,7.559924,7.8599243,7.6599245,7.459924,6.459924,5.2599244,4.8599243,4.2599244,2.7599244,1.3599243,-0.34007567,-0.9400757,-1.9400756,-3.0400758,-3.2400756,-2.9400756,-2.6400757,-3.2400756,-3.1400757,-2.3400757,-1.5400757,-0.54007566,-1.4400756,-0.54007566,0.5599243,-0.9400757,-0.7400757,-0.9400757,-1.5400757,-1.6400757,-1.7400757,-1.6400757,-1.1400757,-0.9400757,-1.2400757,-1.6400757,-1.1400757,-1.5400757,-1.7400757,-1.9400756,-1.4400756,-1.1400757,-0.34007567,-0.6400757,-0.7400757,-2.2400756,-1.4400756
-0.7400757,-0.040075682,0.25992432,0.4599243,1.8599243,3.4599242,4.3599243,5.3599243,5.7599244,5.7599244,6.2599244,6.1599245,6.459924,7.1599245,6.559924,5.559924,4.459924,4.2599244,3.3599243,1.4599243,0.059924316,-0.34007567,-1.2400757,-1.7400757,-2.2400756,-2.7400756,-2.7400756,-3.4400756,-2.8400757,-1.9400756,-1.7400757,-1.4400756,-1.2400757,-0.040075682,0.25992432,-0.34007567,-0.4400757,-1.4400756,-1.7400757,-1.6400757,-1.8400757,-1.3400757,-0.8400757,-0.8400757,-0.7400757,-1.0400757,-1.6400757,-1.6400757,-2.0400758,-1.5400757,-1.7400757,-1.5400757,-0.34007567,-0.040075682,-0.4400757,0.5599243,0.15992431
-0.040075682,-0.54007566,0.059924316,0.7599243,0.6599243,1.1599243,2.0599244,2.2599244,3.3599243,3.2599244,3.0599244,3.9599242,4.7599244,5.1599245,5.6599245,4.6599245,4.3599243,3.7599244,3.3599243,2.2599244,2.0599244,1.5599244,0.95992434,0.5599243,-0.8400757,-0.6400757,-1.2400757,-1.0400757,-2.0400758,-1.1400757,-0.6400757,-1.3400757,-1.2400757,-0.8400757,-0.8400757,-0.4400757,-1.2400757,-1.2400757,-1.2400757,-2.0400758,-1.5400757,-1.4400756,-2.4400756,-3.0400758,-3.2400756,-3.1400757,-2.9400756,-1.9400756,-1.6400757,-1.2400757,-1.3400757,-1.9400756,-1.9400756,-1.1400757,-0.14007568,0.15992431,0.059924316
0.15992431,0.15992431,-0.040075682,-0.8400757,-1.1400757,-0.4400757,-0.4400757,-0.34007567,0.4599243,0.4599243,0.35992432,1.7599243,2.6599243,3.8599243,3.5599244,3.1599243,3.5599244,3.2599244,2.8599243,2.5599244,2.6599243,1.8599243,1.6599243,1.4599243,0.7599243,-0.54007566,-0.34007567,-0.6400757,-1.3400757,-1.4400756,-1.6400757,-1.7400757,-1.7400757,-1.7400757,-1.8400757,-1.7400757,-0.6400757,-0.8400757,-0.8400757,-0.7400757,-1.1400757,-1.4400756,-2.2400756,-3.7400756,-3.7400756,-3.5400758,-2.7400756,-2.5400758,-1.8400757,-1.6400757,-1.6400757,-1.4400756,-1.0400757,-1.2400757,-1.4400756,-0.7400757,-0.24007568
-0.040075682,0.15992431,-0.6400757,-1.7400757,-2.0400758,-2.5400758,-2.5400758,-2.6400757,-3.5400758,-2.9400756,-0.8400757,0.35992432,0.95992434,2.5599244,2.9599242,1.8599243,1.2599243,1.2599243,1.1599243,1.2599243,1.3599243,1.3599243,2.5599244,1.8599243,1.4599243,1.1599243,0.5599243,-0.14007568,-1.1400757,-1.4400756,-1.9400756,-2.5400758,-1.9400756,-2.2400756,-2.6400757,-2.7400756,-2.4400756,-1.9400756,-1.5400757,-1.1400757,-0.9400757,-1.7400757,-2.3400757,-2.6400757,-2.2400756,-2.3400757,-1.8400757,-1.5400757,-1.4400756,-1.5400757,-2.7400756,-2.3400757,-2.2400756,-1.7400757,-0.9400757,-0.24007568,0.35992432
-1.5400757,-1.9400756,-1.9400756,-2.0400758,-2.6400757,-3.0400758,-3.9400756,-4.940076,-5.040076,-4.2400756,-2.7400756,-1.6400757,-0.24007568,-0.040075682,1.3599243,1.8599243,0.7599243,0.8599243,0.7599243,1.0599244,1.5599244,1.9599243,3.0599244,3.1599243,2.9599242,1.6599243,1.0599244,-0.24007568,-1.3400757,-2.0400758,-3.1400757,-2.8400757,-3.0400758,-2.3400757,-2.0400758,-1.5400757,-1.9400756,-2.6400757,-3.2400756,-2.0400758,-1.8400757,-2.0400758,-1.8400757,-1.6400757,-1.6400757,-1.2400757,-0.4400757,-0.4400757,-1.2400757,-1.0400757,-1.0400757,-1.9400756,-1.1400757,-0.34007567,-0.7400757,-0.040075682,0.25992432
-2.5400758,-2.2400756,-2.6400757,-2.5400758,-2.2400756,-2.5400758,-2.8400757,-2.7400756,-2.9400756,-3.0400758,-2.6400757,-2.3400757,-1.9400756,-1.2400757,-0.4400757,0.059924316,0.35992432,-0.14007568,0.059924316,0.15992431,0.8599243,1.3599243,2.0599244,2.8599243,3.0599244,2.6599243,1.9599243,0.35992432,-1.8400757,-3.3400757,-4.440076,-4.440076,-4.1400757,-3.1400757,-1.7400757,-1.8400757,-1.7400757,-2.3400757,-2.4400756,-1.9400756,-2.1400757,-2.1400757,-1.6400757,-0.54007566,-0.6400757,1.2599243,0.6599243,0.25992432,-0.040075682,-0.14007568,-0.9400757,-0.14007568,-0.4400757,-0.8400757,-1.0400757,-1.1400757,-0.24007568
-1.8400757,-2.6400757,-2.9400756,-2.1400757,-2.0400758,-1.1400757,-0.24007568,0.15992431,0.4599243,-0.54007566,-1.6400757,-1.9400756,-2.4400756,-1.8400757,-1.7400757,-1.1400757,-1.6400757,-1.7400757,-1.5400757,-1.2400757,-1.1400757,-0.8400757,0.5599243,0.8599243,1.5599244,1.5599244,1.1599243,-0.7400757,-2.1400757,-2.6400757,-4.040076,-4.6400757,-4.3400755,-4.040076,-2.7400756,-1.2400757,-0.9400757,-1.1400757,-0.34007567,-0.24007568,-0.6400757,-1.0400757,-1.3400757,-0.4400757,0.8599243,0.5599243,-0.14007568,-0.040075682,0.25992432,-0.040075682,-0.14007568,0.35992432,0.25992432,0.5599243,-0.4400757,-0.6400757,-0.4400757
-2.2400756,-2.9400756,-2.2400756,-2.0400758,-2.0400758,-0.8400757,0.6599243,2.2599244,2.8599243,2.9599242,2.6599243,1.7599243,0.6599243,-1.3400757,-1.9400756,-1.6400757,-1.8400757,-2.2400756,-3.0400758,-2.0400758,-1.0400757,-1.6400757,-1.5400757,-0.6400757,-0.34007567,-0.6400757,-0.7400757,-1.9400756,-3.5400758,-4.2400756,-4.8400755,-4.7400756,-4.440076,-2.8400757,-2.3400757,-1.2400757,-0.9400757,-1.1400757,-0.34007567,-0.4400757,-0.4400757,-1.1400757,-0.54007566,0.059924316,0.6599243,-0.040075682,0.059924316,0.4599243,0.5599243,0.8599243,0.5599243,0.6599243,0.8599243,1.2599243,0.25992432,-0.4400757,-0.34007567
-2.3400757,-1.4400756,-1.4400756,-2.3400757,-1.6400757,-1.1400757,-0.24007568,1.6599243,1.7599243,2.1599243,3.5599244,3.7599244,3.0599244,1.2599243,0.25992432,-0.54007566,-1.3400757,-2.2400756,-2.8400757,-3.0400758,-2.3400757,-2.4400756,-2.8400757,-2.5400758,-2.0400758,-1.7400757,-2.3400757,-2.0400758,-3.3400757,-4.3400755,-4.1400757,-4.6400757,-2.4400756,-2.1400757,-1.5400757,-1.4400756,-0.9400757,-0.54007566,-0.24007568,-0.7400757,-0.54007566,-0.14007568,-0.14007568,0.4599243,1.6599243,1.5599244,2.8599243,2.1599243,2.1599243,2.2599244,2.1599243,1.9599243,1.5599244,0.15992431,-0.7400757,-0.14007568,0.7599243
-0.8400757,-1.1400757,-1.8400757,-1.2400757,-1.1400757,-1.4400756,-1.0400757,-0.8400757,-0.34007567,-0.24007568,0.7599243,1.0599244,1.0599244,0.4599243,-0.4400757,-0.8400757,-1.2400757,-2.4400756,-3.6400757,-2.6400757,-3.6400757,-3.3400757,-2.8400757,-2.7400756,-2.8400757,-2.7400756,-2.4400756,-2.9400756,-2.6400757,-2.9400756,-2.6400757,-1.9400756,-1.2400757,-0.9400757,-1.4400756,-0.24007568,-0.54007566,-0.8400757,-0.6400757,-0.040075682,-1.1400757,0.15992431,0.059924316,0.4599243,1.6599243,1.3599243,2.4599242,2.6599243,2.4599242,2.5599244,3.3599243,3.0599244,2.0599244,1.0599244,-0.34007567,0.059924316,1.0599244
0.7599243,0.059924316,-0.6400757,-1.9400756,-2.4400756,-3.0400758,-3.4400756,-2.5400758,-2.0400758,-1.1400757,-0.8400757,-0.14007568,0.25992432,-0.040075682,-0.34007567,-1.6400757,-2.7400756,-3.9400756,-4.440076,-4.440076,-4.6400757,-3.7400756,-3.4400756,-2.6400757,-3.2400756,-3.3400757,-3.2400756,-3.1400757,-2.7400756,-2.5400758,-1.8400757,-0.9400757,-1.3400757,-0.7400757,-0.4400757,-0.14007568,-1.1400757,-0.9400757,-0.34007567,-0.6400757,-0.9400757,-1.1400757,-0.24007568,-0.54007566,-0.34007567,0.7599243,0.7599243,0.95992434,1.8599243,2.6599243,3.1599243,3.6599243,1.9599243,0.95992434,0.7599243,1.0599244,0.35992432
0.15992431,0.8599243,0.7599243,-0.34007567,-0.9400757,-1.2400757,-3.0400758,-4.440076,-3.9400756,-2.7400756,-2.3400757,-1.9400756,-1.6400757,-1.4400756,-0.9400757,-1.8400757,-3.0400758,-4.2400756,-5.1400757,-6.1400757,-6.3400755,-5.1400757,-4.3400755,-3.3400757,-3.6400757,-3.7400756,-3.7400756,-3.6400757,-3.1400757,-1.7400757,-1.4400756,-1.1400757,-0.9400757,-0.7400757,-0.6400757,-0.54007566,-1.3400757,-1.6400757,-1.4400756,-1.2400757,-1.2400757,-1.0400757,-1.0400757,-1.3400757,-1.3400757,-0.040075682,-0.040075682,0.25992432,0.059924316,0.35992432,1.0599244,1.4599243,0.25992432,-0.34007567,0.6599243,1.2599243,1.0599244
0.6599243,0.6599243,-0.040075682,0.35992432,-0.040075682,-0.7400757,-1.0400757,-1.2400757,-2.9400756,-3.4400756,-4.1400757,-3.7400756,-3.4400756,-2.4400756,-2.8400757,-4.1400757,-4.3400755,-4.8400755,-4.940076,-5.540076,-6.2400756,-6.2400756,-6.540076,-5.440076,-3.9400756,-3.7400756,-4.540076,-4.1400757,-2.8400757,-1.4400756,-0.9400757,-0.24007568,-0.8400757,-0.7400757,-1.1400757,-1.4400756,-1.3400757,-1.0400757,-1.2400757,-1.3400757,-0.14007568,0.15992431,0.8599243,0.35992432,-0.040075682,0.25992432,-0.24007568,-0.040075682,-1.3400757,-1.8400757,-1.7400757,-1.6400757,-1.6400757,-1.4400756,-1.0400757,-0.34007567,0.4599243
-0.14007568,0.15992431,-0.34007567,-0.14007568,-0.34007567,-1.7400757,-2.3400757,-1.8400757,-1.3400757,-0.4400757,-0.34007567,-0.54007566,-1.6400757,-2.8400757,-4.1400757,-4.7400756,-5.7400756,-6.6400757,-6.940076,-6.540076,-7.040076,-6.940076,-7.440076,-6.6400757,-5.8400755,-5.3400755,-5.040076,-5.2400756,-4.2400756,-2.7400756,-1.6400757,-0.24007568,0.35992432,0.059924316,0.25992432,-0.24007568,-1.1400757,-0.54007566,-0.54007566,-1.2400757,-0.24007568,1.3599243,1.5599244,1.1599243,0.95992434,-0.040075682,-0.4400757,-0.9400757,-1.6400757,-1.8400757,-2.8400757,-3.1400757,-2.9400756,-2.7400756,-2.3400757,-2.4400756,-2.2400756
-0.8400757,-0.6400757,-0.7400757,-0.8400757,-0.9400757,-1.5400757,-1.9400756,-2.1400757,-2.2400756,-1.6400757,-1.1400757,-0.4400757,-0.24007568,-0.6400757,-2.0400758,-3.1400757,-4.540076,-5.940076,-6.6400757,-6.940076,-7.440076,-7.7400756,-7.7400756,-7.540076,-7.8400755,-6.040076,-5.7400756,-4.6400757,-4.3400755,-2.9400756,-1.4400756,-0.54007566,0.15992431,0.5599243,0.35992432,0.35992432,-0.14007568,-0.8400757,-0.14007568,-0.040075682,-0.34007567,0.25992432,0.95992434,1.8599243,1.3599243,1.1599243,-0.4400757,-0.4400757,-1.1400757,-1.8400757,-2.6400757,-3.6400757,-3.9400756,-3.5400758,-3.8400757,-3.9400756,-3.1400757
