views/data/weather/current/current-wind-isobaric-10hPa-gfs-1.0.json
{"header": { "discipline":0, "disciplineName":"Meteorological products", "gribEdition":2, "gribLength":44583, "center":7, "centerName":"US National Weather Service - NCEP(WMC)", "subcenter":0, "refTime":"2019-10-05T00:00:00.000Z", "significanceOfRT":1, "significanceOfRTName":"Start of forecast", "productStatus":0, "productStatusName":"Operational products", "productType":1, "productTypeName":"Forecast products", "productDefinitionTemplate":0, "productDefinitionTemplateName":"Analysis/forecast at horizontal level/layer at a point in time", "parameterCategory":2, "parameterCategoryName":"Momentum", "parameterNumber":2, "parameterNumberName":"U-component_of_wind", "parameterUnit":"m.s-1", "genProcessType":2, "genProcessTypeName":"Forecast", "forecastTime":0, "surface1Type":100, "surface1TypeName":"Isobaric surface", "surface1Value":1000.0, "surface2Type":255, "surface2TypeName":"Missing", "surface2Value":0.0, "gridDefinitionTemplate":0, "gridDefinitionTemplateName":"Latitude_Longitude", "numberPoints":65160, "shape":6, "shapeName":"Earth spherical with radius of 6,371,229.0 m", "gridUnits":"degrees", "resolution":48, "winds":"true", "scanMode":0, "nx":360, "ny":181, "basicAngle":0, "lo1":0.0, "la1":90.0, "lo2":359.0, "la2":-90.0, "dx":1.0, "dy":1.0 }, "data":
[rows 50 to 74 of 181, columns 0 to 56 of 360]
14.459925,13.859924,12.759924,12.059924,12.1599245,12.359924,11.959925,11.059924,11.259924,10.059924,10.759924,11.259924,11.859924,10.959925,10.6599245,10.6599245,9.6599245,8.459925,7.3599243,6.8599243,6.3599243,6.059924,5.959924,4.3599243,5.3599243,6.059924,7.1599245,5.6599245,5.959924,6.2599244,5.8599243,5.959924,5.459924,5.3599243,5.2599244,5.059924,4.3599243,3.6599243,3.1599243,2.0599244,1.7599243,0.7599243,0.7599243,0.95992434,1.0599244,0.6599243,0.15992431,0.059924316,0.059924316,0.25992432,0.35992432,-0.6400757,1.5599244,1.9599243,2.4599242,4.3599243,4.6599245
11.1599245,10.959925,10.459925,10.259924,9.959925,9.559924,9.759924,9.6599245,8.959925,8.759924,8.959925,9.859924,10.359924,10.059924,9.259924,8.359924,7.2599244,6.7599244,6.2599244,4.6599245,4.459924,4.559924,4.059924,5.559924,4.7599244,4.559924,2.8599243,3.8599243,4.2599244,3.7599244,4.459924,2.7599244,3.7599244,4.2599244,4.2599244,2.5599244,3.0599244,2.3599243,1.9599243,0.25992432,0.8599243,0.059924316,0.5599243,-0.4400757,-0.7400757,-0.9400757,-0.8400757,-1.0400757,-0.4400757,-0.24007568,0.25992432,0.5599243,3.0599244,3.2599244,3.3599243,4.3599243,4.6599245
7.7599244,7.2599244,7.2599244,7.459924,8.059924,8.059924,8.1599245,7.959924,7.8599243,7.3599243,7.559924,8.059924,8.559924,7.6599245,6.2599244,5.2599244,5.3599243,4.6599245,4.559924,3.7599244,4.459924,4.2599244,4.6599245,5.059924,4.7599244,3.3599243,3.2599244,2.8599243,3.3599243,1.9599243,1.5599244,2.9599242,3.5599244,2.8599243,1.8599243,2.9599242,3.2599244,3.7599244,1.9599243,0.6599243,0.5599243,0.25992432,-0.9400757,-0.8400757,-1.6400757,-1.9400756,-1.7400757,-1.2400757,-0.6400757,0.35992432,1.4599243,2.8599243,4.059924,4.3599243,4.3599243,4.1599245,3.7599244
3.7599244,4.2599244,4.1599245,4.7599244,4.8599243,5.459924,5.8599243,7.2599244,6.7599244,6.559924,5.6599245,6.059924,5.3599243,4.3599243,3.7599244,3.4599242,3.5599244,2.6599243,3.7599244,3.6599243,3.9599242,3.3599243,2.9599242,3.3599243,2.9599242,3.3599243,2.0599244,1.3599243,1.2599243,1.4599243,2.7599244,2.7599244,2.2599244,2.3599243,3.9599242,3.4599242,3.8599243,2.8599243,1.2599243,-0.6400757,-1.3400757,-1.0400757,-1.7400757,-1.7400757,-1.9400756,-2.7400756,-2.7400756,-1.6400757,-0.8400757,0.4599243,1.7599243,2.8599243,3.0599244,3.7599244,3.8599243,3.9599242,3.2599244
2.0599244,1.6599243,1.6599243,2.0599244,2.2599244,2.7599244,4.059924,4.8599243,4.559924,4.2599244,3.4599242,2.7599244,2.1599243,1.5599244,1.7599243,1.1599243,1.7599243,2.2599244,3.2599244,2.1599243,1.3599243,2.6599243,2.1599243,2.7599244,3.3599243,2.7599244,1.4599243,1.3599243,2.4599242,1.0599244,1.8599243,1.1599243,1.7599243,2.1599243,2.6599243,2.7599244,1.5599244,-0.34007567,-2.0400758,-2.6400757,-2.7400756,-2.4400756,-2.6400757,-2.8400757,-3.0400758,-3.1400757,-3.0400758,-2.0400758,-1.0400757,0.15992431,1.8599243,2.6599243,3.1599243,2.9599242,2.8599243,2.1599243,2.5599244
-1.6400757,-1.8400757,-1.0400757,0.059924316,0.4599243,1.0599244,0.35992432,1.3599243,1.0599244,0.95992434,0.95992434,-0.040075682,-0.7400757,-0.7400757,-1.0400757,-1.3400757,-0.7400757,-0.4400757,0.15992431,0.6599243,1.2599243,0.25992432,1.2599243,1.7599243,2.3599243,0.7599243,0.6599243,1.3599243,-0.34007567,-0.54007566,-1.0400757,-0.6400757,0.15992431,0.4599243,0.8599243,-0.7400757,-2.4400756,-4.3400755,-4.6400757,-3.5400758,-3.5400758,-3.9400756,-4.540076,-4.540076,-4.1400757,-3.9400756,-2.9400756,-1.3400757,-1.0400757,-0.040075682,1.5599244,1.5599244,0.95992434,0.95992434,1.6599243,1.4599243,1.6599243
-3.4400756,-2.9400756,-2.2400756,-0.7400757,-0.040075682,-0.54007566,-2.2400756,-2.1400757,-1.9400756,-2.1400757,-2.5400758,-2.0400758,-2.3400757,-2.6400757,-3.0400758,-3.1400757,-3.5400758,-2.3400757,-1.4400756,-1.1400757,-0.6400757,-0.6400757,-0.34007567,-1.2400757,-1.6400757,-0.6400757,-2.0400758,-3.0400758,-2.8400757,-2.9400756,-3.5400758,-2.2400756,-1.8400757,-2.4400756,-4.2400756,-5.540076,-6.1400757,-5.440076,-5.6400757,-5.440076,-5.940076,-5.8400755,-6.040076,-5.940076,-5.8400755,-4.8400755,-3.1400757,-2.0400758,-0.9400757,-0.54007566,0.059924316,-0.34007567,-0.4400757,-0.54007566,-0.040075682,-0.34007567,0.6599243
-4.6400757,-3.1400757,-2.3400757,-2.8400757,-2.6400757,-3.4400756,-3.8400757,-3.9400756,-4.8400755,-5.040076,-4.3400755,-3.2400756,-4.040076,-4.3400755,-4.540076,-5.040076,-4.940076,-3.5400758,-2.0400758,-3.3400757,-2.8400757,-2.2400756,-4.7400756,-4.7400756,-4.2400756,-4.8400755,-6.1400757,-5.940076,-6.2400756,-5.540076,-4.440076,-5.040076,-6.1400757,-7.3400755,-8.440076,-8.440076,-8.540075,-8.140076,-7.1400757,-7.3400755,-7.3400755,-7.1400757,-7.2400756,-7.6400757,-7.1400757,-5.6400757,-4.440076,-2.6400757,-1.6400757,-2.0400758,-2.3400757,-2.1400757,-2.1400757,-2.0400758,-1.7400757,-1.0400757,-1.0400757
-6.540076,-5.540076,-5.1400757,-5.2400756,-4.8400755,-6.2400756,-6.040076,-5.540076,-6.940076,-6.3400755,-5.6400757,-5.1400757,-5.1400757,-6.1400757,-6.040076,-6.6400757,-6.040076,-4.3400755,-4.040076,-5.940076,-5.3400755,-5.6400757,-7.2400756,-7.3400755,-9.040075,-8.740076,-8.940076,-8.540075,-7.940076,-7.3400755,-7.540076,-8.640076,-9.140076,-9.940076,-10.040075,-10.440076,-10.140076,-9.740076,-9.040075,-8.740076,-8.740076,-9.140076,-8.740076,-8.240076,-7.7400756,-6.440076,-4.3400755,-3.8400757,-3.9400756,-4.2400756,-4.540076,-4.2400756,-4.8400755,-3.8400757,-2.4400756,-1.9400756,-2.8400757
-7.8400755,-7.940076,-7.3400755,-8.040075,-8.240076,-8.040075,-7.940076,-7.940076,-7.940076,-7.940076,-7.2400756,-7.2400756,-8.140076,-7.8400755,-7.6400757,-8.540075,-8.240076,-6.3400755,-6.3400755,-7.2400756,-7.7400756,-8.240076,-9.440076,-10.240076,-11.040075,-9.940076,-9.8400755,-9.8400755,-8.3400755,-9.740076,-10.740076,-11.640076,-11.440076,-11.3400755,-11.3400755,-11.040075,-11.440076,-12.040075,-11.940076,-11.540075,-10.940076,-10.240076,-9.540075,-9.040075,-8.040075,-6.440076,-5.6400757,-5.540076,-5.540076,-5.1400757,-5.2400756,-5.440076,-4.6400757,-3.0400758,-2.4400756,-3.4400756,-3.7400756
-8.440076,-8.740076,-8.440076,-8.140076,-10.040075,-9.640076,-9.140076,-9.240076,-10.040075,-10.040075,-8.940076,-9.8400755,-10.140076,-9.3400755,-9.440076,-9.740076,-8.640076,-6.940076,-8.040075,-8.540075,-8.740076,-9.8400755,-12.140076,-11.740076,-10.940076,-9.940076,-10.540075,-9.740076,-10.8400755,-11.540075,-13.140076,-12.140076,-11.640076,-12.240076,-12.040075,-11.8400755,-12.8400755,-13.8400755,-13.640076,-12.740076,-11.8400755,-10.240076,-10.240076,-9.640076,-7.8400755,-7.940076,-7.3400755,-6.540076,-6.3400755,-6.1400757,-5.940076,-5.040076,-3.8400757,-3.0400758,-2.5400758,-3.9400756,-3.3400757
-8.8400755,-9.640076,-9.240076,-9.740076,-10.440076,-10.240076,-9.940076,-11.3400755,-11.740076,-11.040075,-10.8400755,-11.140076,-11.440076,-10.8400755,-10.540075,-9.740076,-8.740076,-8.3400755,-9.940076,-9.740076,-11.240076,-12.740076,-12.440076,-10.040075,-10.640076,-10.140076,-11.240076,-10.740076,-10.540075,-11.140076,-11.140076,-11.040075,-12.3400755,-12.3400755,-11.940076,-13.140076,-13.040075,-14.640076,-13.440076,-13.640076,-12.440076,-10.940076,-8.8400755,-8.540075,-7.6400757,-8.640076,-8.140076,-7.3400755,-6.3400755,-4.8400755,-4.3400755,-3.8400757,-2.6400757,-3.0400758,-3.8400757,-3.9400756,-5.440076
-9.640076,-10.740076,-10.440076,-10.040075,-10.540075,-11.040075,-11.140076,-11.8400755,-12.040075,-11.740076,-11.740076,-12.440076,-12.040075,-10.940076,-10.3400755,-10.140076,-9.3400755,-9.8400755,-10.440076,-10.8400755,-12.140076,-10.940076,-10.8400755,-9.3400755,-10.440076,-11.740076,-10.740076,-9.540075,-10.540075,-10.540075,-10.640076,-10.740076,-9.940076,-11.040075,-13.040075,-14.040075,-12.440076,-13.3400755,-13.440076,-13.3400755,-12.8400755,-11.240076,-8.040075,-8.240076,-8.040075,-7.7400756,-7.6400757,-7.440076,-6.6400757,-6.3400755,-4.1400757,-3.8400757,-4.040076,-5.040076,-5.1400757,-6.540076,-7.1400757
-11.3400755,-12.140076,-11.740076,-10.3400755,-11.3400755,-11.940076,-12.040075,-12.3400755,-12.140076,-12.240076,-11.8400755,-11.640076,-10.940076,-9.8400755,-10.740076,-10.040075,-11.040075,-10.540075,-10.940076,-11.240076,-10.140076,-10.140076,-10.240076,-11.640076,-13.240076,-11.240076,-11.3400755,-10.440076,-10.440076,-10.3400755,-11.540075,-10.240076,-9.8400755,-10.8400755,-12.040075,-12.540075,-11.8400755,-12.640076,-14.3400755,-13.540075,-11.940076,-10.3400755,-9.440076,-10.040075,-8.940076,-8.040075,-7.6400757,-8.3400755,-7.540076,-7.040076,-6.1400757,-5.6400757,-6.6400757,-6.940076,-8.240076,-9.8400755,-9.8400755
-13.8400755,-13.8400755,-12.3400755,-11.940076,-12.940076,-13.440076,-13.3400755,-12.440076,-11.940076,-12.240076,-11.740076,-10.8400755,-10.240076,-10.940076,-10.640076,-11.740076,-11.040075,-10.740076,-10.740076,-10.940076,-10.640076,-10.740076,-13.040075,-13.440076,-11.140076,-12.940076,-11.8400755,-10.8400755,-12.740076,-13.3400755,-11.140076,-10.640076,-10.540075,-10.040075,-10.440076,-12.740076,-12.740076,-13.440076,-15.740076,-14.640076,-14.640076,-12.740076,-12.240076,-10.640076,-10.240076,-8.940076,-7.8400755,-9.140076,-9.440076,-9.440076,-9.3400755,-8.540075,-8.3400755,-9.140076,-11.240076,-12.440076,-12.940076
-14.940076,-14.040075,-13.240076,-13.640076,-14.140076,-14.040075,-13.3400755,-12.3400755,-12.740076,-12.440076,-11.3400755,-10.8400755,-11.440076,-11.540075,-11.940076,-11.240076,-11.3400755,-10.740076,-11.440076,-11.240076,-12.040075,-13.740076,-13.240076,-12.740076,-13.540075,-13.440076,-13.240076,-14.940076,-16.540075,-14.740076,-14.540075,-13.040075,-10.540075,-10.8400755,-12.040075,-14.540075,-13.640076,-15.3400755,-17.140076,-17.340076,-16.740076,-15.140076,-14.240076,-13.540075,-12.040075,-10.040075,-10.140076,-10.140076,-11.140076,-11.740076,-11.640076,-11.240076,-11.240076,-13.040075,-14.240076,-15.940076,-16.140076
-15.3400755,-15.040075,-15.740076,-15.740076,-15.240076,-14.140076,-13.240076,-13.040075,-12.3400755,-12.040075,-12.3400755,-12.440076,-12.440076,-12.240076,-12.440076,-13.040075,-13.140076,-12.540075,-11.940076,-12.8400755,-14.640076,-14.240076,-13.940076,-15.040075,-15.440076,-16.540075,-16.640076,-18.140076,-17.640076,-19.340076,-18.340076,-13.740076,-12.640076,-12.540075,-16.140076,-15.940076,-15.040075,-15.540075,-18.340076,-18.640076,-18.140076,-16.040075,-16.640076,-16.540075,-14.540075,-12.740076,-10.940076,-11.540075,-12.040075,-13.640076,-14.3400755,-15.640076,-15.3400755,-16.240076,-17.940075,-19.240076,-19.840076
-18.040075,-18.640076,-18.540075,-17.640076,-17.140076,-15.8400755,-14.240076,-13.140076,-13.640076,-13.940076,-13.440076,-13.3400755,-13.940076,-13.540075,-14.140076,-13.8400755,-13.040075,-13.440076,-14.8400755,-14.440076,-13.740076,-15.940076,-16.440075,-18.440075,-17.840076,-18.940075,-19.040075,-18.140076,-20.540075,-22.440075,-17.840076,-17.440075,-16.840076,-16.640076,-17.540075,-18.040075,-16.840076,-16.040075,-19.440075,-19.240076,-20.340076,-20.240076,-19.240076,-18.640076,-17.140076,-15.3400755,-13.540075,-15.040075,-15.640076,-16.540075,-18.940075,-19.140076,-18.240076,-19.840076,-22.140076,-23.040075,-22.540075
-21.440075,-21.740076,-21.240076,-19.940075,-18.440075,-17.140076,-15.140076,-14.8400755,-15.440076,-16.540075,-16.640076,-15.740076,-15.8400755,-14.8400755,-14.040075,-14.140076,-14.440076,-14.240076,-14.3400755,-14.240076,-16.240076,-17.240076,-19.140076,-18.640076,-19.840076,-22.140076,-19.640076,-20.840076,-22.640076,-20.240076,-18.540075,-20.640076,-20.640076,-19.840076,-17.940075,-19.140076,-18.440075,-19.940075,-20.140076,-21.740076,-23.440075,-23.540075,-22.440075,-21.140076,-20.440075,-18.940075,-18.040075,-18.740076,-19.140076,-20.440075,-21.840076,-21.540075,-21.040075,-22.440075,-24.340076,-25.040075,-24.040075
-24.840076,-25.540075,-24.140076,-22.340076,-20.840076,-19.840076,-18.640076,-18.040075,-18.740076,-19.640076,-18.740076,-17.640076,-18.040075,-16.840076,-15.240076,-14.8400755,-14.940076,-14.3400755,-15.240076,-17.140076,-17.840076,-20.540075,-19.640076,-20.440075,-24.140076,-22.840076,-23.040075,-21.840076,-20.840076,-22.040075,-23.040075,-23.540075,-21.740076,-21.440075,-20.640076,-20.840076,-20.240076,-22.140076,-21.840076,-23.140076,-25.140076,-26.740076,-24.540075,-23.240076,-23.840076,-21.840076,-20.540075,-21.740076,-22.140076,-22.940075,-23.640076,-23.840076,-23.240076,-24.140076,-24.840076,-25.840076,-25.940075
-28.940075,-27.940075,-26.540075,-25.140076,-23.440075,-22.740076,-21.240076,-21.040075,-21.140076,-21.240076,-20.640076,-21.440075,-21.140076,-18.840076,-16.740076,-15.240076,-15.8400755,-16.640076,-19.140076,-18.840076,-21.140076,-21.740076,-22.040075,-24.140076,-23.340076,-26.340076,-22.840076,-20.240076,-23.340076,-26.140076,-25.540075,-24.640076,-22.440075,-23.340076,-22.640076,-22.240076,-22.440075,-22.940075,-24.340076,-24.940075,-26.140076,-27.040075,-24.940075,-24.440075,-26.940075,-24.240076,-22.940075,-24.340076,-26.140076,-25.940075,-25.340076,-25.840076,-25.640076,-26.440075,-26.240076,-27.440075,-27.940075
-31.640076,-31.340076,-29.340076,-29.040075,-26.540075,-25.740076,-24.640076,-23.840076,-23.040075,-22.140076,-22.540075,-23.440075,-23.240076,-21.840076,-20.240076,-19.440075,-18.140076,-17.740076,-21.640076,-23.740076,-24.340076,-26.340076,-25.940075,-21.740076,-24.040075,-25.440075,-23.240076,-23.840076,-25.740076,-28.940075,-28.440075,-26.440075,-24.540075,-24.440075,-22.940075,-23.740076,-25.240076,-23.440075,-25.540075,-26.740076,-26.540075,-26.140076,-26.040075,-28.140076,-27.640076,-26.640076,-24.040075,-27.440075,-30.240076,-29.840076,-28.740076,-28.440075,-28.440075,-29.140076,-28.840076,-29.140076,-29.640076
-32.840076,-32.640076,-32.340076,-31.640076,-29.940075,-28.540075,-28.040075,-27.040075,-25.340076,-25.340076,-25.240076,-26.140076,-26.740076,-26.040075,-24.340076,-22.140076,-20.740076,-22.740076,-22.140076,-26.440075,-30.440075,-27.540075,-24.640076,-25.440075,-26.540075,-24.740076,-22.640076,-27.940075,-27.840076,-30.740076,-29.440075,-29.040075,-27.740076,-26.940075,-24.540075,-22.940075,-25.140076,-24.840076,-26.840076,-27.240076,-27.840076,-26.140076,-27.040075,-28.140076,-29.840076,-28.340076,-26.440075,-29.240076,-32.140076,-33.340076,-32.440075,-31.340076,-30.840076,-30.640076,-30.740076,-30.840076,-30.440075
-34.940075,-34.440075,-33.940075,-34.040077,-34.040077,-32.540077,-31.540075,-30.940075,-29.840076,-28.040075,-27.840076,-28.440075,-28.440075,-27.940075,-28.440075,-26.340076,-25.540075,-23.740076,-24.940075,-30.540075,-31.640076,-28.840076,-26.140076,-26.440075,-26.840076,-26.640076,-22.240076,-30.240076,-29.740076,-32.440075,-31.340076,-30.640076,-29.740076,-27.540075,-24.340076,-22.840076,-25.840076,-25.540075,-26.640076,-27.040075,-28.740076,-27.140076,-27.840076,-29.140076,-31.740076,-29.840076,-30.440075,-30.840076,-32.940075,-34.840076,-35.540077,-34.240074,-32.740074,-31.840076,-31.840076,-31.840076,-31.340076
-37.040077,-36.140076,-35.940075,-35.740074,-35.840076,-36.440075,-35.240074,-34.440075,-32.740074,-31.140076,-30.840076,-31.040075,-30.840076,-30.240076,-29.640076,-29.740076,-27.940075,-28.140076,-29.540075,-29.140076,-32.040077,-32.440075,-32.040077,-28.440075,-28.640076,-29.940075,-25.540075,-30.640076,-30.840076,-34.240074,-32.440075,-33.140076,-31.740076,-30.340076,-25.840076,-25.240076,-28.240076,-27.040075,-26.140076,-27.540075,-29.240076,-27.640076,-28.140076,-30.540075,-32.340076,-31.140076,-32.140076,-32.640076,-33.340076,-35.140076,-37.240074,-35.540077,-34.640076,-33.440075,-33.040077,-33.140076,-32.240074
