views/data/weather/current/current-wind-surface-level-gfs-1.0.json
{"header": { "discipline":0, "disciplineName":"Meteorological products", "gribEdition":2, "gribLength":78465, "center":7, "centerName":"US National Weather Service - NCEP(WMC)", "subcenter":0, "refTime":"2019-10-05T00:00:00.000Z", "significanceOfRT":1, "significanceOfRTName":"Start of forecast", "productStatus":0, "productStatusName":"Operational products", "productType":1, "productTypeName":"Forecast products", "productDefinitionTemplate":0, "productDefinitionTemplateName":"Analysis/forecast at horizontal level/layer at a point in time", "parameterCategory":2, "parameterCategoryName":"Momentum", "parameterNumber":2, "parameterNumberName":"U-component_of_wind", "parameterUnit":"m.s-1", "genProcessType":2, "genProcessTypeName":"Forecast", "forecastTime":0, "surface1Type":103, "surface1TypeName":"Specified height level above ground", "surface1Value":10.0, "surface2Type":255, "surface2TypeName":"Missing", "surface2Value":0.0, "gridDefinitionTemplate":0, "gridDefinitionTemplateName":"Latitude_Longitude", "numberPoints":65160, "shape":6, "shapeName":"Earth spherical with radius of 6,371,229.0 m", "gridUnits":"degrees", "resolution":48, "winds":"true", "scanMode":0, "nx":360, "ny":181, "basicAngle":0, "lo1":0.0, "la1":90.0, "lo2":359.0, "la2":-90.0, "dx":1.0, "dy":1.0 }, "data":
[rows 125 to 149 of 181, columns 114 to 170 of 360]
1.4773194,1.2973193,1.6773193,3.9873192,5.2573195,7.4273195,8.92732,4.8173194,7.117319,8.247319,6.9673195,5.7073193,2.7073193,1.7773193,2.5373194,-2.9426806,-12.712681,-7.3726807,-7.0826807,-8.142681,-9.332681,-6.6026807,-4.8126807,-3.4326806,-1.5426806,0.7173193,-3.1326807,-4.3926806,-5.2826805,-6.0826807,-5.6426806,-6.442681,-5.5226808,-4.4526806,-5.752681,-5.212681,-2.0126808,2.2173193,-2.4126806,-3.2426805,-3.5826807,-4.502681,-4.3726807,-3.4826806,-2.8826807,-1.9626807,-2.4526806,-0.77268064,-0.95268065,1.5873194,8.797319,7.3573194,6.8873196,7.0673194,7.4473195,5.9073195,6.017319
2.6873193,2.1273193,1.6773193,3.7073193,4.8173194,3.5473194,3.2173193,4.2573195,3.5473194,4.8773193,-2.3826807,-0.87268066,-0.63268065,-3.6726806,2.5973194,-8.092681,-14.672681,-2.5926807,-9.722681,-12.132681,-14.19268,-10.52268,-9.842681,-5.2026806,-9.40268,-7.0826807,-4.7726808,-6.2626805,-5.8226805,-5.422681,-3.7326806,-3.4026806,-4.6026807,-1.1126807,0.21731934,-1.0826807,-1.1426806,-1.3726807,-4.9126806,-4.442681,-3.5926807,-4.1126804,-3.4326806,-3.6026807,-3.7126806,-3.4426806,-2.4126806,-1.5926807,-0.6626807,0.027319336,-0.6026807,7.6773195,6.847319,7.6873193,7.9873195,7.6273193,7.2373195
3.8073194,2.3673193,1.7173194,2.2773194,3.5473194,1.5873194,0.34731933,0.7173193,3.8173194,-1.5726807,-2.8826807,-2.8526807,0.54731935,-4.652681,-2.7626808,-10.23268,-11.182681,-10.82268,-3.0326807,-10.872681,-12.222681,-13.85268,-14.07268,-12.0326805,-11.85268,-8.23268,-5.7026806,-5.8626804,-3.0826807,-2.0826807,-2.0926807,-1.9426807,0.007319336,1.1173193,-0.41268066,-1.1126807,-3.6326807,-4.7426805,-5.4126806,-4.9926805,-4.2626805,-2.7426805,-1.6926807,-2.4926805,-1.7726806,-1.1926807,-2.3026807,-2.6726806,-2.8626807,-1.2326807,-1.7926806,-1.2426807,5.7173195,8.317319,7.9573193,8.367319,8.207319
4.5073195,2.5773194,2.4073193,1.4273193,2.1273193,0.8273193,-2.0226808,-2.4226806,-3.7726808,-4.192681,-3.3526807,-3.9326806,-1.7826806,-3.7426805,-9.372681,-12.162681,-12.722681,-14.002681,-3.9626806,-8.69268,-11.702681,-14.15268,-13.722681,-13.142681,-12.292681,-11.35268,-8.922681,-3.1026807,-5.8726807,-6.6826806,-5.442681,-2.8726807,-1.6526806,-4.2426805,-5.3426805,-1.4726807,-6.5226808,-6.6226807,-4.9526806,-2.8826807,-1.9326806,-1.9626807,-2.2826807,-2.8426807,-1.9326806,-2.0726807,-1.9726807,-2.2626808,-1.7826806,-1.5826807,-1.6826806,-0.64268064,0.5773193,0.80731934,9.327319,8.917319,9.507319
6.267319,4.4673195,2.8473194,2.7673194,0.55731934,0.39731935,-0.69268066,-2.9726806,-3.7926807,-4.882681,-5.712681,-4.9126806,-5.3426805,-5.3926806,-1.8326807,-10.712681,-12.702681,-14.662681,-8.132681,-6.6426806,-8.682681,-10.382681,-11.702681,-12.69268,-13.07268,-11.44268,-11.802681,-9.98268,-9.5326805,-9.60268,-7.3626804,-6.4326806,-4.172681,-4.4326806,-3.7726808,-7.8226805,-5.7626805,-4.962681,-2.4526806,-1.1326807,-0.21268067,-1.1826806,-1.0226806,-1.3626807,-1.7726806,-1.5226806,-0.5526807,-0.34268066,0.75731933,0.48731935,1.0873194,0.79731935,1.2773193,1.5273193,3.0673194,3.8773193,10.817319
6.3773193,6.6573195,5.2273192,3.6773193,2.6573193,0.8973193,-0.40268067,-1.8326807,-3.8126807,-5.422681,-5.8026805,-6.422681,-8.682681,-10.372681,-8.722681,-6.132681,-10.94268,-11.682681,-8.002681,-10.06268,-6.8926806,-5.7626805,-10.2826805,-10.48268,-10.35268,-10.69268,-9.752681,-9.842681,-8.02268,-7.962681,-3.6526806,-4.632681,-7.6626806,-8.952681,-3.9526806,-6.2926807,-3.8026807,-2.0426807,-0.5526807,0.37731934,-0.81268066,0.5173193,-0.10268066,-0.32268065,-0.24268067,-0.17268066,-0.31268066,0.46731934,0.49731934,1.2073194,1.1773193,2.1473193,3.1273193,3.8073194,4.8873196,5.6273193,6.0073195
8.30732,7.557319,7.117319,6.7173195,4.557319,3.3873193,0.85731936,-1.0426806,-2.2226806,-3.6726806,-6.4126806,-6.002681,-6.922681,-7.8926806,-9.922681,-9.582681,-9.382681,-7.882681,-5.982681,-8.85268,-8.10268,-6.1626806,-5.462681,-8.042681,-8.702681,-8.262681,-8.792681,-7.402681,-7.6626806,-7.0826807,-5.0526805,-4.1426806,-7.4726806,-4.4126806,-1.9026806,-3.0626807,-0.9126807,0.22731933,0.47731933,-1.1026807,-0.58268064,-0.27268067,-0.012680664,-0.40268067,0.6973193,0.49731934,-0.082680665,1.6273193,1.6373193,2.0973194,2.6873193,3.7873194,4.037319,5.1773195,6.6773195,7.3873196,7.327319
8.357319,8.63732,8.05732,7.4873195,7.307319,5.1073194,4.537319,2.1973193,-1.0026807,-3.1926806,-3.9526806,-5.4926805,-6.1826806,-6.922681,-7.3226805,-6.4126806,-6.8626804,-7.942681,-5.3526807,-5.482681,-4.8926806,-5.3226805,-4.4126806,-5.4526806,-6.382681,-5.8726807,-7.0226808,-6.2426805,-5.672681,-5.1426806,-5.5526805,-1.5726807,-0.122680664,-1.4226806,-0.71268064,-0.24268067,1.5273193,0.8973193,1.6273193,0.97731936,1.2673193,1.2273194,1.8173194,0.21731934,-0.17268066,0.017319337,1.0273193,1.7673193,2.2473192,2.7373192,3.2873194,3.2073193,5.517319,7.7173195,9.297319,9.667319,10.01732
9.607319,8.42732,8.43732,7.767319,7.5873194,7.4073195,5.9173193,5.4073195,3.3573194,0.06731933,-2.5526807,-3.1026807,-4.7026806,-5.0226808,-5.3526807,-4.502681,-4.152681,-4.382681,-3.8526807,-3.3626807,-2.5326807,-4.0226808,-3.1726806,-3.7626808,-3.4226806,-3.7226806,-3.2626808,-1.9926807,-1.8326807,-2.7226806,-1.7626806,0.08731934,-0.022680664,-0.17268066,-0.82268065,3.1373193,4.1873193,3.2373192,3.1173193,2.5773194,2.3773193,2.9673193,3.1173193,1.7973193,1.4173193,1.0773194,1.7473193,1.9573194,2.2373192,2.6073194,2.6673193,3.5473194,5.267319,7.8973193,12.2173195,12.157319,10.47732
8.457319,9.68732,9.007319,8.457319,8.38732,7.9773192,8.197319,6.9373193,6.2373195,4.6273193,3.1273193,1.9173193,0.14731933,-0.6126807,-0.63268065,-0.36268067,-0.022680664,-0.7826807,-0.8626807,-0.5526807,-0.022680664,0.60731936,-0.62268066,-0.37268066,-0.23268066,-0.77268064,0.10731933,1.6473193,1.8373194,1.9573194,1.9273193,2.1073194,2.5573194,3.6473193,4.4473195,4.7773194,5.3173194,4.2773194,3.2473192,4.497319,4.9873195,3.8673193,2.9673193,3.0673194,2.6873193,2.7573195,2.9973192,2.6573193,3.1173193,3.0773194,3.4473193,4.8573194,5.307319,7.3773193,11.127319,-1.6626806,-1.2126807
7.4573193,6.9773192,9.547319,9.777319,9.7173195,8.507319,7.847319,8.787319,7.847319,7.4873195,7.557319,7.4173193,6.6673193,5.767319,4.997319,4.3573194,4.0073195,3.6773193,3.8773193,2.8973193,2.9573193,2.4573193,2.3673193,3.2273192,3.0473194,3.3573194,3.2573195,2.8073194,2.9873192,3.7173193,3.3673193,3.5773194,4.0873194,4.6273193,5.347319,5.6673193,6.3973193,5.5073195,5.3773193,5.867319,5.9573193,5.7073193,5.0873194,4.3773193,4.247319,4.1573195,2.8873193,3.5273194,3.7873194,4.097319,4.537319,4.4173193,3.5973194,7.6373196,0.8273193,2.2473192,3.7673194
10.417319,9.2173195,8.89732,8.09732,10.34732,9.317319,8.007319,8.447319,8.76732,9.337319,8.84732,9.367319,8.7173195,8.077319,7.0673194,7.1273193,6.827319,5.4773192,5.1773195,5.117319,5.787319,4.3573194,4.6973195,5.807319,5.3173194,5.6773195,4.5673194,4.247319,4.867319,4.4773192,4.4073195,4.7273192,4.6773195,6.4273195,6.517319,6.847319,7.327319,6.4773192,6.6473193,7.2073193,7.4473195,7.057319,6.4273195,5.557319,5.5873194,5.6973195,5.767319,5.7173195,6.267319,5.537319,5.6573195,5.497319,4.4273195,1.4273193,3.5473194,4.557319,3.8773193
11.22732,11.607319,10.327319,10.30732,9.01732,8.9673195,9.26732,9.38732,9.587319,9.507319,9.247319,8.89732,8.917319,8.907319,8.22732,7.7573195,7.1673193,6.6873193,7.1573195,6.517319,7.5073195,6.867319,6.4673195,6.5673194,6.6273193,6.6973195,6.807319,6.017319,5.9573193,5.7373195,5.1073194,5.8873196,5.9473195,7.5273194,7.2173195,8.05732,8.537319,8.857319,8.63732,8.47732,8.63732,8.787319,8.107319,7.867319,7.7173195,7.5673194,8.197319,8.537319,8.627319,8.037319,7.6773195,7.2173195,6.6973195,6.9773192,4.247319,8.947319,8.80732
12.027319,11.797319,11.42732,10.207319,9.4673195,8.567319,7.4673195,9.63732,9.88732,8.947319,8.507319,7.9373193,7.867319,8.737319,9.01732,8.607319,8.277319,7.9673195,7.497319,7.5473194,8.2173195,8.17732,8.167319,7.997319,8.13732,7.9373193,8.337319,6.8373194,6.1973195,6.9173193,6.6573195,7.2573195,7.7073193,7.497319,7.767319,8.43732,9.18732,9.757319,9.447319,9.92732,10.047319,10.277319,10.507319,10.067319,9.617319,9.837319,9.93732,9.947319,10.39732,10.247319,10.157319,9.607319,9.63732,9.167319,8.777319,9.607319,9.80732
11.787319,12.457319,12.007319,11.237319,10.737319,9.737319,8.037319,8.38732,6.7173195,9.627319,7.9573193,8.18732,8.05732,8.17732,9.47732,8.97732,8.42732,7.1873193,7.347319,8.077319,8.617319,8.657319,8.527319,8.747319,9.42732,9.027319,8.09732,7.2073193,7.4073195,7.287319,6.867319,7.267319,8.237319,8.787319,9.127319,9.577319,9.857319,10.337319,10.487319,11.667319,12.077319,12.14732,12.257319,12.2173195,11.72732,11.51732,11.14732,10.987319,10.9673195,11.59732,11.777319,11.617319,10.947319,10.497319,10.51732,9.757319,9.407319
11.26732,11.277319,11.297319,12.127319,12.22732,10.407319,8.247319,7.6573195,9.39732,9.587319,9.26732,9.947319,9.357319,9.47732,9.607319,9.97732,8.957319,7.7373195,8.337319,8.547319,8.067319,7.9673195,8.317319,8.707319,8.67732,7.997319,7.037319,7.347319,8.417319,8.567319,8.39732,8.667319,9.247319,9.627319,9.64732,10.447319,11.127319,11.337319,11.857319,13.207319,13.42732,13.13732,13.417319,12.797319,12.617319,12.877319,12.617319,12.26732,12.067319,11.877319,12.507319,12.76732,11.987319,11.287319,11.487319,10.077319,9.947319
9.747319,10.2173195,10.747319,12.2173195,11.087319,10.827319,10.257319,10.957319,9.757319,8.51732,7.287319,9.037319,9.84732,8.997319,10.007319,9.317319,8.17732,8.707319,8.757319,7.9473195,7.077319,7.4473195,7.827319,8.14732,8.287319,8.297319,8.357319,8.837319,9.497319,9.617319,9.447319,9.487319,10.127319,10.76732,10.93732,11.257319,12.157319,12.42732,13.797319,14.22732,14.087319,14.64732,14.997319,14.577319,14.42732,14.167319,14.087319,13.92732,13.587319,12.76732,12.787319,13.257319,13.007319,12.257319,12.14732,10.947319,10.59732
11.197319,11.457319,11.317319,11.317319,10.407319,8.837319,9.527319,10.827319,11.55732,9.447319,7.367319,7.8373194,8.407319,9.34732,7.287319,9.34732,9.2173195,8.877319,9.127319,9.17732,9.2173195,9.277319,8.657319,7.6773195,7.307319,7.9173193,7.9773192,7.867319,7.597319,8.127319,9.01732,9.117319,9.907319,11.757319,12.987319,13.507319,13.037319,13.297319,13.97732,14.077319,14.777319,15.367319,15.89732,15.867319,15.547319,15.14732,14.987319,14.827319,14.877319,14.527319,13.867319,13.667319,13.9673195,13.287319,12.92732,12.39732,11.30732
12.737319,12.547319,12.087319,11.55732,11.747319,11.757319,10.167319,9.587319,9.447319,9.917319,8.757319,7.1073194,7.4373193,8.127319,7.4473195,7.7573195,9.84732,10.167319,11.007319,9.68732,8.2173195,5.9873195,4.1473193,5.4373193,5.2973194,5.4073195,5.6473193,5.597319,5.767319,6.2573195,7.2773194,8.64732,9.877319,11.827319,13.957319,14.917319,14.617319,14.2173195,14.757319,14.747319,14.67732,15.537319,16.21732,15.9673195,15.7173195,15.39732,15.657319,15.987319,15.987319,14.627319,15.287319,15.087319,14.737319,14.277319,13.997319,13.14732,12.67732
12.757319,12.317319,11.357319,11.93732,11.917319,10.487319,8.93732,8.857319,9.817319,9.80732,8.43732,8.617319,7.617319,7.807319,7.9773192,7.117319,6.8773193,5.807319,3.9673193,3.9873192,4.6073194,4.367319,3.9773192,4.6573195,5.4173193,5.597319,5.767319,5.597319,5.847319,6.347319,7.577319,8.787319,9.707319,10.80732,12.987319,14.2173195,15.01732,14.697319,15.09732,16.04732,17.087318,17.62732,17.21732,16.62732,16.267319,16.05732,16.527319,16.32732,16.40732,15.407319,15.167319,15.197319,15.107319,14.627319,14.027319,14.01732,13.737319
13.237319,12.72732,12.05732,11.877319,10.617319,9.957319,8.72732,8.837319,9.72732,10.027319,9.51732,9.22732,9.51732,8.067319,7.2073193,7.997319,7.2273192,5.9573193,4.9473195,5.1873193,5.537319,6.057319,6.4073195,6.6673193,7.1773195,7.307319,7.4873195,8.077319,8.777319,9.4673195,10.51732,11.357319,12.17732,12.30732,13.357319,15.92732,16.79732,16.99732,16.65732,17.24732,17.99732,18.757318,18.73732,18.31732,17.447319,16.86732,16.857319,16.87732,15.367319,15.417319,13.817319,15.297319,15.027319,14.577319,14.407319,13.827319,13.607319
12.537319,12.167319,11.907319,11.737319,10.957319,10.9673195,10.17732,9.537319,10.13732,10.257319,9.64732,10.63732,10.237319,9.987319,9.257319,9.277319,8.97732,8.72732,7.9673195,7.9373193,8.18732,8.627319,8.97732,9.14732,9.447319,9.587319,9.447319,9.63732,10.037319,10.877319,11.867319,12.837319,13.317319,13.14732,13.697319,15.22732,17.14732,17.90732,17.98732,18.16732,18.927319,19.847319,20.55732,20.47732,19.337318,17.267319,16.527319,16.89732,15.92732,13.63732,12.207319,13.88732,13.567319,13.867319,13.757319,13.747319,13.367319
10.30732,10.067319,10.59732,11.17732,11.237319,11.157319,8.93732,9.587319,9.547319,9.607319,9.497319,9.377319,9.09732,8.47732,7.577319,9.157319,9.627319,9.357319,9.377319,9.947319,10.317319,10.43732,10.17732,10.817319,11.14732,11.377319,11.63732,12.167319,12.357319,12.607319,12.917319,13.367319,13.757319,13.457319,13.917319,14.457319,16.38732,17.81732,17.95732,18.64732,19.13732,19.71732,20.82732,20.95732,19.82732,19.91732,17.857319,17.05732,13.907319,12.547319,11.34732,12.43732,12.34732,12.68732,13.257319,13.2173195,13.547319
8.277319,10.14732,10.777319,11.22732,11.417319,10.917319,9.39732,10.237319,9.38732,8.737319,8.917319,8.827319,8.907319,9.297319,9.617319,9.547319,10.417319,10.957319,11.157319,11.247319,12.087319,12.367319,11.827319,11.987319,12.30732,12.567319,12.9673195,13.507319,13.80732,14.277319,14.207319,14.167319,14.51732,14.547319,15.39732,15.93732,16.80732,18.63732,19.22732,19.90732,20.687319,21.05732,21.687319,20.71732,20.99732,20.45732,18.62732,17.65732,14.457319,12.327319,10.2173195,10.59732,11.207319,12.087319,12.617319,12.547319,13.357319
6.0873194,7.6973195,7.3973193,7.9273195,8.93732,9.827319,9.05732,7.8873196,7.617319,7.6573195,8.7173195,9.107319,9.507319,9.67732,11.14732,12.377319,12.297319,12.18732,12.277319,11.367319,11.107319,11.297319,11.157319,11.51732,12.14732,12.827319,12.877319,13.007319,13.667319,14.627319,14.607319,14.987319,15.877319,16.30732,16.927319,17.78732,18.347319,19.55732,20.357319,21.107319,21.697319,21.837318,22.61732,20.027319,19.28732,18.88732,15.63732,18.06732,15.59732,11.4673195,8.737319,9.17732,10.457319,11.39732,12.05732,11.787319,12.277319
