views/data/weather/current/current-wind-isobaric-250hPa-gfs-1.0.json
{"header": { "discipline":0, "disciplineName":"Meteorological products", "gribEdition":2, "gribLength":51313, "center":7, "centerName":"US National Weather Service - NCEP(WMC)", "subcenter":0, "refTime":"2019-10-05T00:00:00.000Z", "significanceOfRT":1, "significanceOfRTName":"Start of forecast", "productStatus":0, "productStatusName":"Operational products", "productType":1, "productTypeName":"Forecast products", "productDefinitionTemplate":0, "productDefinitionTemplateName":"Analysis/forecast at horizontal level/layer at a point in time", "parameterCategory":2, "parameterCategoryName":"Momentum", "parameterNumber":3, "parameterNumberName":"V-component_of_wind", "parameterUnit":"m.s-1", "genProcessType":2, "genProcessTypeName":"Forecast", "forecastTime":0, "surface1Type":100, "surface1TypeName":"Isobaric surface", "surface1Value":25000.0, "surface2Type":255, "surface2TypeName":"Missing", "surface2Value":0.0, "gridDefinitionTemplate":0, "gridDefinitionTemplateName":"Latitude_Longitude", "numberPoints":65160, "shape":6, "shapeName":"Earth spherical with radius of 6,371,229.0 m", "gridUnits":"degrees", "resolution":48, "winds":"true", "scanMode":0, "nx":360, "ny":181, "basicAngle":0, "lo1":0.0, "la1":90.0, "lo2":359.0, "la2":-90.0, "dx":1.0, "dy":1.0 }, "data":
[rows 75 to 99 of 181, columns 171 to 227 of 360]
-9.234991,-7.1349916,-4.5349913,-3.6349914,-6.2349916,-6.3349915,-5.1349916,-4.1349916,-3.5349915,-3.5349915,0.5650085,10.065008,16.765009,21.565008,19.765009,18.86501,16.265009,16.565008,13.565008,11.265009,9.965009,10.265009,10.265009,4.2650084,6.4650087,5.8650084,3.5650086,5.7650084,4.4650087,4.8650084,6.8650084,4.1650085,1.7650086,6.1650085,3.4650085,5.6650085,2.8650086,1.6650085,1.4650085,-0.23499146,-1.1349914,-2.0349915,-3.4349914,-2.4349914,-3.2349916,-1.8349915,-0.23499146,1.8650086,0.36500853,3.0650086,0.36500853,-4.5349913,-3.2349916,-1.7349914,1.8650086,0.76500857,0.86500853
-8.234991,-6.1349916,-4.4349914,-4.1349916,-8.134992,-4.9349914,-4.4349914,-2.0349915,-3.0349915,-1.3349915,5.9650087,14.065008,19.36501,19.265009,19.765009,15.865008,14.265009,16.665009,14.065008,11.065008,8.165009,8.865008,7.7650084,7.4650087,7.0650086,4.0650086,2.4650085,3.0650086,3.3650086,3.6650085,1.8650086,4.0650086,4.0650086,4.4650087,2.2650084,2.0650086,2.9650085,1.6650085,0.46500856,1.0650085,-0.034991454,-2.5349915,-2.8349915,-3.9349914,-3.8349915,-4.5349913,-3.9349914,2.8650086,2.8650086,-3.1349914,1.1650085,-4.4349914,-5.8349915,-4.0349913,-0.9349915,2.5650086,2.6650085
-7.5349913,-5.7349916,-4.8349915,-3.9349914,-4.4349914,-2.8349915,-2.2349916,0.06500854,-0.9349915,3.8650086,10.565008,16.86501,18.665009,17.065008,15.165009,13.765009,11.065008,10.665009,8.565008,8.465009,7.7650084,5.0650086,5.5650086,5.3650084,7.0650086,3.1650085,3.9650085,4.7650084,5.7650084,3.2650084,3.8650086,3.0650086,4.2650084,4.3650084,3.2650084,1.2650086,5.7650084,3.1650085,-0.53499144,-0.13499145,-0.9349915,-2.4349914,-3.1349914,-4.5349913,-5.6349916,-5.6349916,0.16500854,-0.13499145,-1.0349915,-2.2349916,-4.2349916,-8.534991,-7.5349913,-2.7349916,-1.5349915,-0.73499143,-0.034991454
-11.034991,-6.1349916,-4.5349913,-4.1349916,-2.6349914,-2.1349914,-1.4349915,1.0650085,3.0650086,8.365008,15.365008,17.065008,17.86501,13.665009,11.665009,8.265009,8.665009,7.7650084,7.3650084,8.365008,5.9650087,5.2650084,3.2650084,5.7650084,5.1650085,3.6650085,5.3650084,4.4650087,2.6650085,3.3650086,3.2650084,4.6650085,5.7650084,2.9650085,6.7650084,5.2650084,5.8650084,3.0650086,0.16500854,-1.0349915,-3.3349915,-3.0349915,-2.7349916,-4.6349916,-5.0349913,-1.6349914,-1.1349914,1.2650086,-1.9349915,-4.5349913,-2.9349914,-7.8349915,-7.5349913,-1.7349914,-0.53499144,-2.9349914,-5.6349916
-12.834991,-7.5349913,-4.9349914,-3.1349914,-0.23499146,-2.5349915,-0.43499145,0.46500856,4.2650084,12.565008,15.665009,14.965009,12.965009,7.1650085,7.0650086,8.865008,5.2650084,6.4650087,6.3650084,7.7650084,5.5650086,4.3650084,3.0650086,5.0650086,3.7650084,3.7650084,2.9650085,6.0650086,2.3650086,3.3650086,5.1650085,5.5650086,5.7650084,5.4650087,2.3650086,1.2650086,5.5650086,-0.23499146,-1.3349915,-2.9349914,-2.3349915,-2.9349914,-3.3349915,-4.7349916,-5.6349916,0.36500853,-4.2349916,-3.2349916,-3.5349915,-6.2349916,-4.5349913,-5.1349916,-5.5349913,-4.2349916,-2.9349914,-5.5349913,-5.4349914
-12.734991,-6.2349916,-5.3349915,-2.1349914,0.36500853,2.2650084,1.6650085,3.2650084,5.8650084,9.765009,10.765009,8.465009,3.6650085,5.9650087,7.3650084,4.8650084,4.9650087,5.5650086,6.0650086,3.8650086,2.5650086,2.9650085,2.6650085,2.3650086,2.5650086,3.6650085,2.0650086,3.3650086,0.86500853,4.4650087,1.7650086,2.6650085,0.36500853,1.5650085,-3.8349915,-3.7349916,-1.6349914,-1.9349915,-3.6349914,-5.1349916,-5.2349916,-4.9349914,-4.9349914,-4.4349914,-2.3349915,-4.1349916,-1.4349915,-3.6349914,-3.4349914,-5.2349916,-5.9349914,-7.3349915,-6.4349914,-6.5349913,-2.7349916,-6.0349913,-7.2349916
-5.3349915,-4.9349914,-4.0349913,-0.13499145,2.5650086,2.5650086,2.6650085,3.5650086,6.5650086,3.8650086,5.4650087,3.7650084,3.2650084,6.1650085,5.0650086,5.4650087,2.6650085,5.2650084,2.8650086,2.7650084,1.3650086,1.4650085,2.9650085,1.6650085,2.9650085,1.5650085,1.2650086,1.0650085,2.3650086,2.5650086,0.86500853,1.8650086,7.1650085,-2.5349915,4.6650085,-5.7349916,-2.0349915,-7.9349914,-6.3349915,-5.3349915,-6.2349916,-5.8349915,-5.6349916,-5.9349914,-4.2349916,-2.5349915,-4.4349914,-2.8349915,-2.0349915,-4.4349914,-6.8349915,-6.9349914,-7.2349916,-5.7349916,-4.7349916,-5.0349913,-5.0349913
-3.5349915,-2.7349916,-1.1349914,-0.73499143,3.3650086,1.9650085,6.6650085,4.1650085,0.46500856,-0.13499145,1.1650085,3.3650086,2.4650085,4.9650087,5.4650087,4.7650084,1.6650085,1.8650086,2.9650085,0.36500853,-0.63499147,1.5650085,2.0650086,3.9650085,1.6650085,-0.23499146,-0.034991454,1.3650086,0.06500854,1.5650085,-0.63499147,-2.1349914,-3.7349916,-8.634992,-4.6349916,-5.3349915,-4.6349916,-4.8349915,-7.3349915,-7.5349913,-6.9349914,-8.034991,-7.5349913,-9.234991,-3.8349915,-2.3349915,-2.7349916,-2.5349915,-3.1349914,-5.3349915,-5.6349916,-6.4349914,-6.5349913,-5.1349916,-3.2349916,-3.7349916,-1.6349914
-3.8349915,-3.0349915,-1.0349915,2.2650084,0.76500857,3.4650085,3.1650085,2.0650086,2.2650084,0.76500857,2.4650085,1.5650085,4.6650085,4.2650084,4.5650086,1.4650085,2.5650086,0.5650085,-1.8349915,-1.3349915,-1.2349914,-1.6349914,0.06500854,-0.23499146,-0.13499145,-0.53499144,0.96500856,-0.33499146,-0.13499145,-0.23499146,-3.2349916,-3.4349914,-1.5349915,-3.5349915,-4.4349914,-3.6349914,-5.0349913,-5.6349916,-5.7349916,-7.2349916,-6.9349914,-8.134992,-8.234991,-7.3349915,-4.6349916,-2.3349915,-4.9349914,-3.7349916,-4.6349916,-5.2349916,-3.4349914,-2.2349916,-3.5349915,-3.4349914,-3.4349914,-3.1349914,-2.3349915
-2.1349914,0.66500854,-1.7349914,-5.4349914,-4.3349915,1.0650085,0.16500854,1.0650085,4.5650086,5.0650086,2.4650085,1.2650086,3.3650086,4.0650086,2.0650086,1.9650085,2.6650085,-1.1349914,-2.6349914,-4.8349915,-3.8349915,-4.3349915,-2.6349914,-0.83499146,-2.9349914,-1.5349915,0.96500856,-0.83499146,1.5650085,-1.7349914,-3.1349914,-5.2349916,-5.6349916,-4.0349913,-4.5349913,-4.9349914,-5.3349915,-4.8349915,-8.534991,-6.6349916,-6.4349914,-7.7349916,-7.1349916,-6.9349914,-3.3349915,-4.3349915,-6.1349916,-4.6349916,-3.9349914,-4.2349916,-3.7349916,-3.3349915,-3.6349914,-4.1349916,-3.8349915,-3.1349914,-3.4349914
-3.6349914,-1.3349915,-7.9349914,-3.2349916,-7.3349915,-1.9349915,-1.2349914,-0.33499146,-0.33499146,3.0650086,2.3650086,1.0650085,2.0650086,3.7650084,2.3650086,2.5650086,-0.43499145,-2.8349915,-3.9349914,-3.8349915,-3.9349914,-4.1349916,-0.83499146,-3.4349914,-2.1349914,-1.4349915,-2.6349914,-1.1349914,0.46500856,1.3650086,-1.8349915,-2.9349914,-2.8349915,-2.8349915,-2.7349916,-4.4349914,-6.4349914,-7.3349915,-7.8349915,-5.8349915,-7.5349913,-9.334991,-8.934992,-5.4349914,-3.3349915,-4.0349913,-3.6349914,-1.7349914,-2.5349915,-4.0349913,-5.7349916,-4.1349916,-3.3349915,-2.7349916,-3.2349916,-1.7349914,-1.6349914
-6.6349916,-6.8349915,-6.0349913,-3.1349914,-5.1349916,-2.0349915,-2.2349916,-0.63499147,-1.2349914,1.2650086,0.96500856,2.1650085,2.5650086,1.9650085,2.5650086,1.4650085,-2.0349915,-5.8349915,-6.3349915,-6.3349915,-5.0349913,-5.7349916,-5.1349916,-5.2349916,-5.3349915,-2.4349914,-1.8349915,-0.63499147,1.6650085,2.9650085,-0.13499145,-0.73499143,-0.73499143,-1.6349914,-2.3349915,-3.8349915,-6.5349913,-7.7349916,-6.6349916,-5.0349913,-4.8349915,-7.2349916,-8.034991,-4.8349915,-3.5349915,-2.3349915,-0.83499146,-1.7349914,-4.4349914,-4.2349916,-3.8349915,-1.8349915,-0.53499144,0.46500856,0.06500854,-0.53499144,0.06500854
-11.034991,-9.234991,-5.1349916,-3.8349915,-4.2349916,-2.5349915,-2.7349916,-2.9349914,-2.6349914,0.5650085,0.46500856,2.5650086,2.1650085,2.5650086,0.96500856,-2.2349916,-4.7349916,-7.8349915,-8.134992,-4.9349914,-4.6349916,-6.4349914,-5.3349915,-5.7349916,-2.9349914,0.26500854,1.4650085,2.6650085,2.3650086,1.2650086,2.3650086,0.26500854,-0.13499145,0.16500854,-2.5349915,-4.6349916,-6.1349916,-4.7349916,-5.4349914,-5.2349916,-4.5349913,-6.2349916,-6.7349916,-3.5349915,-3.0349915,-1.1349914,0.66500854,-0.23499146,-4.2349916,-4.2349916,-4.2349916,-3.6349914,-2.5349915,-1.4349915,-1.1349914,-1.0349915,0.76500857
-10.334991,-5.4349914,-5.0349913,-4.5349913,-5.1349916,-4.0349913,-2.2349916,-2.1349914,-0.9349915,-0.73499143,-1.1349914,-0.33499146,2.5650086,1.2650086,-2.0349915,-5.0349913,-5.9349914,-7.1349916,-6.7349916,-5.4349914,-6.7349916,-8.134992,-7.0349913,-5.0349913,-2.8349915,1.8650086,2.6650085,2.8650086,0.86500853,0.5650085,1.3650086,1.3650086,-0.53499144,0.76500857,-0.23499146,-4.0349913,-5.6349916,-4.1349916,-3.9349914,-2.9349914,-2.4349914,-2.3349915,-3.3349915,-1.9349915,-0.43499145,-0.73499143,-0.034991454,-1.6349914,-2.4349914,-2.3349915,-0.33499146,0.86500853,0.46500856,0.5650085,2.2650084,2.9650085,3.9650085
-10.434992,-6.0349913,-8.034991,-8.934992,-5.1349916,-2.9349914,-3.9349914,-3.2349916,-0.63499147,0.36500853,-0.53499144,-0.43499145,1.0650085,-4.7349916,-4.7349916,-5.7349916,-5.2349916,-6.6349916,-7.5349913,-7.5349913,-6.6349916,-7.5349913,-6.6349916,-4.2349916,-1.1349914,1.2650086,3.3650086,2.5650086,1.5650085,0.66500854,1.0650085,1.6650085,2.1650085,1.6650085,-0.53499144,-1.8349915,-2.7349916,-1.5349915,-0.23499146,2.1650085,1.9650085,1.5650085,0.76500857,1.2650086,1.0650085,0.86500853,-0.33499146,-0.63499147,-2.0349915,-0.034991454,0.86500853,3.1650085,3.8650086,3.6650085,4.2650084,5.9650087,5.7650084
-7.7349916,-9.934992,-10.234991,-7.8349915,-5.5349913,-1.9349915,-5.3349915,-3.3349915,0.46500856,-1.3349915,-0.83499146,-2.2349916,-1.7349914,-5.3349915,-5.2349916,-5.7349916,-6.0349913,-5.2349916,-8.534991,-8.534991,-6.2349916,-4.6349916,-4.2349916,-2.5349915,-1.6349914,0.26500854,2.5650086,1.3650086,1.8650086,1.5650085,1.7650086,3.8650086,3.4650085,3.3650086,1.2650086,-1.8349915,-2.5349915,-1.8349915,-1.2349914,0.96500856,1.7650086,3.1650085,3.7650084,3.6650085,3.4650085,2.9650085,3.1650085,-0.13499145,-0.9349915,-1.0349915,1.0650085,4.3650084,5.2650084,6.0650086,5.9650087,7.9650087,9.565008
-13.034991,-12.434992,-9.734991,-8.934992,-6.9349914,-5.0349913,-5.2349916,-4.1349916,-3.1349914,-1.3349915,-1.1349914,-3.8349915,-4.7349916,-4.0349913,-4.5349913,-5.1349916,-5.6349916,-6.8349915,-5.1349916,-6.5349913,-4.8349915,-2.8349915,-3.9349914,-1.2349914,0.76500857,0.5650085,2.0650086,1.1650085,1.7650086,2.4650085,3.3650086,2.9650085,2.2650084,1.0650085,1.0650085,-0.9349915,-1.7349914,-2.5349915,-0.63499147,0.86500853,2.3650086,2.5650086,3.8650086,6.4650087,5.1650085,6.3650084,6.1650085,4.1650085,3.1650085,2.0650086,4.7650084,8.765009,10.065008,8.765009,8.965009,9.265009,11.165009
-13.134992,-12.134992,-11.334991,-9.434992,-8.034991,-4.0349913,-3.2349916,-2.0349915,-4.0349913,-1.4349915,-1.7349914,-4.7349916,-3.1349914,-4.8349915,-5.3349915,-5.9349914,-5.5349913,-4.5349913,-4.3349915,-3.4349914,-3.1349914,-3.9349914,-2.7349916,-1.0349915,0.76500857,1.5650085,1.2650086,1.2650086,0.16500854,1.6650085,1.6650085,1.1650085,1.7650086,0.96500856,0.16500854,-2.1349914,-3.0349915,-1.2349914,0.06500854,0.5650085,1.6650085,4.4650087,6.7650084,7.8650084,7.1650085,7.4650087,7.8650084,6.8650084,6.0650086,6.2650084,7.0650086,7.9650087,8.965009,10.365008,10.665009,10.265009,10.265009
-11.034991,-11.634992,-12.034991,-9.634992,-7.7349916,-6.8349915,-4.9349914,-4.8349915,-4.2349916,-3.0349915,-4.4349914,-3.8349915,-4.3349915,-5.1349916,-5.4349914,-3.6349914,-2.1349914,-3.7349916,-3.7349916,-3.4349914,-2.4349914,-1.3349915,-0.034991454,-0.23499146,0.66500854,1.1650085,0.26500854,-0.83499146,0.06500854,0.36500853,-0.43499145,-0.43499145,0.36500853,-0.13499145,-1.0349915,-1.7349914,-0.43499145,-0.53499144,0.46500856,2.5650086,4.2650084,4.7650084,7.1650085,7.9650087,6.9650087,8.165009,7.7650084,7.3650084,7.0650086,7.7650084,8.865008,10.965009,12.165009,12.665009,12.365008,12.265009,11.965009
-12.034991,-11.034991,-10.734991,-8.034991,-6.9349914,-7.4349914,-3.7349916,-4.5349913,-5.6349916,-5.1349916,-4.8349915,-2.7349916,-4.5349913,-6.2349916,-5.4349914,-3.0349915,-1.6349914,-2.5349915,-4.9349914,-0.53499144,-2.5349915,0.06500854,0.66500854,1.4650085,2.0650086,1.1650085,0.46500856,1.0650085,0.86500853,-0.034991454,-0.53499144,-0.33499146,-0.23499146,-1.5349915,-0.83499146,-0.53499144,-0.43499145,0.16500854,0.5650085,2.8650086,3.4650085,5.3650084,7.8650084,9.165009,8.965009,8.165009,7.7650084,7.4650087,6.6650085,7.4650087,8.565008,11.065008,12.765009,13.165009,13.665009,13.065008,12.565008
-8.434992,-9.534991,-7.8349915,-9.434992,-6.1349916,-6.8349915,-6.3349915,-5.8349915,-5.8349915,-7.2349916,-5.9349914,-5.0349913,-5.0349913,-5.8349915,-4.8349915,-2.1349914,-0.83499146,-2.8349915,-3.4349914,-0.23499146,0.86500853,0.96500856,0.26500854,0.5650085,0.66500854,0.86500853,-0.034991454,-0.83499146,-0.33499146,-1.4349915,-1.6349914,-1.6349914,-1.4349915,-1.8349915,-1.8349915,-0.9349915,-0.73499143,-1.0349915,-0.63499147,1.5650085,2.9650085,5.7650084,6.2650084,8.465009,9.465009,8.665009,8.265009,7.8650084,7.2650084,8.165009,10.365008,10.365008,11.165009,13.265009,14.265009,14.065008,13.965009
-9.434992,-9.134992,-7.2349916,-7.5349913,-5.0349913,-6.8349915,-6.2349916,-6.7349916,-5.2349916,-6.4349914,-6.6349916,-6.5349913,-6.6349916,-4.4349914,-3.6349914,-2.2349916,-2.0349915,-2.3349915,-1.2349914,-0.23499146,-0.23499146,-0.33499146,0.5650085,0.5650085,0.86500853,0.16500854,-0.33499146,-0.83499146,-1.1349914,-1.8349915,-2.7349916,-2.7349916,-2.3349915,-2.1349914,-2.2349916,-1.9349915,-0.43499145,-0.034991454,0.46500856,2.3650086,5.1650085,7.2650084,8.465009,7.3650084,9.065008,9.265009,9.465009,9.165009,8.465009,8.865008,10.565008,11.765009,12.165009,12.365008,13.465009,14.465009,15.165009
-10.034991,-9.434992,-6.1349916,-5.7349916,-4.8349915,-7.1349916,-7.8349915,-7.6349916,-6.3349915,-7.0349913,-7.9349914,-7.3349915,-8.534991,-6.1349916,-6.6349916,-4.7349916,-2.3349915,-1.6349914,-0.33499146,-0.034991454,0.5650085,1.0650085,0.26500854,-1.5349915,-0.63499147,-0.53499144,-0.63499147,-0.73499143,-1.2349914,-0.73499143,-0.83499146,-2.5349915,-2.7349916,-2.0349915,-2.2349916,-0.63499147,1.0650085,1.0650085,0.46500856,2.5650086,8.565008,9.865008,8.765009,7.4650087,9.165009,10.265009,10.965009,10.965009,9.165009,9.565008,12.965009,13.765009,13.865008,12.965009,13.465009,16.36501,17.565008
-8.534991,-8.834991,-6.9349914,-4.4349914,-4.1349916,-4.7349916,-6.8349915,-7.1349916,-8.534991,-8.534991,-8.534991,-6.5349913,-10.034991,-6.6349916,-7.2349916,-6.1349916,-2.4349914,-3.0349915,-1.6349914,-2.1349914,-1.0349915,-0.53499144,-0.9349915,-0.034991454,0.76500857,-0.13499145,-0.73499143,-0.53499144,-0.23499146,-1.1349914,-1.0349915,-1.6349914,-1.6349914,-1.5349915,-0.63499147,0.26500854,2.2650084,3.3650086,5.1650085,6.1650085,10.165009,13.465009,11.565008,9.065008,8.865008,9.865008,12.665009,11.465009,10.965009,11.465009,13.665009,15.365008,15.865008,16.165009,16.265009,16.965008,18.86501
-8.634992,-8.034991,-6.0349913,-4.1349916,-2.7349916,-6.8349915,-8.534991,-8.334991,-6.9349914,-7.7349916,-8.734991,-6.6349916,-8.634992,-7.1349916,-7.7349916,-8.834991,-6.5349913,-9.934992,-7.5349913,-4.3349915,-2.6349914,-0.63499147,1.0650085,0.76500857,2.0650086,0.46500856,-0.23499146,0.26500854,0.86500853,-0.43499145,-2.1349914,-1.5349915,-1.4349915,-0.9349915,0.26500854,0.96500856,2.9650085,4.8650084,6.2650084,9.665009,10.965009,13.865008,14.065008,14.065008,12.265009,11.965009,13.265009,12.265009,11.565008,12.165009,14.265009,15.965009,15.865008,15.665009,15.865008,17.165009,19.165009
