views/data/weather/2019/09/26/0000-wind-isobaric-500hPa-gfs-1.0.json
{"header": { "discipline":0, "disciplineName":"Meteorological products", "gribEdition":2, "gribLength":79032, "center":7, "centerName":"US National Weather Service - NCEP(WMC)", "subcenter":0, "refTime":"2019-09-26T00:00:00.000Z", "significanceOfRT":1, "significanceOfRTName":"Start of forecast", "productStatus":0, "productStatusName":"Operational products", "productType":1, "productTypeName":"Forecast products", "productDefinitionTemplate":0, "productDefinitionTemplateName":"Analysis/forecast at horizontal level/layer at a point in time", "parameterCategory":2, "parameterCategoryName":"Momentum", "parameterNumber":3, "parameterNumberName":"V-component_of_wind", "parameterUnit":"m.s-1", "genProcessType":2, "genProcessTypeName":"Forecast", "forecastTime":0, "surface1Type":100, "surface1TypeName":"Isobaric surface", "surface1Value":50000.0, "surface2Type":255, "surface2TypeName":"Missing", "surface2Value":0.0, "gridDefinitionTemplate":0, "gridDefinitionTemplateName":"Latitude_Longitude", "numberPoints":65160, "shape":6, "shapeName":"Earth spherical with radius of 6,371,229.0 m", "gridUnits":"degrees", "resolution":48, "winds":"true", "scanMode":0, "nx":360, "ny":181, "basicAngle":0, "lo1":0.0, "la1":90.0, "lo2":359.0, "la2":-90.0, "dx":1.0, "dy":1.0 }, "data":
[rows 0 to 25 of 181, columns 177 to 235 of 360]
-15.266692,-15.166692,-15.066692,-14.9466915,-14.836692,-14.716692,-14.586692,-14.456692,-14.326692,-14.186692,-14.046692,-13.896692,-13.746692,-13.596692,-13.436692,-13.266692,-13.106692,-12.926692,-12.756692,-12.576692,-12.396692,-12.206692,-12.016692,-11.826692,-11.626692,-11.426692,-11.216692,-11.006692,-10.796692,-10.586692,-10.366692,-10.146692,-9.916692,-9.6966915,-9.466692,-9.226692,-8.996692,-8.756692,-8.516692,-8.266692,-8.026691,-7.776692,-7.5166917,-7.2666917,-7.0166917,-6.756692,-6.4966917,-6.236692,-5.966692,-5.7066917,-5.4366918,-5.166692,-4.896692,-4.626692,-4.346692,-4.076692,-3.796692,-3.516692,-3.246692
-13.746692,-13.706692,-13.666692,-13.616692,-13.576692,-13.556692,-13.546692,-13.526691,-13.506692,-13.476692,-13.456692,-13.436692,-13.406692,-13.376692,-13.336692,-13.306692,-13.256692,-13.206692,-13.146692,-13.076692,-13.016692,-12.956692,-12.886692,-12.816692,-12.746692,-12.676692,-12.596692,-12.506692,-12.426692,-12.336692,-12.236691,-12.136692,-12.026691,-11.916692,-11.796692,-11.676692,-11.546692,-11.416692,-11.266692,-11.116692,-10.956692,-10.786692,-10.616692,-10.436692,-10.246692,-10.056692,-9.856692,-9.646692,-9.426692,-9.1966915,-8.9466915,-8.6966915,-8.436692,-8.166692,-7.886692,-7.606692,-7.316692,-7.0166917,-6.7066917
-13.726692,-13.666692,-13.616692,-13.576692,-13.556692,-13.526691,-13.486691,-13.456692,-13.426692,-13.376692,-13.336692,-13.326692,-13.316692,-13.316692,-13.326692,-13.366692,-13.396692,-13.436692,-13.456692,-13.476692,-13.476692,-13.486691,-13.486691,-13.496692,-13.506692,-13.506692,-13.506692,-13.506692,-13.496692,-13.476692,-13.456692,-13.426692,-13.396692,-13.366692,-13.346692,-13.316692,-13.266692,-13.226692,-13.166692,-13.106692,-13.016692,-12.906692,-12.796692,-12.646692,-12.4466915,-12.216692,-11.966692,-11.706692,-11.436692,-11.146692,-10.836692,-10.546692,-10.256692,-9.956692,-9.646692,-9.326692,-8.996692,-8.676692,-8.356692
-13.546692,-13.646692,-13.726692,-13.806692,-13.866692,-13.966692,-14.046692,-14.126692,-14.166692,-14.1966915,-14.186692,-14.146692,-14.106692,-14.066692,-14.026691,-14.016692,-14.046692,-14.096692,-14.1966915,-14.296692,-14.406692,-14.506692,-14.616692,-14.706692,-14.786692,-14.846692,-14.906692,-14.966692,-15.006692,-15.076692,-15.146692,-15.1966915,-15.256692,-15.306692,-15.376692,-15.426692,-15.406692,-15.366692,-15.306692,-15.236691,-15.146692,-15.046692,-14.936692,-14.766692,-14.566692,-14.316692,-14.026691,-13.636692,-13.226692,-12.796692,-12.366692,-11.986691,-11.616692,-11.256692,-10.906692,-10.576692,-10.216692,-9.886692,-9.536692
-12.406692,-12.646692,-12.876692,-13.096692,-13.336692,-13.576692,-13.846692,-14.126692,-14.356692,-14.546692,-14.606692,-14.596692,-14.536692,-14.476692,-14.536692,-14.6966915,-14.936692,-15.186692,-15.436692,-15.656692,-15.846692,-16.036692,-16.216692,-16.366692,-16.476692,-16.566692,-16.636692,-16.706692,-16.756691,-16.706692,-16.576693,-16.446692,-16.346691,-16.286692,-16.246693,-16.176691,-16.036692,-15.846692,-15.636692,-15.4466915,-15.286692,-15.106692,-14.896692,-14.586692,-14.156692,-13.616692,-13.056692,-12.516692,-12.056692,-11.676692,-11.366692,-11.056692,-10.756692,-10.4466915,-10.096692,-9.706692,-9.296692,-8.866692,-8.366692
-10.666692,-10.986691,-11.326692,-11.666692,-11.976692,-12.276691,-12.566692,-12.836692,-13.136692,-13.466692,-13.866692,-14.296692,-14.726692,-15.136692,-15.496692,-15.846692,-16.086693,-16.166693,-16.106691,-16.056692,-16.086693,-16.266691,-16.506691,-16.806692,-17.096691,-17.366692,-17.546692,-17.646692,-17.646692,-17.636692,-17.656693,-17.696692,-17.796692,-17.936691,-18.006691,-17.846691,-17.536692,-17.176691,-16.776691,-16.346691,-15.876692,-15.356692,-14.756692,-14.106692,-13.426692,-12.796692,-12.136692,-11.466692,-10.776691,-10.076692,-9.396692,-8.826692,-8.306692,-7.806692,-7.326692,-6.836692,-6.356692,-5.866692,-5.376692
-8.846692,-9.366692,-9.896692,-10.396692,-10.816692,-11.116692,-11.266692,-11.406692,-11.686692,-12.056692,-12.516692,-13.006692,-13.4466915,-13.796692,-14.126692,-14.546692,-15.056692,-15.586692,-16.086693,-16.536692,-16.906693,-17.136692,-17.246693,-17.366692,-17.536692,-17.766691,-18.016691,-18.206692,-18.426691,-18.696692,-18.966692,-19.206692,-19.386692,-19.356691,-19.126692,-18.816692,-18.436691,-17.906693,-17.106691,-16.146692,-15.236691,-14.436692,-13.746692,-13.156692,-12.556692,-11.816692,-11.006692,-10.1966915,-9.436692,-8.6966915,-7.986692,-7.316692,-6.576692,-5.7866917,-5.106692,-4.5166917,-4.096692,-3.726692,-3.3566918
-8.016692,-8.406692,-8.726692,-9.086692,-9.506692,-9.936692,-10.326692,-10.626692,-10.796692,-10.976692,-11.216692,-11.606692,-12.156692,-12.716692,-13.226692,-13.546692,-13.916692,-14.406692,-14.996692,-15.576692,-16.126692,-16.706692,-17.296692,-17.826693,-18.366692,-18.896692,-19.346691,-19.646692,-19.866692,-20.146692,-20.496693,-20.766691,-20.706692,-20.366692,-19.886692,-19.356691,-18.736692,-18.046692,-17.426691,-16.816692,-16.236692,-15.766692,-15.166692,-14.116692,-12.826692,-11.856692,-11.176692,-10.666692,-10.236691,-9.966692,-9.846692,-9.906692,-9.926692,-9.466692,-8.596692,-7.756692,-6.986692,-6.296692,-5.6866918
-7.696692,-7.776692,-7.946692,-8.276691,-8.686692,-9.126692,-9.586692,-9.966692,-10.256692,-10.506692,-10.6966915,-10.886692,-11.206692,-11.636692,-12.036692,-12.336692,-12.646692,-13.036692,-13.456692,-13.916692,-14.416692,-14.966692,-15.576692,-16.326693,-17.206692,-18.126692,-19.006691,-19.806692,-20.526691,-21.116692,-21.506691,-21.786692,-21.826693,-21.686691,-21.646692,-21.536692,-21.226692,-20.676691,-19.946692,-19.296692,-18.666693,-17.496693,-16.176691,-15.626692,-15.236691,-14.556692,-14.096692,-14.326692,-14.906692,-15.026691,-14.496692,-14.286692,-14.026691,-12.426692,-10.076692,-7.716692,-5.306692,-2.8466918,-0.6266919
-7.256692,-7.9766917,-8.726692,-9.406692,-9.716692,-9.756692,-9.756692,-9.816692,-9.876692,-9.856692,-9.806692,-9.856692,-9.976692,-10.206692,-10.456692,-10.646692,-10.916692,-11.306692,-11.806692,-12.306692,-12.996692,-13.736691,-14.486691,-15.116692,-15.596692,-16.156693,-16.726692,-17.416693,-18.366692,-19.406693,-20.396692,-21.346691,-22.336693,-23.346691,-23.856691,-23.626692,-23.226692,-22.656693,-22.066692,-21.366692,-20.386692,-19.416693,-18.846691,-18.616692,-18.026691,-16.946692,-16.866692,-17.966692,-18.576693,-18.916693,-18.296692,-15.736691,-12.456692,-10.136692,-8.736691,-7.5366917,-6.2266917,-5.2266917,-4.096692
-7.426692,-7.806692,-8.116692,-8.306692,-8.276691,-8.156692,-8.016692,-8.006692,-8.136692,-8.206692,-8.316692,-8.556692,-8.846692,-9.156692,-9.426692,-9.726692,-10.246692,-10.786692,-11.336692,-11.906692,-12.416692,-12.616692,-12.626692,-12.686692,-12.9466915,-13.526691,-14.376692,-15.356692,-16.216692,-16.956692,-17.626692,-18.466692,-19.586693,-20.916693,-22.136692,-23.306692,-24.306692,-24.836693,-24.356691,-23.326693,-22.646692,-21.856691,-20.966692,-20.316692,-19.906693,-19.246693,-18.786692,-19.436691,-20.796692,-21.526691,-20.626692,-16.756691,-12.796692,-12.126692,-12.506692,-11.896692,-10.356692,-7.276692,-3.556692
-7.6866918,-7.796692,-7.856692,-7.756692,-7.546692,-7.2866917,-7.126692,-7.026692,-6.946692,-6.946692,-7.086692,-7.2866917,-7.5166917,-7.796692,-8.046692,-8.296692,-8.616692,-9.026691,-9.4466915,-9.836692,-10.166692,-10.496692,-10.866692,-11.236691,-11.576692,-12.036692,-12.676692,-13.436692,-14.046692,-14.706692,-15.596692,-16.646692,-17.656693,-18.286692,-18.936691,-20.076693,-21.516691,-23.096691,-24.506691,-25.496693,-25.406693,-24.226692,-23.166693,-22.236692,-21.236692,-20.646692,-20.306692,-19.916693,-19.886692,-20.236692,-20.926691,-20.816692,-18.926691,-15.956692,-12.576692,-10.036692,-7.756692,-4.7266917,-1.6866919
-5.796692,-5.7466917,-5.636692,-5.526692,-5.416692,-5.426692,-5.506692,-5.5366917,-5.566692,-5.676692,-5.796692,-5.946692,-6.086692,-6.216692,-6.366692,-6.696692,-7.086692,-7.466692,-7.876692,-8.286692,-8.676692,-9.076692,-9.536692,-10.106692,-10.826692,-11.456692,-11.846692,-12.146692,-12.456692,-12.846692,-13.406692,-14.156692,-15.006692,-15.896692,-16.796692,-17.576693,-18.366692,-19.316692,-20.406693,-21.776691,-23.326693,-24.376692,-24.586693,-23.796692,-22.686691,-21.406693,-20.096691,-18.936691,-18.056692,-17.146692,-16.326693,-15.646692,-14.826692,-13.426692,-11.146692,-8.766692,-7.2266917,-5.526692,-4.046692
-3.8966918,-3.976692,-4.056692,-4.056692,-4.066692,-4.156692,-4.336692,-4.4966917,-4.586692,-4.666692,-4.7666917,-4.9766917,-5.1866918,-5.416692,-5.666692,-5.9566917,-6.306692,-6.7066917,-7.076692,-7.486692,-7.896692,-8.326692,-8.786692,-9.226692,-9.516692,-9.746692,-9.986691,-10.306692,-10.776691,-11.336692,-11.896692,-12.346692,-12.766692,-13.186692,-13.706692,-14.296692,-15.056692,-16.076693,-17.286692,-18.356691,-19.376692,-20.376692,-21.306692,-22.166693,-22.556692,-22.126692,-21.546692,-20.426691,-18.646692,-17.186691,-16.016691,-14.716692,-12.906692,-11.206692,-9.286692,-7.086692,-5.196692,-3.206692,-2.526692
-2.3166919,-2.246692,-2.256692,-2.436692,-2.6066918,-2.736692,-2.8766918,-3.026692,-3.1266918,-3.3566918,-3.6266918,-3.8166919,-4.0366917,-4.236692,-4.356692,-4.486692,-4.666692,-4.926692,-5.136692,-5.2266917,-5.296692,-5.5166917,-5.9366918,-6.586692,-7.396692,-8.036692,-8.506692,-8.866692,-9.206692,-9.576692,-9.996692,-10.426692,-10.786692,-11.016692,-11.176692,-11.326692,-11.616692,-12.026691,-12.586692,-13.326692,-14.076692,-14.826692,-15.556692,-16.406693,-17.406693,-18.276691,-18.776691,-18.566692,-17.326693,-15.806692,-14.406692,-12.866692,-11.356692,-9.666692,-7.876692,-5.846692,-4.146692,-2.216692,-0.056691896
-3.1266918,-2.9166918,-2.6566918,-2.466692,-2.4166918,-2.3366919,-2.196692,-2.186692,-2.246692,-2.4166918,-2.536692,-2.496692,-2.486692,-2.486692,-2.6466918,-2.8366919,-3.016692,-3.206692,-3.476692,-3.776692,-4.076692,-4.406692,-4.7466917,-5.0166917,-5.2866917,-5.506692,-5.656692,-5.796692,-5.9566917,-6.106692,-6.276692,-6.446692,-6.636692,-6.966692,-7.376692,-7.916692,-8.566692,-9.286692,-9.976692,-10.566692,-11.126692,-11.496692,-11.636692,-11.686692,-11.766692,-11.756692,-11.536692,-11.316692,-11.176692,-10.756692,-10.116692,-9.296692,-8.306692,-7.306692,-6.4966917,-5.846692,-5.106692,-4.136692,-3.3466918
-3.1366918,-2.8566918,-2.486692,-2.4066918,-2.246692,-1.8966919,-1.8466918,-2.0766919,-2.3866918,-2.436692,-2.3966918,-2.3466918,-2.256692,-2.1266918,-1.8466918,-1.736692,-1.8466918,-2.1666918,-2.5866919,-2.756692,-2.8866918,-2.9066918,-2.986692,-2.966692,-2.9166918,-2.966692,-2.976692,-3.1566918,-3.296692,-3.3766918,-3.546692,-3.776692,-4.026692,-4.2066917,-4.546692,-4.846692,-5.366692,-5.986692,-6.566692,-7.106692,-7.486692,-7.846692,-8.186692,-8.526691,-8.856692,-9.086692,-9.156692,-9.146692,-8.976692,-8.626692,-8.166692,-7.856692,-7.626692,-7.276692,-6.796692,-6.196692,-5.4566917,-4.6866918,-3.8866918
-3.1066918,-3.026692,-2.046692,-1.4466919,-1.9066919,-2.216692,-2.516692,-2.8666918,-2.786692,-2.286692,-1.486692,-0.8666919,-0.6866919,-1.0066919,-1.5266919,-1.8266919,-1.8866919,-1.8966919,-1.9466919,-2.056692,-2.1266918,-2.1366918,-2.196692,-2.176692,-1.9066919,-1.616692,-1.496692,-1.3166919,-1.2266918,-1.3066919,-1.3966919,-1.5666919,-1.7266918,-2.036692,-2.266692,-2.476692,-2.736692,-3.0666919,-3.3666918,-3.716692,-4.126692,-4.506692,-4.876692,-5.2466917,-5.666692,-5.946692,-6.076692,-6.136692,-6.156692,-6.136692,-6.0366917,-5.876692,-5.606692,-5.396692,-5.166692,-4.9766917,-4.6866918,-4.356692,-3.9166918
-2.996692,-3.296692,-2.306692,-1.9266919,-2.516692,-2.756692,-2.436692,-2.456692,-2.1166918,-1.6566919,-1.0866919,-0.9466919,-0.9966919,-2.3166919,-2.446692,-1.8366919,-0.7266919,-0.2966919,-0.82669187,-1.3166919,-1.5266919,-1.2966919,-1.0266919,-0.8466919,-0.5666919,-0.4466919,-0.4266919,-0.4166919,-0.5666919,-0.8066919,-0.9166919,-0.9966919,-1.116692,-1.246692,-1.246692,-1.0766919,-1.0766919,-1.0866919,-1.1966919,-1.5366919,-2.1166918,-2.706692,-3.1166918,-3.466692,-3.6166918,-3.806692,-3.966692,-4.056692,-4.116692,-4.2466917,-4.376692,-4.396692,-4.306692,-4.306692,-4.346692,-4.126692,-3.8666918,-3.6066918,-3.456692
-2.3266919,-1.8366919,-1.3166919,-1.1866919,-1.6766919,-2.176692,-2.5666919,-2.296692,-2.036692,-1.8166919,-1.8366919,-1.986692,-1.4766918,-1.6266919,-1.3466918,-1.2966919,-1.8266919,-0.9966919,-0.2966919,0.24330811,0.6933081,1.2033081,1.7433081,2.1333082,2.1533082,1.8933082,1.3033081,0.7633081,0.1633081,-0.3666919,-0.8966919,-1.1666919,-1.0366919,-0.9466919,-0.9666919,-0.6166919,-0.3466919,0.063308105,0.6233081,1.003308,1.1033081,0.9833081,0.4333081,-0.5566919,-1.4266919,-2.0666919,-2.3966918,-2.696692,-2.9166918,-3.0666919,-3.226692,-3.3666918,-3.5866919,-3.776692,-3.936692,-3.956692,-3.8466918,-3.986692,-4.406692
-2.486692,-2.476692,-2.446692,-2.426692,-2.6366918,-2.946692,-2.936692,-2.6066918,-1.5766919,-1.3566918,-1.0066919,-0.8666919,-1.6266919,-2.496692,-4.096692,-4.236692,-3.756692,-4.056692,-3.706692,-1.7166919,1.0733081,3.8633082,5.5433083,5.613308,5.0633082,3.8333082,2.8333082,1.5833081,0.6533081,-0.1366919,-1.0266919,-1.6566919,-1.7266918,-1.8766919,-2.296692,-1.986692,-1.6366919,-1.236692,-1.2166919,-1.2066919,-1.3566918,-0.27669188,1.2933081,1.9333081,1.3633081,-0.7166919,-2.546692,-2.3166919,-2.1266918,-2.466692,-2.8666918,-3.3166919,-3.456692,-3.4066918,-3.0866919,-2.6466918,-2.186692,-1.746692,-1.5966918
-1.8966919,-1.866692,-1.8466918,-1.9066919,-1.986692,-1.8866919,-1.5066919,-0.9666919,-0.49669188,-0.2666919,-0.23669189,-1.0666919,-3.436692,-5.656692,-6.466692,-6.336692,-6.966692,-5.056692,0.2033081,4.903308,7.393308,8.043308,8.143308,8.653308,8.643308,7.283308,5.303308,3.8733082,2.9133081,2.063308,1.4933081,1.4833081,1.253308,0.92330813,0.4233081,-0.4166919,-0.8366919,-2.056692,-3.5766919,-5.006692,-5.946692,-7.4566917,-7.9766917,-4.7066917,-1.0466919,1.4833081,-0.5466919,-1.9766918,-2.476692,-2.446692,-2.456692,-2.706692,-2.8666918,-2.556692,-1.4466919,-0.3566919,0.1933081,0.1133081,-0.2266919
-1.5166919,-1.5266919,-1.5966918,-1.496692,-1.2066919,-0.9566919,-0.7266919,-1.0666919,-1.4066919,-2.046692,-2.496692,-3.236692,-5.386692,-7.406692,-7.906692,-8.766692,-8.866692,-3.8466918,4.363308,8.063308,9.383308,10.333308,9.613308,7.5433083,6.403308,4.943308,4.113308,4.373308,4.343308,3.8933082,3.533308,3.4233081,2.9133081,1.9233081,1.253308,1.1133081,0.7433081,-1.1566919,-2.676692,-3.1466918,-4.426692,-6.4366918,-8.316692,-10.376692,-6.906692,-0.8666919,0.8233081,0.0733081,-1.2966919,-1.4466919,-1.6466919,-1.8066919,-1.8966919,-1.0166919,0.013308105,0.86330813,1.1033081,1.1033081,0.9033081
1.1133081,1.4133081,1.1033081,0.9933081,0.15330811,-0.7766919,-1.0766919,-2.026692,-2.016692,-1.9666919,-3.3866918,-5.2066917,-6.326692,-8.216692,-8.336692,-9.706692,-10.036692,-5.026692,3.323308,8.473309,8.423308,6.923308,7.303308,5.893308,4.093308,2.023308,2.753308,3.283308,3.573308,4.2133083,5.103308,4.5233083,3.5933082,2.733308,2.733308,2.003308,0.8433081,-0.6966919,-1.116692,-1.3266919,-2.6566918,-4.326692,-5.676692,-6.326692,-6.396692,-1.4266919,0.6333081,0.1433081,-0.9166919,-1.7666919,-2.0966918,-1.8566918,-0.9066919,0.8933081,0.8533081,0.8933081,1.7233081,2.1233082,2.3733082
0.053308107,-0.3866919,-0.14669189,0.0733081,-0.3866919,-0.076691896,-0.23669189,-0.8566919,-1.9066919,-2.8866918,-4.486692,-5.6866918,-7.406692,-8.796692,-8.396692,-8.756692,-10.956692,-8.526691,0.92330813,8.133308,6.913308,5.153308,3.523308,1.8433081,2.9033082,4.943308,5.623308,6.403308,7.943308,8.983308,8.743308,9.603308,7.673308,5.953308,5.323308,2.303308,-0.23669189,-0.6566919,-0.3266919,-0.3866919,-0.6266919,-1.6366919,-2.3866918,-1.996692,-1.0166919,-0.8666919,-1.496692,-2.806692,-3.716692,-4.046692,-1.9466919,-0.14669189,-0.4066919,-0.0066918945,1.6433082,3.213308,3.473308,4.2533083,5.183308
3.963308,2.783308,1.6033081,0.3433081,-0.9166919,-2.3566918,-3.246692,-3.6666918,-4.026692,-3.496692,-2.9066918,-3.8666918,-5.966692,-8.886692,-8.586692,-8.596692,-10.166692,-11.366692,-6.2266917,4.093308,2.573308,-1.4666919,-4.346692,-6.086692,-3.936692,2.693308,8.353308,13.573308,13.883308,12.223309,10.203308,7.953308,9.483308,7.623308,4.7733083,3.1633081,0.4533081,0.0733081,2.9233081,4.883308,5.413308,4.433308,2.823308,1.753308,-0.20669189,-2.266692,-3.776692,-5.336692,-3.8966918,-2.1566918,-1.3066919,-0.1566919,0.013308105,1.6933081,1.8533081,3.543308,4.143308,6.263308,7.0033083
