views/data/weather/2019/09/26/0000-wind-isobaric-500hPa-gfs-1.0.json
{"header": { "discipline":0, "disciplineName":"Meteorological products", "gribEdition":2, "gribLength":79032, "center":7, "centerName":"US National Weather Service - NCEP(WMC)", "subcenter":0, "refTime":"2019-09-26T00:00:00.000Z", "significanceOfRT":1, "significanceOfRTName":"Start of forecast", "productStatus":0, "productStatusName":"Operational products", "productType":1, "productTypeName":"Forecast products", "productDefinitionTemplate":0, "productDefinitionTemplateName":"Analysis/forecast at horizontal level/layer at a point in time", "parameterCategory":2, "parameterCategoryName":"Momentum", "parameterNumber":3, "parameterNumberName":"V-component_of_wind", "parameterUnit":"m.s-1", "genProcessType":2, "genProcessTypeName":"Forecast", "forecastTime":0, "surface1Type":100, "surface1TypeName":"Isobaric surface", "surface1Value":50000.0, "surface2Type":255, "surface2TypeName":"Missing", "surface2Value":0.0, "gridDefinitionTemplate":0, "gridDefinitionTemplateName":"Latitude_Longitude", "numberPoints":65160, "shape":6, "shapeName":"Earth spherical with radius of 6,371,229.0 m", "gridUnits":"degrees", "resolution":48, "winds":"true", "scanMode":0, "nx":360, "ny":181, "basicAngle":0, "lo1":0.0, "la1":90.0, "lo2":359.0, "la2":-90.0, "dx":1.0, "dy":1.0 }, "data":
[rows 52 to 77 of 181, columns 0 to 58 of 360]
-3.1366918,-3.756692,-3.1166918,-2.456692,-2.786692,-2.8366919,-2.676692,-2.8566918,-2.306692,-2.6366918,-2.3766918,-2.036692,-1.2066919,-0.9466919,-0.6866919,-1.2266918,-0.9466919,-0.3866919,0.7633081,0.9133081,-0.14669189,-1.5166919,-3.276692,-4.046692,-3.3866918,-2.806692,-1.9766918,-2.8566918,-4.096692,-5.006692,-4.586692,-4.926692,-5.026692,-6.2066917,-5.2466917,-3.296692,-0.27669188,2.023308,3.293308,5.2133083,7.303308,9.743308,9.473309,13.093308,9.703308,4.9833083,4.833308,3.3733082,3.543308,3.9133081,5.203308,6.723308,7.0233083,7.0233083,6.5633082,5.893308,4.143308,2.9133081,2.3433082
0.3933081,-0.116691895,-0.6666919,-0.6066919,-1.2166919,-1.0566919,-1.0766919,-1.5766919,-1.7166919,-1.9266919,-1.0666919,-1.246692,-1.1766919,-1.3366919,-1.8266919,-1.5666919,-1.7866919,-0.9766919,-0.3266919,-0.6566919,-1.0766919,-0.82669187,-2.676692,-3.3766918,-3.226692,-2.446692,-1.8266919,-2.706692,-4.6866918,-5.2866917,-5.126692,-5.796692,-5.556692,-5.646692,-5.5366917,-3.006692,0.053308107,2.1733081,4.413308,7.083308,9.263309,9.583308,9.383308,10.193308,9.993308,7.553308,4.343308,2.773308,1.2833081,3.273308,5.443308,6.4833083,7.2533083,7.243308,5.913308,5.903308,4.9833083,3.003308,0.8933081
-0.6066919,-0.7266919,-0.2466919,-1.3166919,-1.4266919,-1.3966919,-1.0466919,-1.2966919,-1.4366919,-1.9366919,-1.5266919,-1.0766919,-2.6366918,-2.026692,-1.8566918,-2.3366919,-1.6466919,-0.8166919,-1.8466918,-2.776692,-3.466692,-3.3166919,-2.516692,-1.4066919,-2.6266918,-2.956692,-2.996692,-3.446692,-4.826692,-4.9966917,-4.4966917,-4.756692,-5.0166917,-5.096692,-4.916692,-3.036692,-0.7466919,1.8033081,4.823308,6.243308,7.2933083,8.593308,9.133308,8.833308,7.433308,6.0033083,5.283308,1.2233081,1.1533082,3.233308,5.0433083,6.633308,7.593308,7.533308,6.573308,5.5233083,4.5433083,3.1633081,0.8533081
-0.026691895,-0.5166919,-1.1966919,0.3233081,0.1433081,-3.8866918,-1.4266919,0.18330811,-1.5466919,-3.696692,-2.1666918,-1.6366919,0.6533081,-0.7566919,-0.9666919,-1.4366919,-1.6266919,-1.0566919,-0.8666919,-1.3566918,-2.436692,-2.756692,-1.866692,-0.3366919,-1.6966919,-4.486692,-4.356692,-5.0166917,-5.896692,-4.736692,-3.1666918,-3.1366918,-3.716692,-3.6666918,-2.526692,-1.1066918,0.47330812,2.943308,3.533308,4.923308,7.333308,10.133308,9.493308,6.943308,5.103308,3.8933082,2.703308,2.733308,1.6533082,4.903308,4.663308,5.453308,6.353308,6.653308,5.613308,4.473308,3.573308,-0.1666919,-2.006692
0.8033081,-0.5366919,-0.8366919,-2.046692,-2.6566918,-3.436692,1.6233081,-0.3866919,-4.196692,-4.506692,-2.5866919,-1.8966919,-0.1366919,-0.9566919,-1.7166919,-0.2866919,0.25330812,0.2333081,1.8333081,-0.2266919,-1.9666919,-1.7066919,-1.0166919,0.8433081,-2.296692,-5.2666917,-6.616692,-7.556692,-6.916692,-4.396692,-3.726692,-3.0766919,-2.8966918,-2.6266918,-1.2666919,-0.1366919,1.6933081,2.273308,3.6833081,5.903308,7.803308,8.653308,5.163308,2.313308,2.503308,0.9333081,1.3233081,2.483308,3.6833081,5.333308,5.763308,5.763308,6.183308,5.763308,5.7133083,4.763308,2.243308,-0.6166919,-1.3966919
2.773308,-0.2866919,-2.1266918,-2.3866918,-3.286692,-3.236692,-0.9966919,-2.3866918,-1.616692,-3.3866918,-4.096692,-2.736692,-1.116692,-2.506692,-2.016692,-0.23669189,1.4833081,0.4233081,2.073308,0.8533081,0.2233081,-1.4066919,-1.866692,-0.4066919,-3.226692,-5.5166917,-7.846692,-8.736691,-6.416692,-4.336692,-2.536692,-0.7666919,-0.57669187,0.25330812,1.5433081,2.6233082,2.713308,2.1033082,3.463308,4.423308,4.353308,3.3533082,1.3133081,0.92330813,-0.6666919,-0.1966919,1.5333081,2.9233081,3.6233082,5.453308,5.033308,4.353308,5.573308,5.343308,4.163308,3.1233082,1.0433081,0.7533081,-0.7966919
0.5333081,-0.7066919,0.6633081,-0.5066919,-1.9466919,-0.5266919,-0.4066919,-0.46669188,-2.1366918,-2.8966918,-2.486692,-2.726692,-4.666692,-3.946692,-1.9766918,0.7633081,-1.0566919,1.2733082,2.793308,3.233308,3.043308,0.86330813,-2.946692,-4.836692,-4.446692,-5.4566917,-8.046692,-7.926692,-5.816692,-3.556692,-0.88669187,0.103308104,1.2433081,1.263308,3.073308,2.1533082,1.8633081,2.323308,3.453308,3.693308,2.8933082,2.033308,1.4033082,1.5933081,2.243308,1.6133081,1.9133081,4.703308,5.2133083,5.363308,4.363308,5.413308,4.583308,3.1733081,3.4033082,0.6433081,-0.8366919,-1.1066918,-2.986692
1.4933081,-0.0066918945,-1.8166919,-0.3166919,0.5333081,-0.4266919,-1.5766919,-1.7566919,-1.6466919,-1.3466918,-2.8766918,-3.8466918,-4.596692,-4.696692,-3.5666919,-2.216692,-1.3366919,0.5533081,1.1233081,4.883308,4.343308,1.4633081,-3.216692,-4.906692,-3.986692,-5.146692,-6.256692,-5.556692,-3.216692,-1.7766919,-0.6466919,-0.4166919,1.503308,1.7333081,0.86330813,1.4133081,3.233308,4.893308,3.3533082,5.263308,4.103308,3.1533082,1.1933081,0.7733081,1.3233081,1.8533081,4.153308,5.4833083,4.9633083,3.753308,3.743308,2.203308,2.953308,3.6733081,3.493308,0.9433081,-0.046691895,-3.1466918,-3.176692
0.5633081,-0.8466919,-1.3566918,-1.366692,-0.9066919,-2.176692,-1.9466919,-1.9666919,-2.6266918,-2.8166919,-3.5766919,-4.316692,-5.656692,-5.316692,-2.246692,-3.176692,-2.036692,0.5033081,0.8133081,3.3833082,3.953308,0.9933081,-4.296692,-5.386692,-4.5366917,-3.996692,-4.0166917,-3.986692,-3.976692,-3.006692,-1.0166919,0.2633081,0.5233081,0.6933081,2.4033082,1.6433082,4.143308,3.783308,3.3733082,2.1633081,-0.1366919,0.08330811,1.6733081,0.8233081,1.9033082,3.733308,5.803308,4.903308,2.9333081,1.6033081,1.2733082,1.5333081,2.1633081,5.513308,3.753308,0.21330811,-1.3966919,-2.4166918,-3.556692
2.533308,-1.3166919,-3.1266918,-2.1266918,-1.7066919,-3.456692,-0.8366919,-2.256692,-4.366692,-2.486692,-2.296692,-2.026692,-3.1266918,-2.4166918,-0.5566919,-1.4366919,-2.426692,-1.2166919,1.2233081,1.2433081,1.4233081,0.3733081,-3.006692,-5.4366918,-4.116692,-4.176692,-5.216692,-3.746692,-2.8966918,-2.276692,-1.1866919,0.103308104,1.3933082,1.9233081,3.553308,4.403308,3.493308,2.6833081,2.3833082,-0.8566919,-1.4266919,-2.3966918,-0.1866919,1.3733081,3.953308,4.5033083,2.963308,3.503308,1.1633081,-0.0066918945,1.3233081,2.9033082,3.6733081,2.6433082,0.9333081,2.813308,-0.1866919,-0.9066919,-3.776692
6.823308,3.463308,1.4433081,-2.5966918,-2.6566918,-2.8366919,-2.966692,-4.236692,-4.736692,-2.796692,-1.0266919,2.253308,0.5033081,-0.7466919,-2.9066918,-2.946692,-3.8466918,-2.446692,0.9333081,-0.4066919,-0.5266919,-1.2166919,-1.9366919,-2.746692,-2.3666918,-2.456692,-2.8466918,-1.9666919,-0.7566919,-1.0666919,0.1633081,0.7933081,2.8733082,3.6533082,3.6233082,2.473308,2.233308,1.6933081,0.24330811,0.4033081,-0.3466919,-0.1566919,0.4133081,0.1433081,2.243308,2.1633081,1.7133081,0.7433081,-0.4566919,2.1433082,4.203308,6.2333083,5.093308,2.6533082,2.5833082,1.5833081,-1.4466919,-2.8966918,-2.6566918
6.143308,4.5033083,1.003308,-2.176692,-2.0666919,-4.116692,-4.616692,-4.356692,-4.816692,-3.6466918,-1.3066919,0.3633081,-0.1366919,-1.5766919,-2.986692,-4.056692,-3.746692,-1.8066919,0.21330811,0.103308104,-0.7366919,-0.9966919,-2.056692,-1.496692,-1.1966919,-1.6066918,-1.2866919,-0.5966919,0.31330812,1.4533081,1.9333081,2.453308,2.313308,1.753308,2.293308,3.1233082,1.8933082,1.1633081,1.883308,0.3533081,-0.20669189,1.6833081,1.2333081,0.5833081,0.9033081,-0.4266919,-0.1866919,0.8233081,1.3733081,2.493308,4.353308,4.7533083,2.303308,1.3633081,0.7633081,-0.7466919,-0.49669188,-3.1166918,-2.966692
5.0033083,4.393308,3.0833082,0.6433081,-1.0966918,-3.766692,-4.756692,-2.806692,-4.146692,-1.1566919,-1.1266919,-0.9966919,-1.9166919,-2.216692,-2.546692,-2.496692,-3.236692,-1.5766919,-1.2266918,0.0033081055,0.013308105,-0.7966919,-1.5966918,-1.8166919,-1.996692,-1.8266919,0.3333081,2.1133082,2.053308,2.0833082,1.6833081,0.8133081,0.0733081,0.5933081,0.5133081,0.3433081,1.0533081,0.8833081,-0.5166919,3.323308,0.3933081,0.013308105,0.103308104,0.053308107,-0.7566919,-0.9366919,0.28330812,-0.026691895,0.4033081,0.92330813,2.4333081,2.523308,1.2433081,1.9133081,2.693308,2.1433082,-0.8466919,-2.686692,-2.3266919
5.0633082,6.133308,3.703308,1.1833081,0.8033081,-2.5966918,-3.506692,-2.236692,-3.6666918,-3.1466918,-2.446692,-2.3966918,-3.256692,-3.196692,-2.736692,-0.6666919,-1.6566919,-1.8066919,0.3433081,1.763308,0.92330813,-0.5666919,-1.1266919,-1.1966919,0.0733081,2.033308,2.4033082,1.633308,0.92330813,1.0633081,-0.3366919,-0.9266919,-1.1266919,-0.5566919,1.9033082,3.9333081,1.9833081,-0.20669189,1.8633081,2.313308,1.3533081,-1.1566919,-1.8166919,-2.556692,-0.2666919,-0.46669188,-2.5766919,-3.1166918,-1.4266919,1.0233082,0.8733081,1.4833081,2.773308,4.333308,3.813308,2.8633082,1.2433081,-2.286692,-3.1366918
5.223308,4.3133082,1.0733081,2.313308,-0.7466919,-0.9666919,-3.206692,-4.466692,-4.4766917,-4.356692,-3.436692,-2.3366919,-2.786692,-1.4166919,0.21330811,0.2233081,0.7533081,0.8733081,1.7233081,1.8433081,1.5933081,0.7733081,0.6333081,0.8533081,2.013308,1.7833081,0.2933081,0.4533081,0.31330812,-0.7466919,-1.3266919,-0.4066919,-1.7766919,0.0733081,2.1433082,4.7333083,3.6633081,3.463308,2.253308,1.763308,0.0733081,-2.046692,-2.926692,-4.126692,-3.3866918,-3.196692,-4.1866918,-3.266692,-1.996692,-0.14669189,1.3533081,0.3633081,-0.17669189,-0.9066919,-0.8166919,0.0733081,-0.3566919,-2.276692,-1.4466919
2.8833082,1.753308,1.0633081,0.5533081,0.8933081,-0.8666919,-2.1066918,-3.676692,-5.2066917,-4.4966917,-2.176692,-1.4266919,-0.9966919,0.1633081,0.7933081,0.9133081,0.7633081,1.6133081,1.2233081,1.8033081,1.4333081,1.4833081,0.7533081,-0.2666919,-0.8466919,0.043308105,0.2333081,-0.1366919,-1.1766919,-0.7666919,-0.2166919,-0.09669189,0.31330812,0.8133081,4.113308,4.2933083,3.723308,3.453308,2.3933082,-0.4166919,-0.4566919,-2.426692,-1.0166919,-4.256692,-4.306692,-4.086692,-4.4966917,-4.4566917,-2.196692,-1.5566919,-0.1966919,4.013308,2.6833081,3.723308,2.0933082,-0.8566919,-0.9366919,-0.6066919,-3.3566918
2.0833082,1.6233081,0.7733081,0.7333081,0.25330812,-0.3966919,-2.246692,-2.776692,-4.106692,-4.586692,-2.966692,-1.4266919,-0.3466919,-0.20669189,0.4233081,-0.17669189,0.21330811,2.973308,3.1433082,1.633308,0.8333081,0.043308105,-0.0666919,-2.006692,-1.6066918,-0.1266919,0.2233081,0.5633081,1.9633081,-0.5866919,1.3233081,3.193308,2.313308,3.6833081,4.343308,3.1733081,2.023308,-0.30669188,-0.3566919,-1.0466919,-1.6566919,-1.8466918,-2.726692,-3.016692,-4.106692,-4.846692,-6.146692,-5.396692,-3.476692,-3.306692,-0.5566919,2.1133082,4.613308,2.0833082,-0.3266919,-0.076691896,-1.3966919,-1.2866919,-1.5666919
1.1933081,1.2033081,0.013308105,0.7633081,1.3733081,-1.5466919,-2.8766918,-2.996692,-3.936692,-4.406692,-3.056692,-0.8066919,0.1133081,-1.0766919,-0.3666919,0.25330812,0.08330811,2.233308,4.643308,2.313308,0.7033081,-0.4766919,-0.8966919,-0.63669187,-0.6866919,0.2333081,1.6133081,2.9233081,2.1133082,2.0933082,3.8633082,3.8633082,3.043308,2.013308,3.8833082,1.4433081,0.9633081,-0.49669188,-1.116692,-0.0066918945,0.103308104,-1.0366919,-2.8166919,-5.4566917,-5.676692,-5.906692,-6.406692,-5.796692,-6.926692,-6.866692,0.3233081,-0.1966919,0.6533081,4.863308,2.983308,1.9733081,-0.4866919,-2.256692,-1.8466918
0.7633081,0.3033081,-1.2166919,0.13330811,-0.1266919,-2.8366919,-3.1666918,-3.6566918,-3.786692,-2.3566918,-1.116692,-0.026691895,-1.1266919,-0.9266919,-2.196692,-0.6566919,-0.5566919,-1.3566918,0.9033081,1.513308,-0.23669189,-0.6666919,-0.9066919,-2.0766919,-2.676692,1.5933081,1.3333081,3.303308,3.303308,1.9733081,2.4133081,2.203308,0.2333081,1.9533081,1.5933081,1.8533081,3.6433082,2.013308,2.8733082,2.1433082,0.4033081,-1.3566918,-3.6666918,-7.136692,-7.146692,-6.396692,-5.466692,-5.736692,-6.696692,-8.076692,-2.176692,-2.3866918,4.903308,6.073308,3.1033082,0.8733081,0.3833081,-0.3566919,-1.5666919
-0.1666919,-0.4266919,-1.3366919,-2.3466918,-2.696692,-1.5466919,-2.926692,-2.806692,-2.996692,-1.1466919,-0.9866919,-1.2066919,-1.6766919,-0.9966919,1.2733082,3.1733081,3.523308,2.953308,3.303308,1.4033082,0.4933081,-0.3566919,-0.6866919,-3.1666918,-0.7266919,0.7333081,2.6133082,3.983308,2.763308,0.6433081,-1.8266919,-1.246692,-1.0066919,-0.1266919,-1.6566919,2.313308,4.083308,2.723308,1.1233081,0.67330813,-0.036691893,-1.8866919,-4.916692,-6.2066917,-5.136692,-6.7066917,-6.196692,-5.896692,-7.346692,-7.526692,-4.046692,-1.4166919,3.513308,6.033308,3.0933082,0.5033081,-0.3966919,-0.7666919,-1.4266919
-1.6266919,-2.216692,-2.786692,-2.936692,-2.686692,-3.0766919,-3.196692,-2.0666919,-1.8166919,-1.5166919,-1.7166919,-1.3766919,-0.7766919,0.7633081,2.4033082,1.6133081,1.4433081,2.243308,1.3533081,-0.09669189,-1.0366919,-1.3466918,-1.0266919,-4.096692,-2.5966918,-0.6666919,2.253308,0.9033081,0.7433081,-2.1266918,-1.4466919,-1.1666919,-1.7266918,-1.9366919,-1.5766919,-0.2966919,1.0733081,0.3633081,-1.1366919,-1.1566919,-1.246692,-2.506692,-5.506692,-4.806692,-5.776692,-5.2066917,-6.056692,-6.796692,-6.416692,-4.4366918,-3.436692,-0.30669188,1.1233081,4.533308,2.793308,0.3633081,0.4133081,-0.4066919,-1.1766919
-1.486692,-2.8966918,-4.066692,-4.856692,-4.736692,-4.066692,-3.256692,-3.3666918,-2.9066918,-1.0066919,-0.9066919,-0.4266919,0.6233081,-0.016691895,-1.9066919,-0.9966919,0.7133081,0.6833081,0.3633081,-2.3266919,-2.516692,-3.246692,-4.0166917,-3.3766918,-1.8966919,-1.9466919,0.093308106,0.12330811,-1.246692,-1.9266919,-2.3666918,-3.8866918,-4.156692,-2.3566918,-3.186692,-1.0766919,-2.3766918,-1.5466919,2.523308,1.2933081,-1.4266919,-1.246692,-2.256692,-4.576692,-2.736692,-5.336692,-5.416692,-4.736692,-4.086692,-4.276692,-3.1566918,-2.206692,0.3933081,3.003308,1.7433081,-0.0666919,0.12330811,1.2733082,0.9433081
-0.1666919,-1.8266919,-2.8666918,-4.626692,-5.2066917,-4.796692,-5.526692,-3.946692,-3.056692,-2.026692,-2.546692,-2.286692,-1.1366919,-0.4166919,-1.5966918,2.1033082,0.8533081,1.0233082,0.5833081,-2.266692,-4.676692,-4.4366918,-0.8166919,-1.9066919,-4.166692,-3.506692,-2.006692,-1.0266919,-1.6666919,-2.8966918,-5.4566917,-5.2866917,-5.676692,-3.546692,-1.8366919,-5.066692,-2.5866919,-0.14669189,-0.27669188,1.2833081,2.4033082,0.103308104,-2.8566918,-4.0166917,-4.376692,-3.3566918,-2.026692,-3.736692,-4.066692,-3.1166918,-3.6266918,-3.8866918,-1.5566919,0.5233081,0.5633081,-0.1966919,0.7133081,1.5433081,2.213308
-1.8066919,-2.3966918,-3.6266918,-4.526692,-4.826692,-3.986692,-4.236692,-4.166692,-4.356692,-4.2266917,-3.8766918,-3.536692,-1.8066919,-1.366692,-2.8966918,0.2633081,0.3833081,0.21330811,-0.7266919,-3.8266919,-3.6266918,-1.8766919,-0.1666919,-1.0566919,-2.186692,-2.546692,-2.1366918,-2.756692,-3.796692,-4.086692,-5.506692,-3.796692,-2.6366918,-4.386692,-3.186692,-0.27669188,1.0933081,-1.8466918,0.8833081,1.1033081,-1.1366919,-1.4066919,-1.6566919,-3.1266918,-3.236692,-2.056692,-0.1866919,-1.0166919,-1.366692,-2.526692,-3.746692,-2.5766919,-1.6466919,-1.0166919,-0.8166919,-0.5666919,0.5433081,1.4233081,0.2333081
-2.186692,-1.8166919,-2.496692,-4.276692,-4.986692,-4.826692,-5.296692,-5.056692,-6.216692,-6.356692,-5.256692,-5.216692,-3.5666919,-1.8366919,-1.5966918,0.6433081,2.203308,1.5633081,2.013308,2.223308,1.263308,-1.9566919,-1.996692,-1.8366919,-2.6466918,-3.256692,-3.956692,-3.936692,-3.176692,-5.646692,-5.2666917,-4.9566917,-5.6866918,-5.666692,-4.1866918,-1.6466919,-1.996692,-0.9666919,-1.1566919,0.3533081,-1.1366919,-1.1266919,-1.0566919,-2.3666918,-2.446692,-1.1766919,-1.7866919,-0.5566919,-1.7666919,-2.1066918,-1.1866919,-2.8866918,-1.2966919,-0.46669188,-0.7166919,-1.5266919,-0.4466919,-0.2466919,0.8433081
-2.1566918,-3.556692,-5.386692,-5.136692,-4.666692,-4.166692,-5.136692,-4.666692,-3.4066918,-4.636692,-5.296692,-5.316692,-4.446692,-2.996692,-0.026691895,1.2333081,4.0633082,2.943308,1.0833081,0.2733081,0.5433081,0.0033081055,1.253308,-2.286692,-3.1266918,-4.466692,-6.486692,-4.366692,-3.006692,-3.006692,-3.8366919,-2.226692,-1.8066919,-2.8566918,-4.656692,-2.046692,-3.4066918,-0.9566919,-1.6566919,0.1433081,-2.526692,-2.1266918,-1.0966918,-3.6366918,-4.7466917,-3.436692,-1.3066919,-2.1566918,-2.236692,-2.176692,-1.6666919,-2.526692,-1.6366919,-0.7966919,-1.8566918,-3.0666919,-2.4166918,-2.676692,1.133308
