views/data/weather/2019/09/26/0000-wind-isobaric-1000hPa-gfs-1.0.json
{"header": { "discipline":0, "disciplineName":"Meteorological products", "gribEdition":2, "gribLength":80964, "center":7, "centerName":"US National Weather Service - NCEP(WMC)", "subcenter":0, "refTime":"2019-09-26T00:00:00.000Z", "significanceOfRT":1, "significanceOfRTName":"Start of forecast", "productStatus":0, "productStatusName":"Operational products", "productType":1, "productTypeName":"Forecast products", "productDefinitionTemplate":0, "productDefinitionTemplateName":"Analysis/forecast at horizontal level/layer at a point in time", "parameterCategory":2, "parameterCategoryName":"Momentum", "parameterNumber":3, "parameterNumberName":"V-component_of_wind", "parameterUnit":"m.s-1", "genProcessType":2, "genProcessTypeName":"Forecast", "forecastTime":0, "surface1Type":100, "surface1TypeName":"Isobaric surface", "surface1Value":95000.0, "surface2Type":255, "surface2TypeName":"Missing", "surface2Value":0.0, "gridDefinitionTemplate":0, "gridDefinitionTemplateName":"Latitude_Longitude", "numberPoints":65160, "shape":6, "shapeName":"Earth spherical with radius of 6,371,229.0 m", "gridUnits":"degrees", "resolution":48, "winds":"true", "scanMode":0, "nx":360, "ny":181, "basicAngle":0, "lo1":0.0, "la1":90.0, "lo2":359.0, "la2":-90.0, "dx":1.0, "dy":1.0 }, "data":
[rows 26 to 51 of 181, columns 118 to 176 of 360]
2.5697925,3.7597926,5.4997926,7.8697925,10.199793,10.5597925,10.709792,10.779793,9.8497925,7.5397925,3.1597924,1.5697925,-0.24020752,0.4997925,0.9197925,0.24979249,1.2097925,0.79979247,2.6997924,3.6397924,2.5797925,0.93979245,0.119792484,0.13979249,-1.3202075,-1.7402076,-0.21020752,-3.5102074,-2.6302075,-1.9502075,-3.5802076,-4.1502075,-3.0002074,-8.730207,-6.8702073,-4.0102077,-8.560207,-3.1302075,-4.1502075,-3.6602075,-2.3902075,-2.0302076,-1.9802076,-3.8802075,-2.2802076,-3.8802075,-5.5702076,-4.5002074,-3.1702075,-4.1702075,-8.550207,-6.5102077,-5.8202076,-2.2202075,-1.0702075,-2.0902076,-0.88020754,0.09979248,2.9197924
2.7397926,5.9997926,9.189793,10.659793,10.979793,10.329792,9.729793,9.839792,8.199793,6.9097924,4.7197924,2.3297925,1.3097925,1.6697925,0.31979248,-0.10020752,0.54979247,1.3997924,2.5397925,3.5997925,0.40979248,0.119792484,-0.07020752,0.12979248,-0.88020754,-3.4602075,-2.9202075,-0.6102075,-6.2202077,-3.6402075,-3.5602076,-4.5402074,-4.6802077,-5.8802075,-6.7902074,-6.2102075,-6.8302073,-4.2402077,-7.8202076,-4.5102077,-4.1602077,-4.6902075,-6.8502073,-7.0502076,-5.5402074,-9.610208,-8.100207,-6.2102075,-9.550207,-10.930207,-6.3302073,-5.8902073,-1.3002075,-0.23020752,-1.4402075,-2.1202075,-2.0402076,-2.7002075,-1.0902076
4.8997927,7.8097925,7.7397923,7.7497926,7.1597924,7.9897923,8.069793,6.7497926,6.3297925,6.3997927,5.4297924,3.7597926,2.3997924,1.8497925,0.61979246,0.26979247,-0.33020753,-0.020207519,2.4997926,0.5697925,-0.5402075,-1.6202075,-1.9202075,-2.4802074,-5.1302075,-4.5302076,-4.8302073,-3.7302074,-5.8402076,-5.7302074,-5.4302077,-3.3302076,-4.7902074,-3.2902076,-5.6102076,-6.0602074,-5.7002077,-5.1402073,-5.8702073,-4.4302077,-6.4302077,-10.9002075,-15.290208,-8.580208,-6.2902074,-14.300207,-13.560207,-12.230207,-10.700208,-8.550207,-3.0102074,2.3797925,-2.4902074,-1.6202075,-2.0302076,-0.70020753,-0.2802075,0.18979248,1.9697925
6.3797927,7.4597926,7.4197927,8.639792,6.5297923,5.5297923,6.5997925,5.2897925,6.0597925,6.0997925,4.8597927,3.5297925,2.7697926,1.9097924,1.0197924,0.22979248,-1.0602075,-1.6902075,-0.10020752,-0.4702075,-0.15020752,-1.1702075,-2.1202075,-4.6102076,-3.9102075,-6.1602077,-4.9902077,-7.9102077,-6.5002074,-7.0402074,-6.1402073,-6.1602077,-4.5002074,-4.1402073,-6.1102076,-5.0802073,-5.3602076,-4.5302076,-6.5102077,-14.530208,-19.540207,-21.720207,-9.800207,-9.370208,-16.540207,-13.460208,-11.980207,-5.6802077,-4.9702077,-2.3402076,-1.1002076,-0.07020752,-1.3902075,0.29979247,-1.8002075,5.0097923,7.8197923,7.8997927,8.179792
4.7697926,4.8597927,7.1797924,5.9797926,4.9197927,3.8997924,4.2597923,3.3597925,2.4997926,2.8197925,3.7997925,3.0797925,1.6597924,1.4697925,-0.01020752,-0.17020752,-0.6102075,-1.3502076,-0.9202075,-0.16020752,-2.5602076,-0.4702075,-2.3002076,-5.6502075,-2.4802074,-11.530208,-5.6202073,-4.9302077,-7.5702076,-6.7402077,-9.830208,-8.360208,-4.4202075,-5.1402073,-6.5002074,-6.2602077,-5.0802073,-10.870208,-19.430208,-21.150208,-18.230207,-17.720207,-17.640207,-16.790207,-6.4202075,-4.4202075,-1.5802075,3.3597925,7.6997924,8.579792,10.489793,11.719792,12.0597925,12.919792,12.839792,11.889792,8.999792,13.649793,16.299793
1.3297925,3.1197925,2.7997925,3.4797926,4.4697924,2.0397925,3.2297926,2.9797926,2.1597924,1.8297925,2.3497925,3.1697924,1.0497925,0.20979248,0.29979247,0.13979249,-0.12020752,-1.3702075,-2.0802076,-1.9202075,-2.7902076,-6.3802075,-6.6502075,-1.8502076,-9.000208,-14.820208,-8.090207,-4.5202074,-9.550207,-10.600207,-5.8202076,-7.6702075,-10.840207,-8.580208,-3.8102076,-7.6302075,-12.6502075,-20.320208,-21.400208,-21.440208,-21.750208,-21.670208,-16.410208,-3.2702074,-4.5202074,-4.3902073,3.3697925,8.699793,11.569793,12.989793,14.129792,15.079792,15.259792,14.439793,14.049792,13.459792,12.489793,10.8097925,10.109793
2.7497926,2.6197925,4.5197926,3.4197924,3.8997924,4.3097925,2.5497925,4.1897926,7.6497927,3.0197926,3.3397925,0.6397925,0.41979247,1.8697925,1.0197924,0.8997925,-0.40020752,-1.4702076,-2.9602075,-2.4802074,-1.8402076,-8.450208,-9.310207,-9.760207,-8.720207,-11.540208,-9.990208,-5.9402075,-8.790208,-7.2902074,-6.4502077,-9.700208,-11.020207,-8.850207,-11.120208,-16.590208,-19.560207,-21.340208,-22.400208,-21.650208,-21.170208,-15.550207,-8.730207,-5.6202073,-12.980207,-0.87020755,8.769793,13.629792,17.119793,17.659792,17.329792,17.259792,17.219793,16.229792,14.469792,13.329792,11.8497925,10.489793,9.5597925
1.5297924,2.6297925,2.0397925,1.1797925,2.3297925,3.9497924,1.2197925,1.1797925,1.0497925,1.5597925,1.2197925,2.5497925,1.1197925,1.4297925,0.7797925,-0.3502075,-0.45020753,-0.6602075,-1.5802075,-2.3402076,-3.9202075,-7.0302076,-6.8502073,-10.280208,-10.550207,-10.660208,-10.450208,-8.110208,-9.850207,-8.540208,-8.120208,-9.550207,-10.140207,-12.810207,-16.880207,-19.900208,-20.520208,-21.030207,-20.760208,-15.990208,-6.8902073,-1.3902075,-1.9402075,-0.42020753,-2.1102076,9.769793,14.5997925,16.289793,19.229792,20.329792,18.469793,18.299793,17.649792,16.609793,15.139792,13.419792,11.799792,10.819793,10.239793
0.9497925,1.0997925,0.93979245,2.5697925,1.3297925,0.5097925,1.1597924,2.2697926,1.1197925,-0.3202075,-0.6602075,-1.0602075,0.06979248,-1.0102075,-0.43020752,0.5697925,-1.0502075,-4.5302076,-5.9302077,-4.8202076,-7.2002077,-9.550207,-13.4402075,-8.970207,-9.6502075,-9.550207,-10.020207,-10.1902075,-10.310207,-9.960208,-10.280208,-11.680207,-13.350207,-16.760208,-19.270208,-20.240208,-19.850208,-17.750208,-14.760207,-8.160208,0.01979248,-1.1102076,4.1097927,2.8397925,0.41979247,9.499792,13.249792,17.129793,19.259792,18.119793,17.969793,18.659792,18.249792,17.159792,15.029793,13.739793,12.739793,10.669792,9.279793
0.43979248,0.43979248,0.34979248,0.4597925,0.32979247,2.2997925,2.2097924,0.41979247,0.19979247,-0.9902075,-0.9602075,-0.7102075,0.28979248,-0.09020752,-1.7902075,-0.48020753,-0.11020752,-1.4002075,-1.7202076,-5.1702075,-7.2902074,-8.360208,-10.560207,-11.360208,-8.600207,-9.290208,-9.880207,-10.520207,-11.4402075,-11.630207,-12.100207,-14.080208,-15.790208,-18.090208,-19.520208,-19.280207,-18.770208,-16.970207,-11.330208,1.2497925,-0.01020752,6.4497924,0.15979248,0.3697925,5.8597927,13.159793,15.029793,16.219793,16.549793,16.839792,16.779793,17.299793,16.319792,15.999792,14.5997925,12.989793,11.969792,10.919792,9.0597925
2.0097926,1.4297925,1.1397924,0.37979248,-0.3202075,-0.15020752,1.1097925,0.19979247,0.16979247,-0.46020752,-1.1402075,-1.9902076,-0.9602075,-1.4902076,-0.5902075,2.3597925,1.5797925,-0.9802075,-4.3102074,-8.310207,-11.310207,-9.540208,-4.4502077,-10.4402075,-10.210208,-9.570208,-10.870208,-10.950208,-11.660208,-12.6502075,-12.500208,-15.120208,-17.060207,-19.190208,-19.590208,-18.360207,-16.600208,-8.720207,-4.4002075,-0.6502075,1.4797925,-1.8202075,-1.8102075,4.2097926,7.6597924,11.819793,14.769793,15.459792,15.989793,15.179792,14.659793,16.949793,16.339792,13.949793,12.3497925,12.699793,10.899793,11.609793,10.509792
0.03979248,-0.050207518,0.3697925,0.6097925,0.9497925,1.0797925,2.4097924,4.3297925,0.87979245,-1.4802076,-2.6902075,-1.2902075,-1.8802075,1.4297925,1.6897925,0.6697925,0.5797925,-0.39020753,-1.5302075,-0.050207518,-1.4802076,-5.2102075,-6.6202073,-5.7002077,-8.210208,-10.510207,-11.460208,-11.040208,-11.590207,-12.540208,-13.260207,-14.4402075,-16.100208,-18.900208,-19.700207,-18.570208,-12.710208,-11.450208,-6.9002075,-7.1902075,-0.7702075,-3.2502074,-3.6002076,1.4997925,9.429792,14.039792,16.359793,16.509792,15.329792,14.319793,13.679792,15.479793,14.719792,12.639792,12.799792,10.009792,13.109793,12.279793,11.219792
1.7697924,1.8897924,2.5497925,1.6397924,1.8397925,1.7997925,1.5697925,1.5597925,2.6397924,-0.03020752,-1.6502075,-4.4002075,-1.5102075,1.4897925,0.5197925,0.20979248,-0.4102075,0.07979248,0.32979247,-0.62020755,1.4097924,-5.2002077,-5.5502076,-4.2702074,-5.6002073,-5.7302074,-9.120208,-11.570208,-10.290208,-12.000208,-12.910208,-14.130207,-15.700208,-17.200207,-18.630207,-17.600208,-12.570208,-12.800207,-9.790208,-3.1502075,-2.4802074,-11.770207,-2.5802076,7.1697927,11.0997925,18.159792,19.769793,19.159792,16.779793,14.089792,11.329792,14.269793,13.409793,12.229793,13.389792,12.669792,13.069793,11.919792,11.209792
1.6797925,2.1997924,2.0297925,2.1397924,1.2797924,1.1297925,0.4697925,0.7097925,1.3197925,0.73979247,-1.2502075,-2.8002076,-1.7002075,-0.43020752,0.07979248,0.03979248,-0.5402075,0.3397925,1.1997925,0.8297925,1.0097924,-2.4502075,-4.7002077,-7.0402074,-7.1302075,-2.6902075,-8.780208,-11.070208,-12.080208,-11.450208,-12.060207,-13.260207,-14.780208,-15.290208,-15.960208,-15.4402075,-12.540208,-12.580208,-14.180207,-10.840207,-2.9302075,-0.14020751,8.759792,11.389792,13.519793,16.439793,20.879793,19.309792,16.409792,12.819793,9.889792,12.239793,11.479793,9.569793,9.909793,11.779793,12.859793,12.179792,11.279793
1.2397925,1.6397924,1.8397925,1.9597925,1.6397924,1.1197925,0.5897925,2.5397925,1.8297925,1.0397925,0.20979248,0.3397925,0.13979249,-0.95020753,-0.42020753,-1.1802075,-1.2502075,-0.14020751,0.17979248,4.0297923,1.0497925,-0.95020753,-1.9002075,-5.8002076,-7.7802076,-7.1802077,-2.8702075,-5.0702076,-9.430207,-10.090207,-11.600207,-13.170208,-14.120208,-13.910208,-13.010207,-13.260207,-12.100207,-11.610208,-7.5302076,-5.1002073,-0.9202075,3.2797925,6.8297925,10.439793,13.519793,17.579792,18.319792,16.379793,14.009792,11.219792,8.009792,9.539792,9.789792,5.6197925,3.7597926,20.029793,15.509792,13.189793,11.429792
4.2097926,5.8297925,2.3997924,1.8097925,1.3297925,0.5797925,1.8497925,3.5597925,3.8197925,1.6997925,2.0497925,2.3197925,0.13979249,-2.1702075,-2.3502076,-4.7702074,-11.210208,-2.3902075,1.4497925,4.8097925,0.3397925,-1.1602075,-2.8602076,-3.8002076,-7.1002073,-5.1502075,-5.5702076,-6.3502073,-5.5202074,-8.100207,-9.230207,-10.320208,-10.710208,-11.310207,-10.9402075,-10.660208,-10.590207,-8.720207,-5.7902074,-2.9502075,-0.30020753,3.4197924,7.2197924,10.949793,13.629792,14.339792,13.619793,12.519793,10.819793,8.759792,6.5197926,7.7897925,5.7897925,-0.20020752,15.889792,16.019793,14.429792,13.219792,9.979793
5.8897924,6.7297926,2.9897926,1.2997925,0.4997925,1.1797925,2.5097926,3.1597924,3.3997924,1.7597924,1.6197925,1.0697925,0.8497925,-3.1002076,-5.5502076,-6.3102074,-4.7202077,-2.4002075,3.4497924,0.4997925,-0.20020752,-0.56020755,-2.3202076,-4.2502074,-1.6602075,-3.6602075,-5.5102077,-5.3402076,-6.7402077,-6.1502075,-6.1402073,-7.1302075,-8.180207,-8.200208,-8.460208,-8.000208,-6.7902074,-5.3902073,-3.9002075,-1.2302076,1.6097925,4.1197925,6.6597924,8.879792,9.359793,9.159793,9.509792,8.929792,7.8197923,6.6797924,3.9097924,4.9797926,0.34979248,7.7497926,15.589792,16.289793,14.169792,11.499792,9.0997925
5.9997926,4.9797926,1.4997925,1.1197925,0.47979248,0.08979248,2.2297926,2.7697926,2.8797925,2.0597925,1.3797925,0.29979247,0.23979248,-1.0102075,-3.0202074,-4.3302073,-4.0302076,1.0397925,1.2797924,-0.57020754,-1.3102075,-3.3002076,-1.9902076,-1.3002075,-1.5002075,-0.8502075,-3.3302076,-5.1002073,-6.4002075,-5.8102074,-5.7102075,-5.3402076,-5.9502077,-6.9702077,-7.1502075,-6.1702075,-5.7202077,-4.7002077,-3.0202074,-1.0502075,1.2197925,3.6297925,4.5097923,5.4397926,6.2597923,6.5497923,6.3897924,5.4897923,4.8797927,2.9797926,2.5697925,2.5097926,-3.4102075,6.9497924,12.449793,13.409793,10.959792,9.719792,8.789792
4.2197924,2.6797924,0.8997925,0.03979248,-1.5902076,-2.0302076,-0.6502075,0.93979245,2.7497926,3.2597926,3.3797925,1.1397924,0.119792484,-0.08020752,-1.1702075,-1.5902076,-0.11020752,1.3297925,-0.39020753,-0.12020752,-2.9002075,-0.6402075,-1.1802075,-2.0102074,-1.7502075,-1.5702075,-1.8302075,-2.2302074,-5.0502076,-5.1802077,-4.6202073,-4.5202074,-4.7502074,-5.5602074,-5.8602076,-4.2202077,-3.4702075,-2.6002076,-2.3502076,-1.3802075,0.3097925,1.9497925,3.6397924,4.6497927,4.2597923,3.4297924,2.6397924,2.3097925,1.7397925,0.9197925,1.2197925,0.08979248,-4.1802077,3.4597924,8.539792,9.839792,9.439793,7.5597925,6.4197927
5.4997926,1.9297925,-0.30020753,-0.43020752,-2.6902075,-3.0802076,-2.6402075,-0.13020752,2.7097924,6.2897925,6.0897923,-0.4402075,0.9097925,-0.27020752,-1.4702076,0.28979248,1.4197925,0.67979246,-1.1502075,-2.6302075,-1.1602075,0.47979248,-0.46020752,-2.1602075,-1.4502075,-3.3802075,-2.9202075,-4.5802073,-3.0702076,-2.7402074,-3.5602076,-2.7202075,-2.3802075,-1.9202075,-2.1602075,-2.2002075,-2.0502076,-1.5002075,-1.0102075,-0.19020753,0.99979246,1.3497925,1.9397925,1.3597925,0.8497925,0.15979248,0.05979248,-2.0751954E-4,-0.40020752,-0.6602075,-2.1802075,-5.1302075,-0.2502075,4.7297926,4.3197923,6.5997925,6.6897926,7.0897923,5.1897926
-0.13020752,-0.33020753,0.29979247,-3.0102074,-2.4302075,-2.6502075,2.6697924,5.4397926,6.7897925,5.2997923,-0.07020752,2.5397925,1.6197925,0.35979247,2.2697926,2.0097926,0.4597925,-0.43020752,-0.23020752,-0.09020752,-0.5202075,0.04979248,4.2597923,-0.8402075,-1.8902075,1.0497925,-4.7802076,-2.8602076,-0.18020752,1.8097925,1.9497925,-0.6002075,-1.8902075,-1.6602075,-0.8402075,-1.5002075,-1.5502075,-1.8102075,-2.0802076,-1.2702075,-0.46020752,-1.1202075,-0.9702075,-0.8402075,-1.7902075,-1.6202075,-1.8102075,-1.5402075,-2.4502075,-3.8502076,-5.4102077,-2.6602075,0.24979249,2.9997926,2.5897925,4.8697925,4.3297925,4.6297927,4.0797925
1.3897924,-0.2502075,-3.2002075,-0.81020755,1.6597924,5.4097924,10.489793,7.9897923,6.5397925,4.0197926,1.8697925,0.48979247,-0.21020752,-0.43020752,0.43979248,1.2497925,0.41979247,4.1897926,2.6497924,0.6697925,1.3697925,3.7697926,4.7797923,-0.14020751,-2.9102075,-3.7902076,-0.4702075,2.3197925,4.0097923,-0.42020753,-0.07020752,-1.3102075,-2.0102074,-1.7202076,-1.8002075,-2.7302074,-4.3202076,-4.4402075,-3.4902074,-2.0402076,-2.2302074,-2.2802076,-1.9602075,-1.9602075,-2.4102075,-2.1802075,-2.7902076,-3.8402076,-4.3902073,-6.2702074,-2.1102076,-2.7602074,0.29979247,-0.17020752,0.3397925,3.0297925,3.9397924,4.4897923,4.3397923
0.13979249,0.41979247,0.73979247,4.5197926,7.0397925,8.749792,6.8897924,4.0197926,1.7297925,1.9097924,1.1097925,2.2597926,2.2597926,0.67979246,0.99979246,2.6097925,3.0097926,2.7497926,2.4397924,1.3897924,1.8197925,2.4297924,2.0597925,-1.0602075,-4.0002074,-4.6402073,-1.8702075,1.5097924,-1.6402075,-1.0602075,-1.5202075,-2.5002074,-2.4102075,2.2897925,2.2497926,-1.7502075,-3.1902075,-5.6602077,-5.2802076,-4.3602076,-3.1302075,-2.5102074,-2.0502076,-2.3202076,-2.9202075,-3.8902075,-3.5202074,-4.5802073,-4.8602076,-2.9902074,-4.7302074,-3.3102076,-1.0302075,-1.9402075,-0.22020751,2.2497926,3.5497925,5.1397924,4.7997923
-0.7902075,0.41979247,1.6597924,6.3197923,5.5997925,4.1497927,1.5497925,0.6597925,-0.3202075,0.43979248,-0.09020752,-0.9802075,2.2597926,5.1297927,4.9897923,5.6997924,4.9097924,3.3097925,2.4197924,1.0797925,1.5597925,2.7097924,1.7697924,-0.39020753,-3.0502076,-3.7902076,-3.6802075,-4.4802074,-3.7402074,-2.3202076,-2.4002075,-0.30020753,1.6897925,1.2697924,1.1497924,-2.3902075,-4.3802075,-6.4202075,-6.5602074,-5.1802077,-3.6302075,-1.8602076,-2.0302076,-2.5002074,-4.0802073,-4.6202073,-4.2702074,-3.8002076,-4.1602077,-4.3202076,-4.5902076,-4.2502074,-2.3102076,6.7297926,9.709792,7.3897924,3.7197924,2.7397926,4.6897926
1.8597925,1.0197924,2.6197925,3.0397925,5.0797925,2.2997925,1.9497925,0.18979248,-1.8702075,-0.4402075,0.3697925,3.8597925,4.5397925,5.8197923,5.4497924,5.0497923,4.6997924,3.4097924,2.6297925,0.62979245,-0.01020752,-0.21020752,-0.51020753,-0.14020751,-1.1902075,-3.3302076,-4.0702076,-5.4102077,-5.3002076,-3.5102074,-2.3602076,-1.6602075,-1.3002075,-1.4502075,-1.8402076,-3.1402075,-4.9402075,-3.9102075,-2.3302076,-3.1602075,-3.0702076,-3.3602076,-4.5202074,-4.7102075,-5.2502074,-3.7702074,-3.1902075,-4.8402076,-2.4202075,-4.5702076,-1.8802075,-0.4402075,1.9597925,4.8797927,6.4497924,5.6697927,5.0797925,3.3297925,2.4797926
0.24979249,-0.70020753,-0.2902075,2.2797925,2.9297924,2.3397925,1.5397925,1.8597925,2.0897925,1.4697925,1.9297925,4.9797926,5.9697924,5.4197927,4.5097923,4.0197926,3.0397925,3.2997925,2.9897926,1.4497925,-0.16020752,-1.1202075,-1.1302075,-1.0502075,-0.3802075,-1.9202075,-1.0102075,-5.1402073,-5.9702077,-4.3802075,-3.7702074,-2.5702076,-3.5802076,-4.2502074,-4.2402077,-2.7402074,-2.6002076,-3.1202075,-3.2502074,-4.8402076,-5.9002075,-5.0202074,-4.5102077,-0.9102075,-3.5702076,-4.7602077,-3.5902076,-2.3602076,-1.5502075,1.3797925,2.3697925,2.3997924,3.5397925,4.5197926,3.9897926,3.5297925,3.9797926,3.0297925,7.5197926
