views/data/weather/2019/09/26/0000-wind-isobaric-500hPa-gfs-1.0.json
{"header": { "discipline":0, "disciplineName":"Meteorological products", "gribEdition":2, "gribLength":77571, "center":7, "centerName":"US National Weather Service - NCEP(WMC)", "subcenter":0, "refTime":"2019-09-26T00:00:00.000Z", "significanceOfRT":1, "significanceOfRTName":"Start of forecast", "productStatus":0, "productStatusName":"Operational products", "productType":1, "productTypeName":"Forecast products", "productDefinitionTemplate":0, "productDefinitionTemplateName":"Analysis/forecast at horizontal level/layer at a point in time", "parameterCategory":2, "parameterCategoryName":"Momentum", "parameterNumber":2, "parameterNumberName":"U-component_of_wind", "parameterUnit":"m.s-1", "genProcessType":2, "genProcessTypeName":"Forecast", "forecastTime":0, "surface1Type":100, "surface1TypeName":"Isobaric surface", "surface1Value":50000.0, "surface2Type":255, "surface2TypeName":"Missing", "surface2Value":0.0, "gridDefinitionTemplate":0, "gridDefinitionTemplateName":"Latitude_Longitude", "numberPoints":65160, "shape":6, "shapeName":"Earth spherical with radius of 6,371,229.0 m", "gridUnits":"degrees", "resolution":48, "winds":"true", "scanMode":0, "nx":360, "ny":181, "basicAngle":0, "lo1":0.0, "la1":90.0, "lo2":359.0, "la2":-90.0, "dx":1.0, "dy":1.0 }, "data":
[rows 0 to 25 of 181, columns 180 to 239 of 360]
-6.5069995,-6.7669997,-7.0269995,-7.2869997,-7.5369997,-7.7869997,-8.037,-8.287,-8.526999,-8.766999,-9.007,-9.247,-9.476999,-9.707,-9.936999,-10.157,-10.377,-10.596999,-10.816999,-11.026999,-11.226999,-11.436999,-11.636999,-11.837,-12.026999,-12.216999,-12.407,-12.587,-12.766999,-12.947,-13.117,-13.276999,-13.447,-13.606999,-13.757,-13.907,-14.056999,-14.197,-14.337,-14.466999,-14.596999,-14.726999,-14.846999,-14.957,-15.066999,-15.176999,-15.276999,-15.377,-15.466999,-15.556999,-15.636999,-15.716999,-15.787,-15.856999,-15.926999,-15.976999,-16.036999,-16.087,-16.126999,-16.167
-4.5669994,-4.7669997,-4.9669995,-5.2069993,-5.4469995,-5.6569996,-5.8669996,-6.0669994,-6.3469996,-6.5569997,-6.7669997,-6.9669995,-7.1969995,-7.4469995,-7.6569996,-7.8669996,-8.106999,-8.346999,-8.507,-8.747,-8.947,-9.146999,-9.346999,-9.547,-9.726999,-9.947,-10.146999,-10.346999,-10.617,-10.816999,-11.016999,-11.266999,-11.497,-11.716999,-11.926999,-12.197,-12.396999,-12.596999,-12.827,-13.077,-13.297,-13.497,-13.697,-13.896999,-14.096999,-14.297,-14.497,-14.676999,-14.877,-15.077,-15.197,-15.396999,-15.596999,-15.776999,-15.896999,-16.087,-16.196999,-16.387,-16.497,-16.637
-0.6669995,-0.95699954,-1.2369995,-1.5569996,-1.8769995,-2.2569995,-2.5869994,-2.9669995,-3.2669995,-3.5669994,-3.8669996,-4.0969996,-4.3669996,-4.6669993,-4.8869996,-5.1669993,-5.4069996,-5.7069993,-5.9069996,-6.1769996,-6.3969994,-6.6669993,-6.8669996,-7.1669993,-7.3969994,-7.6869993,-7.9669995,-8.306999,-8.667,-8.966999,-9.266999,-9.566999,-9.877,-10.226999,-10.547,-10.837,-11.087,-11.396999,-11.676999,-11.966999,-12.266999,-12.526999,-12.766999,-13.007,-13.287,-13.507,-13.787,-14.007,-14.266999,-14.476999,-14.697,-14.966999,-15.167,-15.377,-15.596999,-15.806999,-16.007,-16.267,-16.497,-16.687
2.3730004,2.1730006,1.8830005,1.6630005,1.3730005,1.0530005,0.72300047,0.3430005,-0.04699951,-0.35699952,-0.7469995,-1.0569996,-1.4369996,-1.7269995,-2.0669994,-2.3269994,-2.5769994,-2.8269994,-2.9469995,-3.1469996,-3.3569994,-3.6469996,-3.9369996,-4.2369995,-4.5969996,-4.9569993,-5.4069996,-5.8569994,-6.3169994,-6.8069997,-7.2169995,-7.6069994,-8.016999,-8.457,-8.896999,-9.297,-9.606999,-9.917,-10.216999,-10.426999,-10.716999,-10.9869995,-11.197,-11.497,-11.797,-12.096999,-12.447,-12.707,-12.907,-13.117,-13.327,-13.627,-13.837,-14.066999,-14.327,-14.556999,-14.846999,-15.047,-15.247,-15.447
3.0030005,3.0630004,3.0630004,3.1430006,3.1630006,3.1030004,2.9430006,2.6330004,2.2430005,1.8230004,1.4230005,1.0830005,0.7530005,0.3830005,0.0030004883,-0.41699952,-0.8169995,-1.2169995,-1.5169995,-1.7269995,-2.0069995,-2.2869995,-2.6069994,-2.9069996,-3.2269995,-3.5369995,-3.9169996,-4.3469996,-4.7769995,-5.0769997,-5.3469996,-5.6769996,-6.1069994,-6.6269994,-7.1469994,-7.5869994,-7.8669996,-8.096999,-8.367,-8.606999,-8.917,-9.176999,-9.457,-9.747,-9.947,-10.047,-10.146999,-10.146999,-10.247,-10.276999,-10.377,-10.476999,-10.547,-10.646999,-10.707,-10.707,-10.667,-10.627,-10.587,-10.447
3.8830004,3.6830006,3.4930005,3.3330004,3.1930006,3.0930004,3.0030005,2.9230006,2.8930006,2.8830004,2.7930005,2.7930005,2.7830005,2.5830004,2.2830005,1.8830005,1.4230005,0.9830005,0.6230005,0.2830005,-0.016999511,-0.3369995,-0.7869995,-1.1069995,-1.4069995,-1.8069996,-2.2169995,-2.5469995,-2.8069994,-3.1069994,-3.5069995,-4.0069995,-4.4969997,-4.8069997,-5.1969995,-5.5069995,-5.9069996,-6.2069993,-6.3069997,-6.4169993,-6.5469995,-6.6169996,-6.7169995,-6.7169995,-6.7169995,-6.7169995,-6.8169994,-6.8169994,-6.8169994,-6.7169995,-6.6169996,-6.6169996,-6.6169996,-6.6069994,-6.5069995,-6.5069995,-6.3969994,-6.2069993,-6.1069994,-5.9169993
4.6830006,4.3130007,3.9830005,3.7430005,3.8030005,4.0430007,4.2530003,4.2430005,4.0430007,3.8430004,3.6730006,3.5430005,3.5430005,3.5430005,3.5430005,3.4430006,3.2930005,2.9930005,2.7130005,2.4830005,2.2630005,1.9330004,1.4530005,0.9230005,0.36300048,-0.15699951,-0.5569995,-1.0969995,-1.7569995,-2.2069995,-2.4569995,-2.7169995,-2.9569995,-3.0569994,-3.2169995,-3.6569996,-3.9569995,-4.0569997,-4.3569994,-4.6569996,-4.9269996,-5.1569996,-5.3969994,-5.6469994,-5.8969994,-5.9969997,-6.0969996,-6.2569995,-6.3569994,-6.3969994,-6.4969997,-6.5969996,-6.7169995,-7.0269995,-7.4969997,-7.9669995,-8.507,-8.957,-9.257,-9.436999
5.9030004,5.8030005,5.8030005,5.8030005,5.7030005,5.7030005,5.7030005,5.8030005,5.8030005,5.5030003,5.0030003,4.5130005,4.5030003,4.5930004,4.7030005,4.8030005,4.8530006,5.0030003,5.0030003,4.9030004,4.9030004,4.9030004,4.6030006,4.0730004,3.6030004,3.1730006,2.8130004,2.6030004,2.3030005,1.8030005,1.2030005,0.60300046,0.09300049,-0.5569995,-1.2169995,-1.7669995,-2.3969996,-2.6969995,-2.8969996,-3.2769995,-3.7369995,-4.0869994,-4.5369997,-5.2969995,-6.0469995,-6.6969995,-7.3569994,-8.106999,-8.856999,-9.617,-9.997,-10.297,-10.596999,-10.926999,-11.377,-11.837,-12.096999,-11.856999,-11.497,-11.096999
7.6030006,7.5530005,7.6030006,7.5630007,7.3630004,7.1530004,6.9130006,6.6130004,6.4430003,6.3630004,6.2030005,6.1530004,6.2430005,6.4430003,6.6030006,6.7530003,6.7630005,6.7630005,6.6130004,6.4130006,6.2830005,6.2630005,6.4430003,6.6030006,6.7530003,6.7730007,6.6030006,6.5630007,6.2730007,5.5730004,4.7230005,3.8930006,3.0630004,2.4830005,2.0030005,1.4430004,0.78300047,0.12300049,-0.6169995,-1.1769996,-1.7069995,-2.2669995,-3.0269995,-3.9269996,-4.7869997,-5.5369997,-6.1669993,-6.6969995,-7.7369995,-8.596999,-8.867,-8.9869995,-8.686999,-8.167,-7.9369993,-7.7469997,-7.7569995,-7.9669995,-8.216999,-8.266999
9.493,9.143001,8.793,8.393001,8.193001,8.103001,8.123,8.233001,8.333,8.333,8.233001,8.133,8.023001,8.103001,8.243,8.403001,8.403001,8.223001,8.023001,7.9230003,7.9130006,8.003,8.103001,8.203,8.203,8.123,8.213,8.5130005,8.903001,9.023001,8.733001,7.9830003,7.2430005,6.0230007,4.9130006,4.2530003,3.6030004,2.6930006,1.9030005,1.2530005,0.8830005,0.15300049,-0.9269995,-1.7669995,-2.3169994,-2.6669996,-3.3069994,-4.2669997,-5.0669994,-5.0469995,-4.9669995,-5.2969995,-5.9469995,-6.8069997,-7.6669993,-8.4869995,-9.077,-9.297,-9.386999,-9.077
8.063001,8.463,8.903001,9.283001,9.563001,9.863001,10.093,10.243,10.173,10.103001,9.963,10.003,10.063001,10.043,9.983001,9.883,9.713,9.533001,9.173,8.933001,8.683001,8.923,9.433001,9.843,9.893001,9.743,9.393001,9.333,9.643001,10.163,10.463,10.623,10.723001,10.683001,10.293,9.193001,7.8530006,6.6530004,5.8830004,5.2230005,4.3730006,3.5230005,2.6630006,1.9730005,1.6630005,1.4630005,1.3430005,0.8230005,-0.3369995,-1.3569995,-1.9869995,-3.1169996,-3.8369994,-3.9369996,-3.4969995,-3.0469995,-2.6169996,-2.2869995,-1.9169995,-1.7269995
8.113001,8.113001,8.143001,8.403001,8.663,8.943001,9.123,9.223001,9.433001,9.623,9.723001,9.843,10.093,10.273001,10.373,10.453,10.553,10.673,10.863001,10.983001,11.073001,11.073001,11.173,11.163,10.813001,10.883,11.183001,11.303,11.113001,10.583,10.213,10.443001,11.003,11.603001,11.713,11.913,12.113001,11.773001,11.233001,10.413,9.2630005,8.203,7.4430003,6.6930003,6.0430007,5.6730003,5.8030005,6.3630004,6.7430005,6.7430005,5.8930006,4.4630003,3.8930006,3.8730004,4.2630005,4.6530004,5.0430007,5.2130003,5.0130005,4.9230003
3.2930005,3.5730004,3.9630005,4.3230004,4.6630006,4.9630003,5.2830005,5.6330004,5.9630003,6.2130003,6.3630004,6.5230007,6.7530003,7.0230007,7.2630005,7.5930004,7.8230004,8.023001,8.223001,8.423,8.603001,8.663,8.463,8.423,8.693001,8.963,9.293,9.703,10.193001,10.493,10.693001,10.733001,10.803,11.163,11.603001,12.103001,12.723001,13.273001,13.883,13.973001,13.553,13.113001,12.573001,11.5130005,10.723001,10.343,9.843,9.773001,10.143001,10.143001,10.673,11.553,12.483001,13.303,13.373,13.233001,13.0130005,12.543,12.153001,10.343
-1.6569995,-1.5369995,-1.4269996,-1.2269995,-1.0169995,-0.58699954,-0.23699951,0.04300049,0.2630005,0.4430005,0.6230005,0.91300046,1.1530005,1.4430004,1.7830005,2.2430005,2.7130005,3.1730006,3.4730005,3.8030005,4.1730003,4.4930005,4.8830004,5.2930007,5.6730003,6.0430007,6.3130007,6.5130005,6.8130007,7.2930007,7.7930007,8.203,8.723001,9.283001,9.833,10.383,11.033001,11.783001,12.443001,13.473001,14.773001,15.503,15.823001,15.663,14.943001,14.423,13.933001,13.203,12.523001,12.483001,12.463,12.003,11.923,12.293,12.803,12.773001,12.483001,12.963,14.663,16.333
-5.3769994,-5.3769994,-5.3769994,-5.3769994,-5.3769994,-5.2069993,-4.9769993,-4.6569996,-4.3269997,-3.9769995,-3.6569996,-3.2869995,-2.9569995,-2.6569996,-2.3569994,-2.0569994,-1.8369995,-1.7269995,-1.6769996,-1.7269995,-1.8269995,-1.7069995,-1.1569995,-0.4269995,0.3230005,1.0930005,1.6830004,2.0730004,2.3930006,2.8230004,3.3430004,4.0030003,4.7530003,5.3930006,6.0230007,6.5730004,7.0230007,7.4930005,7.9730005,8.823001,9.913,11.223001,12.643001,13.963,14.833,15.523001,16.373001,16.433,16.443,16.693,17.053001,17.573,18.403,18.753,18.443,17.693,17.203001,16.613,15.873,14.583
-8.287,-8.386999,-8.457,-8.356999,-8.257,-8.066999,-7.8869996,-7.7869997,-7.6869993,-7.4969997,-7.3869996,-7.1469994,-6.9469995,-6.6469994,-6.4469995,-6.2469997,-6.0169997,-5.7169995,-5.4869995,-5.1869993,-4.8069997,-4.3769994,-3.8169994,-3.1869996,-2.5369995,-1.9069995,-1.2969995,-0.7269995,-0.16699952,0.21300049,0.7030005,1.0430005,1.3830005,1.5430005,1.6930004,2.0930004,2.5930004,3.0730004,3.3030005,3.9030006,4.9730005,6.1330004,7.0930004,8.183001,9.003,9.823001,10.623,11.303,11.883,12.333,12.723001,12.953,13.083,13.193001,13.173,13.373,13.373,13.113001,12.873,12.953
-8.686999,-8.806999,-8.747,-8.566999,-8.686999,-9.007,-9.316999,-9.497,-9.537,-9.186999,-8.867,-8.566999,-8.346999,-8.136999,-7.9469995,-7.7369995,-7.5769997,-7.1269994,-6.6669993,-6.1869993,-5.8769994,-5.3869996,-4.9869995,-4.5869994,-4.2769995,-3.9369996,-3.5969994,-3.1869996,-2.9169996,-2.6769996,-2.1669996,-1.6569995,-1.0869995,-0.44699952,0.1930005,0.8330005,1.5730004,2.2230005,2.9630005,3.6030004,4.1230006,4.6930003,5.2430005,5.8930006,6.5830007,7.3330007,7.9430003,8.553,9.193001,9.923,10.433001,10.773001,11.133,11.083,10.753,9.943001,8.733001,8.503,8.453,8.223001
-5.9569993,-6.3569994,-7.0669994,-7.5669994,-8.066999,-8.327,-8.226999,-8.257,-8.117,-7.4969997,-7.0069995,-6.7769995,-6.6569996,-6.6269994,-6.4669995,-6.2969995,-6.0369997,-5.7669997,-5.4869995,-4.9369993,-4.3569994,-3.7869995,-3.3569994,-2.9069996,-2.6969995,-2.3669996,-2.1269996,-1.8269995,-1.3969995,-1.1069995,-0.6869995,-0.4069995,0.07300049,0.46300048,0.9330005,1.3830005,1.8830005,2.4530005,2.9830005,3.5030005,4.0530005,4.6930003,5.1730003,5.9530005,6.4430003,6.9630003,7.6830006,8.193001,8.553,8.993,9.413,9.683001,9.983001,10.103001,9.863001,9.533001,9.353001,9.133,8.903001,8.793
-4.6669993,-4.8469996,-4.8369994,-4.7369995,-4.3269997,-3.8769996,-3.5469995,-3.4569995,-3.5369995,-3.9169996,-4.1669993,-4.1869993,-3.2369995,-1.9869995,-1.3169996,-1.6669995,-2.3969996,-2.8469994,-2.8669996,-2.3769996,-1.8069996,-1.2869995,-0.6569995,-0.02699951,0.6130005,1.1530005,1.5230005,1.9230005,2.3130004,2.6130004,3.0230005,3.3430004,3.6630006,4.0430007,4.6730003,5.3330007,6.1730003,6.9030004,7.4130006,7.6030006,7.6830006,7.6930003,7.7130003,7.9130006,7.9430003,7.9730005,7.9130006,8.123,8.423,8.443001,8.643001,8.933001,8.953,9.153001,9.313001,9.433001,9.523001,9.413,9.023001,8.903001
-0.4869995,-0.4869995,-0.8269995,-1.0169995,-1.2069995,-0.9769995,-0.8169995,-0.7669995,-0.35699952,-0.036999512,0.30300048,0.6330005,-0.06699951,-1.5769995,-1.8969995,-1.9869995,-2.3669996,-2.7569995,-2.9669995,-2.8269994,-2.2769995,-1.2869995,-0.4869995,0.20300049,0.5730005,0.7630005,1.0130005,0.9030005,0.7330005,0.8430005,0.8830005,0.7430005,0.4530005,0.3230005,0.2630005,0.6530005,1.4630005,2.5530005,4.0930004,5.8330007,7.1330004,7.8930006,8.383,8.7630005,9.273001,9.883,10.633,11.343,11.903001,12.403001,12.873,13.253,13.523001,13.963,14.483001,14.873,14.873,15.023001,13.783001,12.083
-0.09699951,-0.10699951,-0.09699951,0.1630005,0.1930005,0.5630005,0.49300048,0.79300046,1.3230004,1.6930004,1.6630005,0.33300048,-0.9469995,-1.7969995,-3.5869994,-4.3969994,-3.9069996,-1.9969995,1.2430005,4.2930007,6.5230007,8.443001,9.673,11.123,12.753,14.253,15.283001,16.323,17.463001,18.413,19.353,19.603,19.423,18.003,16.503,15.103001,13.303,11.413,8.753,6.3130007,5.5930004,6.0930004,7.2530003,7.8130007,7.6030006,7.6030006,7.8130007,7.8130007,7.9130006,7.7130003,7.8130007,8.113001,8.403001,8.933001,9.583,10.043,10.983001,11.753,12.303,12.953
1.8530005,2.3330004,2.8030005,3.1030004,3.4230006,3.7830005,4.2230005,4.6930003,4.1230006,2.9830005,1.5030005,1.0030005,0.54300046,-0.83699954,-1.4969995,-0.64699954,1.6330005,3.7630005,4.8130007,5.5130005,6.2530003,7.9330006,8.323001,8.713,8.843,9.313001,9.933001,10.393001,10.443001,10.643001,11.343,12.173,12.703,12.893001,14.213,15.273001,14.873,14.163,14.293,13.193001,10.503,7.7930007,6.5830007,7.0430007,7.9230003,8.103001,7.9230003,7.7530003,8.053,8.663,9.123,9.403001,9.823001,10.463,10.653001,10.783001,11.243,11.553,11.803,12.003
7.8030005,8.353001,8.5130005,7.8630004,7.0130005,6.7130003,7.2230005,7.0030003,6.0630007,4.5330005,3.4130006,3.0130005,3.1130004,2.1330004,1.8130004,1.7130005,2.6930006,2.3730004,3.2130005,4.1130004,4.1130004,3.3730004,3.7730005,3.8730004,3.8730004,4.6130004,5.2630005,6.0630007,7.0530005,8.223001,9.163,9.273001,8.673,9.033001,9.483001,10.133,10.783001,11.073001,10.773001,9.883,9.503,8.803,7.3130007,6.0130005,6.3830004,7.4030004,7.6530004,8.193001,8.553,8.893001,9.463,10.223001,10.973001,11.593,12.093,12.483001,12.873,13.303,13.413,12.963
8.203,8.853001,9.113001,8.203,8.953,9.803,9.523001,8.383,8.113001,7.8930006,6.2630005,5.4330006,5.9330006,5.4830003,4.3730006,3.1030004,2.1130004,2.4230006,2.4930005,1.6730005,0.9630005,-0.18699951,-0.8669995,-1.4869995,-0.9769995,-0.95699954,-0.18699951,1.4630005,2.1830006,2.4230006,3.4530005,4.6230006,4.4830003,3.8330004,3.1630006,2.9930005,3.0430005,3.1630006,3.6230004,4.9830003,6.4630003,6.3430004,7.4930005,7.6130004,8.553,7.6430006,7.6230006,7.2830005,7.0830007,7.9130006,8.353001,8.623,8.663,9.073001,10.113001,11.153001,12.663,13.783001,14.533001,14.883
10.273001,10.373,9.893001,9.753,9.833,10.143001,9.713,10.0130005,9.613001,8.913,8.603001,8.333,8.633,8.063001,6.9630003,4.7330003,5.0930004,2.4530005,0.4530005,-1.1369995,-3.6369996,-5.9569993,-7.6169996,-6.8469996,-6.0669994,-5.1069994,-3.7269995,-2.9469995,-2.9069996,-1.7869995,-1.2269995,-1.9569995,-2.3769996,-2.0369995,-1.5569996,-1.5169995,-1.1569995,-0.6669995,-0.09699951,1.9530005,5.3730006,8.453,9.723001,9.123,8.283001,6.2530003,5.2930007,5.9030004,6.3030005,6.8130007,7.0630007,7.3130007,7.0730004,7.5930004,8.523001,9.623,11.243,12.753,13.663,14.173
12.673,13.183001,14.543,14.883,14.083,13.833,12.643001,11.243,11.5130005,11.733001,11.003,10.993,10.533001,10.403001,10.443001,7.7330003,4.2930007,2.0530005,-0.52699953,-4.9169993,-8.306999,-9.056999,-11.306999,-13.367,-14.617,-13.877,-10.636999,-7.1269994,-6.3969994,-6.4869995,-4.9969997,-3.2369995,-2.6969995,-3.1569996,-3.7169995,-1.3469995,0.42300048,2.4330006,3.9530005,4.8230004,5.7130003,6.8030005,6.4130006,6.0730004,5.5230007,5.8030005,6.5230007,6.0030003,5.5130005,5.5430007,6.1330004,5.9030004,6.4930005,6.3030005,6.0830007,6.5030003,8.0130005,9.143001,10.293,11.043
