views/data/weather/2019/09/26/0000-wind-isobaric-500hPa-gfs-1.0.json
{"header": { "discipline":0, "disciplineName":"Meteorological products", "gribEdition":2, "gribLength":77571, "center":7, "centerName":"US National Weather Service - NCEP(WMC)", "subcenter":0, "refTime":"2019-09-26T00:00:00.000Z", "significanceOfRT":1, "significanceOfRTName":"Start of forecast", "productStatus":0, "productStatusName":"Operational products", "productType":1, "productTypeName":"Forecast products", "productDefinitionTemplate":0, "productDefinitionTemplateName":"Analysis/forecast at horizontal level/layer at a point in time", "parameterCategory":2, "parameterCategoryName":"Momentum", "parameterNumber":2, "parameterNumberName":"U-component_of_wind", "parameterUnit":"m.s-1", "genProcessType":2, "genProcessTypeName":"Forecast", "forecastTime":0, "surface1Type":100, "surface1TypeName":"Isobaric surface", "surface1Value":50000.0, "surface2Type":255, "surface2TypeName":"Missing", "surface2Value":0.0, "gridDefinitionTemplate":0, "gridDefinitionTemplateName":"Latitude_Longitude", "numberPoints":65160, "shape":6, "shapeName":"Earth spherical with radius of 6,371,229.0 m", "gridUnits":"degrees", "resolution":48, "winds":"true", "scanMode":0, "nx":360, "ny":181, "basicAngle":0, "lo1":0.0, "la1":90.0, "lo2":359.0, "la2":-90.0, "dx":1.0, "dy":1.0 }, "data":
[rows 78 to 103 of 181, columns 60 to 119 of 360]
-5.2769995,-6.6369996,-8.676999,-7.4369993,-7.7169995,-5.1769996,-3.0869994,-2.2269995,-2.1769996,-3.2769995,-1.9969995,-0.3069995,0.7030005,-4.2369995,-6.5169997,-9.276999,-6.5569997,-8.407,-6.9269996,-7.1169996,-6.0969996,-7.2769995,-6.5369997,-6.7369995,-7.2669997,-6.9769993,-7.7969995,-8.917,-7.1169996,-6.8669996,-7.5169997,-7.7769995,-7.8969994,-7.3169994,-7.6169996,-7.6569996,-7.6569996,-8.327,-8.056999,-8.657,-9.007,-8.837,-10.146999,-10.197,-9.947,-10.106999,-8.226999,-7.0569997,-7.0769997,-8.337,-8.867,-9.127,-9.646999,-10.167,-10.776999,-10.596999,-11.407,-11.676999,-11.636999,-11.157
-3.2569995,-4.3369994,-3.9169996,-5.2669997,-4.2569995,-2.4169996,-0.5769995,-2.5769994,-4.9469995,-2.1769996,-1.5869995,0.6730005,-0.5169995,-2.3569994,-8.697,-7.7569995,-5.3469996,-4.1569996,-3.5969994,-4.0369997,-6.9869995,-8.337,-8.037,-7.6169996,-7.1969995,-7.8869996,-9.087,-9.627,-9.037,-8.816999,-8.596999,-9.547,-9.417,-9.337,-10.276999,-10.297,-10.417,-11.327,-11.726999,-11.346999,-10.4869995,-10.247,-10.356999,-9.346999,-9.896999,-9.136999,-8.226999,-7.5069995,-7.1769996,-8.596999,-9.136999,-9.386999,-9.617,-9.596999,-11.2369995,-10.846999,-12.207,-13.297,-13.466999,-13.167
0.6130005,-0.44699952,-1.0569996,-1.7169995,-1.2769995,0.013000488,-0.036999512,-2.5069995,-3.3869996,-4.7669997,-0.4069995,0.27300048,-0.08699951,0.2830005,-2.9569995,-3.1869996,1.7930005,-0.5169995,-4.3569994,-7.8969994,-8.157,-8.417,-6.6869993,-7.7669997,-7.6969995,-8.676999,-9.007,-10.726999,-9.587,-9.337,-10.026999,-10.766999,-11.216999,-11.797,-11.587,-10.417,-11.257,-12.247,-13.867,-10.947,-10.877,-10.966999,-9.627,-9.997,-9.856999,-9.297,-9.846999,-8.7369995,-8.356999,-9.327,-10.096999,-10.276999,-10.037,-10.457,-11.197,-10.976999,-13.426999,-14.026999,-14.096999,-13.507
1.5630004,1.6830004,1.9030005,0.8330005,0.78300047,1.6530005,2.4930005,2.8830004,5.5930004,7.5630007,4.3330007,6.5330005,3.7130005,3.1530006,5.0230007,2.5730004,1.0830005,0.6830005,-3.1169996,-10.766999,-9.957,-9.276999,-8.537,-9.867,-9.2369995,-9.396999,-9.766999,-10.537,-9.676999,-10.066999,-10.697,-10.337,-10.766999,-10.676999,-10.697,-9.636999,-11.417,-11.2369995,-14.287,-12.447,-11.716999,-10.2369995,-10.577,-10.896999,-9.797,-9.997,-9.667,-8.886999,-8.346999,-9.297,-9.936999,-10.556999,-11.127,-10.676999,-11.066999,-10.377,-12.697,-13.657,-13.297,-13.386999
3.1030004,2.4630005,3.0530005,3.4030006,3.4330006,3.9130006,3.6930006,8.723001,10.873,11.323001,11.833,11.203,9.403001,7.8130007,6.2830005,7.0530005,3.6230004,-0.21699952,-11.096999,-11.596999,-9.7369995,-10.297,-10.287,-9.716999,-9.726999,-10.646999,-10.526999,-10.806999,-9.566999,-9.7369995,-9.356999,-9.316999,-8.867,-9.867,-10.457,-10.077,-10.577,-12.497,-12.497,-13.056999,-10.947,-10.707,-9.917,-9.997,-10.396999,-9.997,-9.627,-10.026999,-10.216999,-11.407,-11.207,-11.077,-11.167,-11.747,-10.877,-11.337,-12.157,-12.396999,-12.026999,-11.957
2.7730005,4.1430006,3.0630004,2.4530005,3.3530004,4.1130004,5.6730003,8.303,8.733001,10.303,11.973001,12.253,12.643001,13.663,8.723001,5.8530006,0.07300049,-3.9369996,-15.846999,-11.947,-7.8769994,-10.526999,-9.426999,-10.096999,-11.007,-11.306999,-10.707,-9.476999,-9.466999,-10.016999,-9.596999,-9.846999,-9.226999,-9.537,-9.9869995,-10.377,-12.117,-12.276999,-13.146999,-12.726999,-11.417,-9.797,-9.176999,-9.596999,-9.136999,-10.026999,-10.207,-11.176999,-10.377,-10.837,-11.846999,-11.466999,-11.396999,-12.226999,-11.386999,-12.526999,-13.266999,-13.4869995,-11.947,-11.337
3.3430004,3.8730004,3.8130004,3.3530004,3.7730005,4.0030003,5.4530005,6.8030005,8.023001,10.883,11.243,11.7630005,12.333,13.463,8.583,6.6330004,1.9030005,-1.3769995,-7.4269996,-14.346999,-10.026999,-10.556999,-11.197,-11.976999,-10.526999,-11.106999,-10.627,-9.766999,-8.657,-10.947,-10.596999,-11.096999,-11.066999,-10.157,-10.627,-11.827,-11.327,-13.167,-12.2369995,-11.577,-10.056999,-11.606999,-10.707,-11.676999,-10.066999,-9.867,-10.417,-12.096999,-11.747,-11.346999,-12.186999,-11.257,-10.526999,-10.497,-11.216999,-11.846999,-13.106999,-12.587,-11.776999,-12.226999
2.7030005,3.0630004,3.0930004,2.4630005,2.9930005,2.8630004,5.5730004,6.9530005,9.123,10.883,11.683001,10.003,11.613001,7.1530004,0.42300048,-1.4269996,-6.4769993,-12.606999,-11.117,-8.856999,-12.096999,-12.436999,-11.016999,-12.516999,-12.457,-13.047,-11.396999,-11.297,-8.787,-10.207,-10.776999,-11.176999,-11.367,-11.327,-11.117,-11.766999,-10.386999,-11.617,-13.176999,-12.596999,-9.9869995,-11.266999,-11.547,-11.476999,-10.806999,-9.667,-11.497,-11.226999,-12.226999,-12.726999,-12.047,-11.726999,-10.466999,-10.146999,-11.367,-11.047,-13.726999,-12.676999,-11.657,-13.186999
2.0030005,2.0730004,2.9630005,2.4230006,2.3330004,3.6930006,6.1430006,9.333,12.353001,13.393001,11.823001,4.1230006,-2.9669995,-2.7069995,-3.3669996,-2.9169996,-5.7069993,-10.896999,-12.197,-13.327,-11.2369995,-11.566999,-10.377,-12.457,-13.077,-12.966999,-12.566999,-11.997,-11.827,-11.636999,-10.936999,-10.867,-10.907,-12.327,-11.276999,-10.266999,-10.186999,-9.537,-12.396999,-13.417,-12.056999,-12.216999,-14.026999,-13.197,-11.367,-12.297,-11.917,-11.566999,-12.997,-13.136999,-12.716999,-12.426999,-9.356999,-10.577,-10.936999,-11.657,-13.417,-12.426999,-12.676999,-13.9869995
2.4030006,2.3630004,3.2930005,2.4830005,4.1130004,6.6330004,7.5730004,8.393001,10.353001,10.653001,8.643001,-0.08699951,-1.1269995,-6.2969995,-2.5169995,-2.3669996,-14.606999,-10.547,-14.056999,-14.327,-13.176999,-14.176999,-12.896999,-12.497,-12.386999,-13.457,-11.747,-12.457,-12.276999,-12.7369995,-12.747,-12.346999,-12.327,-11.4869995,-11.587,-12.066999,-11.697,-11.447,-12.547,-12.566999,-13.037,-11.806999,-12.797,-12.877,-12.9869995,-12.886999,-12.356999,-12.577,-12.476999,-11.907,-10.327,-1.1269995,-7.1469994,-9.886999,-11.186999,-11.516999,-12.697,-13.466999,-13.886999,-14.037
2.5030005,1.8030005,1.9730005,3.1830006,5.0430007,7.5730004,8.173,8.783001,5.6930003,2.8130004,-3.6569996,-2.4469995,-3.3469994,-5.2569995,-6.9969997,-9.526999,-15.726999,-15.657,-13.577,-12.606999,-9.747,-7.0369997,-8.426999,-7.5469995,-12.096999,-12.077,-11.547,-11.947,-12.867,-13.547,-13.197,-12.707,-12.686999,-11.066999,-12.407,-13.556999,-12.566999,-11.867,-13.797,-12.657,-13.667,-13.257,-11.627,-13.846999,-13.516999,-13.447,-13.476999,-13.4869995,-12.747,-11.157,-14.146999,-14.377,-10.516999,-10.466999,-11.747,-13.146999,-13.976999,-14.327,-14.056999,-14.846999
2.8030005,2.6430006,2.1030004,4.2130003,5.4730005,6.9130006,7.0630007,3.5630004,0.43300048,-2.8669996,-10.186999,-3.7969995,-6.5069995,-10.257,-17.036999,-15.827,-12.216999,-12.266999,-7.6469994,-11.976999,-10.886999,-15.686999,-13.676999,-11.9869995,-11.936999,-11.697,-11.856999,-12.026999,-10.526999,-11.806999,-12.507,-12.747,-11.816999,-12.497,-13.167,-11.837,-11.276999,-12.146999,-13.377,-12.837,-11.356999,-11.037,-10.476999,-12.476999,-12.997,-13.707,-12.207,-12.797,-12.596999,-13.907,-15.266999,-14.007,-12.587,-12.997,-13.667,-13.797,-15.646999,-15.096999,-14.396999,-14.596999
2.8030005,3.6230004,3.8230004,5.2830005,1.7730005,-2.3469994,-1.4969995,-4.0769997,-2.0769994,-6.2069993,-6.4969997,-4.3569994,-11.787,-12.667,-15.136999,-17.296999,-11.127,-13.676999,-16.397,-14.867,-17.747,-14.497,-13.396999,-14.016999,-11.707,-11.466999,-11.646999,-11.167,-10.837,-12.007,-11.997,-11.106999,-9.726999,-11.716999,-10.797,-8.016999,-9.337,-7.6669993,-9.367,-10.566999,-9.787,-10.516999,-11.466999,-11.627,-12.127,-13.547,-14.026999,-13.007,-13.556999,-12.776999,-13.886999,-13.707,-12.287,-10.577,-12.676999,-13.216999,-15.117,-15.316999,-14.686999,-14.846999
2.9030006,2.7430005,3.2830005,1.7230005,0.43300048,-2.0669994,-6.4369993,-3.9269996,-5.3069997,-6.6569996,-4.7969995,-8.766999,-15.676999,-13.117,-12.657,-15.497,-16.327,-17.417,-8.306999,-12.947,-15.047,-15.827,-15.907,-12.846999,-9.577,-12.676999,-11.327,-9.9869995,-10.226999,-9.556999,-8.896999,-10.646999,-11.186999,-10.556999,-9.127,-9.056999,-8.707,-12.417,-10.386999,-10.577,-9.837,-9.466999,-10.936999,-11.106999,-10.787,-13.297,-13.407,-12.596999,-13.257,-13.596999,-13.606999,-11.917,-10.976999,-12.356999,-13.367,-15.297,-15.106999,-15.176999,-14.306999,-14.136999
2.9830005,2.9530005,0.39300048,-1.1069995,-3.8469994,-7.0369997,-8.726999,-8.766999,-7.9669995,-8.697,-11.936999,-14.4869995,-14.716999,-11.436999,-12.247,-14.117,-15.377,-12.867,-11.896999,-14.556999,-16.077,-13.276999,-13.417,-11.226999,-15.176999,-12.287,-6.9969997,-12.676999,-11.806999,-10.157,-9.316999,-9.556999,-10.377,-8.216999,-8.747,-10.007,-9.846999,-10.257,-9.447,-9.266999,-9.997,-10.127,-9.686999,-8.797,-9.636999,-12.096999,-12.457,-12.516999,-12.096999,-13.676999,-11.636999,-10.337,-11.287,-11.7369995,-12.007,-13.167,-12.367,-11.926999,-13.447,-13.766999
0.9330005,-0.8769995,-4.5669994,-6.2969995,-7.7569995,-8.566999,-7.5669994,-10.276999,-10.226999,-10.417,-10.037,-17.347,-15.096999,-15.047,-15.197,-15.026999,-13.957,-12.257,-15.247,-13.686999,-15.136999,-12.976999,-11.466999,-12.566999,-15.377,-13.136999,-6.6469994,-9.896999,-9.9869995,-8.957,-9.377,-9.276999,-8.716999,-8.516999,-7.6869993,-8.877,-7.7769995,-9.337,-8.4869995,-8.537,-10.216999,-12.087,-10.976999,-10.016999,-9.226999,-10.577,-12.186999,-11.9869995,-11.316999,-10.886999,-10.476999,-10.306999,-11.087,-11.667,-12.077,-11.327,-12.287,-12.207,-11.457,-10.457
-3.1569996,-5.8169994,-6.7469997,-7.5769997,-7.1569996,-8.207,-8.4869995,-11.4869995,-10.157,-14.966999,-15.776999,-14.676999,-17.077,-14.507,-13.816999,-12.997,-17.036999,-14.686999,-15.816999,-13.346999,-12.886999,-12.776999,-14.117,-13.346999,-12.867,-12.507,-10.816999,-9.757,-9.207,-8.867,-9.106999,-9.287,-9.167,-8.806999,-7.9269996,-7.5069995,-7.3269997,-7.4869995,-9.146999,-10.396999,-10.207,-11.276999,-10.096999,-9.327,-8.627,-9.7369995,-10.837,-10.526999,-9.776999,-9.176999,-9.197,-9.207,-9.247,-9.676999,-8.896999,-10.136999,-10.127,-10.356999,-10.056999,-9.997
-9.007,-6.6669993,-6.5969996,-8.007,-6.8469996,-8.117,-8.997,-10.976999,-10.457,-12.297,-13.957,-11.606999,-15.026999,-15.606999,-14.127,-13.497,-14.026999,-13.547,-11.856999,-11.667,-15.136999,-12.606999,-11.716999,-12.497,-11.716999,-9.646999,-9.877,-8.686999,-7.4669995,-9.327,-8.316999,-7.9769993,-8.867,-7.9269996,-7.2769995,-5.7869997,-6.2169995,-6.0769997,-9.096999,-10.457,-10.886999,-9.216999,-9.997,-8.297,-8.146999,-8.846999,-8.926999,-9.167,-9.587,-9.077,-8.066999,-8.186999,-8.617,-7.4469995,-8.877,-9.176999,-8.596999,-9.117,-9.547,-10.657
-7.8069997,-6.3569994,-7.8969994,-7.0869994,-8.676999,-9.566999,-10.766999,-10.197,-9.877,-11.856999,-13.266999,-13.636999,-13.216999,-15.007,-12.867,-11.4869995,-10.966999,-11.587,-10.886999,-11.136999,-11.207,-10.707,-10.466999,-10.447,-9.617,-8.686999,-8.077,-7.7069993,-7.5269995,-7.2369995,-7.0169997,-7.2969995,-6.3869996,-7.5169997,-7.4969997,-6.8869996,-6.9269996,-7.4569993,-8.526999,-9.287,-9.566999,-8.947,-7.9469995,-7.4569993,-6.9269996,-7.1569996,-6.7069993,-7.6469994,-8.776999,-8.096999,-7.6769996,-6.7369995,-6.5869994,-6.4169993,-7.1669993,-7.4269996,-8.587,-7.3169994,-7.7869997,-8.827
-4.7769995,-4.7569995,-8.856999,-8.287,-9.686999,-10.157,-9.816999,-10.346999,-10.186999,-9.337,-11.856999,-11.136999,-11.516999,-10.087,-10.356999,-9.226999,-9.4869995,-10.466999,-9.667,-9.697,-8.186999,-7.8769994,-6.6469994,-7.3269997,-6.7269993,-6.7369995,-6.3269997,-5.9669995,-6.3969994,-6.0569997,-5.1469994,-4.7769995,-3.9369996,-3.9869995,-3.9369996,-4.9869995,-6.0769997,-6.6969995,-6.5969996,-6.6169996,-6.3269997,-5.9969997,-5.9169993,-6.4569993,-4.8769994,-5.6969995,-5.0769997,-5.1769996,-5.1369996,-5.8769994,-5.1369996,-4.2069993,-2.6069994,-3.6669996,-4.2669997,-4.3769994,-4.7669997,-5.0569997,-5.7469997,-8.136999
-3.9569995,-6.1369996,-7.5469995,-8.087,-8.226999,-8.4869995,-9.257,-8.7369995,-9.186999,-7.5169997,-8.197,-8.577,-9.447,-7.9469995,-6.9769993,-6.5469995,-6.7669997,-8.346999,-8.386999,-8.207,-6.8069997,-5.6969995,-4.9169993,-4.8969994,-3.9669995,-4.2569995,-3.8569994,-3.4869995,-3.2469995,-2.7769995,-2.8669996,-2.0569994,-3.3769996,-1.7269995,-2.1069994,-2.0769994,-2.4769995,-2.6469996,-3.0469995,-2.5069995,-3.3469994,-3.1769996,-1.8669995,-3.5269995,-4.3769994,-2.9469995,-4.2469997,-3.3069994,-2.3169994,-2.8869996,-2.6069994,-2.7069995,-1.8369995,-2.6469996,-2.8969996,-3.9169996,-3.1669996,-2.9669995,-4.2769995,-3.9769995
-3.6669996,-5.8269997,-6.4469995,-7.6869993,-6.9469995,-6.2669997,-7.1169996,-6.1169996,-6.4769993,-5.8969994,-5.9969997,-7.4769993,-7.3569994,-7.4569993,-5.4369993,-5.5369997,-5.0969996,-4.8369994,-4.8469996,-4.7669997,-4.8769994,-5.4469995,-4.6969995,-3.1469996,-3.1669996,-2.3669996,-1.7169995,-1.5669996,-0.6069995,-0.4869995,0.1330005,-0.116999514,-0.4069995,0.10300049,-0.31699952,-0.5669995,-1.6169995,-1.3069996,-1.5869995,-1.2969995,-2.0069995,-1.9769995,-1.1869996,-1.2969995,-0.6369995,-1.6669995,-1.7969995,-1.6369995,-0.5569995,-0.5969995,-1.6769996,-1.3569995,-1.7969995,-3.6869996,-4.6469994,-5.5569997,-4.8569994,-3.2869995,-3.3069994,-3.7169995
-3.4569995,-4.7469997,-5.3369994,-5.7469997,-6.3769994,-7.0069995,-6.7669997,-7.6769996,-6.1069994,-7.1469994,-6.4569993,-4.5069995,-5.9769993,-5.5169997,-4.2869997,-3.7969995,-2.0569994,-1.0769995,-1.4369996,-1.2869995,-1.9169995,-2.0069995,-1.5769995,-2.1169996,-2.7169995,-2.0769994,-0.9069995,0.24300049,-0.3969995,0.5830005,1.6130005,2.1630006,1.0830005,1.2630005,1.6430005,1.5730004,1.1330005,1.1530005,1.2130005,0.17300048,-0.4269995,0.24300049,0.40300047,0.85300046,0.3830005,0.66300046,-0.3069995,0.7630005,-0.14699951,-0.13699952,-0.9769995,-1.7569995,-3.5369995,-4.6669993,-4.4269996,-4.2469997,-4.6169996,-4.4969997,-5.6269994,-5.8369994
-0.21699952,-0.44699952,-1.4969995,-2.8669996,-2.8069994,-6.0769997,-6.3569994,-6.7169995,-8.087,-7.4669995,-3.0569994,-2.8469994,-2.9269996,-2.5869994,-2.6869996,-3.0569994,-2.9269996,-0.83699954,0.5730005,1.4430004,0.6430005,1.1030005,0.7630005,0.8730005,0.22300048,0.5230005,-0.23699951,0.36300048,1.0230005,1.2730005,2.3430004,3.1830006,4.5330005,3.8830004,3.7430005,3.9130006,3.6430006,4.3330007,4.2330003,3.5030005,2.1830006,1.9830005,2.4030006,2.8030005,1.6430005,0.54300046,0.6330005,0.2930005,-0.3769995,-1.4469995,-0.21699952,-2.0169995,-3.1069994,-2.6569996,-2.7069995,-2.6169996,-3.2769995,-4.1969995,-4.4469995,-4.2269993
-1.3069996,-2.4469995,-3.9769995,-1.7969995,-0.8169995,-2.3069994,-2.9169996,-4.6769996,-4.0369997,-2.5869994,-1.9469995,0.4430005,-0.6669995,0.063000485,0.85300046,1.0830005,1.5030005,2.0330005,2.8930006,3.8430004,4.5830007,4.2630005,3.9230006,4.1230006,3.1230004,3.1130004,4.0830007,2.4830005,2.8830004,3.0830004,3.3830004,4.6330004,5.2730007,5.9030004,6.3630004,6.1830006,6.1730003,6.0830007,6.2230005,6.2130003,5.6430006,3.9930005,3.4530005,3.2030005,3.2530005,2.3930006,1.9430004,1.1730005,-0.3369995,0.1930005,-0.9369995,-1.9369996,-2.2369995,-2.6269996,-2.6969995,-2.3969996,-3.1969995,-3.2569995,-3.6969995,-3.6569996
-0.10699951,-1.8869995,-3.0569994,-2.3169994,-3.3569994,-1.5369995,0.2530005,-0.89699954,-1.0569996,0.2530005,0.023000488,0.8430005,1.4230005,2.3430004,1.6830004,2.7630005,2.7330005,3.6230004,4.2330003,6.1630006,6.5530005,6.2230005,6.8030005,5.9630003,6.1430006,6.1930003,5.4330006,6.5830007,6.2930007,5.8430004,5.8430004,6.5930004,6.7630005,7.9030004,8.053,8.443001,8.323001,7.9930005,7.8630004,7.6230006,7.5330005,6.4430003,5.0830007,4.5530005,3.9230006,4.2430005,4.0730004,2.3630004,1.0630004,1.1530005,0.72300047,-0.21699952,-1.3969995,-2.1769996,-3.2069995,-2.3069994,-1.5669996,-1.7969995,-1.8969995,-2.2169995
