views/data/weather/2019/09/26/0000-wind-isobaric-700hPa-gfs-1.0.json
{"header": { "discipline":0, "disciplineName":"Meteorological products", "gribEdition":2, "gribLength":79717, "center":7, "centerName":"US National Weather Service - NCEP(WMC)", "subcenter":0, "refTime":"2019-09-26T00:00:00.000Z", "significanceOfRT":1, "significanceOfRTName":"Start of forecast", "productStatus":0, "productStatusName":"Operational products", "productType":1, "productTypeName":"Forecast products", "productDefinitionTemplate":0, "productDefinitionTemplateName":"Analysis/forecast at horizontal level/layer at a point in time", "parameterCategory":2, "parameterCategoryName":"Momentum", "parameterNumber":3, "parameterNumberName":"V-component_of_wind", "parameterUnit":"m.s-1", "genProcessType":2, "genProcessTypeName":"Forecast", "forecastTime":0, "surface1Type":100, "surface1TypeName":"Isobaric surface", "surface1Value":70000.0, "surface2Type":255, "surface2TypeName":"Missing", "surface2Value":0.0, "gridDefinitionTemplate":0, "gridDefinitionTemplateName":"Latitude_Longitude", "numberPoints":65160, "shape":6, "shapeName":"Earth spherical with radius of 6,371,229.0 m", "gridUnits":"degrees", "resolution":48, "winds":"true", "scanMode":0, "nx":360, "ny":181, "basicAngle":0, "lo1":0.0, "la1":90.0, "lo2":359.0, "la2":-90.0, "dx":1.0, "dy":1.0 }, "data":
[rows 0 to 25 of 181, columns 116 to 173 of 360]
-5.1561184,-5.2361183,-5.3161182,-5.396118,-5.476118,-5.5461183,-5.626118,-5.6961184,-5.766118,-5.836118,-5.896118,-5.9661183,-6.0261183,-6.086118,-6.146118,-6.206118,-6.266118,-6.3161182,-6.366118,-6.416118,-6.4661183,-6.516118,-6.556118,-6.596118,-6.636118,-6.6761184,-6.7161183,-6.746118,-6.7761183,-6.806118,-6.836118,-6.856118,-6.886118,-6.9061184,-6.9261184,-6.9461184,-6.956118,-6.9661183,-6.976118,-6.9861183,-6.996118,-6.996118,-7.0061183,-7.0061183,-7.0061183,-6.996118,-6.9861183,-6.9861183,-6.976118,-6.956118,-6.9461184,-6.9261184,-6.9061184,-6.886118,-6.866118,-6.836118,-6.8161182,-6.786118
-4.4661183,-4.5461183,-4.616118,-4.6961184,-4.766118,-4.836118,-4.9061184,-4.9661183,-5.0261183,-5.086118,-5.146118,-5.226118,-5.2961183,-5.356118,-5.416118,-5.476118,-5.536118,-5.596118,-5.646118,-5.6961184,-5.7561183,-5.826118,-5.876118,-5.936118,-5.996118,-6.0461183,-6.096118,-6.136118,-6.186118,-6.246118,-6.306118,-6.366118,-6.4261184,-6.476118,-6.5261183,-6.586118,-6.646118,-6.706118,-6.7761183,-6.836118,-6.9061184,-6.9661183,-7.0261183,-7.086118,-7.146118,-7.2161183,-7.2761183,-7.336118,-7.396118,-7.456118,-7.516118,-7.556118,-7.596118,-7.626118,-7.6561184,-7.686118,-7.7161183,-7.746118
-4.516118,-4.586118,-4.6761184,-4.7561183,-4.846118,-4.9261184,-5.0061183,-5.096118,-5.1761184,-5.266118,-5.346118,-5.4261184,-5.496118,-5.5661182,-5.646118,-5.7161183,-5.7961183,-5.866118,-5.9461184,-6.0261183,-6.096118,-6.1761184,-6.266118,-6.346118,-6.4461184,-6.5261183,-6.626118,-6.7161183,-6.806118,-6.916118,-7.016118,-7.116118,-7.2161183,-7.326118,-7.4261184,-7.536118,-7.666118,-7.786118,-7.886118,-8.006118,-8.126118,-8.216118,-8.266118,-8.316118,-8.366118,-8.396118,-8.356118,-8.316118,-8.266118,-8.166119,-8.026118,-7.876118,-7.706118,-7.556118,-7.396118,-7.226118,-7.076118,-7.016118
-2.1061182,-2.1561182,-2.216118,-2.266118,-2.3261182,-2.3761182,-2.446118,-2.516118,-2.5861182,-2.6461182,-2.726118,-2.8061182,-2.8861182,-2.976118,-3.0761182,-3.1861181,-3.2861183,-3.4061182,-3.516118,-3.6161182,-3.736118,-3.8561182,-3.946118,-4.0461183,-4.166118,-4.266118,-4.376118,-4.476118,-4.5461183,-4.616118,-4.726118,-4.8161182,-4.9061184,-5.056118,-5.2161183,-5.356118,-5.556118,-5.7561183,-5.9461184,-6.1961184,-6.4261184,-6.646118,-6.876118,-7.076118,-7.2561183,-7.4461184,-7.576118,-7.6961184,-7.7961183,-7.886118,-7.9661183,-8.066118,-8.186118,-8.316118,-8.476118,-8.646118,-8.836118,-9.0361185
0.53388184,0.49388182,0.43388185,0.38388184,0.32388183,0.23388183,0.16388184,0.073881835,-0.016118163,-0.09611817,-0.19611816,-0.28611815,-0.38611817,-0.48611817,-0.59611815,-0.70611817,-0.8161182,-0.9461182,-1.0661181,-1.1961181,-1.3161181,-1.4661182,-1.6061182,-1.7461182,-1.8961182,-2.0361183,-2.1861181,-2.3461182,-2.506118,-2.6661181,-2.8361182,-3.006118,-3.1861181,-3.3661182,-3.5461183,-3.736118,-3.9361181,-4.146118,-4.356118,-4.576118,-4.806118,-5.056118,-5.306118,-5.5461183,-5.786118,-6.036118,-6.2961183,-6.5461183,-6.806118,-7.056118,-7.2761183,-7.496118,-7.6561184,-7.7961183,-7.936118,-8.086118,-8.386118,-8.716118
1.7138819,1.6838819,1.6138818,1.5338818,1.4338819,1.3238819,1.2338818,1.1638818,1.1338818,1.1038818,1.0538819,0.9938818,0.91388184,0.84388185,0.76388186,0.6938818,0.6138818,0.54388183,0.47388184,0.41388184,0.35388184,0.29388183,0.21388184,0.14388184,0.06388184,-0.026118165,-0.12611817,-0.24611816,-0.36611816,-0.49611816,-0.6361182,-0.79611814,-0.97611815,-1.1961181,-1.4261181,-1.6561182,-1.9261181,-2.196118,-2.476118,-2.756118,-3.0361183,-3.3161182,-3.6161182,-3.9261181,-4.226118,-4.536118,-4.846118,-5.166118,-5.4661183,-5.7761183,-6.096118,-6.4261184,-6.7561183,-7.086118,-7.416118,-7.7561183,-8.106118,-8.456119
3.4238818,3.4238818,3.4138818,3.3238819,3.1938818,3.023882,2.8638818,2.5938818,2.3138819,2.043882,1.8538818,1.7438818,1.6838819,1.7038819,1.7938819,1.8738818,1.9938818,2.1438818,2.283882,2.4038818,2.513882,2.543882,2.483882,2.3938818,2.3438818,2.2038817,2.043882,1.8238819,1.5338818,1.2238818,0.9438818,0.6238818,0.27388182,-0.026118165,-0.28611815,-0.51611817,-0.71611816,-0.90611815,-1.1561182,-1.4561181,-1.7661182,-2.0961182,-2.3761182,-2.6261182,-2.8961182,-3.1661181,-3.4361181,-3.6761181,-3.8861182,-4.126118,-4.4261184,-4.826118,-5.386118,-6.0261183,-6.6761184,-7.326118,-7.9261184,-8.456119
4.7438817,4.773882,4.693882,4.503882,4.3438816,4.193882,4.063882,4.063882,4.003882,4.0338817,4.063882,4.103882,4.123882,4.083882,4.083882,3.9638817,3.773882,3.4738817,3.3438818,3.1538818,3.1238818,3.023882,3.023882,2.993882,2.9538817,2.9238818,2.9238818,2.8738818,2.6138818,2.0938818,1.5638819,1.1138818,0.89388186,0.71388185,0.5538818,0.35388184,-0.026118165,-0.6161182,-1.3261181,-1.9761182,-2.3461182,-2.2761183,-1.9761182,-1.6061182,-1.4061182,-1.4961182,-1.7861181,-2.206118,-2.766118,-3.4361181,-4.1561184,-4.846118,-5.4061184,-5.846118,-6.2561183,-6.6961184,-7.186118,-7.7361183
5.2638817,5.443882,5.643882,5.8238816,5.9738817,6.0938816,6.1838818,6.233882,6.213882,6.173882,6.123882,6.0538816,5.9738817,5.893882,5.773882,5.653882,5.543882,5.4338818,5.3238816,5.193882,5.0738816,4.983882,4.8438816,4.753882,4.653882,4.563882,4.333882,4.0538816,3.743882,3.4138818,3.013882,2.5738819,2.1738818,1.8038819,1.4538819,1.0438819,0.57388186,0.013881836,-0.6261182,-1.1861181,-1.6661181,-2.1061182,-2.5261183,-2.9261181,-3.3361182,-3.696118,-3.966118,-4.246118,-4.586118,-4.936118,-5.226118,-5.456118,-5.6961184,-5.9861183,-6.336118,-6.726118,-7.096118,-7.396118
8.053882,8.133882,8.203882,8.313882,8.493882,8.7138815,8.953882,9.153882,9.293881,9.433882,9.483882,9.483882,9.403882,9.253881,8.983882,8.653882,8.333881,8.013882,7.713882,7.4538817,7.2438817,7.0938816,7.003882,6.883882,6.7438817,6.5538816,6.383882,6.2638817,6.0738816,5.653882,5.133882,4.293882,3.263882,2.0938818,0.9438818,0.043881837,-0.46611816,-0.79611814,-1.0961182,-1.4861182,-1.9961182,-2.5961182,-3.1661181,-3.6261182,-3.9061182,-4.076118,-4.1961184,-4.2761183,-4.346118,-4.436118,-4.626118,-4.916118,-5.3161182,-5.786118,-6.2561183,-6.6961184,-7.106118,-7.4861183
10.703882,10.923882,11.033882,11.093882,11.143882,11.243882,11.493882,11.903882,12.393882,12.843882,13.133882,13.173882,13.063882,12.843882,12.543881,12.153882,11.633882,11.103882,10.613882,10.163882,9.763882,9.313882,8.763882,8.143882,7.4338818,6.773882,6.353882,5.983882,5.4938817,4.863882,4.153882,3.4038818,2.6838818,2.0638819,1.5538819,1.0938818,0.64388186,0.20388183,-0.28611815,-0.8661182,-1.4361181,-1.9561181,-2.516118,-3.1361182,-3.696118,-4.056118,-4.356118,-4.616118,-4.7161183,-4.666118,-4.586118,-4.596118,-4.7161183,-4.996118,-5.396118,-5.876118,-6.396118,-6.896118
11.803882,12.073882,12.373882,12.633882,12.833881,13.163882,13.853882,14.903882,15.893882,16.503881,16.773882,16.703882,16.253881,15.673882,14.973882,14.243882,13.403882,12.473882,11.643882,10.933882,10.343882,9.773882,9.063882,8.323882,7.603882,6.913882,6.2438817,5.613882,5.003882,4.4338818,3.8638818,3.3238819,2.8338819,2.3438818,1.7738818,1.1338818,0.51388186,0.0038818358,-0.47611818,-1.0561181,-1.7761182,-2.446118,-2.976118,-3.3961182,-3.9061182,-4.4461184,-4.9661183,-5.376118,-5.586118,-5.436118,-4.866118,-4.366118,-4.166118,-4.186118,-4.266118,-4.3161182,-4.366118,-4.476118
12.753881,13.2138815,13.693882,14.173882,14.383882,14.473882,15.093882,16.393883,17.663881,18.113882,18.143883,17.573881,16.833881,16.033882,15.2138815,14.383882,13.533882,12.623882,11.703882,10.873882,10.113882,9.403882,8.773882,8.2138815,7.623882,7.0338817,6.4338818,5.873882,5.333882,4.8038816,4.333882,3.8838818,3.3938818,2.793882,2.1438818,1.4338819,0.70388186,-0.016118163,-0.77611816,-1.6161182,-2.486118,-3.3061182,-4.096118,-4.586118,-5.0061183,-5.606118,-6.2761183,-6.706118,-6.636118,-6.226118,-5.6761184,-5.016118,-4.2161183,-3.4361181,-2.966118,-2.7961183,-2.7861183,-3.0961182
10.383882,11.313882,12.333881,13.673882,14.663882,15.013882,14.9638815,15.653882,17.093882,17.943882,17.743881,16.863882,16.043882,15.393882,14.853882,14.073882,13.113882,12.153882,11.413882,10.893882,10.383882,9.7138815,8.973882,8.163882,7.543882,7.113882,6.793882,6.5938816,6.503882,6.413882,6.253882,5.983882,5.543882,4.9738817,4.1838818,3.303882,2.4438818,1.6138818,0.72388184,-0.17611817,-1.0761181,-2.1061182,-3.226118,-4.266118,-5.2361183,-6.086118,-6.7561183,-7.1561184,-7.206118,-6.826118,-5.976118,-4.856118,-3.8961182,-3.256118,-2.6061182,-2.196118,-2.0261183,-2.3261182
9.223882,9.113882,9.673882,10.523882,11.613882,12.893882,13.813882,13.923882,14.623882,15.943882,16.783882,16.203882,15.343882,14.653882,13.803882,12.783882,11.803882,11.2138815,11.143882,10.843882,10.003881,9.303882,8.593882,7.7038817,7.253882,7.233882,7.463882,7.7238817,8.033882,8.143882,8.093882,7.893882,7.583882,7.153882,6.5738816,5.7838817,4.7238817,3.4738817,2.0638819,0.6238818,-0.84611815,-1.9661182,-2.496118,-3.0361183,-3.716118,-4.386118,-4.826118,-4.916118,-4.666118,-4.396118,-4.0061183,-3.466118,-3.1861181,-3.1561182,-3.456118,-3.8461182,-4.2761183,-4.5461183
8.503881,9.063882,9.143882,9.003881,8.7138815,9.143882,10.733882,12.043881,12.613882,12.763882,13.813882,14.633882,14.503881,13.743882,13.083881,12.153882,11.253881,10.563882,10.153882,9.893882,9.493882,8.753881,7.943882,7.4938817,7.393882,7.2238817,7.193882,7.363882,7.7038817,7.983882,8.153882,8.253881,8.163882,7.9538817,7.383882,6.613882,5.7238817,4.753882,3.8238819,2.8138819,1.6138818,0.45388183,-0.7461182,-1.9361181,-2.7961183,-3.5461183,-4.126118,-4.1961184,-3.8961182,-3.756118,-3.736118,-3.8161182,-3.996118,-4.306118,-4.5061183,-4.6561184,-4.7361183,-4.5461183
7.583882,7.423882,7.903882,8.503881,8.743882,8.983882,8.493882,7.9738817,8.473882,10.183882,11.293881,10.953882,11.263882,11.543881,11.513882,11.053882,10.623882,10.053882,9.583881,9.313882,9.323882,9.383882,9.313882,9.203882,8.9638815,8.443882,7.7838817,7.293882,6.873882,6.413882,6.3438816,6.633882,6.913882,7.043882,7.123882,6.983882,6.733882,6.293882,5.5338817,4.5338817,3.533882,2.5838819,1.4938818,0.36388183,-0.8761182,-2.206118,-3.3761182,-3.966118,-3.966118,-3.766118,-4.0261183,-4.6961184,-5.246118,-5.116118,-4.556118,-3.6261182,-2.966118,-2.9061182
7.083882,7.523882,7.2838817,6.643882,6.5938816,7.083882,8.123882,8.883882,8.453882,7.003882,8.003881,9.733882,9.043881,7.543882,7.413882,7.653882,7.913882,7.983882,7.873882,7.9538817,8.163882,8.983882,9.653882,10.273882,10.643882,10.483882,9.703882,8.743882,7.793882,6.923882,6.083882,5.153882,4.7038817,4.813882,4.923882,5.293882,5.643882,5.7638817,5.6838818,5.413882,4.7638817,4.0738816,3.3538818,2.6138818,1.6038818,0.33388183,-0.8261182,-1.8261181,-2.5561182,-3.236118,-3.736118,-3.986118,-4.086118,-3.8861182,-3.3261182,-2.8261182,-2.9161181,-3.756118
6.123882,5.7838817,6.0738816,8.353882,7.313882,5.463882,6.983882,8.003881,8.373882,7.463882,6.0938816,5.9738817,6.583882,7.083882,6.3238816,5.043882,5.503882,6.173882,6.173882,6.193882,6.393882,7.043882,7.813882,8.533882,8.323882,8.433882,8.823882,9.193882,8.973882,8.333881,6.883882,5.393882,4.413882,3.773882,3.3338819,3.263882,3.1338818,3.5738819,4.293882,4.8038816,4.903882,4.563882,4.083882,3.6338818,3.1438818,2.5838819,1.8938818,0.77388185,-0.6961182,-1.6161182,-1.9361181,-2.696118,-3.3861182,-3.706118,-3.3661182,-3.0661182,-3.966118,-5.146118
2.6138818,3.4738817,4.163882,4.9338818,7.4938817,7.353882,7.663882,6.873882,7.523882,7.403882,7.153882,6.543882,5.7438817,4.153882,3.0938818,4.363882,4.123882,3.5738819,4.7638817,5.923882,5.9738817,5.563882,5.983882,6.8438816,6.7038817,6.423882,6.413882,6.7238817,7.413882,7.5538816,6.883882,6.213882,5.273882,3.4638817,2.8638818,2.493882,2.3638818,2.9238818,2.6838818,3.003882,3.1338818,2.9238818,3.1438818,3.6138818,3.513882,3.1438818,2.7238817,2.263882,1.8038819,1.1238818,0.20388183,-0.72611815,-1.6761181,-2.3761182,-2.696118,-2.8161182,-3.1461182,-3.8761182
3.8238819,4.663882,4.5338817,4.613882,6.733882,7.613882,5.543882,7.393882,9.4638815,10.203882,8.833881,6.0938816,5.6838818,3.8938818,1.5938818,0.8838818,1.0138818,1.5938818,2.543882,3.273882,3.233882,3.253882,2.9438818,3.0938818,4.603882,4.903882,5.233882,5.983882,6.0938816,6.883882,6.633882,5.523882,5.4338818,5.313882,3.553882,3.1538818,2.6138818,1.8238819,1.4638819,2.2138817,2.3838818,2.533882,2.1038818,1.6938819,2.1238818,2.3538818,2.4338818,2.523882,2.8338819,2.6638818,2.3338819,1.7938819,1.2138819,0.6238818,0.15388183,-0.45611817,-0.72611815,-1.1261182
4.5938816,4.713882,5.103882,5.043882,5.0538816,6.123882,7.2638817,9.053882,12.853882,10.553882,9.353882,8.383882,6.253882,2.553882,0.073881835,-1.7061181,-1.8761182,-1.2561182,1.6038818,3.7138817,2.9238818,0.43388185,-0.14611816,0.9938818,1.4638819,2.293882,3.0738819,4.943882,5.633882,5.833882,6.103882,4.773882,4.943882,5.2038817,3.6038818,2.8638818,3.023882,2.253882,1.6438818,1.2038819,0.39388183,-0.30611816,0.60388184,1.2138819,1.7138819,2.0638819,2.3638818,2.6238818,2.8238819,2.9138818,3.3338819,3.043882,2.8738818,2.4738817,2.003882,1.5438819,1.0038818,0.78388184
4.603882,4.2838817,4.793882,5.7638817,6.8038816,7.913882,7.833882,6.633882,6.693882,9.653882,8.133882,7.0938816,2.7238817,1.2238818,-0.9361182,-3.9261181,-4.1961184,-2.516118,-2.766118,0.97388184,3.033882,0.19388184,-2.6761181,-2.1661181,-1.1661181,-0.8661182,0.70388186,1.9738818,3.993882,4.963882,5.793882,4.2038817,4.0338817,3.3438818,2.5638819,1.9638819,1.9038818,1.7038819,1.7038819,1.6238818,0.82388186,0.013881836,-0.6261182,-1.0561181,0.34388185,1.1138818,1.6438818,2.1238818,2.6338818,2.9338818,3.3738818,3.6238818,3.303882,3.6138818,3.6538818,3.2038817,2.8238819,2.273882
8.783882,6.9338818,7.0738816,6.413882,5.9738817,6.5338817,6.9738817,4.403882,3.8538818,3.7138817,2.553882,6.293882,3.1838818,-0.58611816,-3.5761182,-4.116118,-2.8661182,-2.0961182,-4.0061183,-4.116118,-0.35611817,0.53388184,-2.1761181,-3.966118,-3.0661182,-2.9061182,-2.7761183,-0.97611815,0.13388184,2.5638819,3.7038817,4.123882,2.513882,2.243882,1.2138819,0.82388186,0.23388183,-0.27611816,-0.15611817,0.35388184,0.45388183,0.6938818,0.09388184,0.71388185,1.5138818,1.8138819,2.513882,3.4738817,3.6538818,3.993882,3.983882,4.523882,4.713882,4.873882,3.763882,3.1438818,2.9038818,2.3138819
7.6838818,8.153882,7.7038817,7.8238816,8.293881,8.793881,10.983882,12.613882,10.803882,8.553882,4.5138817,2.4738817,-0.9961182,-2.8561182,-7.116118,-4.356118,-5.356118,-3.5361183,-4.6561184,-5.686118,-5.306118,-1.6461182,-2.5561182,-4.876118,-3.9361181,-3.3461182,-3.5861182,-3.9261181,-1.6361182,-0.36611816,-0.006118164,1.7038819,1.5538819,0.79388183,0.79388183,0.36388183,0.12388184,-0.056118164,-0.5661182,-0.15611817,-0.97611815,0.26388183,1.4238819,2.233882,2.733882,3.493882,3.8838818,4.693882,4.543882,4.923882,6.043882,6.003882,5.5738816,5.393882,4.0338817,3.7138817,3.513882,3.243882
5.103882,4.383882,4.8438816,7.3438816,5.583882,8.093882,6.883882,5.813882,4.4538817,3.783882,2.273882,0.70388186,-1.8761182,-5.9861183,-8.066118,-7.1561184,-6.7161183,-6.036118,-5.8161182,-6.596118,-6.346118,-4.4661183,-3.4161181,-5.636118,-6.936118,-6.0261183,-3.3361182,-3.476118,-4.3161182,-2.0461183,-0.5061182,-1.2061181,-0.9361182,0.71388185,0.9338818,-0.08611816,-0.73611814,-0.64611816,0.30388182,0.06388184,-0.79611814,-1.0161182,-0.36611816,2.8538818,3.4638817,2.273882,3.803882,3.793882,4.8438816,6.193882,6.393882,5.9338818,5.3438816,6.5938816,6.983882,6.2438817,4.963882,4.613882
