views/data/weather/2019/09/26/0000-wind-isobaric-700hPa-gfs-1.0.json
{"header": { "discipline":0, "disciplineName":"Meteorological products", "gribEdition":2, "gribLength":78077, "center":7, "centerName":"US National Weather Service - NCEP(WMC)", "subcenter":0, "refTime":"2019-09-26T00:00:00.000Z", "significanceOfRT":1, "significanceOfRTName":"Start of forecast", "productStatus":0, "productStatusName":"Operational products", "productType":1, "productTypeName":"Forecast products", "productDefinitionTemplate":0, "productDefinitionTemplateName":"Analysis/forecast at horizontal level/layer at a point in time", "parameterCategory":2, "parameterCategoryName":"Momentum", "parameterNumber":2, "parameterNumberName":"U-component_of_wind", "parameterUnit":"m.s-1", "genProcessType":2, "genProcessTypeName":"Forecast", "forecastTime":0, "surface1Type":100, "surface1TypeName":"Isobaric surface", "surface1Value":70000.0, "surface2Type":255, "surface2TypeName":"Missing", "surface2Value":0.0, "gridDefinitionTemplate":0, "gridDefinitionTemplateName":"Latitude_Longitude", "numberPoints":65160, "shape":6, "shapeName":"Earth spherical with radius of 6,371,229.0 m", "gridUnits":"degrees", "resolution":48, "winds":"true", "scanMode":0, "nx":360, "ny":181, "basicAngle":0, "lo1":0.0, "la1":90.0, "lo2":359.0, "la2":-90.0, "dx":1.0, "dy":1.0 }, "data":
[rows 52 to 77 of 181, columns 174 to 231 of 360]
10.673203,9.413203,7.073203,7.253203,5.433203,4.133203,5.6232033,5.093203,4.403203,3.063203,3.313203,1.2832031,-0.98679686,-1.7167969,-3.916797,-6.096797,-1.4667969,-1.0367969,-0.056796875,0.38320312,-5.006797,-2.936797,-0.7667969,1.9632031,2.393203,1.5632031,1.5832031,4.0432034,-4.256797,-1.3667969,-1.7367969,-2.346797,-4.536797,-4.226797,-4.886797,-4.766797,-4.196797,-3.0267968,-2.606797,-2.876797,-3.2767968,-3.346797,-3.676797,-3.926797,-4.6667967,-5.346797,-5.786797,-5.976797,-5.716797,-5.0867968,-4.756797,-4.926797,-4.6067967,-4.656797,-5.036797,-5.536797,-5.2067966,-6.496797
8.253203,6.1432033,6.133203,4.5832033,1.8132031,1.6832031,2.6632032,1.7632031,2.133203,3.2632031,0.32320312,-0.91679686,-1.8767968,-1.3367969,-3.636797,-3.446797,-0.6267969,2.343203,2.643203,3.053203,2.9832032,2.6732032,3.063203,1.9732032,5.1032033,2.593203,2.2232032,6.423203,1.8332031,-1.7567968,-1.5867969,-3.116797,-4.846797,-4.446797,-4.576797,-3.456797,-2.4767969,-2.846797,-3.926797,-4.9567966,-4.616797,-5.036797,-4.806797,-5.736797,-6.596797,-6.8367968,-6.976797,-7.6467967,-6.906797,-5.866797,-6.286797,-5.966797,-6.096797,-6.316797,-6.736797,-7.576797,-6.926797,-7.4167967
2.853203,3.093203,1.9332031,1.1632031,0.6832031,-0.78679687,-0.5967969,-0.7567969,1.2732031,1.0432031,-1.2167969,-2.2367969,-2.2767968,-2.5667968,-3.7867968,-0.9667969,3.113203,5.0432034,5.303203,2.7532032,5.093203,4.503203,2.043203,3.383203,6.253203,7.6432033,5.763203,6.133203,0.28320312,-2.3167968,-1.2267969,-2.8167968,-4.506797,-4.636797,-4.016797,-3.646797,-3.436797,-4.6467967,-4.386797,-4.5867968,-5.656797,-6.0867968,-6.326797,-6.726797,-8.466797,-9.206797,-8.776797,-8.716797,-9.006797,-8.286797,-8.016797,-7.156797,-7.246797,-7.716797,-6.826797,-5.176797,-4.486797,-5.6467967
-0.076796874,-0.056796875,-1.1067969,-1.2767968,-1.5367969,-2.616797,-1.5467969,-3.3067968,-1.4467969,-2.0467968,-3.356797,-3.596797,-2.7667968,-3.656797,-3.616797,1.0232031,2.9832032,2.2332032,4.5432034,5.193203,6.8532033,9.183203,7.633203,5.693203,9.213203,2.903203,2.2332032,4.993203,0.063203126,-1.2867969,-1.1567969,-2.3067968,-3.5767968,-3.446797,-3.696797,-3.3267968,-4.6467967,-6.556797,-6.4567966,-5.966797,-6.3967967,-7.226797,-8.026797,-7.746797,-8.716797,-10.536797,-10.766797,-10.256797,-10.096797,-9.786797,-8.336797,-7.806797,-7.046797,-7.8967967,-8.076797,-6.486797,-4.846797,-6.746797
-2.5467968,-4.716797,-5.6467967,-6.246797,-7.366797,-6.766797,-5.326797,-4.176797,-5.1867967,-5.056797,-4.886797,-4.746797,-4.1267967,-5.3767967,-2.7367969,0.34320313,1.0532031,1.5932031,4.473203,6.3532033,11.233203,9.673203,8.723203,6.713203,10.103203,6.023203,4.213203,1.3032031,0.13320312,0.15320313,-1.2767968,-3.7567968,-5.476797,-4.466797,-5.1267967,-6.096797,-7.1467967,-7.8367968,-7.826797,-7.726797,-7.8367968,-8.336797,-8.926797,-9.646797,-8.976797,-9.226797,-11.146797,-11.3667965,-10.666797,-10.626797,-9.526797,-8.506797,-7.5867968,-7.3367968,-6.9367967,-6.826797,-6.8967967,-6.6267967
-4.6267967,-6.176797,-8.336797,-8.836797,-8.766797,-7.746797,-6.676797,-7.8967967,-8.106797,-7.886797,-6.746797,-6.316797,-6.536797,-5.366797,-1.2067969,-0.20679687,-0.06679688,2.9732032,2.643203,5.233203,6.843203,8.993203,10.523203,11.113203,11.373203,7.1032033,3.4832032,0.51320314,-0.34679687,2.0032032,-2.8367968,-4.486797,-6.316797,-5.1467967,-6.756797,-6.886797,-6.346797,-6.556797,-7.296797,-7.656797,-8.426797,-8.906796,-9.146797,-10.216797,-9.736797,-9.836797,-9.886797,-11.396797,-11.646797,-10.896797,-9.596797,-8.906796,-8.146797,-7.6467967,-6.846797,-6.006797,-4.946797,-3.706797
-7.996797,-9.076797,-10.266797,-9.816797,-9.896797,-10.146797,-10.446796,-10.896797,-11.166797,-10.316797,-9.056797,-8.536797,-7.386797,-3.0867968,-0.7767969,-0.28679687,0.96320313,3.353203,4.8132033,3.863203,7.303203,8.693203,10.233203,14.873203,7.653203,6.6632032,3.823203,-0.5767969,0.77320313,0.24320312,-4.026797,-4.426797,-5.806797,-3.7467968,-3.356797,-6.676797,-4.5867968,-5.226797,-5.056797,-6.016797,-6.756797,-8.316797,-8.956797,-9.016797,-9.426797,-9.426797,-9.986797,-9.966797,-10.556797,-10.486797,-9.786797,-8.976797,-8.136797,-6.3767967,-7.0867968,-7.306797,-5.906797,-3.636797
-9.426797,-10.896797,-10.606797,-11.686797,-12.446796,-13.406796,-13.826797,-13.666797,-13.236797,-12.706797,-10.606797,-8.476797,-5.2067966,-1.1267968,0.9132031,2.7032032,4.703203,6.523203,6.263203,6.953203,9.433203,10.853203,13.513203,15.293203,4.4132032,6.683203,4.023203,1.5532031,1.2832031,-0.67679685,-4.346797,-4.1667967,-4.3967967,-2.606797,-2.4667969,-3.2367969,-1.6967969,-1.7467968,-1.7367969,-2.7967968,-5.156797,-7.796797,-8.336797,-8.256797,-8.886797,-9.386797,-9.536797,-9.466797,-9.386797,-9.946796,-10.136797,-9.786797,-9.306797,-9.326797,-8.316797,-7.696797,-6.9367967,-5.1267967
-10.516797,-11.806797,-12.8667965,-14.066797,-14.596797,-15.316797,-15.246797,-14.596797,-13.446796,-12.126797,-9.306797,-7.006797,-4.006797,-2.376797,-0.9467969,2.053203,1.7132031,2.7432032,3.883203,8.203203,10.943203,11.683203,15.503203,8.523203,6.673203,5.3732033,3.883203,1.9532031,-0.85679686,-1.1067969,-5.136797,-4.246797,-3.706797,-2.7467968,-1.4267969,-1.9667969,-1.7467968,-3.866797,-4.246797,-4.446797,-5.566797,-5.966797,-7.546797,-9.496797,-8.396797,-8.626797,-9.666797,-9.6167965,-9.246797,-9.346797,-10.436797,-10.406796,-10.266797,-10.176797,-9.176797,-8.766797,-7.986797,-7.8367968
-12.876797,-14.096797,-14.076797,-15.516797,-16.386797,-15.736797,-14.436797,-13.606797,-12.136797,-10.696796,-9.336797,-7.6867967,-5.776797,-3.7367969,-0.23679687,2.653203,4.1032033,3.9432032,4.943203,10.623203,14.723203,17.733204,11.283203,7.713203,7.3332033,5.033203,4.713203,2.133203,-0.19679688,-1.2367969,-3.626797,-4.636797,-3.5867968,-3.416797,-3.656797,-4.476797,-7.346797,-5.4567966,-6.6267967,-7.9367967,-5.6067967,-5.756797,-7.076797,-8.356797,-9.106797,-8.126797,-9.406796,-10.516797,-9.936797,-9.626797,-9.856797,-11.416797,-11.326797,-10.326797,-8.886797,-8.146797,-7.656797,-6.9367967
-13.456797,-13.956797,-14.826797,-15.386797,-14.706797,-13.506797,-12.066797,-11.106797,-9.226797,-7.3967967,-5.796797,-4.746797,-2.636797,-1.7867969,-0.016796876,2.7832031,6.213203,11.683203,14.853203,16.303204,15.613203,10.073203,8.903203,8.103203,6.233203,4.963203,4.693203,2.1832032,1.0132031,-1.2267969,-1.6967969,-2.206797,-1.9167969,-2.896797,-4.0867968,-4.536797,-3.856797,-5.9567966,-4.696797,-8.306797,-5.816797,-5.316797,-6.296797,-7.466797,-7.676797,-6.926797,-7.056797,-8.166797,-8.876797,-9.196796,-9.196796,-8.386797,-8.346797,-8.526797,-8.026797,-7.6067967,-7.8567967,-7.386797
-12.716797,-12.706797,-12.886797,-12.566797,-12.576797,-11.756797,-9.506797,-8.166797,-6.566797,-5.306797,-4.276797,-2.9967968,-1.0167968,4.0632033,7.273203,11.143203,13.783203,15.753203,16.403204,13.033203,11.503203,11.073203,7.883203,7.723203,5.273203,5.763203,5.483203,2.583203,1.0932031,-1.6567969,-1.7467968,0.20320313,2.9732032,1.4332031,-0.046796873,-1.8867968,-2.136797,-2.5667968,-1.6267968,-1.9267969,-5.266797,-4.3767967,-5.676797,-5.886797,-6.496797,-6.286797,-5.276797,-6.096797,-6.506797,-6.9167967,-5.796797,-5.496797,-4.866797,-4.406797,-4.986797,-4.9567966,-6.1067967,-7.3367968
-9.136797,-10.456797,-9.256797,-8.546797,-6.846797,-6.5867968,-6.2067966,-5.486797,-3.146797,-0.8767969,1.6932031,4.443203,6.723203,8.943203,10.603203,12.003203,11.943203,10.303204,9.043203,9.473203,9.353203,7.033203,6.1632032,6.363203,5.0432034,5.5832033,5.003203,3.593203,1.1332031,-1.3967968,-0.43679687,0.18320313,1.7732031,2.883203,2.793203,-0.076796874,-2.126797,-2.5167968,-2.106797,-1.9867969,-1.5667969,-2.146797,-2.9767969,-5.096797,-4.3767967,-4.826797,-3.646797,-4.026797,-5.516797,-5.8567967,-4.796797,-4.2067966,-4.1867967,-4.276797,-4.636797,-4.566797,-4.6467967,-3.9767969
-7.466797,-6.756797,-6.616797,-5.3567967,-5.8367968,-5.4167967,-3.7867968,0.29320312,2.6832032,4.3932033,6.183203,7.113203,7.773203,7.933203,7.3732033,7.203203,6.263203,7.423203,7.6632032,6.8132033,6.783203,6.213203,6.593203,5.973203,3.7132032,4.223203,4.843203,3.613203,2.2632031,-2.0667968,-1.2367969,-0.7067969,-0.8467969,0.6632031,1.7332032,-1.2467968,-1.5967969,-1.4167969,-2.346797,-1.7267969,-0.036796875,-1.1467968,-1.3367969,-2.0267968,-2.946797,-3.5767968,-3.2267969,-0.74679685,-1.0267968,-1.7567968,-4.406797,-4.1267967,-3.626797,-3.7267969,-3.626797,-4.386797,-4.066797,-3.696797
-4.526797,-2.7467968,-1.5467969,-0.45679688,1.1432031,3.633203,3.9532032,3.873203,4.9132032,5.6632032,4.973203,6.383203,5.823203,3.4832032,4.053203,6.133203,4.1432033,4.1032033,4.963203,5.3532033,6.383203,7.153203,6.463203,5.5832033,3.893203,3.7232032,4.173203,3.7632031,2.873203,0.11320312,-0.8367969,-2.7667968,-2.376797,-1.7567968,-2.366797,-2.426797,-1.7867969,-1.7767968,-4.1467967,-2.856797,-0.46679688,0.23320313,-0.046796873,-1.5367969,-2.626797,-4.256797,-4.1867967,-2.0367968,0.6732031,0.6232031,1.4932032,-0.6567969,-2.2367969,-3.0367968,-2.7967968,-2.916797,-3.0167968,-2.7267969
-1.4867969,-0.16679688,1.1632031,2.9232032,3.623203,4.363203,5.053203,5.6032033,5.6032033,3.093203,2.403203,-0.7167969,2.2732031,3.153203,3.373203,3.4132032,3.353203,3.863203,4.003203,4.5832033,5.6632032,6.1032033,6.993203,5.3932033,4.9132032,4.493203,3.4832032,4.193203,3.2332032,2.2232032,0.5632031,-0.8967969,-0.43679687,0.9132031,-1.2167969,-0.55679685,0.95320314,1.5532031,-1.3567969,-2.396797,-1.1467968,-0.14679688,0.16320312,-2.0167968,-3.116797,-3.4767969,-3.5567968,-3.126797,0.14320312,-0.5067969,0.033203125,0.70320314,0.71320313,0.4532031,-0.9067969,-1.0367969,-0.9067969,-1.3267969
0.69320315,1.1332031,2.403203,3.4532032,4.053203,3.633203,1.3532032,-0.42679688,-0.11679687,1.1432031,2.4732032,1.1332031,1.2732031,0.34320313,0.8632031,1.9532031,2.893203,3.353203,3.7432032,4.173203,3.063203,4.0832033,4.6232033,4.653203,5.6032033,4.443203,4.9132032,3.403203,3.4832032,2.5032032,1.1932031,0.11320312,2.7332032,0.8632031,2.543203,1.9832032,1.1332031,0.033203125,0.8532031,0.27320313,-0.8167969,-1.5467969,-2.106797,-1.7367969,-1.1467968,0.09320313,-0.37679687,-2.426797,-1.5867969,0.15320313,-0.92679685,-0.9567969,-0.45679688,0.25320312,0.6532031,-0.20679687,-0.72679687,-1.0367969
-1.2667968,-1.0867969,-3.956797,-3.176797,-2.0167968,-0.54679686,-0.5767969,1.5832031,1.8432031,2.2232032,0.6732031,-0.5267969,-1.9067969,-1.1067969,-0.15679687,1.2232032,2.633203,0.95320314,1.1832031,2.7032032,2.1932032,2.583203,3.1832032,3.9132032,3.4732032,3.063203,3.123203,4.213203,1.9432031,2.2232032,1.2632031,0.39320314,1.8232031,-0.5167969,-0.8867969,-2.4667969,-1.2867969,-0.44679686,-1.2367969,-0.9067969,-2.0367968,-2.0367968,-3.0067968,-1.8767968,-1.1267968,1.1032032,0.51320314,0.09320313,-1.8667969,-1.0267968,-0.91679686,-1.5767969,-1.2567968,-0.22679688,-0.37679687,0.94320315,1.6132032,2.2732031
-3.656797,-2.376797,-1.4667969,-0.34679687,0.16320312,0.44320312,0.6832031,0.7332031,-0.34679687,-0.7067969,-1.2067969,-1.5667969,-1.1067969,-1.1867969,-1.7167969,-1.1567969,-2.5067968,-0.85679686,-0.54679686,-0.106796876,0.9832031,1.7632031,2.9332032,2.093203,1.9032031,1.4132031,1.7632031,2.2232032,1.0732031,0.39320314,0.39320314,1.6232032,0.40320313,-1.6267968,-2.4967968,-3.166797,-1.6567969,-1.3967968,-1.3667969,-2.0267968,-0.9567969,-0.2667969,-2.0367968,-1.5167968,-0.18679687,-0.06679688,0.43320313,-0.18679687,-0.11679687,-1.4967968,-0.5167969,-1.1467968,-1.7467968,-1.2967969,-1.2767968,-0.24679688,0.4232031,0.9132031
-3.926797,-2.346797,-0.056796875,0.57320315,1.0332031,0.29320312,0.32320312,0.053203125,-0.06679688,-1.1067969,-0.91679686,-1.0067968,-1.9067969,-1.5967969,-1.5967969,-0.8467969,-0.3267969,-0.19679688,-0.34679687,-1.2367969,-0.5667969,0.25320312,1.8132031,1.7032031,1.1432031,0.09320313,0.14320312,-0.30679688,0.073203124,-1.8367969,0.28320312,-1.9467969,-3.096797,-4.116797,-4.276797,-2.2667968,1.2132031,2.043203,2.653203,2.813203,2.793203,1.5132031,0.36320314,-0.61679685,-0.056796875,-0.36679688,0.28320312,1.1032032,-0.7167969,-1.3167969,-1.0267968,-0.6267969,-0.92679685,-1.1867969,-0.8467969,-0.5967969,-1.3367969,-0.31679687
-3.0467968,-3.2967968,-2.2267969,-0.8767969,0.5532031,1.8432031,1.4532031,0.5632031,0.003203125,-0.046796873,0.14320312,-1.2467968,-0.54679686,2.313203,6.533203,6.8132033,8.173203,3.2032032,-0.12679687,-0.8967969,-0.85679686,-0.9067969,0.19320312,0.28320312,-0.43679687,0.8532031,0.30320314,-1.0167968,-0.28679687,0.6132031,0.25320312,-1.4067969,-2.7867968,-2.3267968,-1.9267969,2.363203,2.9532032,2.643203,2.6932032,2.7232032,3.303203,2.653203,1.2632031,0.70320314,0.6032031,-0.06679688,1.1032032,0.4832031,-0.54679686,-0.9367969,-2.0267968,-1.1467968,-0.4867969,-0.27679688,0.043203127,-0.38679686,-0.66679686,-1.4667969
-4.406797,-3.176797,-2.916797,-1.5567969,-1.0267968,-0.5167969,0.44320312,0.51320314,0.25320312,0.37320313,1.0132031,0.7432031,3.4532032,4.203203,5.273203,3.0232031,2.823203,1.9932032,0.073203124,-0.55679685,-0.5967969,-0.8967969,-0.8367969,-0.11679687,-0.5667969,0.38320312,0.003203125,-0.49679688,-0.036796875,-0.18679687,0.35320312,-0.076796874,-0.8167969,1.4632031,3.9732032,6.343203,4.613203,4.233203,3.1932032,2.093203,2.363203,1.7632031,1.8432031,1.5532031,0.043203127,1.1132032,0.7932031,1.3632032,-1.4767969,-1.5267968,-1.2367969,-1.4867969,-0.6267969,0.5432031,1.2332032,1.1332031,0.033203125,0.053203125
-3.446797,-2.7267969,-2.436797,-2.2567968,-1.8367969,-2.666797,-1.6067969,-1.6367968,-0.23679687,-0.47679687,0.94320315,3.1932032,4.113203,2.2832031,2.2532032,2.103203,0.41320312,1.0832031,1.3132031,0.5632031,-0.036796875,-0.5267969,-0.34679687,-0.91679686,0.08320312,0.39320314,1.4532031,3.073203,2.1932032,0.9732031,1.7032031,0.7832031,1.6832031,4.993203,5.733203,5.5832033,5.1232033,4.2932034,2.853203,1.7632031,1.8432031,2.5332031,2.4532032,1.4432031,-0.27679688,0.35320312,-1.6067969,-2.4867969,-3.4767969,-2.136797,-1.0967969,-1.6867969,0.12320313,0.8532031,2.4132032,2.4332032,1.0032032,1.4632031
-1.7467968,-1.2167969,-1.6467968,-1.0867969,-1.0067968,-1.2967969,-0.8867969,-0.5867969,0.17320313,0.043203127,0.44320312,0.9232031,2.0032032,3.5232031,1.9032031,0.38320312,1.5032032,2.2732031,2.393203,1.0732031,-0.37679687,-0.8267969,-1.0067968,-1.3267969,0.12320313,0.7232031,2.123203,2.5132031,6.003203,6.323203,5.713203,5.363203,7.3132033,7.973203,7.1032033,7.233203,6.073203,4.8732033,3.363203,2.1832032,1.9932032,2.7732031,2.2132032,2.7432032,2.9832032,3.543203,1.3532032,-3.0667968,-1.2467968,-3.156797,-1.5767969,0.12320313,-1.4267969,-0.9667969,3.353203,3.1632032,2.293203,2.053203
-1.8967968,-2.0667968,-1.4067969,-1.6767969,-1.1867969,-0.5667969,0.15320313,0.12320313,0.33320314,0.7232031,1.2232032,1.4732032,1.4832032,1.4832032,1.4232031,0.17320313,0.4832031,1.4432031,0.76320314,0.37320313,-0.6967969,-2.0467968,-1.5567969,-2.0667968,-1.6567969,-0.09679688,0.9032031,2.2332032,4.343203,5.173203,6.183203,6.7932034,7.233203,6.453203,5.073203,3.2432032,3.0232031,2.653203,2.123203,0.69320315,2.563203,2.5032032,2.6632032,3.7832031,4.3132033,3.4332032,4.0432034,3.6732032,5.1632032,3.313203,-1.5767969,-1.7667968,-3.146797,-1.3867968,-0.4867969,3.4832032,3.2032032,3.1832032
-3.4667969,-2.4867969,-1.3667969,-2.456797,-2.126797,-1.0767969,0.013203125,-0.23679687,0.41320312,0.50320315,0.19320312,1.1932031,1.7132031,1.3832031,1.3432031,1.5932031,1.1332031,0.103203125,-0.6467969,-0.6967969,-0.99679685,-1.6667969,-1.8767968,-1.5267968,-1.2367969,-1.6567969,-0.45679688,1.1532031,3.343203,3.7432032,5.133203,5.3132033,4.983203,3.573203,2.9932032,2.2132032,1.0932031,1.3632032,1.1132032,2.153203,3.5332031,2.0032032,3.143203,3.093203,4.173203,5.383203,3.4932032,5.883203,4.823203,4.633203,1.7732031,-1.5767969,-3.0167968,-1.7067969,-1.0867969,0.13320312,2.5232031,4.013203
