views/data/weather/2019/09/26/0000-wind-isobaric-850hPa-gfs-1.0.json
{"header": { "discipline":0, "disciplineName":"Meteorological products", "gribEdition":2, "gribLength":79911, "center":7, "centerName":"US National Weather Service - NCEP(WMC)", "subcenter":0, "refTime":"2019-09-26T00:00:00.000Z", "significanceOfRT":1, "significanceOfRTName":"Start of forecast", "productStatus":0, "productStatusName":"Operational products", "productType":1, "productTypeName":"Forecast products", "productDefinitionTemplate":0, "productDefinitionTemplateName":"Analysis/forecast at horizontal level/layer at a point in time", "parameterCategory":2, "parameterCategoryName":"Momentum", "parameterNumber":2, "parameterNumberName":"U-component_of_wind", "parameterUnit":"m.s-1", "genProcessType":2, "genProcessTypeName":"Forecast", "forecastTime":0, "surface1Type":100, "surface1TypeName":"Isobaric surface", "surface1Value":85000.0, "surface2Type":255, "surface2TypeName":"Missing", "surface2Value":0.0, "gridDefinitionTemplate":0, "gridDefinitionTemplateName":"Latitude_Longitude", "numberPoints":65160, "shape":6, "shapeName":"Earth spherical with radius of 6,371,229.0 m", "gridUnits":"degrees", "resolution":48, "winds":"true", "scanMode":0, "nx":360, "ny":181, "basicAngle":0, "lo1":0.0, "la1":90.0, "lo2":359.0, "la2":-90.0, "dx":1.0, "dy":1.0 }, "data":
[rows 52 to 77 of 181, columns 228 to 284 of 360]
-6.9168677,-6.1368675,-5.9168677,-5.566868,-6.276868,-6.4368677,-1.1168677,0.11313233,-0.67686766,-6.296868,0.033132326,-0.99686766,2.6031322,-4.006868,-0.5368677,2.0931323,0.32313234,-4.256868,-2.8168676,-1.8968676,-0.07686768,-0.4668677,-0.026867677,4.413132,2.1331322,1.7631323,-1.7368677,-2.4268677,-8.916867,-10.766868,-9.286868,-10.126867,-11.236868,-7.4768677,-5.9068675,-2.8768678,-0.37686768,1.4331323,0.093132325,2.8631322,4.1331325,4.223132,5.8531322,8.593132,8.843132,7.4831324,9.333133,7.373132,8.093132,6.9831324,7.0731325,7.933132,6.7831326,8.643132,8.063132,8.793133,11.423132
-8.266868,-7.9068675,-7.1868677,-6.3968678,-5.4568677,-3.7068677,-3.7968676,1.6231323,-0.13686767,-4.2468677,-0.7668677,4.5431323,0.6431323,1.5231323,-2.3068676,0.51313233,-2.7468677,-1.5368676,-0.17686768,2.6031322,-2.8368676,1.3931323,-2.2368677,1.0531323,4.1531324,4.743132,6.9431324,-1.8868676,-3.7568676,-6.7668676,-4.9668674,-4.276868,-4.4068675,-5.586868,-1.7968677,0.13313232,4.0231323,3.1331322,2.6231322,4.493132,6.7731323,8.293133,6.3131323,10.653132,11.663133,8.043133,9.463132,9.263132,4.663132,6.163132,3.6731324,5.183132,6.2731323,7.7531323,7.5031323,7.953132,7.9031324
-9.156868,-9.296867,-8.576868,-7.6468678,-7.566868,-5.3468676,-3.9068677,-3.1468678,-3.4668677,0.07313232,0.35313234,0.06313232,7.2731323,3.8431323,-4.256868,-1.6168677,0.043132324,-1.2468677,2.9531324,-3.7368677,-4.6468678,-1.3468677,1.2031323,5.223132,1.8131323,2.9331324,2.4831324,-0.12686768,-1.6268677,0.5331323,2.1731324,5.7931323,6.8531322,8.183132,5.1531324,5.4231324,5.0731325,6.763132,5.5631323,8.133132,7.183132,7.7131324,7.243132,9.213132,8.963132,8.193132,5.4631324,5.703132,4.643132,4.8131323,1.1931323,1.8631324,5.183132,6.8431325,10.473132,10.463132,9.853132
-8.846868,-8.266868,-7.3968678,-6.7468677,-6.316868,-5.4068675,-5.986868,-4.3968678,-2.2868676,-2.1768677,-0.25686768,2.6331322,2.7731323,-1.6268677,-5.4968677,-5.5768676,0.43313232,-2.4568677,1.1831323,0.7231323,-0.3068677,0.18313232,2.2031324,2.4831324,3.6631324,3.6931324,5.663132,6.953132,5.5331326,5.2331324,5.7131324,4.8631325,1.9631324,6.2531323,5.8231325,7.513132,7.183132,6.263132,5.873132,6.3231325,8.383132,9.493133,9.543133,7.913132,6.4831324,7.643132,4.6531324,1.4431323,0.9831323,1.6631323,2.5031323,0.22313233,3.5331323,4.5931325,6.1731324,7.4031324,6.513132
-7.7168674,-6.9268675,-5.506868,-3.9368677,-3.7768676,-2.6668677,-0.29686767,-0.47686768,-0.056867674,1.6231323,4.9231324,5.413132,0.4731323,-2.4368677,-0.28686768,3.1831324,-5.7668676,-6.9668674,-8.086867,-4.1568675,-1.0968677,-0.086867675,-0.20686768,0.42313233,2.9131324,1.0431323,4.8231325,5.7731323,6.3431325,5.7831326,2.1031322,2.7731323,2.8131323,5.5731325,5.3131323,6.6331325,2.2331324,3.3531322,5.873132,6.5931325,5.5531325,5.493132,5.453132,3.6031322,4.913132,2.6231322,5.6731324,2.5631323,4.0631323,1.5731323,2.3831322,2.6731324,1.8631324,2.7031324,5.3231325,3.5331323,3.1131322
-7.7468677,-7.006868,-5.736868,-3.6468678,-0.9468677,0.63313234,1.6831323,3.4031324,4.2931323,7.8831325,5.4231324,3.9831324,-0.22686768,-1.8368677,-0.7768677,0.46313232,-1.7268677,-3.4268677,-3.1968677,-6.1768675,-3.1168678,-2.5368676,-2.4868677,0.46313232,4.2931323,2.7931323,0.48313233,2.2031324,2.2131324,3.1131322,-0.9668677,0.9631323,1.2831323,2.6131322,-0.046867676,0.50313234,-1.1268677,2.1731324,3.2431324,1.4431323,1.6531323,0.7931323,2.0631323,2.1031322,4.183132,2.5131323,2.7531323,4.8431325,4.893132,5.683132,-0.7168677,6.0831323,3.7731323,3.1931324,2.1531324,0.51313233,0.0031323242
-7.276868,-6.2468677,-4.7068677,-3.1268678,-0.7668677,0.36313233,3.6631324,8.983132,7.5531325,4.513132,3.6031322,1.6131324,0.2831323,1.9431323,-1.3968676,-1.6168677,-0.7668677,-0.6968677,-2.1168678,1.0531323,-1.2268677,-2.3068676,-3.5768676,0.023132324,3.4431324,4.9231324,2.9431324,3.1531324,-0.43686768,-0.55686766,0.033132326,1.3131323,2.1931324,0.123132326,-0.44686767,0.18313232,4.4631324,2.4931324,0.87313235,-1.2668676,-1.8868676,1.5631323,2.2231324,1.0731323,-0.6068677,1.3931323,3.3331323,1.0631323,5.683132,1.9331323,1.1431323,3.2831323,3.7031324,2.8331323,-0.22686768,-3.9868677,-2.2268677
-7.6568675,-6.086868,-4.546868,-3.0268676,-0.48686767,3.6331322,4.5631323,4.6131325,2.9431324,1.8331323,0.68313235,-1.9868677,0.0031323242,-4.316868,-3.9668677,1.1731323,-4.236868,-0.18686767,0.82313234,-3.1568677,-1.1668677,-3.0268676,-2.0368676,1.4131323,5.6531324,-1.7268677,2.5431323,2.6631324,1.1331323,-3.1368678,-0.06686768,0.70313233,1.6331323,-0.42686766,-1.6068677,1.8931323,-0.34686768,-1.3768677,0.0031323242,1.1331323,-1.9568677,-1.6568676,-1.6468676,0.87313235,0.11313233,-2.0668676,-0.81686765,1.2831323,-0.0068676756,3.7431324,4.513132,6.7731323,3.4531324,0.6431323,-2.6268678,-2.9668677,-3.6468678
-8.406868,-6.816868,-3.9568677,-0.67686766,-0.40686768,0.5931323,0.6631323,-0.10686768,-0.73686767,-1.2168677,-3.3468676,-1.8268677,-2.3668678,-0.4968677,0.8531323,0.29313233,4.7731323,2.3031323,3.7831323,4.5031323,-0.016867675,-1.5568677,-0.29686767,1.5131323,1.4331323,-3.5168676,-3.4468677,1.5731323,1.4931324,2.1031322,-4.236868,-1.4568677,-0.026867677,0.17313233,-1.3568677,1.8031323,-2.2768676,0.22313233,-3.8868678,-2.4668677,-4.546868,-3.0168676,-1.4468677,-4.876868,-3.2868676,-5.0968676,-4.0168676,-0.6068677,-0.4968677,1.1231323,1.8531324,4.143132,1.7531323,-0.18686767,-2.9168677,-2.2168677,-1.1468676
-4.9368677,-3.4068677,-3.2968676,-3.4668677,-3.9068677,-3.6768677,-3.4468677,-3.9368677,-5.3068676,-5.2168674,-4.336868,-1.4568677,0.14313233,0.6031323,-0.14686768,-1.9268677,-1.7468677,-0.7268677,2.1931324,-1.4468677,1.5131323,-0.016867675,-0.6968677,1.9131323,3.0931323,2.6731324,-3.1368678,-0.2768677,0.2831323,2.9331324,0.43313232,-2.7668676,-2.5068676,-2.8668678,0.10313232,1.4631324,-1.0568677,-0.26686767,-3.1168678,-2.5568676,-3.3568678,-5.356868,-5.276868,-5.0768676,-6.2268677,-5.1368675,-5.0568676,-4.546868,-2.4168677,-2.5768676,-2.0668676,0.26313233,-1.6868677,-2.4768677,-2.5168676,-2.1268678,-2.2168677
-6.546868,-6.2068677,-5.4368677,-5.5368676,-6.3668675,-7.1568675,-7.296868,-7.1468678,-7.1968675,-7.4768677,-4.9768677,-1.8668677,-2.6568677,-3.1068678,-4.6568675,-4.2268677,-2.2568676,-0.8568677,-1.2768676,4.0531325,2.8631322,0.56313235,-1.0568677,1.1231323,2.7831323,4.7831326,-4.4968677,1.4031323,-1.7668676,0.023132324,-1.1468676,-3.7268677,-3.0968676,-2.8768678,0.9731323,-1.6468676,-2.7068677,-2.9968677,-2.8568678,-2.6368678,-1.1468676,-2.9768677,-6.1868677,-9.086867,-8.896868,-8.436868,-7.4368677,-6.816868,-6.6468678,-7.126868,-5.316868,-5.3868675,-5.3068676,-4.5568676,-4.4268675,-4.986868,-4.9368677
-7.8868675,-7.6868677,-7.3068676,-6.546868,-6.276868,-7.106868,-8.386868,-9.096868,-8.456867,-7.6368675,-6.9668674,-6.6868677,-5.9568677,-4.6468678,-2.3368676,-0.24686767,2.1431322,2.2331324,1.7031323,0.32313234,0.68313235,5.0331326,3.1231322,-2.3868678,3.4331324,6.3531322,-2.7168677,-3.4668677,-0.42686766,1.7631323,-4.256868,-1.5468677,-5.506868,-3.2968676,1.9631324,-0.026867677,-1.7668676,-4.606868,-3.4568677,-0.7868677,1.9631324,2.8031323,-2.1168678,-5.9768677,-5.376868,-5.7468677,-8.076868,-8.046867,-9.666867,-9.906868,-9.696868,-8.526868,-8.666867,-7.356868,-7.0568676,-3.9368677,-1.8068677
-6.4168677,-7.0568676,-8.876867,-8.306868,-7.796868,-8.596868,-8.6768675,-8.596868,-8.556868,-8.686868,-8.256867,-6.2168674,-3.4768677,-1.8768677,1.4431323,3.0431323,4.913132,3.1531324,2.9631324,3.2431324,3.5031323,5.6931324,3.0431323,-2.4268677,1.6331323,2.3631322,-0.4968677,-2.9168677,-0.7868677,1.8031323,2.4631324,-7.2268677,-4.9068675,-3.3368676,-0.2768677,-1.7568676,-1.5668677,-1.9968677,-2.7968676,-2.1668677,-0.56686765,-1.6268677,-1.6668677,-3.3668678,-4.6968675,-4.6668677,-4.8468676,-6.5568676,-7.2168674,-9.116868,-5.0368676,-4.8068676,-3.7468677,-3.3468676,-0.93686765,-0.7768677,1.3731323
-2.9368677,-3.1668677,-4.0568676,-5.4668674,-6.4968677,-6.7468677,-7.9568677,-7.8968678,-7.0768676,-5.6168675,-3.5568676,-1.2368677,1.1931323,3.0431323,3.7231324,4.953132,4.223132,5.013132,6.7931323,5.9631324,4.5631323,3.1131322,4.9031324,1.0731323,-2.8668678,3.4131324,2.6631324,-2.0368676,-0.06686768,-0.6668677,1.8131323,3.2431324,-2.3768678,-0.22686768,-1.4568677,-3.7168677,-3.3068676,-2.2768676,-2.9568677,-3.1068678,-4.3968678,-1.7568676,-1.5368676,-1.6668677,-3.5168676,-4.0368676,-4.9268675,-5.816868,-6.5368676,-8.746868,-9.166867,-4.1768675,-2.5568676,-3.6668677,-2.4068677,-1.5368676,-4.106868
-0.12686768,-0.74686766,-0.9068677,-1.2668676,-1.0468677,-0.8868677,-0.8968677,-0.046867676,-0.036867674,0.5331323,1.5731323,2.6631324,2.6031322,3.3831322,3.3631322,3.9431324,6.0431323,6.0631323,5.413132,4.4831324,2.7131324,0.2831323,3.9431324,2.4531324,-0.17686768,-1.7168677,1.7131324,4.143132,-0.09686767,-0.55686766,0.08313233,0.29313233,-3.8568678,-0.99686766,-1.4968677,-2.2368677,-2.2468677,-1.9768677,-2.9168677,-3.3968678,-4.6668677,-5.1568675,-2.1968677,-1.5368676,-2.3268676,-1.8368677,-3.6468678,-5.816868,-4.5168676,-3.9968677,-4.6668677,-6.2468677,-4.126868,-5.0368676,-4.1668677,-4.5368676,-4.1468678
0.81313235,1.0131323,0.19313233,0.57313234,0.8431323,1.7431324,1.6631323,2.2231324,1.8431324,2.2731323,2.2231324,2.5731323,2.9031324,2.1131322,3.7431324,5.493132,5.0431323,3.7531323,3.2631323,2.6031322,1.4431323,-0.20686768,0.013132324,0.9131323,0.51313233,0.5231323,-0.5868677,2.6031322,0.87313235,5.663132,1.0031323,-4.486868,-4.026868,0.10313232,-0.9168677,-0.35686767,-2.0768676,-0.9568677,-0.99686766,-2.5168676,-4.2868676,-3.9968677,-3.9668677,-2.6268678,-2.8668678,-2.9168677,-3.0468676,-0.6368677,-1.2568676,-3.0768676,-4.836868,-4.5968676,-3.7968676,-4.0368676,-4.2668676,-4.0968676,-2.7468677
0.26313233,0.45313233,0.6631323,1.3431324,0.8931323,0.9731323,1.3731323,1.9031323,1.2731323,1.0031323,1.1631323,1.1431323,1.5531323,2.1131322,3.1231322,2.5031323,1.8531324,1.4431323,1.3031323,1.0231323,0.9731323,0.24313232,0.093132325,0.5231323,1.0031323,1.0631323,1.0731323,2.6731324,1.8831323,2.3631322,4.1931324,-3.9168677,-7.7468677,-3.3168676,-0.7868677,-0.046867676,0.053132325,-0.086867675,-0.61686766,-0.80686766,-2.1668677,-3.6768677,-1.8668677,-3.1568677,-3.4768677,-2.8768678,-2.4868677,-2.4768677,-1.0068676,-0.43686768,-2.5868676,-1.7568676,-0.5368677,1.1331323,-2.6668677,-2.9068677,-2.5768676
-1.4768677,-1.6368676,-1.5468677,-0.8268677,-0.50686765,-0.8268677,-0.40686768,-0.20686768,0.043132324,-0.47686768,0.87313235,1.6731323,1.2731323,1.3931323,1.5431323,1.3731323,0.7831323,-0.39686766,0.093132325,-0.7868677,-0.4668677,0.13313232,0.40313232,0.16313232,0.7731323,0.07313232,0.88313234,2.0131323,4.4231324,3.7331324,4.263132,-0.4668677,-2.2368677,-3.8468676,-0.44686767,-0.41686767,0.35313234,0.33313233,0.013132324,0.30313233,0.46313232,-0.026867677,-1.1368676,1.0931324,0.6431323,0.43313232,-1.8168677,-2.1868677,-2.3668678,-1.5468677,-2.2468677,-1.9368677,-2.0468676,-2.0668676,-1.6768677,-1.4868677,-2.4068677
-0.93686765,-2.7368677,-2.1068678,-2.0868676,-1.8368677,-1.4968677,-1.6268677,-0.6968677,-0.11686768,0.74313235,1.4031323,-2.1068678,0.36313233,0.26313233,1.6831323,1.3031323,-0.40686768,-0.75686765,-1.5668677,-2.1268678,-1.5068676,-1.5168676,-0.8468677,-0.4668677,0.19313233,-0.11686768,0.5431323,-0.56686765,0.33313233,1.3831323,0.6131323,-2.3768678,-0.92686766,-2.4568677,-1.6268677,0.8931323,0.33313233,0.033132326,0.37313232,-0.56686765,0.34313232,1.2431324,0.13313232,3.5231323,2.8231323,1.1931323,-1.1868677,-0.14686768,-0.22686768,-1.8268677,-1.4668677,-1.0168676,-2.4068677,-3.4568677,-2.9568677,-1.6468676,-0.14686768
-0.7868677,-0.4968677,-1.3868676,-1.3068677,-1.4168677,-2.1868677,-1.8768677,-3.1768677,-2.1668677,-3.6768677,-2.1268678,-0.45686767,-0.16686767,1.1431323,1.9731324,-0.2768677,-0.6368677,-1.4468677,-1.9868677,-3.1268678,-3.1468678,-3.2068677,-3.1568677,-1.7668676,-0.5868677,-0.47686768,0.39313233,-1.0968677,0.33313233,3.8131323,-2.5968676,2.4931324,-1.6568676,-0.8568677,0.7231323,-1.7168677,0.4731323,0.19313233,0.37313232,0.5931323,1.7131324,2.7431324,-2.0568676,1.3031323,2.1931324,0.5431323,-0.44686767,-0.9468677,1.3731323,1.1931323,0.7931323,-0.26686767,-1.6168677,-2.2768676,-0.44686767,2.3931322,4.6131325
1.3031323,0.24313232,0.123132326,-1.2168677,-2.0268676,-3.2668676,-3.2168677,-2.5068676,-4.6568675,-2.1668677,-0.6368677,-0.10686768,1.5431323,0.32313234,0.24313232,0.08313233,-0.98686767,-1.0468677,-2.5868676,-3.2568676,-4.2668676,-4.756868,-4.1468678,-3.4168677,-2.0168676,-1.0368676,-0.06686768,-0.036867674,1.2131324,1.0731323,0.5431323,0.19313233,0.11313233,1.9431323,1.9031323,-3.8068676,0.0031323242,0.26313233,3.3531322,2.8231323,2.9631324,0.013132324,1.9131323,2.5331323,3.3431323,-0.14686768,-0.5368677,-0.92686766,-0.42686766,0.6531323,1.5731323,1.8031323,2.5831323,3.3431323,5.3431325,3.9231324,5.5731325
4.3431325,1.5931324,0.87313235,-1.2068677,-1.6968677,-2.1768677,-2.2168677,-3.8168676,-5.2668676,-3.3868678,-0.7168677,1.7331324,0.32313234,1.1331323,0.7331323,1.4331323,0.013132324,-0.8468677,-2.3968678,-3.3868678,-3.4368677,-3.7968676,-2.6368678,-2.1468678,-2.6868677,-2.2868676,-0.036867674,0.8031323,-0.086867675,1.5831323,-3.7868676,-5.7868676,-3.9568677,-1.6368676,-0.28686768,1.2731323,-1.1868677,1.0031323,1.0831323,1.6631323,-0.45686767,1.5631323,-2.4268677,2.0831323,1.8831323,0.63313234,-0.026867677,-0.62686765,-0.28686768,-0.73686767,0.31313232,1.8231323,3.5931323,3.4631324,3.7631323,5.7931323,5.223132
5.2931323,4.1031322,3.5031323,2.3031323,0.8931323,0.033132326,-1.4968677,-3.0668676,-0.7668677,0.99313235,1.3831323,2.6831324,1.7731323,3.1631324,1.1231323,0.33313233,0.06313232,-1.8968676,-2.4368677,-5.9668674,-4.336868,-2.7968676,-2.0368676,-0.15686768,0.16313232,-1.0868677,-0.50686765,-0.046867676,-0.15686768,-0.5368677,-1.6768677,-2.8068676,-2.4368677,-0.50686765,0.45313233,2.4231324,3.0031323,6.2831326,2.9231324,2.5031323,3.8731322,-0.5868677,-2.0468676,-0.016867675,0.18313232,0.36313233,-0.29686767,-0.12686768,0.94313234,0.38313234,0.38313234,0.10313232,-0.18686767,2.3031323,3.3231323,4.143132,2.6131322
1.1031324,3.7231324,4.5031323,5.0231323,4.2131324,3.0431323,3.0731323,0.94313234,0.69313234,4.5331326,3.9531324,3.1531324,4.0731325,3.2531323,-0.50686765,-0.73686767,-0.7268677,-0.28686768,1.9131323,-3.7868676,-3.7968676,0.18313232,1.6131324,0.15313232,1.6031324,0.30313233,-1.0468677,-0.026867677,0.21313232,1.7431324,3.4031324,2.2931323,3.0231323,2.5331323,4.743132,6.8131323,9.033133,8.953133,8.193132,2.7931323,1.2131324,-0.086867675,-2.3568678,-0.75686765,-0.8368677,-1.4268677,-2.8268676,-3.3468676,-0.8968677,1.4631324,0.69313234,1.6131324,2.2931323,3.8531322,2.2831323,1.7431324,2.5831323
-1.8468677,0.5331323,3.0631323,3.9331324,4.1031322,6.143132,7.683132,7.5531325,7.973132,7.1731324,7.3031325,4.3831325,2.4431324,1.2331324,-0.9668677,-3.0968676,-3.4368677,-2.7668676,3.6331322,11.553132,4.4031324,5.1531324,5.5331326,4.6131325,3.5631323,2.6831324,1.9131323,2.9231324,4.263132,6.1331325,8.113132,9.513132,8.013132,7.3331323,7.683132,8.793133,9.103132,10.033133,8.543133,6.7531323,8.0731325,6.0531325,3.9831324,0.26313233,-1.5068676,2.8131323,-1.8168677,-3.7268677,0.20313233,0.57313234,1.5331323,1.7331324,2.9231324,1.9431323,2.2531323,1.7631323,1.8231323
-0.56686765,-1.3068677,-0.07686768,0.2531323,1.9031323,2.2731323,4.7831326,5.9231324,5.703132,6.183132,6.1031322,5.4831324,1.3031323,-1.2968677,2.8731322,1.2731323,6.993132,4.0331326,7.3231325,8.213132,10.393132,8.163133,5.203132,4.703132,4.183132,5.723132,3.4631324,4.433132,5.6331325,5.5831323,7.373132,8.903132,8.893132,7.5531325,10.473132,10.753132,10.763132,10.423132,10.133132,8.793133,7.5331326,8.273132,7.393132,6.663132,4.0931325,1.4731324,1.7631323,1.3731323,-0.7068677,1.6431323,2.4231324,1.6231323,2.1831324,4.4231324,3.6131322,1.6031324,1.7131324
