views/data/weather/2019/09/26/0000-wind-isobaric-850hPa-gfs-1.0.json
{"header": { "discipline":0, "disciplineName":"Meteorological products", "gribEdition":2, "gribLength":79911, "center":7, "centerName":"US National Weather Service - NCEP(WMC)", "subcenter":0, "refTime":"2019-09-26T00:00:00.000Z", "significanceOfRT":1, "significanceOfRTName":"Start of forecast", "productStatus":0, "productStatusName":"Operational products", "productType":1, "productTypeName":"Forecast products", "productDefinitionTemplate":0, "productDefinitionTemplateName":"Analysis/forecast at horizontal level/layer at a point in time", "parameterCategory":2, "parameterCategoryName":"Momentum", "parameterNumber":2, "parameterNumberName":"U-component_of_wind", "parameterUnit":"m.s-1", "genProcessType":2, "genProcessTypeName":"Forecast", "forecastTime":0, "surface1Type":100, "surface1TypeName":"Isobaric surface", "surface1Value":85000.0, "surface2Type":255, "surface2TypeName":"Missing", "surface2Value":0.0, "gridDefinitionTemplate":0, "gridDefinitionTemplateName":"Latitude_Longitude", "numberPoints":65160, "shape":6, "shapeName":"Earth spherical with radius of 6,371,229.0 m", "gridUnits":"degrees", "resolution":48, "winds":"true", "scanMode":0, "nx":360, "ny":181, "basicAngle":0, "lo1":0.0, "la1":90.0, "lo2":359.0, "la2":-90.0, "dx":1.0, "dy":1.0 }, "data":
[rows 130 to 155 of 181, columns 285 to 341 of 360]
-3.4868677,-3.0968676,-4.7168674,-1.9568677,-3.1068678,-0.87686765,0.68313235,2.3831322,1.9331323,1.8131323,2.4831324,3.9031324,6.4431324,9.193132,10.923132,12.923132,14.193132,13.553132,11.903132,9.273132,6.9231324,6.4231324,6.013132,5.9831324,5.0331326,5.2831326,6.933132,5.893132,5.0531325,5.3231325,6.4431324,7.5631323,9.193132,10.353132,11.683132,13.313132,15.283133,16.513132,17.953133,18.573132,18.333132,18.613132,22.113132,17.953133,17.833132,15.833133,17.013132,17.263132,15.193132,13.333133,12.763132,12.913133,13.193132,12.8231325,12.623133,11.433132,11.943132
-4.5168676,-3.1868677,-3.0668676,-0.6668677,0.0031323242,-2.4168677,-3.1468678,2.1331322,3.0831323,-1.5268676,2.7731323,5.013132,8.003132,11.733132,9.683132,11.543133,11.103132,10.213132,10.813132,9.843132,6.9231324,5.8331323,5.5331326,6.433132,6.8831325,6.3331323,6.8231325,7.8331323,8.343132,8.273132,8.803132,8.983132,9.373133,10.523132,11.883132,12.893132,15.463132,15.913133,19.203133,19.553133,19.133133,19.193132,19.373133,21.613132,22.253132,19.363132,17.853132,16.803133,16.723133,14.953133,15.013132,15.013132,13.243133,14.043133,14.523132,14.303132,13.513132
-0.8268677,0.42313233,-0.13686767,-0.3068677,-0.54686767,-1.0868677,0.13313232,1.7831323,3.6131322,4.9631324,5.3131323,6.3131323,6.683132,10.0731325,11.133132,11.883132,11.393132,10.873133,10.203133,8.383132,6.123132,6.0831323,7.4431324,7.993132,8.3231325,9.463132,10.033133,9.8231325,9.563132,9.633132,8.673132,7.643132,8.473132,10.063132,11.173132,12.473132,13.243133,14.423132,16.663132,19.293133,18.243132,18.603132,19.303133,20.713133,20.193132,20.283133,20.483131,23.973133,19.513132,19.193132,16.953133,16.343132,16.283133,15.533133,15.563132,15.543133,15.443132
0.69313234,0.37313232,-0.2768677,0.5431323,1.6631323,3.4331324,5.263132,8.353132,4.6331325,5.683132,6.763132,7.2831326,8.293133,12.543133,14.123133,11.753132,10.593132,9.783133,9.543133,8.183132,5.0231323,4.4631324,5.4431324,6.393132,8.243133,8.983132,8.993133,9.703133,10.623133,9.413133,9.363132,10.793133,11.783133,11.613132,11.713132,12.223132,13.453133,14.353132,15.713132,16.403131,17.033133,18.263132,16.143133,16.303133,16.473133,18.223133,18.193132,15.5731325,17.173132,20.073132,19.793133,18.863132,17.433132,16.953133,15.923132,17.043133,17.363132
3.5731323,3.4131324,1.6831323,2.5131323,3.7531323,8.063132,5.743132,8.223132,6.0531325,5.5031323,6.7331324,7.1731324,6.8831325,9.313132,8.693132,10.253132,9.643132,8.883132,10.353132,9.973132,8.863132,7.7931323,6.9031324,7.5531325,8.843132,9.233132,10.0731325,9.463132,8.833133,9.8231325,11.053132,12.393132,12.553132,10.933132,11.113132,13.183132,13.623133,13.713132,14.743133,15.403132,13.673132,14.583133,10.133132,10.663133,11.083133,14.193132,15.033133,11.283133,11.963132,12.813132,12.363132,12.233132,16.593132,18.863132,17.343132,17.213133,18.243132
4.0431323,4.0731325,2.3731322,2.1031322,5.9431324,3.2031324,5.013132,6.4631324,4.9831324,9.913133,10.153132,8.283133,7.8831325,7.433132,7.123132,6.3331323,8.003132,9.703133,12.813132,12.863132,13.843132,12.793133,9.703133,7.7131324,8.893132,10.343132,11.123133,12.023132,12.663133,12.363132,11.943132,11.793133,11.473132,12.003132,13.043133,12.673132,12.743133,11.353132,11.993133,9.853132,10.733132,7.643132,6.873132,7.5431323,7.5631323,8.293133,6.643132,8.173132,8.483132,8.453133,9.433132,11.303132,13.353132,14.093132,13.763132,15.393132,14.293133
1.9631324,2.1931324,1.8531324,1.3431324,2.7331324,2.4831324,3.7431324,7.0031323,4.3031325,6.993132,6.2931323,6.5531325,5.1731324,8.913133,8.623133,11.673132,9.033133,5.8131323,8.3231325,15.393132,18.653131,14.913133,10.853132,11.053132,12.423132,11.093132,12.013132,12.393132,11.063132,11.513132,11.613132,11.953133,12.593132,12.063132,12.523132,12.103132,11.773132,10.853132,9.593132,7.513132,5.493132,6.3031325,5.9031324,4.723132,4.4231324,5.143132,6.143132,7.203132,7.513132,8.303132,9.053132,10.803132,12.583133,12.643132,12.3231325,12.813132,13.783133
1.3331323,1.4631324,1.6431323,2.1331322,7.0931325,6.0631323,4.6731324,3.5631323,7.7331324,11.263132,6.2131324,6.5331326,6.7131324,4.893132,7.2531323,8.133132,9.153132,15.023132,9.5731325,8.873133,14.403132,18.623133,14.113132,12.753132,11.963132,13.443132,12.023132,9.843132,10.563132,13.003132,12.993133,13.013132,12.723132,12.143132,13.383132,11.8231325,11.753132,9.993133,7.6031322,4.8631325,5.5831323,7.893132,5.993132,5.933132,4.433132,4.3831325,5.3231325,8.103132,9.543133,10.753132,10.063132,10.513132,10.343132,10.223132,11.753132,14.723132,15.373133
2.2131324,1.6331323,3.0231323,6.223132,8.643132,4.0631323,5.1531324,7.4231324,10.993133,11.593132,13.473132,14.743133,14.743133,14.643132,13.343132,12.723132,12.793133,8.683132,12.113132,16.093132,15.743133,16.633133,17.523132,12.883132,9.853132,15.033133,13.733132,11.813132,11.293133,12.153132,12.713132,12.013132,12.003132,14.053132,14.213132,11.8231325,8.513132,3.3831322,3.3931322,3.6731324,3.6931324,1.3131323,0.5231323,1.6631323,5.8431325,6.4231324,6.3831325,5.123132,3.9631324,4.5531325,5.5831323,6.913132,7.8831325,9.043133,10.133132,11.143132,11.683132
2.5431323,1.6331323,3.6031322,11.003132,9.633132,8.563132,9.833133,11.003132,15.593132,17.453133,15.193132,10.963132,10.853132,10.623133,11.243133,11.083133,13.963132,13.923132,15.833133,17.133133,18.233131,15.903132,16.633133,13.873133,11.103132,11.993133,12.883132,13.343132,12.663133,11.5731325,11.3231325,9.913133,12.743133,12.063132,10.123133,9.663133,4.703132,4.223132,3.3231323,2.5031323,0.69313234,-0.43686768,1.5431323,3.5131323,2.8531322,3.9531324,5.0731325,5.7931323,6.5231323,7.5931325,7.993132,8.433132,8.593132,9.273132,9.383132,10.213132,10.853132
5.123132,2.3131323,5.4631324,9.313132,16.613132,12.243133,13.783133,17.043133,11.483132,10.293133,12.5731325,10.723132,10.393132,11.843132,11.683132,12.0731325,13.593132,14.353132,14.853132,15.733132,12.033133,16.923132,16.823132,18.463133,16.403131,11.473132,13.143132,13.183132,12.643132,11.363132,9.653132,10.143132,9.833133,8.873133,7.2531323,6.1731324,4.2331324,3.7831323,2.5531323,-1.3468677,-2.4868677,-0.8368677,0.023132324,1.0931324,2.3931322,3.6531324,5.2531323,6.3431325,6.933132,7.5531325,8.293133,8.883132,9.463132,9.8231325,11.223132,11.963132,12.553132
10.783133,9.753132,8.903132,19.383133,19.673132,22.823132,23.203133,16.443132,15.813132,15.123133,11.783133,14.013132,14.353132,14.973132,15.253132,13.943132,14.193132,16.423132,14.193132,14.723132,14.263132,15.153132,17.253132,16.523132,14.783133,15.143132,13.773132,11.853132,11.143132,9.833133,8.443132,8.293133,7.8331323,8.183132,6.3231325,3.1131322,0.99313235,1.9831324,-0.15686768,-1.7168677,-0.79686767,-0.4968677,0.043132324,0.33313233,1.4231323,3.9431324,5.973132,7.5231323,9.083133,10.093132,10.543133,11.023132,10.143132,9.183132,9.943132,11.063132,11.983132
16.493132,16.733131,27.473133,27.783133,27.603132,23.683132,22.143133,19.093132,16.663132,16.323132,17.443132,16.673132,16.323132,13.533133,12.653132,15.413133,15.853132,12.683132,14.493133,16.863132,16.083132,16.023132,16.613132,21.233131,17.443132,17.223133,15.733132,11.763132,10.063132,8.233132,7.2531323,4.5431323,4.3331323,2.3231323,-1.1068677,-2.4468677,-0.55686766,-0.38686767,0.46313232,0.16313232,1.0231323,1.1631323,2.1831324,3.7631323,5.1031322,6.1931324,7.413132,9.3231325,10.933132,10.593132,9.633132,9.973132,11.273132,13.013132,14.423132,14.963132,14.993133
17.753132,19.233131,20.523132,22.793133,23.373133,22.563133,23.603132,23.003132,21.573132,19.463133,14.543133,13.103132,15.783133,16.203133,14.133132,17.313133,14.893132,14.873133,15.253132,13.773132,15.683132,16.983131,16.703133,18.123133,20.223133,20.513132,15.153132,13.243133,11.213132,8.923132,5.743132,2.4431324,0.10313232,-4.2468677,-3.0568676,-1.8968676,-0.19686767,0.29313233,1.6231323,1.4431323,1.8931323,3.0531323,4.6331325,5.6531324,7.0931325,7.9431324,8.0731325,9.283133,10.743133,12.283133,13.493133,14.453133,14.963132,15.933132,16.453133,16.483131,16.553133
21.033133,21.803133,22.493132,25.213133,23.683132,21.023132,25.633133,25.913132,15.803132,15.443132,20.163132,19.293133,19.543133,18.653131,18.543133,17.293133,16.573132,14.933132,15.883132,15.613132,14.553132,15.693132,17.683132,17.683132,18.133133,19.393133,19.553133,14.433132,13.413133,11.113132,6.1531324,4.683132,3.3431323,1.8131323,2.2031324,2.0031323,2.0731323,0.33313233,1.2931323,4.453132,5.473132,7.0931325,5.9831324,7.2531323,8.963132,10.593132,12.003132,12.463132,13.213132,13.503132,14.503132,15.733132,16.743132,17.503132,17.873133,18.323132,18.633133
23.073132,22.363132,21.183132,21.263132,21.643133,21.193132,23.173132,26.313133,26.113132,23.443132,22.763132,21.733131,20.903131,20.373133,19.403131,17.803133,17.383133,15.773132,14.843132,16.073132,13.773132,14.0731325,15.003132,16.743132,16.843132,17.103132,15.853132,14.583133,12.863132,11.3231325,7.0831323,7.2131324,6.0931325,5.5831323,4.9631324,5.7931323,6.7331324,7.5731325,9.023132,6.393132,3.7831323,7.0731325,9.433132,10.493133,11.153132,11.343132,12.103132,13.023132,13.813132,14.913133,16.063133,16.843132,17.353132,17.803133,18.723133,19.613132,19.983131
23.023132,22.143133,20.303133,20.423132,21.663132,23.033133,24.063133,24.093132,23.353132,23.103132,22.533133,21.533133,20.963133,19.533133,17.573132,17.043133,16.463133,15.683132,15.053132,14.813132,14.793133,14.103132,9.733132,12.183132,14.713132,14.093132,13.763132,13.563132,10.833133,10.593132,8.623133,8.163133,10.203133,9.613132,9.293133,9.983132,11.113132,11.613132,12.273132,12.663133,13.623133,13.723132,13.903132,12.233132,12.163133,12.833133,13.393132,14.083133,14.713132,15.083133,15.143132,15.253132,15.713132,16.663132,17.983131,18.873133,19.403131
23.203133,21.783133,20.423132,20.193132,21.153131,22.493132,22.973133,22.553133,22.133133,21.883133,21.623133,21.113132,20.523132,19.133133,17.893133,17.293133,16.273132,14.633132,15.673132,14.443132,14.883132,12.313132,13.683132,8.503132,8.303132,8.803132,9.523132,10.963132,11.933132,11.0731325,11.183132,10.333133,10.263132,12.653132,11.303132,11.733132,11.5731325,11.583133,12.553132,14.163133,14.583133,14.643132,12.543133,12.343132,12.503132,12.953133,13.023132,12.813132,12.493133,12.783133,13.893132,15.053132,16.623133,17.473133,18.493132,19.263132,19.713133
24.023132,22.853132,21.293133,21.703133,23.793133,23.013132,23.013132,22.343132,21.783133,21.263132,21.353132,21.093132,20.243132,19.213133,18.693132,17.273132,16.493132,16.463133,16.233131,15.513132,15.023132,13.083133,13.663133,13.863132,10.253132,9.743133,11.193132,11.833133,12.5731325,13.413133,11.483132,12.063132,10.843132,11.223132,11.3231325,11.443132,12.753132,12.473132,12.223132,11.5731325,12.443132,11.713132,11.793133,12.223132,12.643132,12.343132,12.003132,12.063132,13.163133,14.243133,14.483132,14.983132,15.413133,16.093132,16.533133,16.683132,17.463133
27.323132,25.753132,26.273132,26.393133,26.163132,24.333132,23.893133,22.613132,21.813133,21.083132,21.513132,21.363132,20.163132,19.223133,19.083132,18.623133,18.413132,18.003132,17.303133,17.093132,16.523132,16.483131,14.283133,14.723132,14.593132,13.173132,13.633132,14.503132,13.223132,12.973132,11.943132,11.5731325,9.3231325,9.273132,9.293133,10.533133,10.503132,10.583133,9.203133,10.493133,9.783133,10.623133,11.283133,11.653132,11.703133,11.673132,11.803132,11.753132,12.493133,13.553132,13.903132,13.943132,14.483132,15.703133,17.403131,18.883133,18.623133
26.873133,26.983131,27.483131,27.043133,24.883133,24.903131,24.433132,23.573132,22.613132,22.453133,21.903131,21.163132,20.633133,21.093132,20.283133,21.553133,20.293133,20.713133,19.893133,18.233131,18.663132,17.683132,16.133133,15.483132,16.303133,14.893132,13.303132,11.883132,14.123133,15.053132,11.603132,10.313132,7.8031325,7.0631323,8.033133,7.473132,5.8431325,6.9431324,6.8531322,7.9231324,9.113132,9.843132,10.223132,10.463132,10.183132,9.853132,9.983132,10.983132,12.123133,12.713132,12.703133,13.253132,14.143132,15.543133,15.753132,15.543133,16.113132
27.103132,24.803133,25.423132,23.623133,23.563133,24.403131,24.143133,23.893133,23.643133,23.203133,24.403131,24.113132,23.473133,22.243132,21.923132,22.643133,24.303133,20.613132,20.013132,19.643133,19.403131,18.923132,18.233131,17.383133,16.963133,15.313132,14.413133,13.393132,13.923132,11.693132,9.693132,7.5431323,5.8831325,4.6031322,3.4931324,4.6731324,3.1331322,5.3531322,6.413132,7.5331326,7.933132,8.383132,8.583133,8.493133,8.443132,9.113132,9.493133,10.013132,10.543133,11.023132,11.813132,12.493133,13.403132,13.483132,14.333133,14.693132,15.633132
22.073132,21.383133,21.303133,21.663132,23.533133,23.793133,24.683132,25.663132,27.323132,27.123133,26.913132,25.323132,22.993132,24.983131,23.473133,21.503132,17.943132,21.253132,19.783133,20.043133,20.693132,18.693132,17.993132,18.863132,16.103132,14.773132,13.223132,12.733132,10.833133,9.683132,7.203132,6.9031324,5.0931325,3.6531324,0.5831323,2.6431322,4.183132,5.013132,5.703132,6.203132,6.893132,6.9031324,6.933132,7.3331323,7.7931323,8.003132,8.033133,8.683132,9.3231325,9.683132,10.683132,10.833133,11.963132,12.183132,12.003132,12.5731325,13.153132
17.723133,18.943132,22.453133,23.173132,23.683132,24.853132,25.343132,26.123133,26.573132,25.833132,25.023132,25.403131,24.773132,22.133133,19.393133,20.093132,14.603132,14.753132,17.683132,18.483131,20.293133,23.653131,19.243132,15.293133,14.643132,13.523132,12.173132,10.913133,8.803132,6.2731323,4.223132,2.4631324,2.6031322,-0.81686765,1.3531324,3.3131323,4.2331324,4.623132,5.1331325,5.3231325,5.473132,6.1131325,6.2831326,6.433132,6.1731324,6.2931323,6.9031324,7.473132,7.953132,8.403132,8.893132,9.273132,9.733132,9.713132,10.213132,10.723132,10.893132
19.553133,21.163132,22.763132,24.233131,25.853132,25.883133,25.593132,25.593132,25.963133,25.473133,23.893133,20.703133,19.303133,16.723133,11.903132,3.2231324,4.1031322,8.873133,8.043133,9.363132,11.933132,12.093132,12.123133,12.183132,10.633132,10.643132,8.453133,6.5331326,4.7331324,2.4731324,0.7931323,1.3031323,-1.6468676,0.38313234,2.3431323,2.8731322,3.7131324,4.3131323,4.3131323,4.4631324,4.5931325,4.493132,4.5731325,4.5731325,4.643132,5.0931325,5.3331323,5.2531323,5.2831326,5.7931323,7.0831323,7.6031322,7.3231325,7.6931324,8.283133,8.663133,8.383132
21.073132,22.923132,22.993132,24.393133,25.503132,25.043133,24.123133,23.703133,23.223133,21.703133,17.473133,11.493133,1.5831323,-0.37686768,1.6531323,2.7931323,5.143132,6.2131324,6.163132,4.2731323,2.6131322,3.8031323,4.683132,4.433132,3.4931324,3.4231324,3.5431323,1.9831324,0.6731323,-1.3068677,-1.7068677,-2.8968678,-1.7568676,0.95313233,2.0331323,2.4831324,2.8731322,2.9631324,2.6431322,2.6931324,2.6131322,2.8931322,2.8231323,2.7031324,2.7631323,2.9031324,3.0131323,3.1731324,3.1631324,3.8231323,3.5031323,3.9031324,4.8531322,4.9631324,5.1731324,5.183132,5.3031325
