views/data/weather/2019/09/26/0000-wind-isobaric-700hPa-gfs-1.0.json
{"header": { "discipline":0, "disciplineName":"Meteorological products", "gribEdition":2, "gribLength":78077, "center":7, "centerName":"US National Weather Service - NCEP(WMC)", "subcenter":0, "refTime":"2019-09-26T00:00:00.000Z", "significanceOfRT":1, "significanceOfRTName":"Start of forecast", "productStatus":0, "productStatusName":"Operational products", "productType":1, "productTypeName":"Forecast products", "productDefinitionTemplate":0, "productDefinitionTemplateName":"Analysis/forecast at horizontal level/layer at a point in time", "parameterCategory":2, "parameterCategoryName":"Momentum", "parameterNumber":2, "parameterNumberName":"U-component_of_wind", "parameterUnit":"m.s-1", "genProcessType":2, "genProcessTypeName":"Forecast", "forecastTime":0, "surface1Type":100, "surface1TypeName":"Isobaric surface", "surface1Value":70000.0, "surface2Type":255, "surface2TypeName":"Missing", "surface2Value":0.0, "gridDefinitionTemplate":0, "gridDefinitionTemplateName":"Latitude_Longitude", "numberPoints":65160, "shape":6, "shapeName":"Earth spherical with radius of 6,371,229.0 m", "gridUnits":"degrees", "resolution":48, "winds":"true", "scanMode":0, "nx":360, "ny":181, "basicAngle":0, "lo1":0.0, "la1":90.0, "lo2":359.0, "la2":-90.0, "dx":1.0, "dy":1.0 }, "data":
[rows 130 to 155 of 181, columns 232 to 289 of 360]
7.973203,8.453203,8.183203,8.753203,7.213203,7.9132032,8.913203,7.943203,11.3832035,12.233203,15.123203,16.283203,18.963203,18.443203,18.293203,18.793203,16.643204,12.913203,14.763203,15.713203,9.243203,7.243203,7.113203,7.3932033,5.983203,5.0832033,6.5632033,5.1232033,5.1032033,5.863203,4.5832033,4.653203,4.473203,2.573203,0.43320313,0.83320314,3.583203,4.673203,4.483203,4.423203,3.7632031,3.9632032,3.7432032,3.113203,4.403203,4.713203,3.9832032,3.363203,3.9832032,4.683203,4.803203,4.703203,4.753203,4.1232033,3.353203,2.7132032,1.5432031,2.0032032
8.343204,8.833203,8.273203,7.713203,9.083203,6.883203,7.763203,10.563203,8.823203,11.943203,13.713203,12.863203,11.343204,15.593204,14.283203,15.973203,11.733203,11.713203,15.123203,16.033203,10.3832035,7.923203,8.673203,8.953203,7.093203,5.973203,6.3132033,6.273203,5.1232033,4.953203,6.0832033,4.953203,4.883203,3.7232032,4.0432034,2.853203,2.393203,1.9232031,2.0032032,3.073203,4.283203,3.873203,4.0832033,4.403203,5.073203,3.883203,4.1232033,4.473203,4.533203,5.303203,4.1632032,2.343203,1.4932032,1.4732032,1.8132031,2.7332032,2.4232032,4.323203
11.363203,11.163203,10.063203,8.733203,9.303204,9.033203,8.403203,8.163203,9.013203,10.103203,7.9132032,9.123203,12.263203,9.713203,12.213203,9.3832035,10.693203,10.263203,11.563203,16.203203,13.283203,8.033203,10.153203,9.543203,8.8832035,6.743203,7.453203,7.263203,6.933203,6.0632033,6.803203,5.7932034,4.3532033,4.943203,4.023203,4.323203,5.073203,5.4132032,5.693203,5.863203,6.0832033,5.883203,5.883203,5.863203,6.303203,5.673203,6.133203,6.033203,5.473203,5.133203,6.023203,5.253203,6.0432034,7.303203,7.523203,7.423203,7.013203,6.843203
10.053204,11.573203,11.313203,10.313203,8.873203,8.213203,7.923203,9.023203,8.233203,5.6632032,11.6332035,9.163203,10.053204,12.313203,11.673203,11.503203,8.893203,11.323203,11.153203,11.933203,13.683203,11.243203,11.293203,10.093204,9.893203,8.223203,7.693203,7.8732033,8.453203,8.163203,7.033203,6.253203,4.343203,2.2032032,2.603203,2.4832032,3.7532032,5.6232033,6.613203,6.9132032,7.1032033,6.8132033,6.673203,7.113203,7.3132033,7.8332033,7.763203,7.8932033,8.213203,8.803204,8.173203,6.3932033,5.383203,4.983203,5.1632032,6.033203,7.423203,5.803203
11.003203,10.723203,10.843204,10.743203,8.343204,6.3532033,6.433203,7.493203,7.363203,8.423203,9.853203,11.353203,12.393203,12.803204,13.043203,12.433203,14.703203,11.423203,12.913203,13.413203,14.763203,14.583203,11.213203,10.853203,10.023203,9.8832035,8.313203,6.343203,7.953203,11.403203,9.423203,7.033203,4.593203,1.2332032,-0.22679688,1.8732032,4.003203,4.693203,5.3332033,5.323203,5.7932034,5.863203,5.513203,6.3732033,7.683203,9.043203,8.983203,8.953203,8.453203,8.023203,7.5632033,6.573203,6.463203,6.273203,5.263203,6.453203,8.503203,4.903203
11.173203,9.963203,9.923203,9.543203,10.203203,9.963203,8.013203,9.073203,8.363203,11.713203,10.663203,12.893203,15.313203,13.273203,13.333203,14.353203,13.073203,16.493202,16.613203,17.363203,16.403204,14.053204,11.673203,11.553204,10.613203,10.503203,9.663203,10.053204,7.613203,8.763203,14.183203,10.843204,7.843203,5.213203,5.6432033,5.8732033,3.653203,2.863203,2.653203,3.553203,4.433203,4.613203,3.623203,3.9132032,5.6032033,7.3532033,8.953203,9.583203,9.783203,9.763203,9.043203,7.133203,6.6632032,5.993203,7.023203,8.713203,9.513203,6.173203
11.663203,12.143203,12.443203,11.513203,12.683203,12.583203,11.983203,10.663203,9.493203,10.393203,13.093204,16.693203,14.413203,15.253203,14.803204,15.663203,16.913202,15.673203,16.313204,15.193203,17.713203,16.963203,15.113203,13.323203,11.673203,10.3832035,11.993203,11.303204,11.113203,10.693203,8.153203,15.623203,15.773203,10.523203,10.413203,10.903203,8.473203,7.003203,6.183203,5.773203,4.783203,5.843203,7.253203,8.083203,9.473203,10.483203,10.583203,10.563203,10.313203,9.253203,7.7932034,6.883203,8.213203,8.213203,7.613203,8.473203,6.243203,1.7632031
14.343204,16.073204,16.313204,15.693203,13.223203,12.563203,12.163203,11.553204,11.983203,12.273203,11.903203,14.703203,17.113203,18.143204,18.443203,19.703203,18.783203,16.293203,16.613203,16.203203,19.413202,17.843203,14.553204,12.813203,13.773203,13.273203,11.933203,11.803204,13.213203,13.573203,13.513203,9.113203,16.513203,10.303204,5.093203,4.613203,5.8132033,8.1332035,9.523203,10.763203,10.923203,11.333203,11.593204,11.423203,10.773203,10.193203,9.873203,8.993203,7.173203,7.023203,8.563203,9.603203,9.533203,8.033203,6.753203,9.413203,9.303204,3.9232032
16.383204,17.363203,16.293203,17.433203,16.443203,16.353203,13.8832035,11.703203,12.973203,13.683203,14.743203,11.643203,12.393203,15.303204,16.733204,19.163202,19.463203,18.113203,20.953203,19.143204,18.053204,17.933203,19.443203,17.103203,16.983204,14.963203,14.263203,14.373203,13.223203,14.163203,14.923203,14.953203,8.393203,6.5432034,5.253203,10.773203,13.563203,14.663203,14.903203,14.533203,14.343204,13.783203,12.493203,11.303204,10.563203,9.813203,9.443203,10.003203,9.3832035,9.013203,10.213203,9.973203,9.643203,9.273203,9.393203,13.333203,11.453203,6.553203
18.823204,19.023203,18.533203,17.763203,18.303204,18.573204,17.943203,17.943203,17.133204,15.923203,16.153204,13.453203,13.543203,11.353203,10.783203,16.603203,17.923203,16.733204,16.853203,15.293203,16.303204,17.463203,17.163202,16.323204,16.253202,16.883204,15.973203,15.923203,16.353203,16.073204,14.903203,16.083202,17.363203,17.463203,17.563204,16.673203,17.593203,16.863203,15.813203,15.973203,16.043203,14.973203,14.553204,13.993203,12.763203,11.8832035,11.983203,12.353203,13.523203,12.423203,11.583203,11.673203,11.333203,12.083203,12.793203,18.703203,14.533203,9.613203
21.493202,19.493202,18.763203,18.153204,18.263203,22.963203,21.573204,18.403204,17.583202,17.733204,17.503202,17.773203,15.393203,15.083203,12.533203,10.453203,15.553204,14.6332035,15.663203,10.213203,12.303204,15.403203,17.783203,17.093203,18.303204,18.793203,19.473204,16.733204,16.283203,17.883204,18.393204,17.943203,16.793203,17.333202,18.143204,18.693203,19.383204,18.873203,18.483204,18.343203,18.993202,18.703203,19.093203,19.153204,17.403204,16.343203,16.043203,16.003202,17.113203,16.593203,16.113203,15.903203,15.053204,14.753203,15.683203,19.723204,18.683203,14.1332035
21.083202,21.233204,21.553204,21.533203,21.873203,24.263203,20.713203,22.813204,24.373203,25.413202,24.813204,20.463203,20.653204,18.083202,16.943203,15.283203,11.953203,12.723203,13.433203,14.123203,15.193203,16.443203,14.723203,17.063204,19.053204,19.293203,20.213203,20.743202,19.013203,18.883204,19.453203,20.263203,20.263203,19.533203,19.443203,19.413202,19.983204,19.783203,19.953203,20.293203,21.013203,21.733204,23.343203,23.943203,23.543203,22.693203,21.383204,20.673203,20.293203,20.413202,19.963203,19.583202,18.833202,19.223204,19.923203,25.683203,21.723204,19.293203
18.853203,18.123203,16.343203,15.253203,15.323203,15.953203,16.293203,16.913202,18.353203,20.313204,20.593203,20.583202,18.903204,20.953203,19.693203,18.383204,18.523203,11.8832035,12.433203,13.443203,16.323204,18.003202,18.513203,18.223204,17.283203,18.683203,19.373203,21.063204,21.513203,19.863203,19.803204,20.373203,20.223204,20.293203,20.483204,20.813204,21.063204,21.983204,22.993202,24.153204,24.583202,24.933203,25.693203,26.923203,27.803204,26.953203,25.433203,23.733204,23.013203,22.903204,22.933203,22.693203,22.713203,24.043203,24.203203,26.193203,26.243202,22.983204
16.713203,16.283203,16.513203,16.733204,16.393204,15.533203,14.063203,12.873203,13.433203,14.553204,14.013203,14.453203,16.683203,18.303204,20.133204,22.213203,19.863203,17.693203,17.263203,14.893203,15.223203,16.023203,17.443203,20.193203,20.813204,21.843203,21.643204,22.243202,22.433203,22.833202,23.433203,23.743202,23.833202,24.603203,25.003202,26.333202,26.703203,25.783203,25.973204,26.613203,24.843203,25.443203,25.163202,24.573204,24.363203,25.103203,25.113203,25.073204,23.853203,24.353203,24.813204,24.883204,25.073204,26.673203,26.163202,27.863203,27.513203,26.973204
18.123203,18.833202,18.783203,18.163202,18.813204,18.483204,17.933203,18.083202,16.663202,16.063204,15.153203,15.203203,14.503203,15.343204,16.833202,20.333202,23.543203,22.363203,21.383204,19.223204,18.663202,17.943203,18.343203,19.283203,20.683203,22.053204,23.113203,23.143204,24.333202,26.013203,25.943203,26.143204,23.663202,25.113203,27.193203,29.933203,30.853203,30.023203,28.783203,28.273203,27.883204,26.653204,25.943203,25.803204,25.843203,25.613203,24.193203,24.163202,24.783203,25.363203,25.773203,25.363203,25.403204,27.693203,28.193203,28.423203,28.283203,26.533203
17.983204,17.373203,16.113203,16.193203,16.383204,16.673203,17.083202,17.973204,18.693203,18.763203,17.353203,14.563203,15.263203,15.243203,14.603203,15.623203,15.563203,20.993202,24.333202,24.783203,24.043203,22.453203,22.893204,19.503202,21.193203,21.713203,20.063204,19.563204,19.553204,21.083202,23.233204,26.173203,27.973204,27.663202,28.733204,27.523203,27.723204,28.563204,30.073204,28.683203,28.013203,27.323204,26.943203,27.763203,26.663202,25.733204,25.363203,25.973204,25.553204,25.593203,25.573204,25.883204,26.213203,26.783203,27.693203,28.323204,28.213203,28.213203
14.953203,15.333203,15.103203,14.983203,15.233203,16.203203,17.483204,18.703203,18.993202,18.273203,19.403204,16.333202,14.353203,15.263203,14.463203,14.073203,14.573203,13.803204,13.753203,17.973204,22.153204,24.613203,26.693203,26.743202,25.413202,23.583202,22.453203,23.023203,22.633204,24.473204,27.323204,29.693203,29.353203,29.853203,30.423203,29.363203,29.083202,28.253202,28.833202,29.583202,29.693203,27.993202,27.573204,27.253202,27.213203,27.543203,28.993202,29.463203,29.463203,28.723204,27.653204,26.703203,26.523203,27.143204,26.643204,27.383204,30.053204,27.393204
14.793203,13.703203,13.293203,14.033203,14.463203,14.313203,14.183203,14.963203,17.203203,18.813204,19.953203,21.243202,18.263203,14.3832035,13.513203,13.433203,15.123203,14.523203,14.233203,13.743203,14.423203,14.303204,15.493203,21.043203,25.983204,30.453203,32.213203,31.443203,27.893204,26.913202,26.293203,26.713203,27.023203,29.443203,28.553204,28.253202,27.493202,27.383204,28.893204,29.723204,29.523203,28.843203,28.173203,28.243202,27.433203,27.753202,28.173203,28.633204,29.193203,29.073204,28.873203,28.133204,27.403204,27.743202,28.263203,28.893204,27.923203,25.363203
14.943203,14.503203,14.393203,15.113203,15.213203,15.493203,16.213203,16.083202,15.083203,15.833203,18.133204,20.143204,22.413202,20.813204,22.263203,20.443203,17.503202,16.673203,17.523203,19.243202,20.353203,19.223204,18.653204,19.463203,19.533203,20.063204,21.273203,25.643204,31.503202,36.303204,37.583202,34.603203,30.713203,29.273203,26.153204,27.883204,29.333202,30.423203,30.753202,29.413202,27.913202,27.653204,28.043203,27.883204,27.563204,27.643204,27.953203,27.273203,27.403204,27.613203,27.823204,28.093203,27.673203,27.553204,28.343203,27.443203,22.723204,19.183203
15.413203,14.853203,15.563203,16.323204,16.613203,17.153204,18.063204,18.043203,18.243202,17.623203,16.633204,16.843203,19.403204,22.353203,25.313204,27.103203,26.003202,24.773203,21.793203,20.953203,21.843203,22.033203,23.273203,24.553204,25.553204,25.533203,25.613203,25.583202,26.483204,26.383204,28.083202,33.183205,37.433205,40.4532,41.893204,41.613205,39.323204,35.4532,32.1332,29.833202,30.673203,31.773203,31.393204,30.453203,29.903204,26.973204,26.603203,26.213203,26.603203,26.583202,26.403204,26.183203,26.283203,26.563204,25.883204,23.293203,21.483204,20.073204
16.343203,17.063204,17.803204,18.353203,18.863203,17.953203,18.043203,18.313204,18.713203,19.293203,19.003202,18.253202,18.563204,18.573204,19.673203,21.623203,24.063204,27.363203,28.243202,29.003202,28.033203,24.233204,23.483204,23.473204,23.813204,25.553204,27.843203,28.383204,28.983204,29.803204,30.483204,29.463203,28.293203,30.693203,34.673203,37.923203,40.7232,40.9532,38.853203,35.603203,31.153204,28.963203,27.333202,26.503202,25.483204,25.063204,25.813204,27.313204,27.003202,26.323204,26.023203,25.803204,25.223204,23.673203,24.463203,25.883204,23.153204,22.793203
17.953203,18.663202,18.523203,18.733204,18.993202,19.633204,20.583202,20.683203,19.973204,20.043203,21.053204,22.453203,23.033203,22.423203,21.323204,21.333202,21.713203,22.143204,22.743202,22.213203,22.893204,23.523203,24.603203,25.153204,25.303204,25.913202,26.063204,26.573204,27.633204,27.943203,27.973204,31.133204,30.053204,30.263203,31.293203,32.643204,34.4532,35.963203,38.333202,36.7232,35.553204,32.013203,29.803204,28.153204,28.753202,28.573204,28.013203,26.413202,26.883204,26.813204,25.953203,25.103203,26.073204,25.083202,24.963203,25.123203,26.323204,29.003202
17.003202,17.673203,18.873203,20.083202,21.353203,20.693203,19.423203,18.743202,19.133204,19.423203,18.633204,18.533203,19.123203,20.533203,22.103203,19.393204,20.263203,20.253202,20.283203,20.563204,21.233204,22.353203,23.383204,23.893204,24.353203,24.513203,25.313204,25.423203,25.923203,28.023203,30.793203,31.213203,33.643204,35.783203,36.753204,34.853203,33.433205,32.933205,30.743202,30.533203,31.473204,33.503204,27.273203,28.183203,28.083202,26.513203,24.853203,25.633204,25.313204,25.433203,25.413202,26.643204,27.203203,25.383204,24.883204,26.073204,30.483204,29.313204
17.133204,18.853203,19.513203,19.313204,19.553204,20.223204,19.843203,19.583202,18.443203,18.153204,18.703203,18.593203,17.983204,18.613203,16.553204,16.203203,17.703203,17.023203,17.703203,18.763203,20.233204,21.093203,21.283203,21.313204,22.783203,23.083202,22.963203,22.723204,25.163202,27.513203,31.583202,36.183205,33.983204,32.033203,30.623203,27.453203,25.583202,27.763203,27.823204,28.283203,27.913202,28.043203,28.183203,27.043203,21.543203,22.883204,23.603203,23.783203,23.043203,22.823204,21.743202,21.503202,22.463203,24.283203,27.123203,30.603203,29.313204,27.863203
19.273203,18.973204,19.303204,19.803204,19.653204,18.863203,18.603203,18.533203,18.173203,18.193203,18.253202,17.803204,16.143204,15.503203,15.103203,13.763203,14.403203,16.173203,16.913202,16.983204,15.823203,15.433203,16.323204,18.153204,19.093203,21.143204,20.893204,22.033203,24.913202,28.213203,23.603203,19.323204,16.713203,12.853203,14.283203,16.163202,18.013203,18.523203,13.273203,14.893203,20.123203,19.863203,20.633204,17.823204,16.633204,20.203203,21.753202,20.963203,20.453203,19.833202,21.453203,23.023203,25.163202,28.783203,28.533203,25.933203,22.223204,22.503202
16.593203,16.793203,16.813204,16.083202,15.663203,15.303204,14.713203,13.983203,14.213203,14.513203,14.413203,14.443203,13.563203,12.493203,12.043203,9.593204,10.723203,12.943203,12.453203,10.653203,10.963203,12.263203,13.773203,15.8832035,16.023203,12.213203,14.373203,19.493202,21.723204,13.8832035,11.333203,9.903203,8.603203,8.263203,8.583203,7.3932033,8.103203,10.933203,10.303204,11.573203,13.273203,13.153203,12.213203,16.153204,16.503202,15.813203,15.943203,18.473204,19.483204,19.813204,22.623203,23.843203,23.823204,20.683203,20.193203,20.693203,20.173203,20.513203
