views/data/weather/2019/09/26/0000-wind-isobaric-850hPa-gfs-1.0.json
{"header": { "discipline":0, "disciplineName":"Meteorological products", "gribEdition":2, "gribLength":81407, "center":7, "centerName":"US National Weather Service - NCEP(WMC)", "subcenter":0, "refTime":"2019-09-26T00:00:00.000Z", "significanceOfRT":1, "significanceOfRTName":"Start of forecast", "productStatus":0, "productStatusName":"Operational products", "productType":1, "productTypeName":"Forecast products", "productDefinitionTemplate":0, "productDefinitionTemplateName":"Analysis/forecast at horizontal level/layer at a point in time", "parameterCategory":2, "parameterCategoryName":"Momentum", "parameterNumber":3, "parameterNumberName":"V-component_of_wind", "parameterUnit":"m.s-1", "genProcessType":2, "genProcessTypeName":"Forecast", "forecastTime":0, "surface1Type":100, "surface1TypeName":"Isobaric surface", "surface1Value":85000.0, "surface2Type":255, "surface2TypeName":"Missing", "surface2Value":0.0, "gridDefinitionTemplate":0, "gridDefinitionTemplateName":"Latitude_Longitude", "numberPoints":65160, "shape":6, "shapeName":"Earth spherical with radius of 6,371,229.0 m", "gridUnits":"degrees", "resolution":48, "winds":"true", "scanMode":0, "nx":360, "ny":181, "basicAngle":0, "lo1":0.0, "la1":90.0, "lo2":359.0, "la2":-90.0, "dx":1.0, "dy":1.0 }, "data":
[rows 0 to 25 of 181, columns 295 to 353 of 360]
2.9518898,2.9618897,2.9718897,2.9818897,2.9818897,2.9918897,2.9918897,3.0018897,3.0018897,3.0018897,3.0018897,3.0018897,3.0018897,3.0018897,3.0018897,3.0018897,2.9918897,2.9918897,2.9818897,2.9718897,2.9718897,2.9618897,2.9518898,2.9418898,2.9218895,2.9118896,2.9018896,2.8818896,2.8718896,2.8518896,2.8418896,2.8218896,2.8018897,2.7818897,2.7618897,2.7418897,2.7218897,2.6918898,2.6718895,2.6518896,2.6218896,2.5918896,2.5718896,2.5418897,2.5118897,2.4818897,2.4518898,2.4218895,2.3918896,2.3618896,2.3318896,2.2918897,2.2618897,2.2218897,2.1918898,2.1518896,2.1118896,2.0818896,2.0418897
3.2818897,3.1918898,3.1118896,3.0318897,2.9518898,2.8618896,2.7818897,2.6918898,2.6118896,2.5218897,2.4318895,2.3418896,2.2618897,2.1718895,2.0918896,1.9918896,1.9118897,1.8318896,1.7418896,1.6618897,1.5718896,1.4818896,1.4018897,1.3118896,1.2318896,1.1518897,1.0618896,0.9718897,0.89188963,0.81188965,0.73188967,0.6618897,0.5818896,0.51188964,0.44188964,0.37188965,0.30188966,0.24188966,0.19188964,0.15188965,0.10188965,0.051889647,0.011889649,-0.038110353,-0.068110354,-0.07811035,-0.08811035,-0.09811035,-0.09811035,-0.10811035,-0.10811035,-0.10811035,-0.08811035,-0.04811035,-0.008110352,0.031889647,0.07188965,0.12188965,0.16188964
5.07189,4.9618897,4.84189,4.7218895,4.6018896,4.4618897,4.3118896,4.17189,4.0218897,3.8718896,3.7218897,3.5718896,3.4218895,3.2618897,3.1118896,2.9518898,2.8018897,2.6418896,2.4918897,2.3318896,2.1918898,2.0318897,1.8818897,1.7318896,1.5818896,1.4418896,1.3118896,1.1718897,1.0418897,0.9118897,0.7818897,0.6518896,0.5218896,0.39188966,0.26188964,0.14188965,0.02188965,-0.09811035,-0.21811035,-0.33811036,-0.44811034,-0.56811035,-0.67811036,-0.75811034,-0.8481104,-0.9181104,-0.98811036,-1.0281104,-1.0681103,-1.0981103,-1.1281104,-1.1381104,-1.1481104,-1.1581104,-1.1581104,-1.1481104,-1.1381104,-1.1281104,-1.0781103
3.8218896,3.9118896,4.0218897,4.1018896,4.2018895,4.34189,4.4718895,4.5618896,4.6418896,4.7018895,4.7418895,4.7818894,4.7918897,4.7818894,4.7418895,4.6818895,4.6018896,4.4818897,4.32189,4.15189,3.9618897,3.7518897,3.5118897,3.2618897,3.0118897,2.7418897,2.4818897,2.2218897,1.9618896,1.7118896,1.4618896,1.2218896,0.9718897,0.73188967,0.50188965,0.28188965,0.06188965,-0.16811036,-0.38811034,-0.60811037,-0.82811034,-1.0481104,-1.2581104,-1.4581103,-1.6481104,-1.8081104,-1.9681103,-2.0881104,-2.2081103,-2.3081102,-2.3681104,-2.4281104,-2.4481103,-2.4381104,-2.4081104,-2.3781104,-2.3381104,-2.3081102,-2.2781103
3.2818897,4.2318897,5.15189,6.0118895,6.8018894,7.4618897,7.9918895,8.44189,8.791889,9.051889,9.251889,9.381889,9.461889,9.511889,9.49189,9.421889,9.23189,8.95189,8.591889,8.171889,7.67189,7.1418896,6.5818896,5.9718895,5.3518896,4.7118897,4.07189,3.4018896,2.7218897,2.0818896,1.5018897,1.0018897,0.5918896,0.22188964,-0.08811035,-0.38811034,-0.64811033,-0.9081104,-1.1681104,-1.4381104,-1.7281103,-2.0281103,-2.3781104,-2.7481103,-3.1381104,-3.5381103,-3.9081104,-4.2681103,-4.5681105,-4.80811,-4.9781103,-5.07811,-5.1481104,-5.11811,-5.05811,-4.90811,-4.7381105,-4.5081105,-4.2781105
3.8818896,4.42189,5.13189,6.0418897,7.17189,8.35189,9.44189,10.39189,11.211889,12.02189,12.81189,13.501889,13.961889,13.9718895,13.64189,13.15189,12.52189,11.841889,10.921889,10.011889,9.131889,8.251889,7.3018894,6.40189,5.4618897,4.5418897,3.4818897,2.4018896,1.3418896,0.63188964,0.21188965,0.111889645,0.07188965,-0.058110353,-0.34811035,-0.68811035,-1.0581104,-1.3781104,-1.6581104,-1.9081104,-2.1581104,-2.4681103,-2.9581103,-3.5881104,-4.3181105,-5.0481105,-5.67811,-6.2281103,-6.55811,-6.7481103,-6.82811,-6.7081103,-6.4381104,-6.11811,-5.8381104,-5.5281105,-5.1981106,-4.88811,-4.8381104
3.1418896,3.1918898,3.4718897,3.8618896,4.3118896,5.5218897,7.63189,9.65189,10.91189,11.961889,13.45189,14.77189,14.91189,14.10189,12.98189,11.711889,10.341889,9.03189,7.90189,7.0518894,6.2018895,5.3318896,4.5418897,3.9818897,3.5718896,3.1718895,2.7118897,2.1718895,1.4918896,0.60188967,-0.31811035,-1.1381104,-1.8081104,-2.3981104,-3.0081103,-3.0981104,-2.6481104,-1.6381104,-0.038110353,1.2718897,1.8318896,1.6518897,0.7818897,-0.31811035,-1.1081103,-1.4881103,-1.5281104,-1.3681103,-1.6581104,-2.6681104,-3.9581103,-5.09811,-5.7781105,-5.8981104,-6.2281103,-6.84811,-7.4781103,-7.7881103,-7.5881104
1.6918896,1.1418897,0.26188964,0.86188966,3.4018896,6.42189,8.82189,8.62189,9.301889,10.99189,12.541889,13.131889,12.011889,9.541889,8.511889,8.49189,8.051889,7.38189,6.4918895,5.1018896,3.7718897,3.2418897,2.5018897,3.1718895,3.4418898,2.1718895,0.80188966,0.04188965,-0.39811036,-0.9781104,-2.1481104,-2.0781105,-0.9681103,-0.64811033,-1.4581103,-1.3681103,-1.0981103,-0.68811035,-0.50811034,0.33188966,1.9018897,2.4718897,1.9618896,0.75188965,-0.85811037,-2.4281104,-3.5781105,-4.1481104,-4.2481103,-4.17811,-4.3781104,-5.09811,-5.9581103,-6.5081105,-6.6681104,-6.6081104,-6.4881105,-6.38811,-6.2881103
8.37189,10.961889,11.74189,13.62189,15.421889,16.10189,13.501889,11.4718895,10.091889,9.27189,8.02189,7.2518897,6.2218895,5.38189,4.90189,4.38189,3.2218897,2.5318897,2.0318897,2.5318897,4.34189,6.2618895,7.1618896,6.82189,5.6818895,4.2418895,2.4718897,-0.20811035,-3.1381104,-3.9481103,-3.8781104,-4.2081103,-4.5081105,-3.9081104,-3.4281104,-3.9581103,-3.1181104,-2.5781105,-2.3481104,-2.8081102,-1.8881104,-1.6081103,-2.1981103,-3.2981102,-4.4381104,-5.2781105,-5.8181105,-6.3181105,-6.9481106,-7.59811,-7.8781104,-7.55811,-7.2181106,-7.4381104,-7.4581103,-6.7381105,-5.82811,-5.0281105,-4.3581104
18.59189,15.711889,12.33189,13.421889,13.60189,12.36189,13.48189,13.68189,13.53189,14.60189,15.78189,14.89189,14.051889,13.77189,12.02189,11.06189,11.761889,12.631889,9.14189,8.9718895,8.70189,7.61189,6.7918897,5.9918895,5.0618896,4.0118895,2.9918897,2.2818897,2.0118897,1.5918896,1.1518897,0.81188965,0.5318897,-1.1581104,-3.7381103,-7.8181105,-9.91811,-11.538111,-10.39811,-6.6081104,-3.8781104,-5.57811,-8.18811,-9.38811,-9.55811,-9.62811,-8.578111,-6.9481106,-5.3581104,-5.2681103,-5.82811,-6.55811,-5.86811,-4.86811,-4.2181106,-3.5581102,-2.9881103,-2.5081103,-2.0781105
11.23189,10.98189,10.24189,9.171889,8.461889,8.801889,9.48189,9.98189,10.9718895,10.33189,7.92189,7.9718895,7.9718895,8.041889,8.001889,7.8518896,7.4518895,7.0118895,6.7518897,6.42189,5.9518895,5.3918896,4.65189,3.7518897,2.8718896,2.1018896,1.4018897,0.6618897,-0.08811035,-0.8381103,-1.7481103,-2.7881103,-3.8381104,-4.9181104,-6.13811,-7.34811,-8.248111,-9.47811,-13.34811,-17.17811,-15.498111,-10.84811,-12.12811,-12.30811,-8.96811,-4.0181103,-2.7481103,-5.1081104,-7.6481104,-8.67811,-8.09811,-6.80811,-4.9181104,-3.4181104,-2.3181105,-1.3981104,-0.5881103,0.09188965,0.68188965
8.68189,10.66189,14.4718895,11.02189,8.70189,8.68189,8.77189,8.87189,8.70189,8.41189,8.08189,7.92189,7.6618896,7.2618895,6.9918895,6.7818894,6.42189,6.0218897,5.6018896,5.2318897,4.7418895,4.13189,3.4018896,2.6318896,1.9418896,1.3718896,0.80188966,0.19188964,-0.45811036,-1.1181103,-1.9081104,-2.6881104,-3.3781104,-4.2081103,-5.0081105,-5.57811,-6.2881103,-9.39811,-12.35811,-14.80811,-15.46811,-16.73811,-15.62811,-12.238111,-5.55811,-2.6081104,-4.2281103,-6.15811,-8.2781105,-7.4181104,-5.0881104,-3.0381103,-1.7281103,-0.75811034,-0.038110353,0.44188964,0.92188966,1.3418896,1.6318897
7.2118897,8.19189,9.11189,9.82189,9.881889,9.66189,9.49189,9.171889,8.711889,8.2218895,7.90189,7.6218896,7.32189,7.0818896,6.7618895,6.38189,5.9118896,5.5018897,5.2018895,4.88189,4.4918895,4.0018897,3.3518896,2.6718895,1.9818896,1.4118897,0.9618896,0.5818896,0.12188965,-0.55811036,-1.1381104,-1.7381103,-2.2581103,-2.8981104,-3.8381104,-4.1681104,-4.4381104,-4.8981104,-6.9381104,-9.75811,-13.08811,-17.718111,-14.25811,-12.25811,-11.238111,-9.078111,-5.2781105,-4.7881103,-6.2481103,-6.1981106,-4.3981104,-2.2681103,-0.5281103,0.80188966,1.6418897,2.0218897,2.1718895,2.2618897,2.2918897
16.30189,8.66189,6.8118896,5.57189,4.7218895,4.40189,4.6818895,5.0318894,5.4118896,5.84189,6.1218896,6.32189,6.4618897,6.5118895,6.4518895,6.32189,6.2218895,6.13189,5.9818897,5.61189,5.1218896,4.42189,3.6318896,2.8218896,2.0818896,1.4618896,0.99188966,0.6618897,0.23188965,-0.38811034,-0.9681103,-1.4781103,-1.8781104,-2.2681103,-2.9481103,-3.6781104,-3.9881103,-4.42811,-5.2081103,-6.5881104,-5.6281104,-7.3181105,-16.02811,-13.79811,-11.62811,-8.43811,-6.2381105,-4.2581105,-3.7781103,-4.13811,-3.4281104,-1.6881104,0.38188964,2.6118896,4.6818895,4.4618897,3.8218896,3.9618897,4.6418896
6.11189,5.6218896,6.86189,6.9518895,5.44189,5.4918895,6.7718897,8.03189,4.7018895,3.1418896,4.0218897,4.5518894,4.7518897,5.0518894,5.3518896,5.7018895,5.88189,5.8318896,5.7018895,5.4118896,4.8718896,4.19189,3.3318896,2.4218895,1.6618897,1.0518897,0.56188965,0.011889649,-0.63811034,-0.99811035,-1.1881104,-1.5181104,-1.8281103,-2.5381103,-3.8281105,-5.2681103,-6.7281103,-8.29811,-9.198111,-7.8381104,-1.7581104,-4.5881104,-7.4381104,-5.4181104,-6.13811,-10.248111,-11.5281105,-9.39811,-7.4681106,-4.86811,-1.2181103,2.9518898,5.65189,4.7818894,4.07189,3.9418898,4.0018897,3.9918897,3.9718897
8.751889,7.6818895,7.4618897,7.09189,6.2318897,6.15189,5.3918896,6.0118895,6.4318895,6.2518897,7.4718895,3.3118896,4.4918895,4.7418895,4.9118896,5.0018897,5.0818896,5.1218896,5.0118895,4.8318896,4.4918895,3.8918896,3.0418897,2.1118896,1.2118896,0.47188964,-0.10811035,-0.64811033,-1.1081103,-1.7581104,-2.6981103,-3.5981104,-4.9181104,-6.6981106,-8.14811,-9.498111,-11.10811,-12.698111,-13.658111,-13.87811,-14.118111,-13.29811,-8.618111,-5.0281105,-4.0381103,-8.998111,-8.92811,-2.5781105,2.4318895,3.9418898,3.7218897,3.3318896,3.6418896,2.9918897,2.9118896,4.2218895,5.5218897,5.5618896,5.2518897
9.631889,9.291889,8.62189,7.6018896,7.1818895,6.8718896,6.2418895,6.0418897,5.9618897,5.3918896,6.1618896,4.1018896,3.9818897,4.13189,4.6018896,4.59189,4.57189,4.4118896,4.1818895,3.8518896,3.4818897,3.0118897,2.3118896,1.4618896,0.43188965,-0.32811034,-0.92811036,-1.5381104,-2.2481103,-3.1581104,-4.0181103,-4.7181106,-6.5681105,-8.208111,-10.18811,-13.43811,-13.698111,-6.3581104,-2.5081103,-9.05811,-6.57811,-5.80811,-3.6481104,-1.5681103,-0.48811036,-0.64811033,2.5718896,2.5318897,2.9618897,2.9318895,4.36189,7.2318897,6.4518895,7.1618896,6.9518895,7.6618896,8.33189,7.92189,7.2318897
9.511889,8.69189,8.91189,8.4718895,7.6618896,7.0318894,6.7118897,6.2118897,5.44189,4.5818896,3.3418896,2.7118897,5.3318896,3.8418896,3.9518898,3.7518897,3.4418898,3.1218896,2.6918898,2.1518896,1.5418897,0.94188964,0.40188965,-0.28811035,-1.1881104,-2.1881104,-2.9681103,-3.7481103,-4.7681103,-6.09811,-7.4481106,-8.748111,-10.56811,-11.868111,-12.39811,-8.618111,-6.32811,-3.1481104,-3.8181105,-4.57811,-4.5381103,-1.9681103,-2.2381103,-2.6081104,0.37188965,0.5218896,3.7718897,3.6218896,4.2218895,5.17189,4.4118896,6.69189,9.421889,8.35189,9.751889,10.78189,8.961889,8.44189,8.44189
12.751889,10.65189,8.95189,7.2318897,7.0518894,6.7618895,5.9918895,5.2318897,5.2418895,5.8918896,2.7718897,2.7918897,-0.008110352,-1.1381104,-3.0581102,-3.0181103,-1.1481104,-0.18811035,-0.32811034,-0.68811035,-1.1381104,-1.5681103,-2.1081104,-2.5781105,-3.0681105,-3.6881104,-4.4481106,-5.4781103,-6.4681106,-7.09811,-7.9181104,-9.01811,-10.42811,-12.51811,-14.04811,-9.46811,-5.65811,-6.2881103,-2.5481102,-1.6181103,-2.5881104,-3.3681104,-0.98811036,-1.7081103,-0.27811036,3.4818897,5.07189,5.4118896,6.7318897,8.82189,9.11189,8.62189,8.591889,9.06189,9.28189,12.041889,12.15189,11.671889,11.2218895
13.9718895,15.66189,12.52189,9.45189,7.1218896,4.5118895,4.0818896,4.44189,3.9918897,2.8718896,2.4218895,1.5618896,2.0218897,-0.61811036,0.30188966,-0.25811034,-0.5281103,-0.6581104,-0.61811036,-1.0581104,-1.6181103,-2.0681105,-2.4181104,-2.8081102,-3.3481104,-4.0081105,-4.8581104,-5.7181106,-6.5681105,-6.9981103,-7.6081104,-8.458111,-9.208111,-10.198111,-11.37811,-8.988111,-3.1481104,-2.8481104,-1.0281104,-1.6581104,-1.2581104,-0.7781103,-0.42811036,0.17188965,2.7318897,2.8118896,7.11189,7.94189,8.44189,9.52189,10.291889,11.461889,10.08189,9.94189,10.08189,12.511889,12.23189,11.62189,11.82189
10.45189,11.65189,11.791889,10.15189,8.15189,5.7218895,2.9218895,1.4718896,2.8018897,3.0818896,1.1318897,0.19188964,0.5918896,0.0018896484,-2.2881103,-1.0881103,1.6718897,0.37188965,0.22188964,-0.39811036,-0.93811035,-1.4981103,-2.1581104,-2.9781103,-3.7381103,-4.4781103,-5.3581104,-6.4881105,-7.3381104,-8.35811,-9.578111,-11.43811,-11.958111,-11.64811,-8.16811,0.98188967,0.50188965,-1.7981104,-0.86811036,-2.3181105,-2.4981103,-3.6981103,-3.2281103,0.051889647,6.1218896,7.1018896,8.74189,10.261889,11.001889,12.95189,12.461889,11.44189,10.69189,11.70189,11.70189,11.03189,11.18189,11.461889,13.801889
7.3118896,7.9818897,10.85189,11.64189,9.15189,6.4518895,3.9618897,1.5818896,-1.5081104,-0.7781103,1.1418897,-0.30811036,-1.2781104,-2.4181104,-3.3081102,-2.7481103,0.41188964,3.1118896,2.2818897,1.6318897,0.51188964,-0.63811034,-2.0181103,-3.2481103,-4.2681103,-5.3581104,-6.4981103,-7.2581105,-7.7881103,-8.06811,-8.988111,-12.06811,-7.5881104,-5.3781104,-5.7381105,-3.1481104,-2.8181105,-2.7481103,-2.5381103,-3.2781103,-6.0481105,-1.1381104,0.82188964,2.6218896,4.1818895,5.6418896,7.2218895,12.03189,12.57189,12.83189,11.87189,11.62189,11.99189,12.16189,12.24189,11.4718895,12.43189,12.711889,11.64189
3.8218896,4.1218896,5.0118895,5.82189,10.62189,10.85189,7.6818895,2.9118896,-1.4581103,-4.0881104,-1.5981103,-1.7881104,-2.8181105,-2.7681103,-2.7181103,-2.2781103,3.3218896,2.8618896,2.7618897,1.9518896,0.33188966,-1.6581104,-3.6181104,-5.6081104,-7.40811,-8.21811,-8.448111,-7.9381104,-7.82811,-9.43811,-6.1881104,-7.7781105,-6.9981103,-3.5581102,-0.25811034,-1.2181103,-1.5781103,-2.0581102,-4.1881104,-6.6681104,-4.2981105,-0.24811035,4.82189,6.44189,8.70189,5.40189,3.8118896,7.9518895,10.94189,10.03189,10.001889,10.011889,11.68189,12.801889,12.93189,13.89189,12.78189,10.73189,8.66189
3.9018896,3.9718897,6.90189,3.2818897,4.1418896,11.93189,7.11189,4.36189,-1.4881103,-5.5481105,-4.86811,-3.3181105,-1.9881103,-1.9081104,-2.4781103,-2.4381104,2.9918897,3.2518897,2.3218896,0.62188965,-1.8481103,-4.55811,-7.0181103,-8.7781105,-10.16811,-12.13811,-14.59811,-10.488111,-5.0381103,-7.2981105,-6.2481103,-5.2781105,-3.4781103,-2.8681104,-1.0881103,-2.0381103,-3.2581103,-4.32811,-5.9381104,-5.4181104,-3.5381103,1.3718896,2.8618896,4.4118896,5.34189,5.2818894,4.5818896,8.82189,8.711889,8.261889,7.5618896,11.41189,12.631889,13.68189,13.551889,12.291889,10.41189,9.48189,9.77189
7.2218895,5.8718896,4.7418895,7.09189,6.4618897,5.4818897,3.5118897,1.7518897,-2.2081103,-6.86811,-7.32811,-3.8881104,-1.5181104,-1.8981104,-5.2781105,-4.6681104,2.1518896,2.1918898,1.3418896,-0.57811034,-3.5981104,-7.2781105,-9.93811,-12.158111,-14.81811,-17.44811,-14.93811,-0.7281104,0.20188965,-1.4381104,-3.0081103,-2.9781103,-1.8281103,-1.1881104,-2.1781104,-3.3481104,-5.0281105,-5.42811,-4.5081105,-3.1181104,-1.5381104,0.111889645,0.81188965,1.7418896,4.3118896,1.4318897,0.23188965,7.5318894,10.301889,10.73189,11.961889,11.41189,12.74189,14.051889,12.52189,11.36189,10.881889,11.12189,11.40189
8.35189,7.5818896,7.4718895,5.59189,4.3018894,3.1418896,1.2718897,-0.28811035,-2.9381104,-7.4381104,-10.06811,-7.3181105,-3.2081103,-5.0281105,-4.5181103,-2.2381103,0.39188966,1.2118896,-0.22811036,-2.5681105,-5.1681104,-6.9581103,-8.54811,-8.05811,-11.868111,-3.6681104,1.8618896,-0.15811035,-4.2981105,-4.90811,-0.13811035,-1.9981103,-2.2181103,-3.2781103,-4.0181103,-4.2681103,-4.05811,-3.6681104,-2.6881104,-2.8481104,-0.39811036,-1.0781103,-0.15811035,-0.44811034,-1.1581104,1.7618897,3.1418896,2.9318895,3.8518896,6.86189,6.34189,9.27189,10.06189,11.58189,11.051889,10.86189,11.261889,11.62189,11.82189
