views/data/weather/2019/09/26/0000-wind-isobaric-700hPa-gfs-1.0.json
{"header": { "discipline":0, "disciplineName":"Meteorological products", "gribEdition":2, "gribLength":79717, "center":7, "centerName":"US National Weather Service - NCEP(WMC)", "subcenter":0, "refTime":"2019-09-26T00:00:00.000Z", "significanceOfRT":1, "significanceOfRTName":"Start of forecast", "productStatus":0, "productStatusName":"Operational products", "productType":1, "productTypeName":"Forecast products", "productDefinitionTemplate":0, "productDefinitionTemplateName":"Analysis/forecast at horizontal level/layer at a point in time", "parameterCategory":2, "parameterCategoryName":"Momentum", "parameterNumber":3, "parameterNumberName":"V-component_of_wind", "parameterUnit":"m.s-1", "genProcessType":2, "genProcessTypeName":"Forecast", "forecastTime":0, "surface1Type":100, "surface1TypeName":"Isobaric surface", "surface1Value":70000.0, "surface2Type":255, "surface2TypeName":"Missing", "surface2Value":0.0, "gridDefinitionTemplate":0, "gridDefinitionTemplateName":"Latitude_Longitude", "numberPoints":65160, "shape":6, "shapeName":"Earth spherical with radius of 6,371,229.0 m", "gridUnits":"degrees", "resolution":48, "winds":"true", "scanMode":0, "nx":360, "ny":181, "basicAngle":0, "lo1":0.0, "la1":90.0, "lo2":359.0, "la2":-90.0, "dx":1.0, "dy":1.0 }, "data":
[rows 78 to 103 of 181, columns 232 to 289 of 360]
-7.396118,-4.7361183,-2.5661182,-2.0961182,-0.67611814,1.2338818,1.5538819,2.043882,-0.71611816,-2.206118,-0.5061182,0.08388183,10.903882,6.413882,6.653882,7.423882,8.313882,6.4738817,6.423882,6.043882,3.243882,3.0738819,1.7638818,2.053882,3.2038817,3.8838818,7.163882,6.623882,5.793882,4.793882,3.2038817,1.4138818,-0.72611815,-1.8861182,-1.8161181,-3.6261182,-3.1061182,-4.6761184,-4.666118,-4.476118,-4.686118,-2.3161182,0.09388184,1.9638819,2.1938818,2.4738817,1.5238818,-0.43611816,-1.7361182,-1.7961181,0.23388183,1.5038818,2.3838818,4.083882,5.353882,1.0138818,2.733882,2.6238818
-4.9661183,-4.7561183,-2.8561182,-1.5661181,-0.8661182,0.5538818,2.8238819,2.793882,-0.25611818,12.653882,6.123882,5.173882,9.313882,7.1838818,6.543882,6.673882,6.883882,4.753882,5.143882,5.253882,4.4338818,4.373882,3.9638817,3.983882,4.813882,5.503882,6.5538816,5.523882,5.3438816,5.023882,3.5738819,1.1638818,-0.78611815,-1.3561182,-1.9561181,-1.7761182,-1.8261181,-3.256118,-3.956118,-5.086118,-5.7161183,-4.5661182,0.6838818,6.5738816,3.1638818,1.8438818,2.4638817,1.4338819,-0.39611816,-0.8661182,-0.13611816,0.58388186,2.6438818,3.4238818,2.6438818,2.6738818,3.4738817,0.103881836
-3.496118,-4.386118,-3.8961182,-3.4161181,-1.3361182,-0.6161182,2.6938818,3.6238818,7.0938816,5.9938817,6.463882,6.913882,8.323882,7.853882,6.483882,5.163882,5.8238816,2.4138818,2.513882,4.153882,4.663882,4.583882,3.8638818,4.853882,5.213882,5.623882,5.733882,5.213882,4.0738816,3.493882,2.1738818,0.54388183,-0.52611816,-1.6461182,-0.66611814,-1.2761182,-2.3861182,-4.336118,-4.106118,-4.846118,-4.5661182,-6.346118,-1.8761182,3.503882,-2.206118,-0.13611816,0.5038818,0.09388184,-0.85611814,-0.36611816,-1.0061182,-0.14611816,1.5938818,5.633882,4.373882,1.9438819,6.063882,0.36388183
-4.786118,-3.216118,-0.9461182,-0.7461182,1.1238818,-1.0861182,1.3638818,4.633882,3.5738819,4.9938817,5.373882,7.333882,9.083881,8.363882,6.853882,5.563882,4.503882,3.6238818,2.4138818,3.1238818,3.5838819,2.6838818,3.483882,4.753882,5.403882,5.313882,5.543882,5.003882,4.0738816,3.6638818,2.293882,0.8038818,-1.1561182,-1.6361182,-1.4261181,-2.0661182,-3.6661181,-4.886118,-1.6361182,-4.826118,-4.116118,-0.21611816,-1.1861181,-1.8961182,-2.8161182,-3.3961182,-0.29611817,-0.97611815,-0.45611817,1.5038818,-0.11611816,-0.65611815,1.0438819,3.9738817,3.293882,7.0338817,4.8438816,1.2938819
-5.126118,-1.7261182,-2.0761182,-0.22611816,1.4238819,2.1438818,2.2138817,2.513882,3.8238819,4.2438817,7.193882,8.533882,7.813882,7.383882,7.633882,6.9938817,5.003882,4.3238816,3.5638819,3.243882,3.8338819,3.483882,3.8838818,4.633882,5.3038816,6.5138817,5.9338818,5.123882,4.643882,3.053882,2.543882,0.9938818,-0.73611814,-0.29611817,-0.056118164,-0.9361182,-3.0261183,-4.976118,-3.8961182,-3.8161182,-2.9261181,-2.486118,-2.466118,-2.3261182,-2.3061182,-2.8661182,-2.3461182,-1.4561181,1.1838819,2.503882,1.0538819,-0.006118164,-1.1561182,0.023881836,5.623882,0.5638818,2.793882,4.043882
-5.4461184,-3.1761181,-1.3361182,-1.2561182,0.65388185,1.5638819,1.2838818,2.4638817,2.9638817,6.083882,6.4538817,6.5138817,7.213882,7.3438816,7.583882,7.213882,5.463882,3.543882,3.4738817,3.543882,4.633882,5.083882,4.623882,4.5738816,6.153882,6.273882,5.983882,5.623882,4.023882,2.5638819,0.8838818,0.41388184,0.0038818358,-0.5061182,-1.2861181,-2.0661182,-3.3061182,-4.6961184,-5.0261183,-3.5761182,-2.0761182,-1.8561182,-2.8261182,-2.0661182,-1.5661181,-2.976118,-3.5661182,-0.67611814,0.78388184,1.5938818,-1.8261181,0.41388184,1.1438818,2.3838818,1.4838818,1.8738818,5.643882,5.003882
-3.5961182,-2.1361182,-0.5561182,0.24388184,0.41388184,0.22388184,0.9238818,2.8638818,4.7838817,5.463882,6.353882,6.253882,6.623882,6.8038816,6.6838818,6.233882,5.833882,4.523882,3.6138818,4.0138817,4.5938816,4.643882,4.7438817,5.0338817,5.713882,4.9538817,4.443882,4.5338817,3.4638817,2.4738817,0.6938818,-0.8261182,-0.9461182,-0.59611815,-2.0461183,-2.7961183,-2.8561182,-4.5461183,-4.326118,-2.4161181,-2.1161182,-1.9461181,-1.9561181,-1.4161181,-1.1561182,-2.5661182,-2.486118,-1.2061181,-1.6561182,1.8538818,-1.2861181,0.08388183,-0.98611814,2.8938818,3.1338818,2.043882,5.5338817,5.023882
-0.83611816,-1.4861182,-0.95611817,-1.6361182,-0.79611814,-0.066118166,1.8238819,3.7038817,4.903882,5.403882,6.293882,7.0938816,6.9938817,6.213882,5.9738817,5.883882,5.653882,4.563882,4.0738816,4.163882,4.373882,4.633882,5.0738816,5.3038816,4.2038817,3.793882,3.303882,3.3538818,2.793882,2.013882,0.78388184,-0.5061182,-0.95611817,-1.4261181,-2.8661182,-4.056118,-2.0361183,-3.0461183,-2.5861182,-2.2761183,-3.5861182,-3.476118,-4.226118,-4.1961184,-3.706118,-3.5661182,-4.4661183,-2.0661182,-0.8761182,0.35388184,-0.39611816,-1.3461182,-0.076118164,4.363882,0.34388185,5.353882,2.4138818,3.493882
-1.8561182,-1.4961182,-1.4461181,-1.7361182,-0.5761182,1.6338818,3.263882,4.8038816,5.7038817,6.7438817,6.673882,7.353882,7.7038817,4.793882,5.1838818,5.733882,4.653882,4.353882,4.403882,4.153882,4.0338817,4.2238817,4.623882,4.153882,3.803882,2.6638818,2.9638817,3.3238819,2.4538817,0.9938818,0.6838818,0.09388184,-0.73611814,-0.71611816,0.103881836,-0.51611817,-1.1761181,-1.9261181,-0.016118163,0.71388185,-0.39611816,-2.9261181,-3.956118,-4.4661183,-3.5761182,-2.236118,-2.3261182,-3.206118,-2.716118,1.0338818,0.21388184,-2.2761183,-1.0961182,9.343882,1.2838818,1.8938818,1.7138819,0.33388183
-0.9461182,-0.5561182,-0.106118165,0.9238818,0.9238818,2.1838818,3.6438818,4.773882,5.9538817,6.273882,6.113882,5.8238816,6.443882,5.623882,4.753882,4.253882,4.373882,4.7438817,4.4738817,4.673882,4.833882,4.163882,3.9138818,4.0538816,3.303882,2.7238817,2.753882,2.283882,2.3238819,1.9238819,1.3938818,0.6938818,0.043881837,-0.51611817,0.09388184,-0.77611816,-0.5061182,-1.7461182,-0.79611814,2.2238817,2.4138818,-1.1061182,-2.4161181,-2.986118,-3.016118,-4.2761183,-3.246118,-1.5761181,-3.9161181,-0.9461182,0.60388184,0.30388182,0.83388186,0.85388184,1.9138818,0.65388185,1.3738818,1.3238819
-1.0161182,0.54388183,0.6838818,0.16388184,1.2038819,2.523882,3.753882,5.3438816,5.8438816,5.5338817,4.963882,5.133882,6.0738816,5.903882,4.363882,4.3038816,4.2238817,4.043882,4.733882,5.613882,4.793882,4.0538816,3.8538818,2.8838818,2.5638819,2.283882,2.4538817,2.8538818,2.3138819,1.8638818,0.98388183,0.8838818,0.57388186,0.42388183,0.6238818,0.29388183,0.20388183,0.033881836,-0.5561182,-0.33611816,-0.066118166,-0.97611815,-1.6961181,-2.8961182,-3.6561182,-2.9061182,-2.0261183,-1.8961182,-2.6761181,-1.8061181,0.44388184,1.3738818,3.8538818,1.2038819,0.24388184,1.0638819,0.58388186,0.77388185
-1.4361181,0.29388183,0.85388184,1.3138819,3.0738819,3.983882,4.5738816,5.1838818,5.333882,4.5138817,4.3238816,4.903882,5.4538817,5.693882,5.873882,5.043882,4.5538816,3.9738817,4.9938817,5.383882,5.083882,4.523882,3.513882,2.6638818,1.8238819,2.053882,2.6438818,2.9638817,2.1138818,0.9238818,0.073881835,-0.40611815,0.72388184,0.66388184,0.77388185,0.8638818,1.0438819,1.7638818,1.4138818,0.49388182,-0.98611814,-2.1261182,-2.3661182,-3.2761183,-3.1261182,-2.9261181,-2.0961182,-2.756118,-2.246118,0.023881836,0.73388183,2.8538818,2.553882,-0.14611816,0.44388184,-0.076118164,1.9238819,0.64388186
0.06388184,1.1138818,1.9038818,2.4738817,2.7238817,3.4238818,3.6238818,3.273882,3.263882,3.8338819,4.083882,3.773882,4.063882,5.2638817,5.2038817,5.143882,5.133882,5.5338817,5.123882,5.2638817,4.7238817,4.4738817,3.1438818,2.9138818,2.5838819,2.763882,2.753882,2.4138818,1.9438819,1.5938818,1.6838819,1.2538818,0.113881834,0.9338818,1.6938819,2.8638818,3.053882,2.983882,3.1338818,2.1438818,-0.54611814,-2.706118,-3.9361181,-3.466118,-3.006118,-2.6261182,-2.6561182,-1.8961182,-2.016118,-1.2261182,1.4838818,2.1438818,-0.51611817,-0.28611815,-0.34611815,1.2038819,1.8038819,0.45388183
-0.076118164,0.38388184,1.0938818,1.1638818,1.8038819,1.8638818,1.9838818,2.3938818,2.543882,2.8238819,3.1638818,3.4138818,3.8738818,4.2438817,5.083882,5.2238817,4.9938817,4.653882,4.5538816,4.9938817,4.963882,4.083882,2.983882,2.8438818,2.793882,1.9538819,2.3938818,2.1038818,1.3838818,1.2638818,2.233882,2.9238818,2.8738818,2.743882,3.2138817,4.563882,5.9738817,5.353882,4.353882,3.6638818,1.6038818,-1.0461181,-2.3761182,-3.6761181,-4.106118,-3.8761182,-3.6861181,-2.1261182,-1.5961182,-0.6961182,1.4138818,0.51388186,1.0238818,0.13388184,-1.0261182,-1.1561182,-0.39611816,-0.64611816
-0.32611817,0.6738818,0.9238818,0.90388185,0.77388185,0.6938818,1.3238819,1.5438819,1.9538819,1.6038818,2.1738818,2.8738818,3.0738819,3.8238819,4.5138817,4.8038816,4.563882,4.4538817,4.7238817,5.003882,5.313882,4.193882,3.3738818,2.523882,2.3138819,1.9838818,1.0038818,0.7538818,1.2238818,1.5038818,1.8338819,2.1338818,3.3838818,4.2638817,4.163882,5.9338818,5.5738816,4.963882,4.7638817,3.6138818,2.053882,-0.046118163,-1.7561182,-3.0461183,-3.9161181,-3.8461182,-2.5861182,-0.79611814,-0.8761182,-0.42611817,0.9938818,-2.976118,2.1238818,0.09388184,0.053881835,-0.12611817,-0.046118163,0.013881836
-0.60611814,-0.42611817,-0.41611817,-0.27611816,-0.24611816,0.36388183,1.0338818,1.2738818,1.3538818,1.5738819,1.8838818,2.503882,2.4338818,2.8538818,3.6238818,3.8538818,3.8238819,4.0538816,4.2038817,4.4738817,4.8438816,3.5638819,2.8538818,1.7938819,1.0738819,1.0138818,1.1638818,1.2838818,0.96388185,0.83388186,1.3238819,2.0938818,2.503882,3.503882,4.883882,5.213882,5.163882,5.4738817,4.563882,2.6938818,1.2438818,0.54388183,-0.59611815,-2.0561182,-2.756118,-2.4361181,-1.4061182,-1.4461181,-0.71611816,0.48388183,0.27388182,-1.5461181,1.5938818,1.2938819,0.13388184,-0.29611817,-0.52611816,-0.18611817
-0.7561182,-0.73611814,-0.58611816,-0.37611815,0.70388186,0.83388186,0.7438818,0.7538818,1.1138818,1.3738818,2.0738819,2.493882,2.533882,2.8238819,3.003882,3.023882,2.993882,3.253882,3.4338818,3.533882,3.9638817,3.3638818,1.8238819,-0.31611815,-0.066118166,0.033881836,1.1638818,1.3538818,0.83388186,0.77388185,0.72388184,1.1138818,2.4038818,2.8738818,3.0638819,4.4738817,4.3438816,3.553882,3.1638818,1.8038819,-0.46611816,-0.92611814,0.95388186,-1.6361182,-3.8561182,-3.4361181,-1.4961182,-1.8061181,-0.43611816,1.1338818,-0.58611816,2.8438818,0.70388186,2.253882,0.6838818,-1.5161182,-0.066118166,0.6238818
-1.5161182,-1.2361182,-0.72611815,0.053881835,0.113881834,-0.006118164,0.46388185,0.7538818,0.7538818,1.0938818,0.9938818,1.2538818,1.5038818,2.1638818,2.8738818,3.243882,2.8638818,2.3338819,2.043882,2.243882,2.8538818,3.1138818,0.6938818,-0.89611816,-0.45611817,-0.36611816,0.58388186,0.98388183,-0.22611816,-0.5661182,-0.54611814,0.21388184,1.6338818,2.3538818,3.553882,3.6838818,3.543882,2.6938818,2.303882,-0.8661182,-1.4661182,-1.1061182,-0.22611816,-1.4361181,-2.2861183,-2.0461183,-1.3161181,0.8638818,-1.8861182,-1.7861181,1.5338818,3.533882,0.66388184,2.0938818,1.6938819,-2.3661182,0.65388185,0.78388184
-1.6661181,-1.1261182,-0.8161182,-0.89611816,-0.7461182,-0.12611817,0.45388183,0.97388184,1.3338819,1.3138819,1.3038819,1.5238818,1.4838818,0.91388184,0.98388183,1.4338819,1.9638819,2.1638818,1.4938818,0.9438818,0.49388182,0.54388183,0.30388182,-1.6761181,-0.31611815,-0.15611817,-0.12611817,-0.21611816,-0.25611818,-1.3861182,-0.17611817,-0.056118164,1.0338818,2.3938818,3.3538818,3.6638818,3.4338818,2.6638818,1.9738818,0.113881834,-1.2361182,-2.266118,-1.4661182,-0.60611814,-0.31611815,-2.1461182,-2.6761181,-3.196118,-3.5561182,-2.5661182,1.4138818,4.463882,1.8738818,0.6738818,2.743882,0.26388183,-2.0861182,-0.32611817
-0.52611816,-0.43611816,-0.40611815,-0.046118163,0.20388183,1.1138818,1.0138818,0.98388183,1.2238818,1.4838818,2.033882,1.7338818,1.6338818,1.0838819,0.6838818,0.46388185,0.22388184,-0.16611816,-0.5061182,-0.41611817,-0.76611817,-1.0761181,-0.8161182,-1.2661182,-1.3261181,-1.1061182,-0.37611815,0.12388184,0.13388184,-0.18611817,-0.17611817,0.40388185,0.72388184,1.4638819,3.3238819,3.4138818,2.8238819,2.4238818,1.8438818,0.19388184,-2.5961182,-3.196118,-2.3661182,-1.2861181,-0.8261182,-1.7561182,-2.216118,-2.1361182,-2.8161182,-0.8061182,0.08388183,5.5138817,4.123882,1.7338818,0.033881836,0.82388186,-1.0161182,1.9738818
0.5038818,0.78388184,1.3338819,1.1338818,1.4938818,1.7338818,2.483882,1.7438818,1.7838818,2.253882,1.7238818,1.8338819,1.1338818,-0.20611817,-0.25611818,0.37388185,0.91388184,0.60388184,0.013881836,-1.1961181,-1.4061182,-1.5761181,-1.7261182,-1.7961181,-1.0961182,-1.5461181,-1.7461182,-1.3261181,-0.16611816,-0.28611815,-0.43611816,0.053881835,1.6738819,1.7538818,2.6838818,2.9038818,2.783882,3.4438818,3.3838818,1.9338819,-0.71611816,-2.9361181,-2.1461182,-1.9161181,-0.73611814,-1.3661182,-0.5761182,-0.6361182,-0.79611814,1.0738819,-1.1161182,1.2938819,5.603882,1.0838819,0.15388183,-0.76611817,1.2638818,-0.90611815
1.7038819,2.4638817,2.6238818,2.543882,2.4038818,2.253882,1.8838818,1.1238818,0.66388184,1.4438819,1.7738818,1.1038818,0.6938818,-0.27611816,-1.2661182,-1.3161181,-0.39611816,0.5038818,0.5638818,-1.0661181,-2.206118,-2.2961183,-2.466118,-2.7961183,-3.0461183,-2.746118,-2.5661182,-1.5961182,-1.5861182,-0.8261182,-0.38611817,-0.12611817,1.3838818,3.0838819,2.6038818,2.3738818,3.293882,3.5938818,5.003882,3.553882,1.2138819,-0.8061182,-2.1261182,-2.4161181,-2.1161182,-1.1661181,-0.46611816,-0.5761182,-0.7461182,-1.3361182,-0.7561182,0.053881835,2.503882,2.9538817,1.7138819,-1.1761181,-1.4661182,0.9338818
2.9638817,3.2238817,2.9538817,2.283882,1.5338818,1.2538818,0.83388186,1.4538819,1.1738819,0.76388186,0.16388184,0.72388184,1.1838819,1.5538819,1.0938818,0.90388185,0.65388185,0.6938818,1.0238818,1.0238818,-0.8661182,-3.3061182,-4.126118,-2.8261182,-3.1161182,-4.096118,-3.996118,-3.3561182,-2.5461183,-2.0561182,-2.1161182,-0.6161182,0.44388184,2.2238817,3.023882,3.233882,3.3338819,4.253882,4.693882,4.9738817,2.8538818,0.54388183,-1.1261182,-1.7661182,-3.2961183,-2.966118,-2.3161182,-0.84611815,-0.37611815,0.43388185,1.6438818,-1.1061182,0.60388184,2.543882,2.053882,0.70388186,-2.6061182,-4.5461183
2.9338818,3.6238818,3.6738818,2.8138819,2.8338819,2.053882,1.8438818,2.3938818,2.4038818,2.4238818,2.5838819,2.263882,1.9538819,2.263882,2.513882,2.3538818,1.6738819,1.2138819,1.2038819,0.24388184,0.34388185,-1.2261182,-1.9561181,-3.8161182,-3.7961183,-3.6861181,-4.4061184,-5.116118,-3.5961182,-3.696118,-2.966118,-2.766118,-0.006118164,0.8738818,2.003882,3.6138818,3.0838819,3.1038818,4.673882,4.9738817,4.163882,2.5838819,1.1938819,-1.1261182,-1.9261181,-2.6261182,-2.1461182,-0.89611816,-0.106118165,0.013881836,0.043881837,-0.106118165,-1.1661181,1.2238818,1.7538818,-1.4461181,-0.65611815,-1.0761181
2.753882,2.6038818,3.6438818,4.133882,3.5738819,3.303882,2.3738818,2.733882,3.6838818,3.8438818,3.993882,3.9638817,3.6938818,3.263882,3.1238818,3.9038818,3.8938818,3.263882,2.8738818,2.1638818,1.2138819,0.6338818,0.45388183,-0.84611815,-2.4061182,-3.9161181,-4.286118,-4.5661182,-4.836118,-4.976118,-3.8961182,-3.7961183,-2.8161182,-1.0161182,0.16388184,1.4738818,3.6638818,2.753882,3.803882,4.713882,4.3038816,2.6538818,2.3838818,1.6038818,0.90388185,0.64388186,0.113881834,0.45388183,0.39388183,0.08388183,-0.6161182,1.3538818,-1.3161181,-0.85611814,-0.46611816,-0.046118163,0.54388183,0.37388185
3.0938818,3.733882,3.9438818,3.6138818,2.8338819,2.9138818,2.8638818,2.4238818,3.1538818,3.803882,4.363882,4.693882,4.8038816,4.753882,4.273882,4.003882,4.163882,3.9238818,3.9338818,3.4538817,2.5738819,1.6838819,0.51388186,-1.0561181,-3.0461183,-3.5561182,-4.496118,-5.086118,-5.726118,-5.5661182,-5.7161183,-4.1761184,-3.0761182,-2.446118,-1.7561182,0.35388184,1.6638818,4.0338817,2.7238817,2.9338818,3.9238818,3.793882,3.1838818,2.733882,2.783882,2.543882,2.4738817,2.8838818,2.6838818,2.1838818,0.51388186,0.64388186,1.6938819,-1.9661182,-2.226118,0.23388183,-0.6261182,-1.4161181
