views/data/weather/2019/09/26/0000-wind-isobaric-1000hPa-gfs-1.0.json
{"header": { "discipline":0, "disciplineName":"Meteorological products", "gribEdition":2, "gribLength":79708, "center":7, "centerName":"US National Weather Service - NCEP(WMC)", "subcenter":0, "refTime":"2019-09-26T00:00:00.000Z", "significanceOfRT":1, "significanceOfRTName":"Start of forecast", "productStatus":0, "productStatusName":"Operational products", "productType":1, "productTypeName":"Forecast products", "productDefinitionTemplate":0, "productDefinitionTemplateName":"Analysis/forecast at horizontal level/layer at a point in time", "parameterCategory":2, "parameterCategoryName":"Momentum", "parameterNumber":2, "parameterNumberName":"U-component_of_wind", "parameterUnit":"m.s-1", "genProcessType":2, "genProcessTypeName":"Forecast", "forecastTime":0, "surface1Type":100, "surface1TypeName":"Isobaric surface", "surface1Value":95000.0, "surface2Type":255, "surface2TypeName":"Missing", "surface2Value":0.0, "gridDefinitionTemplate":0, "gridDefinitionTemplateName":"Latitude_Longitude", "numberPoints":65160, "shape":6, "shapeName":"Earth spherical with radius of 6,371,229.0 m", "gridUnits":"degrees", "resolution":48, "winds":"true", "scanMode":0, "nx":360, "ny":181, "basicAngle":0, "lo1":0.0, "la1":90.0, "lo2":359.0, "la2":-90.0, "dx":1.0, "dy":1.0 }, "data":
[rows 0 to 24 of 181, columns 114 to 170 of 360]
-1.0932275,-1.1132275,-1.1332276,-1.1632276,-1.1832275,-1.2032275,-1.2332275,-1.2532276,-1.2732276,-1.2932276,-1.3132275,-1.3332275,-1.3532275,-1.3732276,-1.3932276,-1.4132276,-1.4332275,-1.4432275,-1.4632275,-1.4832275,-1.4932275,-1.5132276,-1.5332276,-1.5432276,-1.5632275,-1.5732275,-1.5832275,-1.6032275,-1.6132275,-1.6232276,-1.6332276,-1.6432276,-1.6532276,-1.6632276,-1.6732275,-1.6832275,-1.6932275,-1.7032275,-1.7132275,-1.7132275,-1.7232275,-1.7332275,-1.7332275,-1.7432275,-1.7432275,-1.7532276,-1.7532276,-1.7532276,-1.7532276,-1.7632276,-1.7632276,-1.7632276,-1.7632276,-1.7632276,-1.7632276,-1.7632276,-1.7532276
4.3167725,4.2667723,4.2367725,4.2067723,4.1667724,4.1167727,4.056772,3.9967725,3.9267724,3.8567724,3.7767725,3.6967726,3.6167724,3.5567725,3.4767725,3.3967724,3.3067725,3.2267725,3.1267724,3.0267725,2.9267724,2.8167725,2.7167726,2.6167724,2.5167725,2.4067724,2.3067725,2.1967726,2.0867724,1.9767724,1.8667724,1.7567725,1.6467725,1.5467725,1.4367725,1.3267725,1.2167724,1.1167724,1.0167725,0.93677247,0.8567725,0.77677244,0.68677247,0.6067725,0.52677244,0.44677246,0.37677246,0.29677245,0.22677246,0.16677245,0.09677246,0.026772462,-0.04322754,-0.10322754,-0.16322754,-0.22322755,-0.27322754
10.496773,10.486773,10.466772,10.426772,10.376773,10.316772,10.246773,10.186772,10.116773,10.046772,9.976772,9.926772,9.846772,9.766772,9.686772,9.596772,9.486773,9.386772,9.326773,9.246773,9.146772,9.006772,8.856772,8.7767725,8.666773,8.536773,8.376773,8.236773,8.086773,7.9667726,7.8367724,7.7167726,7.5967727,7.5167723,7.4167724,7.2867723,7.1367726,6.9967723,6.8567724,6.6967726,6.4967723,6.2867723,6.0667725,5.8267727,5.5367723,5.2467723,4.9567723,4.6467724,4.3267727,3.9967725,3.6767724,3.3467724,3.0167725,2.6967726,2.3867724,2.0967724,1.8367724
6.4967723,6.5767727,6.6767726,6.7867723,6.8567724,6.9267726,6.9867725,7.0767727,7.1267724,7.1567726,7.2067723,7.2567725,7.2567725,7.2467723,7.2367725,7.2067723,7.1767726,7.1367726,7.1267724,7.1167727,7.1267724,7.1167727,7.1067724,7.0967727,7.0867724,7.0867724,7.056772,7.056772,7.0667725,7.0967727,7.1367726,7.1867723,7.2167726,7.2567725,7.306772,7.3567724,7.4167724,7.4767723,7.4967723,7.5267725,7.5367723,7.5167723,7.4867725,7.4767723,7.4567723,7.4667726,7.5167723,7.5667725,7.5767727,7.5967727,7.5867724,7.556772,7.5467725,7.4467726,7.3167725,7.1567726,6.8567724
1.8367724,1.9267725,2.0267725,2.1567724,2.3367724,2.4567726,2.5667725,2.7067726,2.7667725,2.9167724,3.0867724,3.2267725,3.4367723,3.6167724,3.7767725,3.9467726,4.1167727,4.2767725,4.4367723,4.5967727,4.7367725,4.8967724,5.0767727,5.2267723,5.3967724,5.5767727,5.7067723,5.8367724,5.9567723,6.0867724,6.2167726,6.3167725,6.4267726,6.5167723,6.5967727,6.6467724,6.6767726,6.7167726,6.7467723,6.7767725,6.7867723,6.7767725,6.7767725,6.7567725,6.7367725,6.7467723,6.7467723,6.7667723,6.7667723,6.7767725,6.7567725,6.7267723,6.6667724,6.5867724,6.4867725,6.3667727,6.2667723
1.5167725,1.6867725,1.8467724,2.0067725,2.1667724,2.3667724,2.5567725,2.7567725,2.9567726,3.1767724,3.4067724,3.6267724,3.8667724,4.0967727,4.3467727,4.5867724,4.8167725,5.0367723,5.2667723,5.4667726,5.6867723,5.8767724,6.0467725,6.1967726,6.3167725,6.3967724,6.4967723,6.5667725,6.6467724,6.7267723,6.7967725,6.8767724,6.9567723,7.0367723,7.1267724,7.1967726,7.2567725,7.306772,7.3367724,7.3567724,7.3667727,7.3867726,7.4067726,7.3567724,7.2767725,7.1867723,7.0867724,6.9467726,6.7767725,6.556772,6.3467727,6.1567726,6.0967727,6.0367723,5.9567723,5.7867723,5.6467724
-0.90322757,-0.62322754,-0.31322753,-0.0032275391,0.34677246,0.70677245,1.0767725,1.4067725,1.7067724,1.9867724,2.2467725,2.4867725,2.7267725,2.9667726,3.2167726,3.4567726,3.7067726,3.9467726,4.1767726,4.4267726,4.6967726,4.9867725,5.2467723,5.4967723,5.7067723,5.9067726,6.0967727,6.2867723,6.4867725,6.6567726,6.8167725,6.9867725,7.1267724,7.2767725,7.3867726,7.4867725,7.5867724,7.6667724,7.7267723,7.7767725,7.806772,7.8167725,7.8267727,7.8267727,7.7667723,7.6967726,7.6467724,7.5967727,7.5867724,7.5767727,7.6067724,7.6167727,7.6067724,7.5767727,7.5767727,7.5167723,7.4067726
-1.3832276,-1.1632276,-0.9432275,-0.72322756,-0.48322755,-0.19322754,0.11677246,0.47677246,0.81677246,1.1267724,1.3567724,1.5567725,1.7367724,1.9567724,2.2267725,2.5467725,2.8767724,3.1667724,3.4767725,3.7567725,4.0167723,4.2267723,4.4467726,4.6867723,4.9367723,5.2367725,5.5467725,5.8367724,6.1267724,6.3867726,6.6567726,6.8767724,7.1267724,7.3267727,7.4967723,7.6767726,7.7967725,7.9067726,7.9767723,8.016772,8.056772,8.106772,8.176772,8.246773,8.326773,8.426772,8.546772,8.636772,8.686772,8.686772,8.666773,8.626773,8.566772,8.476772,8.396772,8.306772,8.236773
-3.5432274,-3.1032276,-2.7432275,-2.4132276,-2.1432276,-1.8932276,-1.6332276,-1.3332275,-1.0032276,-0.67322755,-0.32322752,0.026772462,0.40677246,0.7867725,1.1567725,1.5167725,1.8467724,2.1567724,2.4867725,2.8767724,3.2467725,3.5467725,3.7767725,3.9967725,4.2867723,4.6267724,4.9267726,5.0667725,5.1067724,5.1267724,5.2067723,5.3267727,5.5367723,5.7167726,5.9667726,6.2067723,6.4067726,6.6167727,6.8367724,7.1567726,7.4767723,7.7067723,7.8567724,8.046772,8.2767725,8.516772,8.736773,8.876773,8.976772,9.0267725,9.016772,8.946773,8.896772,8.856772,8.816772,8.736773,8.596772
-5.8132277,-5.4132276,-5.0632277,-4.6832275,-4.2132277,-3.6932275,-2.9832275,-2.1532276,-1.5732275,-1.1632276,-0.8232275,-0.48322755,-0.13322754,0.19677246,0.50677246,0.7967725,1.0667725,1.3367724,1.6067724,1.8367724,2.0267725,2.2167726,2.4067724,2.5867724,2.7967725,3.1167724,3.5167725,3.9367723,4.3367724,4.6767726,5.0867724,5.5267725,5.9067726,6.0367723,5.9567723,5.806772,5.7667723,5.7967725,5.8167725,5.8167725,5.7567725,5.7667723,5.7967725,5.8367724,5.8767724,6.0367723,6.2567725,6.2967725,6.1467724,5.9267726,5.9767723,6.2267723,6.4567723,6.9767723,7.7067723,8.396772,8.896772
-7.7932277,-6.943228,-6.0732274,-5.2332277,-4.6332273,-4.3332276,-4.0632277,-3.7232275,-3.3732276,-3.0832276,-2.8132277,-1.9232275,-0.97322756,-0.53322756,-0.16322754,0.20677246,0.49677247,0.7267725,1.0267725,1.2867725,1.3867725,1.4267725,1.5367725,1.7567725,2.1667724,2.5967724,2.7567725,3.0367725,3.4667726,3.7867725,4.0167723,4.2567725,4.5667725,4.8267727,4.7467723,4.6367726,4.6367726,4.5767727,4.7467723,5.0167723,5.1867723,5.1367726,5.0067725,4.9567723,5.0967727,5.0467725,4.9667726,4.8667727,4.806772,5.5867724,5.9767723,4.6067724,4.056772,4.556772,4.6567726,4.7167726,4.8167725
-10.233228,-9.783228,-9.193228,-8.543227,-7.8132277,-7.0932274,-6.1432276,-4.7932277,-4.2432275,-4.6432276,-4.4732275,-4.0032277,-2.9332275,-2.5732276,-2.3232276,-2.1132276,-2.1132276,-1.9332275,-1.6132275,-1.3432275,-1.0732275,-0.65322757,-0.15322754,0.27677247,0.56677246,0.8667725,1.1667725,1.4367725,1.8067725,2.0767725,2.3367724,2.6367724,2.9367723,3.4667726,3.6667724,3.5167725,3.6667724,3.9267724,4.1167727,4.2267723,4.2667723,4.4667726,4.3467727,3.8967724,3.4567726,3.0367725,2.9967725,2.8167725,2.6367724,3.0667725,2.7467725,2.0767725,3.2367725,3.6267724,3.5467725,3.3067725,3.1067724
-9.503227,-8.9732275,-8.613228,-8.743228,-9.4732275,-9.363228,-8.743228,-8.143228,-6.7932277,-5.9232273,-5.9332275,-5.8132277,-5.6532273,-5.4232273,-4.9132276,-4.3932276,-4.0232277,-4.0032277,-4.0332274,-3.8032274,-3.3032274,-2.7232275,-2.2332275,-1.7032275,-1.1332276,-0.7132275,-0.40322754,-0.05322754,0.24677247,0.5467725,0.84677243,1.1067724,1.3567724,1.6567725,1.9467725,2.0967724,2.3867724,2.7667725,3.1267724,3.4067724,3.6667724,3.9567726,4.1567726,4.2367725,4.5967727,4.9567723,4.7067723,4.7567725,4.6267724,3.4867725,2.5467725,2.8867724,3.5067725,3.1067724,2.3167725,2.1667724,2.1667724
-8.773228,-8.283228,-8.303227,-8.193228,-8.863228,-8.793227,-8.893228,-9.073228,-8.793227,-8.133227,-6.7132277,-6.943228,-7.6032276,-7.4632277,-6.693228,-5.9932275,-5.4032273,-5.1532273,-5.0032277,-4.5632277,-3.9232275,-3.3032274,-2.7332275,-2.4832275,-2.2932274,-1.7332275,-1.3932276,-0.9632275,-0.7132275,-0.48322755,-0.21322754,0.07677246,0.32677245,0.59677243,0.94677246,1.6067724,2.4267724,2.9767725,3.3867724,3.8567724,3.8467724,3.0467725,2.9367723,3.0667725,3.2667725,3.3967724,3.4467726,4.0667725,4.2767725,4.4467726,4.4467726,3.9967725,3.5967724,2.9367723,2.2567725,2.1267724,2.1067724
-7.0132275,-6.9132276,-7.1532273,-7.2932277,-7.3532276,-7.0132275,-7.1132274,-7.5632277,-7.8932276,-7.6732273,-7.5432277,-7.4132276,-7.2632275,-7.0332274,-6.9932275,-6.6432276,-6.1732273,-5.7532277,-5.8932276,-5.7832274,-5.193228,-4.4332275,-3.2532275,-2.3232276,-2.2532275,-2.4232275,-2.5632277,-2.2132275,-1.8032275,-1.4632275,-1.3132275,-1.0932275,-0.8932275,-0.7632275,-0.61322755,-0.38322753,0.15677246,0.7267725,0.7267725,0.49677247,0.46677247,0.7967725,1.7467724,1.9867724,2.4667726,2.8967724,2.9767725,3.0967724,2.9767725,2.4267724,1.9867724,2.0667725,2.2767725,2.1167724,1.7967725,2.2067726,1.2467724
-2.2732275,-2.2432275,-3.3432276,-4.5532274,-5.693228,-6.1332273,-6.0532274,-5.6632276,-5.9532275,-6.5132275,-6.6532273,-7.2332277,-7.4332275,-6.9332275,-6.6832275,-6.6432276,-6.7832274,-6.943228,-7.0732274,-7.2932277,-7.3232274,-6.5232277,-5.9232273,-5.6032276,-4.9232273,-4.2532277,-3.6632276,-3.2632275,-3.1232276,-2.9632275,-2.4932275,-2.2332275,-2.0632277,-2.1132276,-1.8932276,-1.7332275,-1.9932275,-1.6232276,-2.0332274,-1.6632276,-1.5032276,-1.2832276,-1.3432275,-1.2832276,-1.2032275,-1.2032275,-1.1032275,-0.6432275,-0.47322753,-0.79322755,-0.32322752,-0.31322753,-0.31322753,-1.0632275,-0.67322755,-0.81322753,-0.23322754
1.1167724,1.0567725,0.20677246,-1.1932275,-2.0432274,-3.0332274,-3.2632275,-3.3232276,-3.7832274,-4.0732274,-4.6532273,-4.8732276,-5.6732273,-6.9532275,-6.7132277,-6.5532274,-7.2232275,-7.5732274,-7.5632277,-7.9232273,-8.063228,-7.8832273,-7.5432277,-6.5632277,-5.9732275,-5.5332274,-4.8732276,-4.1232276,-4.3832273,-3.7832274,-3.6532276,-3.5732276,-3.1432276,-2.9632275,-3.0032275,-2.6532276,-2.8132277,-3.1532276,-3.0532274,-3.0432274,-3.2432275,-3.2932274,-3.4032276,-3.6232276,-3.7432275,-4.3632274,-4.0832276,-3.8032274,-3.1532276,-2.7332275,-2.3932276,-1.7332275,-1.2732276,-1.6832275,-2.4932275,-1.5732275,-0.7732275
5.1967726,3.3767724,1.9067725,0.74677247,0.45677245,0.07677246,-0.26322755,-0.9432275,-1.2932276,-1.9032276,-3.0832276,-3.2232275,-4.2432275,-4.1432276,-6.1032276,-6.6332273,-6.4232273,-6.3932276,-5.8732276,-5.7732277,-6.8232274,-7.7932277,-7.8732276,-7.2932277,-6.8232274,-6.3532276,-6.0232277,-5.5332274,-5.1132274,-4.4332275,-3.8632276,-3.9132276,-3.9532275,-3.9432275,-4.2732277,-4.4332275,-4.3932276,-4.6432276,-5.3732276,-4.943228,-5.3332276,-5.4232273,-5.6532273,-6.4732275,-6.5832276,-6.5932274,-6.1332273,-5.7032275,-5.2232275,-4.9232273,-4.5232277,-4.1032276,-3.6132276,-3.0632277,-2.5432274,-2.2132275,-1.8832276
5.2767725,4.7467723,4.3867726,3.7167726,2.2067726,2.2567725,0.31677246,1.0367725,-0.023227539,0.93677247,-1.7132275,-2.8232276,-4.1332273,-3.3332276,-1.6832275,-1.5532275,-3.2332275,-4.1532273,-3.1732275,-2.8932276,-3.7932274,-4.0832276,-4.7532277,-5.7932277,-7.5932274,-7.0832276,-7.2632275,-6.5832276,-5.1532273,-4.3532276,-3.8132277,-3.7032275,-3.6232276,-4.5232277,-5.193228,-4.7332277,-5.6232276,-5.4632277,-6.0832276,-6.2432275,-6.2532277,-6.2332277,-6.3132277,-6.0632277,-5.7232275,-5.3932276,-5.0132275,-4.7432275,-4.3832273,-3.9732275,-3.6832275,-3.4632275,-3.2632275,-3.2532275,-3.0432274,-2.6532276,-2.2832274
2.9067724,2.0067725,2.6367724,4.4467726,5.3367724,4.0767727,3.8467724,1.8367724,-0.61322755,0.5467725,-1.0132276,-1.0832275,-2.5432274,-1.6332276,-2.0932276,-1.9532275,-1.4932275,-0.04322754,-0.5832275,-0.093227535,0.6067725,-0.46322754,-1.1232276,-1.3232275,-2.3632276,-3.7532275,-5.5532274,-5.3832273,-5.8232274,-4.7632275,-4.5532274,-4.0532274,-4.193228,-4.0332274,-4.6232276,-5.8932276,-6.2732277,-6.7232275,-5.9732275,-5.943228,-6.1832275,-6.5232277,-6.7932277,-6.8732276,-6.9632277,-6.7932277,-6.7732277,-6.7332277,-6.5532274,-6.2232275,-5.7632275,-5.3132277,-4.8132277,-4.2432275,-3.7832274,-3.4332275,-2.8432276
5.8667727,6.2967725,6.0067725,5.7167726,6.0767727,5.8167725,4.9767723,6.9467726,5.3267727,5.1067724,4.2267723,3.0567725,3.4667726,-1.9232275,-1.6532276,-1.7332275,-0.8832275,-1.1232276,0.44677246,-0.61322755,-1.3832276,-0.30322754,0.13677245,-0.37322754,-0.93322754,-2.3032274,-0.08322754,-1.3932276,-0.9432275,-2.0932276,-2.3932276,-2.9332275,-2.4032276,-1.2332275,-2.6232276,-3.3832276,-4.0332274,-4.9132276,-5.9832277,-5.8532276,-6.1532273,-7.1732273,-7.6232276,-8.313228,-9.153228,-10.173227,-11.233228,-12.093227,-11.933228,-11.033228,-9.513227,-8.283228,-7.0532274,-6.193228,-5.2632275,-4.7332277,-3.5332274
7.0967727,6.9167724,6.556772,6.7167726,6.1467724,5.1567726,5.7067723,5.7467723,4.9167724,5.4167724,4.3667727,4.1967726,-2.1032276,-1.3532275,-1.7332275,1.6267724,0.14677246,-0.46322754,-0.7632275,-0.30322754,-1.0232276,-1.9732275,-1.9932275,-2.4932275,-2.8532276,-2.9632275,-1.1532276,-3.2732275,-3.1032276,-3.0332274,-4.3332276,-3.9832275,-3.7632275,-4.5632277,-5.0132275,-5.1232276,-5.0332274,-5.7532277,-6.3132277,-6.7332277,-7.2632275,-8.133227,-8.303227,-8.063228,-6.6432276,-5.0732274,-4.4932275,-4.0432277,-3.1132276,-2.0932276,-1.9032276,-1.6632276,-0.90322757,-3.5632277,-5.3532276,-4.2832274,-3.9832275
7.9267726,8.036773,7.8567724,6.8967724,5.556772,4.6867723,5.0167723,4.9467726,4.9967723,3.9967725,4.6067724,2.8567724,-1.0332276,-1.8032275,-1.4632275,1.2067724,1.2267724,-0.53322756,-0.18322754,-0.21322754,-1.1832275,-1.9932275,-1.3732276,0.39677247,-0.5232275,-0.30322754,-1.0932275,-0.47322753,-1.1832275,-2.4732275,-3.1632276,-1.9032276,-1.1832275,-0.98322755,-3.7432275,-2.8732276,-3.5832276,-4.8432274,-6.0332274,-6.6432276,-6.5432277,-7.3732276,-8.193228,-8.133227,-7.2432275,-6.2732277,-5.3432274,-5.443228,-5.8532276,-7.1032276,-4.3732276,-4.8332276,-3.1832275,-2.2032275,-1.2432275,-1.4932275,-0.90322757
4.8867726,5.1667724,5.4267726,6.1567726,5.5067725,3.6267724,4.306772,5.5967727,5.5367723,4.056772,2.9067724,-0.24322754,-2.6032276,-2.0832276,-0.90322757,1.3067725,1.5167725,0.96677244,0.026772462,-0.62322754,-0.8232275,-0.32322752,-0.9632275,-1.3732276,-1.6932275,-0.0032275391,0.14677246,-0.26322755,-0.11322754,0.7867725,0.7967725,-0.67322755,-2.1332276,-2.2132275,-1.6032275,-3.7132275,-4.5032277,-6.0332274,-7.0332274,-6.5832276,-4.9832277,-3.7032275,-3.4332275,-3.6532276,-6.0932274,-5.3232274,-7.5532274,-8.543227,-7.4032273,-9.603228,-7.1332273,-3.5932276,-2.3132277,-2.0632277,-2.1232276,-2.8432276,-2.2532275
3.6767724,5.1767726,4.4267726,5.7667723,3.9467726,1.0467725,0.50677246,0.81677246,3.4467726,4.0267725,1.3267725,-2.1232276,-2.9632275,-2.2432275,-1.0532275,0.64677244,1.5967724,1.6067724,1.2167724,0.33677247,-0.34322754,-0.45322755,0.6667725,-0.34322754,-0.6332275,0.63677245,0.7367725,1.0467725,0.19677246,-0.20322753,0.9767725,1.4067725,1.2367724,0.15677246,0.22677246,3.6267724,3.7667725,0.31677246,0.99677247,-0.37322754,-0.90322757,-1.0332276,-0.99322754,-2.4032276,-2.2032275,-3.2432275,-2.2032275,-1.6232276,-1.8532275,-1.8532275,-2.3232276,-3.8732276,-3.6532276,-4.1532273,-4.7532277,-4.193228,-5.443228
