views/data/weather/2019/09/26/0000-wind-isobaric-1000hPa-gfs-1.0.json
{"header": { "discipline":0, "disciplineName":"Meteorological products", "gribEdition":2, "gribLength":79708, "center":7, "centerName":"US National Weather Service - NCEP(WMC)", "subcenter":0, "refTime":"2019-09-26T00:00:00.000Z", "significanceOfRT":1, "significanceOfRTName":"Start of forecast", "productStatus":0, "productStatusName":"Operational products", "productType":1, "productTypeName":"Forecast products", "productDefinitionTemplate":0, "productDefinitionTemplateName":"Analysis/forecast at horizontal level/layer at a point in time", "parameterCategory":2, "parameterCategoryName":"Momentum", "parameterNumber":2, "parameterNumberName":"U-component_of_wind", "parameterUnit":"m.s-1", "genProcessType":2, "genProcessTypeName":"Forecast", "forecastTime":0, "surface1Type":100, "surface1TypeName":"Isobaric surface", "surface1Value":95000.0, "surface2Type":255, "surface2TypeName":"Missing", "surface2Value":0.0, "gridDefinitionTemplate":0, "gridDefinitionTemplateName":"Latitude_Longitude", "numberPoints":65160, "shape":6, "shapeName":"Earth spherical with radius of 6,371,229.0 m", "gridUnits":"degrees", "resolution":48, "winds":"true", "scanMode":0, "nx":360, "ny":181, "basicAngle":0, "lo1":0.0, "la1":90.0, "lo2":359.0, "la2":-90.0, "dx":1.0, "dy":1.0 }, "data":
[rows 25 to 49 of 181, columns 228 to 284 of 360]
-1.2032275,-0.5132275,-0.21322754,-0.7032275,-0.45322755,-1.9432275,-4.6432276,-6.4532275,-6.6232276,-4.7532277,-3.1832275,-1.9732275,-1.3732276,-0.72322756,0.47677246,0.68677247,1.5167725,1.2167724,0.07677246,0.7867725,1.5867724,1.8967725,2.0867724,1.5667725,1.5167725,1.9267725,3.3667724,2.7767725,2.4167724,2.8167725,3.2267725,3.2767725,3.0667725,1.6867725,0.45677245,-0.90322757,-1.6832275,-2.5432274,-5.0932274,-7.6432276,-7.4032273,-7.6732273,-5.5932274,-7.2732277,-7.8732276,-3.4832275,-1.1432276,0.63677245,0.47677246,0.46677247,1.3767724,1.6867725,-0.80322754,-3.8232276,-5.5832276,-7.8732276,-6.193228
1.2867725,0.48677245,-0.38322753,0.19677246,-0.08322754,0.15677246,-1.0532275,-3.1132276,-1.2532276,-2.9932275,-3.6032276,-2.5832276,-1.4732275,-0.7632275,-1.1332276,0.086772464,0.74677247,2.3067725,1.3667724,0.43677247,0.21677247,0.37677246,0.6167725,0.33677247,1.2667725,1.7567725,1.9267725,2.6067724,2.4267724,3.2067726,3.0667725,4.7967725,4.6567726,3.4267724,3.2067726,2.3767724,1.9667724,-2.2032275,-7.3132277,-8.173227,-8.423227,-8.213227,-7.7232275,-7.1232276,-5.6532273,-5.0532274,-4.5932274,-3.5432274,-0.9632275,-0.04322754,1.6867725,2.8767724,2.6367724,2.6467724,0.75677246,-2.3832276,-2.8432276
0.70677245,0.30677247,1.3567724,1.1267724,1.0367725,0.71677244,0.51677245,-1.3532275,-2.5732276,-2.6232276,-3.7232275,-3.9632275,-3.6832275,-2.2132275,-1.9132276,-0.72322756,-0.68322754,0.96677244,1.3467724,0.77677244,0.7367725,0.33677247,0.46677247,0.41677245,1.3967725,1.7367724,2.2467725,2.0867724,2.8167725,3.8867724,4.9567723,4.8767724,5.2667723,4.7067723,5.6067724,6.306772,6.6267724,6.8867726,1.3567724,-3.4732275,-5.7532277,-5.7332277,-5.4832277,-4.2832274,-2.3332276,-1.4232275,-0.92322755,-0.03322754,0.40677246,-0.16322754,-1.0032276,0.82677245,1.8967725,2.2667725,1.4567724,1.6067724,-0.15322754
2.8167725,3.4567726,-1.3932276,1.0467725,1.4767724,-0.34322754,0.50677246,1.4767724,-1.3132275,-1.4632275,-4.193228,-5.2732277,-2.1832275,-0.39322755,-1.5832275,-0.12322754,0.58677244,0.89677244,2.8867724,1.9167725,1.5667725,0.69677246,1.9767724,2.1667724,1.7567725,2.1867723,2.7267725,2.8267725,3.5367725,4.5367723,4.556772,6.7567725,7.1767726,7.5667725,8.476772,9.886772,10.546772,10.296772,9.846772,6.6967726,4.8767724,2.1267724,1.6567725,0.8567725,0.69677246,2.2167726,2.9167724,2.9167724,2.8867724,3.1267724,-0.10322754,0.37677246,0.38677245,1.7367724,-0.23322754,-3.5132275,-3.1432276
4.6567726,2.7667725,2.8367724,-1.0232276,1.4967724,1.9967724,3.4267724,1.3667724,0.17677246,0.33677247,0.75677246,1.0667725,-1.5732275,-3.8032274,-3.1032276,0.12677246,0.40677246,1.8067725,3.7467725,4.2367725,1.4267725,2.6767724,1.9167725,3.1867723,2.6767724,1.4767724,2.6567724,3.6167724,3.8767724,4.0867724,4.7567725,6.6867723,7.8367724,9.0267725,9.936772,11.566772,12.566772,14.286773,15.056772,14.886772,15.316772,13.356772,11.356772,10.036773,7.0067725,6.0867724,5.9967723,5.9767723,5.3967724,4.1867723,1.6767725,2.8067725,1.4867724,0.62677246,-1.7232275,-4.5832276,-6.3032274
4.6667724,6.2767725,6.5667725,3.2767725,4.9067726,3.0967724,3.7167726,3.5667725,2.9267724,3.7167726,3.0067725,2.5967724,0.7967725,1.0467725,0.28677246,-1.5432276,1.2967725,3.1267724,3.1667724,4.4967723,5.6967726,5.4467726,5.4767723,3.3367724,2.4167724,3.8667724,2.7067726,1.6567725,3.1567724,4.8167725,5.9667726,5.7667723,8.286773,9.766772,10.666773,12.246773,13.316772,14.726772,15.096772,14.656773,14.356772,14.856772,13.946773,12.896772,10.846772,9.136772,8.446773,7.3967724,6.4267726,4.9967723,2.8967724,2.5967724,1.5367725,0.29677245,-2.1032276,-5.7932277,-6.7632275
2.1567724,5.6267724,1.0167725,0.9767725,1.7567725,1.0467725,1.7167724,1.7667725,1.1767725,3.1867723,1.8867725,1.2767725,-0.23322754,-2.1232276,2.6567724,1.1867725,3.7867725,3.3867724,2.0867724,2.9867725,4.3767724,5.0067725,5.2567725,5.1767726,4.8967724,5.2767725,5.7167726,3.9767725,4.5167723,3.4967725,5.1767726,6.2667723,8.316772,8.926772,10.486773,11.696773,13.516772,13.856772,14.726772,13.996773,14.366773,14.606772,13.886772,13.716772,11.646772,9.456773,8.666773,8.646772,7.1367726,4.5767727,3.5767725,1.3767724,-0.49322754,-0.75322753,-4.4932275,-6.1232276,-7.1832275
2.8367724,2.0367725,2.6067724,3.0867724,1.2267724,1.0667725,-0.5232275,1.3967725,2.4067724,0.07677246,0.41677245,-0.81322753,0.24677247,-0.78322756,-2.1032276,0.95677245,1.6367725,3.3167725,5.7567725,1.7567725,1.3767724,4.7867723,3.8767724,3.6167724,4.1467724,3.5767725,4.0767727,3.6467724,2.0767725,3.7767725,5.5667725,5.6867723,6.8267727,6.5067725,7.0767727,9.316772,10.726772,11.856772,14.166773,13.946773,13.956773,14.056772,13.956773,14.266772,12.256772,10.2767725,9.036773,9.086773,7.2167726,3.6067724,3.2667725,0.43677247,-2.1432276,-4.7732277,-6.0532274,-6.8232274,-8.293227
0.7267725,1.8767724,1.6167724,1.6567725,1.3967725,2.0967724,1.5667725,-0.7032275,1.6267724,3.1467724,4.8567724,4.7367725,2.3367724,3.8267725,2.0767725,0.16677245,1.7167724,2.1967726,2.4267724,2.7467725,4.1367726,0.7267725,2.2767725,0.88677245,1.9967724,2.9867725,4.0667725,3.3067725,4.2367725,4.2967725,4.5467725,6.7467723,7.5967727,9.546772,9.406773,8.846772,9.606772,10.646772,12.426772,11.966772,12.076773,13.266772,14.136772,14.0267725,12.456773,10.936772,9.076773,8.476772,6.8867726,4.0667725,2.6767724,-2.4332275,-6.5432277,-2.6832275,-7.7932277,-8.173227,-8.613228
1.5967724,0.41677245,1.0967724,0.12677246,0.71677244,0.77677244,0.7967725,0.9767725,-0.7132275,2.0767725,2.5267725,5.2867723,7.5467725,8.616773,4.8367724,1.9067725,2.5467725,1.8367724,2.3167725,3.7667725,3.6267724,2.0467725,2.5267725,2.3167725,2.4467726,2.5767725,3.2367725,3.7667725,1.7867725,4.4367723,5.7067723,6.5267725,7.7667723,8.946773,9.706773,9.436772,10.746773,9.046772,9.816772,11.326773,11.296772,10.456773,10.206773,10.626773,10.306772,8.886772,8.116773,7.6167727,5.3167725,6.0367723,5.2667723,-7.1332273,-10.003227,-9.043227,-4.8332276,-7.3532276,-8.383227
5.1367726,4.0267725,0.35677245,1.1267724,1.4667724,2.0067725,2.3367724,1.3967725,2.8367724,2.0867724,1.0567725,2.4367723,6.3167725,6.556772,4.9567723,3.9767725,3.5467725,2.4067724,1.7067724,2.3867724,2.9667726,2.4467726,3.2467725,2.8767724,2.0167725,4.2767725,3.1367724,2.8467724,2.7667725,5.6367726,1.5667725,4.5867724,7.0067725,7.5167723,8.926772,9.376773,10.016772,10.146772,11.306772,9.786773,9.926772,8.696773,8.196773,7.1767726,9.216772,7.556772,5.7667723,5.6767726,4.7767725,7.8367724,9.116773,0.38677245,-3.9132276,-8.383227,-8.443228,-6.8932276,-6.1432276
5.6567726,5.0867724,-0.61322755,1.0867724,1.4767724,1.4567724,1.6667725,1.4667724,1.4767724,1.5367725,1.1067724,-0.06322754,1.7267724,3.3867724,4.7667723,3.0367725,2.5667725,3.1067724,3.3367724,3.3767724,5.6067724,5.4567723,4.7667723,5.2067723,4.4467726,4.0767727,4.2767725,5.9767723,5.9667726,3.9067724,7.0767727,7.3167725,4.1867723,6.4867725,7.6067724,8.676772,9.876773,10.356772,9.756772,10.456773,8.566772,9.466772,10.126773,9.906773,9.176772,9.636772,7.7567725,8.866773,4.7067723,6.9667726,14.336773,11.586773,5.5067725,-4.4132276,-7.8632274,-8.023228,-5.4332275
0.9167725,2.0667725,-3.1232276,-1.3132275,0.006772461,1.0867724,1.6467725,0.93677247,1.1967725,2.8267725,1.0367725,0.14677246,2.3567724,2.1267724,1.6267724,6.0067725,2.0867724,0.8667725,1.5067725,2.8267725,4.6367726,6.5267725,6.7967725,7.2167726,6.0867724,5.4367723,5.4567723,5.8567724,7.4567723,2.8167725,7.7267723,8.636772,10.656773,10.0267725,9.586773,8.876773,9.206773,9.976772,10.496773,11.616773,8.666773,7.7567725,8.936772,8.716772,8.256772,9.476772,8.676772,9.266772,8.136772,7.8967724,12.396772,16.326773,12.096772,9.176772,-3.3332276,-6.4332275,-7.6732273
2.0167725,-6.1232276,-5.7032275,-10.213227,-4.8532276,-1.2132275,0.7267725,0.50677246,2.2567725,0.01677246,0.20677246,-0.7732275,0.21677247,0.6067725,2.2567725,3.1467724,3.3467724,-0.6932275,-1.3332275,1.0567725,3.6967726,6.2467723,7.5067725,8.006772,7.5267725,5.9967723,6.0667725,6.7367725,6.5067725,3.4467726,4.0267725,5.1167727,8.2767725,7.0367723,8.336773,10.856772,9.546772,9.676772,7.5767727,5.3667727,2.7767725,4.7767725,4.9567723,6.6167727,7.3867726,8.536773,8.006772,7.5067725,6.7067723,10.836773,12.646772,14.166773,16.356773,12.566772,-1.3332275,-5.193228,-6.9532275
6.3567724,14.556772,20.246773,13.916773,-3.5032275,-6.7432275,-2.0532274,-1.2532276,1.4467725,1.1867725,1.2667725,-0.74322754,-0.5732275,0.90677243,1.1367725,3.8167725,2.9567726,3.8867724,6.6167727,-0.5232275,1.7067724,3.8167725,7.0167723,8.216772,8.956773,5.3567724,5.5767727,4.6367726,5.8467727,5.1467724,4.6567726,4.9067726,6.5467725,7.2267723,7.8967724,6.9767723,7.4167724,8.656773,7.4067726,5.6767726,4.2467723,5.5267725,3.7967725,5.2467723,6.4167724,6.3667727,8.646772,9.556772,10.136772,9.296772,10.866773,10.926772,12.2767725,15.386772,4.2467723,-3.8932276,-5.6332273
23.136772,22.466772,21.456772,17.636772,8.966772,-2.8332276,-0.67322755,-4.5432277,0.23677246,0.70677245,2.2367725,2.6767724,4.7967725,3.0867724,2.2067726,2.1567724,2.6067724,2.7467725,7.0767727,8.846772,-0.34322754,3.0967724,4.7467723,6.7367725,7.7367725,6.8267727,6.8267727,4.5467725,6.056772,6.3967724,5.2667723,4.556772,5.4267726,7.9767723,5.6167727,6.6067724,8.626773,8.2767725,6.2167726,6.8267727,7.2967725,3.7667725,4.9267726,8.546772,9.326773,7.0467725,10.266772,12.256772,11.336773,10.406773,10.176772,9.786773,7.9367723,10.326773,8.676772,3.6367724,-2.2632275
22.476772,21.636772,19.416773,18.396772,14.246773,11.756772,-0.19322754,0.58677244,-0.31322753,-1.0832275,2.3367724,1.5767725,2.4667726,2.6967726,1.8967725,3.5567725,6.3167725,3.7967725,4.5067725,5.6467724,7.6567726,1.6667725,4.8367724,6.2967725,6.7667723,6.2367725,6.5367723,4.8567724,5.1667724,4.9867725,6.5867724,6.9667726,4.1267724,4.6467724,6.8767724,4.8767724,8.516772,9.846772,8.646772,7.4767723,3.9067724,4.6467724,4.7967725,4.9467726,8.336773,6.3967724,9.446773,6.6767726,7.6167727,9.246773,9.006772,9.076773,10.766772,10.606772,9.076773,4.3967724,0.03677246
19.946772,19.586773,17.896772,16.016773,15.616773,14.206773,7.2067723,1.8067725,1.4067725,-1.7632276,0.45677245,2.4567726,0.47677246,2.6167724,4.8367724,3.6867723,5.1467724,6.8867726,5.6667724,9.856772,8.976772,4.6567726,3.9167724,4.1667724,5.4267726,4.9367723,4.6067724,5.1467724,5.2367725,4.7067723,4.9967723,6.2867723,7.5367723,6.3367724,6.8867726,7.8867726,9.216772,9.876773,8.646772,6.1167727,4.2267723,4.0867724,3.9267724,11.666773,13.106772,15.076773,14.496773,8.836773,5.1767726,5.2367725,6.5867724,8.696773,13.136772,9.086773,8.076773,3.8567724,2.2767725
16.816772,15.546772,13.906773,12.466772,11.886772,10.426772,7.5267725,3.4167724,3.4567726,1.6767725,1.0067725,3.2667725,6.4667726,3.5567725,5.3267727,3.9467726,4.0067725,4.8367724,5.6667724,7.5967727,6.9267726,6.2267723,3.1867723,4.0767727,4.9867725,3.9567726,4.1067724,3.4367723,5.0867724,5.3567724,4.8867726,3.8367724,5.1967726,5.7067723,8.006772,9.116773,10.036773,5.6167727,7.0967727,7.5067725,5.8567724,10.586773,11.2767725,10.406773,11.676772,14.896772,14.606772,11.576773,2.6967726,2.3467724,3.2167726,6.0467725,10.906773,7.6967726,7.0967727,5.7867723,3.7567725
13.196773,12.106772,12.136772,11.556772,8.206773,6.6667724,4.6167727,1.4767724,-0.20322753,1.2567725,1.9867724,0.56677246,3.7467725,3.1367724,1.7467724,-0.44322753,-0.5832275,1.8667724,2.6367724,3.7167726,4.7667723,3.5267725,1.4167725,3.1167724,3.2567725,2.8867724,3.4767725,4.4967723,3.4967725,3.8367724,5.3467727,4.4267726,3.6767724,5.7967725,9.496773,11.376773,9.976772,6.6367726,7.9267726,10.316772,11.796772,5.4067726,4.2467723,4.1167727,5.2467723,8.656773,5.5967727,7.4367723,4.1667724,7.6067724,10.346772,11.646772,10.626773,6.8567724,11.416773,9.256772,3.1367724
10.216772,9.366773,7.9567723,5.5967727,5.5667725,4.6667724,1.2067724,-1.1332276,-3.2832274,-4.0932274,1.1467725,-0.86322755,2.1167724,1.7567725,0.81677246,0.49677247,1.8367724,0.28677246,2.2267725,3.3167725,3.0167725,3.8367724,4.4967723,-1.9532275,-0.48322755,0.8667725,3.2867725,4.5167723,4.5367723,4.8967724,3.0167725,3.9667726,3.2467725,5.6067724,6.7867723,5.9567723,10.576773,9.716772,12.466772,11.286773,11.426772,9.816772,7.1267724,9.816772,12.766772,14.676772,8.176772,7.2867723,8.286773,11.156773,11.736773,13.656773,13.846772,8.236773,6.4567723,8.996773,9.286773
5.7667723,4.4267726,3.1367724,2.2367725,1.6467725,0.65677243,-2.4232275,-4.3132277,-2.0832276,-0.39322755,1.9867724,-0.13322754,0.7267725,1.4267725,0.58677244,2.4967725,1.9467725,2.7467725,-0.23322754,0.39677247,1.4467725,3.2967725,2.8667724,-4.1632276,-1.7532276,3.0267725,0.12677246,3.7167726,4.3867726,0.34677246,3.6267724,2.3367724,3.0267725,6.1167727,8.256772,5.1667724,5.3367724,10.366773,12.496773,11.916773,9.506772,10.886772,10.166773,10.736773,8.296772,9.766772,9.626773,7.2167726,9.916773,11.0267725,11.576773,10.166773,7.2767725,9.746773,13.326773,7.1867723,5.2067723
2.8367724,0.88677245,-0.6432275,-1.9232275,-1.9432275,-4.0232277,-6.4032273,-6.5732274,-2.6632276,2.2867725,-2.8732276,-2.4532275,0.36677247,0.87677246,2.4367723,1.4467725,6.0167723,8.896772,7.306772,6.4267726,4.1067724,2.6767724,6.5867724,-3.0932276,-2.2032275,1.0167725,0.69677246,-3.2632275,-1.1332276,-4.6632276,1.7667725,2.3167725,3.3467724,3.7667725,5.7567725,7.556772,7.806772,9.266772,10.746773,11.446773,11.286773,10.806772,7.5267725,9.446773,8.126773,8.756772,8.006772,9.226772,9.636772,8.506772,8.786773,9.846772,11.116773,7.3167725,6.7167726,4.3867726,4.3367724
-2.4932275,-3.7432275,-4.4132276,-4.6232276,-5.2232275,-8.163227,-7.9532275,-6.6432276,-3.6432276,-1.0832275,-3.5032275,-4.6232276,-2.2032275,-0.19322754,-1.2832276,2.1067724,2.8667724,2.7267725,1.6867725,-0.03322754,1.6567725,4.7267723,8.136772,6.7267723,6.7067723,6.9467726,0.14677246,-5.0332274,-6.4532275,-6.4532275,-4.4532275,-2.0832276,0.09677246,2.4867725,3.2167726,4.9667726,5.8267727,6.9867725,8.716772,10.7767725,8.886772,9.706773,7.1467724,8.7767725,9.296772,10.266772,6.6967726,6.8867726,7.4267726,8.176772,10.496773,7.4767723,2.2067726,-0.14322753,0.9767725,0.9167725,2.5267725
-5.5932274,-5.9532275,-5.8532276,-6.1132274,-7.9132276,-9.053227,-6.7432275,-4.3332276,-0.73322755,-2.1332276,-4.7932277,-4.3832273,-3.7632275,-2.5432274,-0.07322754,0.14677246,2.1167724,2.4267724,-2.2532275,-1.8932276,0.04677246,3.5467725,4.8267727,4.6567726,6.1267724,5.1867723,5.4367723,2.0167725,-3.1132276,-5.7732277,-4.0532274,-8.373227,-4.3132277,-2.8432276,-0.7632275,0.32677245,1.5467725,-0.21322754,1.2067724,4.9067726,6.4067726,7.2867723,9.196773,9.546772,9.486773,7.5667725,7.6467724,8.586773,7.5167723,7.5267725,4.1467724,2.8667724,2.3867724,0.30677247,1.2567725,3.6767724,1.6067724
