views/data/weather/2019/09/26/0000-wind-isobaric-850hPa-gfs-1.0.json
{"header": { "discipline":0, "disciplineName":"Meteorological products", "gribEdition":2, "gribLength":81407, "center":7, "centerName":"US National Weather Service - NCEP(WMC)", "subcenter":0, "refTime":"2019-09-26T00:00:00.000Z", "significanceOfRT":1, "significanceOfRTName":"Start of forecast", "productStatus":0, "productStatusName":"Operational products", "productType":1, "productTypeName":"Forecast products", "productDefinitionTemplate":0, "productDefinitionTemplateName":"Analysis/forecast at horizontal level/layer at a point in time", "parameterCategory":2, "parameterCategoryName":"Momentum", "parameterNumber":3, "parameterNumberName":"V-component_of_wind", "parameterUnit":"m.s-1", "genProcessType":2, "genProcessTypeName":"Forecast", "forecastTime":0, "surface1Type":100, "surface1TypeName":"Isobaric surface", "surface1Value":85000.0, "surface2Type":255, "surface2TypeName":"Missing", "surface2Value":0.0, "gridDefinitionTemplate":0, "gridDefinitionTemplateName":"Latitude_Longitude", "numberPoints":65160, "shape":6, "shapeName":"Earth spherical with radius of 6,371,229.0 m", "gridUnits":"degrees", "resolution":48, "winds":"true", "scanMode":0, "nx":360, "ny":181, "basicAngle":0, "lo1":0.0, "la1":90.0, "lo2":359.0, "la2":-90.0, "dx":1.0, "dy":1.0 }, "data":
[rows 26 to 51 of 181, columns 0 to 58 of 360]
9.051889,5.9118896,4.8718896,3.4418898,3.6518896,4.2018895,3.9718897,4.0518894,4.17189,3.3418896,1.5418897,2.6818895,2.1518896,1.8418896,0.95188963,-0.15811035,-0.9081104,-1.2481103,-1.7281103,-3.4581103,-4.15811,-6.07811,-7.57811,-6.92811,-8.38811,-9.01811,-9.408111,-10.35811,-10.2781105,-9.68811,-8.80811,-8.118111,-8.458111,-9.578111,-10.55811,-10.30811,-9.498111,-9.41811,-9.998111,-10.538111,-10.67811,-8.89811,-8.788111,-7.6281104,-6.7381105,-6.90811,-6.67811,-5.1981106,-4.7381105,-4.42811,-3.8881104,-3.7681103,-5.36811,-6.55811,-6.92811,-3.8481104,0.26188964,-2.6781104,-1.5481104
13.40189,10.671889,7.0418897,3.2718897,2.3018897,1.7118896,1.3118896,0.99188966,1.4218897,1.2718897,4.44189,4.2218895,2.3418896,1.8318896,2.2418897,2.0418897,1.1918896,0.25188965,-0.43811035,-1.2081103,-2.1781104,-3.3981104,-4.42811,-5.1681104,-6.3581104,-6.3981104,-6.6481104,-7.1981106,-8.05811,-10.47811,-9.60811,-9.868111,-10.458111,-8.498111,-9.7781105,-10.13811,-9.31811,-8.26811,-8.22811,-7.6281104,-8.038111,-7.88811,-7.6681104,-5.5181103,-5.11811,-5.5081105,-5.32811,-4.0481105,-2.9581103,-2.8881104,-3.3681104,-3.6881104,-4.13811,-2.8781104,-3.3481104,-3.8181105,-2.9281104,-3.0081103,-1.1081103
15.12189,14.761889,10.61189,7.2218895,3.0718896,2.8118896,1.9718896,2.0618896,2.1418896,2.7418897,2.2218897,3.6318896,2.7318897,2.0518897,1.5618896,1.6518897,-0.27811036,-0.37811035,-0.54811037,-1.6081103,-2.2381103,-3.0881104,-3.7181103,-4.0181103,-4.0481105,-4.2981105,-4.8381104,-5.2781105,-5.15811,-5.1881104,-5.11811,-4.2781105,-4.4781103,-3.9381104,-4.4781103,-4.5181103,-4.2381105,-3.9781103,-3.8081102,-3.9681103,-3.9981103,-4.2181106,-4.9781103,-5.0381103,-4.8581104,-3.8181105,-2.4281104,-2.5381103,-3.0781105,-3.3681104,-3.7681103,-3.8781104,-4.1881104,-2.2881103,-2.4281104,-2.8981104,-2.8981104,-1.2281103,-3.4881103
13.77189,13.2218895,12.20189,9.511889,7.4918895,4.11189,1.2718897,0.99188966,2.3418896,1.8618896,2.0018897,2.2718897,2.3018897,2.5618896,1.7818897,1.9318897,0.86188966,-0.04811035,-2.1681104,-3.0781105,-1.5981103,-0.39811036,0.111889645,-0.24811035,-0.87811035,-1.8181103,-2.5581102,-3.2081103,-3.4081104,-4.13811,-4.7981105,-4.84811,-4.59811,-3.7881103,-5.1081104,-4.9781103,-4.7381105,-4.2881103,-2.3381104,-2.5781105,-3.0481102,-3.4481103,-4.05811,-5.7381105,-2.5581102,-2.7181103,-2.4581103,-1.0581104,-2.1981103,-3.0681105,-3.2881103,-4.0181103,-3.3981104,-3.6581104,-4.4581103,-4.61811,-4.09811,-4.11811,-3.3881104
14.52189,12.921889,10.83189,11.591889,11.881889,8.23189,0.54188967,0.7718896,0.7718896,0.42188966,-0.51811033,0.61188966,1.3918897,0.27188966,1.5818896,0.85188967,0.98188967,-0.16811036,-0.6581104,-0.10811035,-0.7881104,-1.0581104,0.011889649,0.88188964,1.0218897,0.09188965,-1.2681104,-2.8681104,-3.7181103,-3.4581103,-2.4981103,-2.7781103,-2.7081103,-2.4881103,-2.2181103,-2.7181103,-1.3681103,-1.0081104,-0.98811036,-1.4581103,-3.2781103,-4.13811,-3.7181103,-1.7981104,-1.7981104,-3.3881104,-2.5481102,-1.4981103,-3.0281103,-4.1981106,-2.5581102,-2.4581103,-2.8081102,-3.3181105,-3.0081103,-3.0481102,-2.9081104,-2.1381104,-1.7481103
15.03189,15.9718895,14.28189,12.15189,11.85189,13.381889,11.70189,4.3318896,0.73188967,-2.1681104,0.30188966,0.34188965,1.8118896,0.85188967,0.37188965,0.15188965,2.1118896,2.0818896,0.92188966,-0.70811033,-1.8181103,-1.0381104,0.08188965,0.6618897,0.5318897,2.4018896,0.74188966,-1.4081104,-2.2181103,-2.4881103,-0.50811034,-0.99811035,-0.82811034,-1.6581104,-1.5281104,-3.2281103,-0.86811036,-1.3581103,0.09188965,0.14188965,-2.2781103,-1.6381104,-0.93811035,-1.1381104,-1.9381104,-2.9881103,-1.9281104,-2.0381103,-2.8981104,-2.5581102,-1.2581104,-1.5281104,-1.8981104,-1.9981103,-1.8081104,-1.8781104,-1.1881104,-1.1781104,-1.1981103
13.4718895,13.58189,13.60189,14.511889,13.07189,12.44189,11.27189,8.32189,4.0318894,2.5618896,1.3518896,0.21188965,0.38188964,1.5918896,2.5018897,2.5418897,1.6818897,0.87188965,0.37188965,0.36188966,1.1818897,1.6418897,2.2318897,2.9218895,2.7018898,1.9518896,0.031889647,0.75188965,1.0418897,0.9618896,0.99188966,-0.23811035,-1.3081104,-0.94811034,-1.4381104,-3.1081104,-4.4181104,-1.9381104,-2.8981104,-1.3581103,-0.9781104,-0.26811036,-0.7781103,-0.5381104,-0.75811034,-1.6581104,-1.3581103,-1.3581103,-1.1581104,-1.3881104,-1.0881103,-0.32811034,-0.69811034,-0.46811035,-0.26811036,-0.27811036,-0.19811036,-0.7281104,-0.85811037
11.03189,11.40189,11.461889,12.001889,12.12189,11.60189,9.37189,6.9818897,5.0118895,2.3818896,1.3518896,1.9318897,1.7318896,2.3018897,2.0018897,2.9818897,1.5318897,0.45188963,0.60188967,1.3218896,3.0218897,4.63189,4.3518896,2.7818897,2.2918897,1.8018897,-0.9181104,1.9018897,3.2418897,3.0218897,1.7518897,0.9118897,1.8618896,1.7718897,0.10188965,-1.5181104,-3.5881104,-4.9581103,-7.1281104,-4.9681106,-2.4681103,-0.40811035,0.28188965,0.031889647,0.8418896,-0.45811036,-1.2781104,-1.1881104,-0.38811034,0.22188964,0.92188966,-0.22811036,-0.99811035,-1.0381104,-0.14811035,0.25188965,0.21188965,0.47188964,-0.12811035
8.37189,9.95189,11.711889,11.95189,10.24189,9.78189,9.85189,6.69189,5.2618895,4.2518897,1.8518896,3.1418896,2.0818896,0.50188965,1.3218896,2.4718897,2.4118896,2.6518896,1.5018897,2.2018898,2.7918897,4.67189,8.07189,2.8418896,0.0018896484,-0.62811035,0.9618896,0.08188965,2.3218896,2.2718897,2.8518896,3.3518896,4.2018895,3.9518898,2.9418898,0.24188966,-3.9681103,-3.5381103,-6.11811,-7.38811,-3.9981103,-1.7881104,1.2218896,1.7218896,1.2018896,0.42188966,0.36188966,-0.37811035,-0.19811036,0.63188964,1.6118896,1.9318897,1.2918897,0.98188967,0.81188965,0.89188963,0.81188965,1.7418896,0.49188966
4.2618895,4.7518897,7.6618896,10.011889,11.16189,10.7218895,9.28189,4.90189,4.7218895,4.5418897,4.8518896,4.3518896,3.5418897,2.0418897,1.4918896,4.5518894,2.2918897,5.0418897,1.4518896,3.5918896,2.1718895,3.0718896,4.19189,6.6618896,1.8318896,-0.50811034,-0.69811034,0.42188966,2.2918897,4.0618896,3.4418898,2.4618897,3.4018896,4.0318894,3.5418897,2.5618896,0.04188965,-3.1481104,-3.5781105,-4.40811,-2.5581102,-2.4881103,-2.7481103,-0.37811035,-0.7281104,0.43188965,0.051889647,-1.1881104,-1.7581104,1.8918897,1.5518897,2.5618896,3.1118896,1.7518897,1.5518897,0.18188965,0.04188965,1.2718897,1.4118897
5.0118895,3.2118897,3.8018897,6.2518897,7.2318897,8.591889,9.53189,6.5818896,4.7318897,2.8018897,1.2118896,1.4618896,2.7418897,3.0018897,3.2518897,0.70188963,-0.38811034,3.8518896,-0.13811035,7.1818895,4.6218896,4.2518897,1.3318896,3.1518896,4.90189,4.4618897,0.46188965,0.51188964,1.9618896,3.1018896,3.4818897,2.4318895,3.2218897,2.7218897,3.6018896,2.9818897,3.0918896,1.2318896,-0.16811036,-1.3081104,-1.6781104,-2.0581102,-1.0581104,-0.14811035,-0.75811034,-0.35811034,-1.0081104,-0.9681103,-0.88811034,-0.85811037,2.0318897,4.2018895,3.1518896,0.7218897,1.3518896,1.4618896,1.7318896,0.44188964,-0.54811037
5.6018896,4.4718895,4.7618895,4.0518894,5.5218897,5.7818894,4.92189,3.5718896,6.42189,4.7018895,2.4618897,0.75188965,-0.038110353,-1.4081104,-1.5781103,1.1818897,0.43188965,-2.2881103,-0.68811035,-0.5981104,0.51188964,6.2518897,5.0318894,2.0218897,4.2918897,5.1418896,6.7118897,4.7118897,3.0618896,3.2418897,2.9118896,1.7218896,3.1218896,4.4318895,2.6618896,1.2418896,1.4418896,0.94188964,1.6118896,0.8418896,-0.20811035,-1.0081104,-0.8381103,-2.1781104,-1.6381104,-1.9581103,-1.8881104,-0.75811034,-0.7881104,-0.068110354,0.5918896,1.7018896,1.9518896,0.63188964,0.7118896,1.1518897,1.3018897,0.88188964,-0.69811034
5.82189,4.0618896,5.3318896,5.4618897,4.4618897,3.6618896,5.5018897,5.4518895,4.36189,2.8118896,2.2118897,0.85188967,1.9818896,-0.22811036,-2.3381104,-3.8581104,-4.2281103,0.55188966,-0.37811035,-0.67811036,1.0918896,0.39188966,1.2818897,1.2218896,6.2818894,7.5218897,2.3618896,2.8718896,4.2218895,4.17189,4.2718897,4.8518896,3.5918896,1.0918896,4.09189,6.4518895,3.4518898,1.9518896,1.5018897,1.6518897,-0.04811035,-1.2581104,-1.5681103,-1.9781103,-2.5581102,-2.0481102,-1.9581103,-0.46811035,0.9618896,-0.70811033,-1.1981103,-0.32811034,0.55188966,1.2718897,1.5818896,1.3818897,1.4218897,0.56188965,0.15188965
5.3918896,5.19189,5.44189,3.4518898,2.8818896,5.57189,5.8018894,2.1318896,2.7718897,1.5718896,-0.37811035,0.20188965,1.1318897,-0.04811035,-0.87811035,-1.0581104,-2.1081104,-4.05811,-3.3281105,0.25188965,-1.0981103,-1.3081104,1.1618897,2.3418896,0.9018896,7.3518896,7.0518894,6.5218897,4.0518894,7.7618895,6.0618896,4.8718896,2.5918896,1.3318896,3.4818897,1.7918897,5.9818897,3.4018896,2.6518896,0.30188966,-1.5081104,-2.3181105,-1.9281104,-1.4481103,-3.3981104,-0.82811034,1.6118896,1.3818897,0.28188965,0.08188965,0.51188964,1.0318897,0.85188967,1.3818897,1.0818896,0.12188965,-0.76811033,-0.64811033,-0.70811033
4.2118897,3.3718896,2.6018896,2.5218897,4.17189,3.2218897,4.9818897,2.9818897,2.6918898,0.74188966,-0.81811035,0.5918896,0.9118897,-0.38811034,-0.17811035,-1.5181104,-1.5581104,-3.9681103,-4.7981105,-1.3781104,1.1418897,0.29188964,-1.0281104,-3.1381104,-0.31811035,0.25188965,3.8618896,4.7518897,9.70189,12.40189,7.90189,3.7518897,2.6618896,1.3618896,-0.068110354,0.25188965,3.4418898,1.0918896,-0.22811036,-2.8581104,-0.50811034,0.43188965,-0.6681104,-0.17811035,-0.56811035,-0.79811037,-0.09811035,0.26188964,1.8318896,1.1518897,0.37188965,0.41188964,-0.5381104,-0.8381103,-1.1281104,-0.75811034,-2.3281105,-2.0081103,-0.94811034
1.6418897,-0.17811035,2.1518896,2.1118896,2.0518897,3.9118896,3.4718897,3.5918896,0.9618896,-1.1081103,-1.9881103,-0.89811033,-0.10811035,0.86188966,-1.7881104,-1.8681103,-2.5781105,-1.5781103,-0.7281104,-1.1181103,-1.2981104,-1.3481103,0.85188967,-0.74811035,-2.6981103,-2.2881103,1.7818897,5.5218897,15.14189,12.961889,8.761889,6.88189,3.6218896,-0.038110353,-1.3381103,-0.60811037,-0.9181104,-1.4381104,-1.7681104,-3.1381104,-0.56811035,-0.49811035,-1.2281103,-2.8881104,-2.3781104,-0.87811035,0.29188964,-1.1681104,-1.1081103,-0.5981104,0.49188966,-1.9981103,0.13188964,-1.5181104,-1.7981104,-1.3381103,-1.2981104,-0.31811035,0.0018896484
1.5418897,0.5318897,0.89188963,0.8318896,0.74188966,1.5418897,2.3718896,6.5018897,7.4518895,0.92188966,-0.038110353,0.55188966,-0.12811035,-1.5981103,-0.74811035,-0.26811036,-5.0181103,-5.30811,-2.1981103,-2.9281104,-1.8981104,-0.9081104,-1.1981103,-1.4581103,-0.69811034,2.8218896,-0.68811035,3.8218896,12.881889,12.02189,10.35189,6.7418895,2.3718896,-0.39811036,-3.0981104,-4.7781105,-4.1681104,-4.9681106,-4.07811,-3.2881103,-1.4681103,-1.3581103,-0.86811036,-0.6581104,-0.33811036,-0.04811035,-0.7181103,-0.5281103,1.4118897,1.7118896,0.18188965,-0.47811034,-0.74811035,-0.7881104,-0.42811036,0.24188966,0.46188965,0.57188964,1.4818896
0.94188964,-0.34811035,-0.33811036,-1.7681104,-1.7181103,0.20188965,3.5718896,9.711889,5.38189,1.4918896,0.89188963,-0.50811034,-1.5481104,-2.2881103,-0.70811033,-1.4681103,-7.42811,-5.0681105,1.4818896,-1.2881104,-2.3181105,-1.1681104,-1.4781103,-3.3881104,-1.5081104,0.8318896,3.2618897,2.9718897,10.211889,9.541889,9.40189,4.9518895,1.6118896,-2.9681103,-4.2581105,-7.6981106,-5.82811,-4.1681104,-3.2181103,-2.1881104,-0.61811036,0.5318897,2.4318895,3.8018897,4.84189,3.1918898,1.5218897,0.24188966,-0.49811035,1.7318896,2.0118897,1.7318896,0.30188966,-1.1881104,-1.5481104,0.08188965,2.9818897,3.6518896,5.4318895
1.3418896,-0.5381104,-0.7881104,-3.5481102,-5.2781105,-1.8781104,5.9618897,2.2618897,-0.87811035,-1.3181103,-2.3381104,-3.6681104,-0.57811034,-3.9681103,-7.86811,-14.198111,-7.5681105,1.0018897,5.9518895,1.4418896,-1.1581104,0.34188965,2.8518896,2.3118896,2.3918896,1.9418896,3.0518897,3.7918897,8.751889,6.7318897,7.0518894,2.6718895,0.26188964,-3.3881104,-5.9381104,-5.9681106,-5.0481105,-2.2081103,-0.6681104,1.3818897,3.4418898,-1.6881104,3.0718896,3.6218896,7.9918895,8.041889,5.7418895,-1.6681104,-1.1381104,1.0018897,0.81188965,1.0418897,-0.12811035,-0.9681103,0.49188966,1.6318897,2.9018896,4.9518895,6.69189
-0.09811035,-2.0481102,-2.1781104,-0.68811035,-3.8681104,-5.1881104,-0.5281103,0.7218897,-1.8181103,-2.3081102,-2.6581104,-2.1581104,-4.2281103,-5.0681105,-1.5481104,3.8418896,5.2518897,5.9618897,1.7018896,3.1418896,1.1518897,0.45188963,3.3718896,4.3318896,3.4618897,1.0418897,2.7918897,3.6818895,4.6418896,5.59189,4.38189,0.7118896,-3.2081103,-2.0081103,-0.81811035,-4.38811,-2.9881103,-1.2081103,4.6418896,1.9118897,1.8118896,1.6418897,4.0618896,8.32189,5.1818895,4.5118895,3.9518898,3.5818896,3.5018897,2.8618896,2.4618897,0.88188964,0.85188967,3.0818896,4.0018897,5.88189,4.7918897,3.6518896,0.75188965
-5.4481106,-4.7181106,-5.7781105,-5.1281104,-7.8781104,-7.1981106,-11.55811,-1.9981103,-0.18811035,-6.3181105,2.4218895,1.6718897,-0.60811037,-3.3181105,-1.4181104,0.45188963,3.9318895,4.2318897,3.3218896,6.5018897,1.2718897,-0.09811035,0.5318897,1.9518896,1.0318897,-0.81811035,0.33188966,3.4318895,2.9218895,3.1218896,2.1618896,1.2518897,-1.9281104,-3.1081104,-4.15811,-4.2781105,-1.9081104,2.1218896,0.68188965,1.5918896,2.8418896,3.0118897,2.2818897,5.7218895,3.5618896,3.0618896,3.6218896,2.5518897,2.9618897,2.5018897,1.8918897,1.4518896,1.4818896,4.2418895,6.9818897,7.0018897,4.3718896,1.0618896,1.8218896
0.09188965,-1.6681104,-2.7881103,-5.80811,-6.9481106,-10.12811,-13.078111,-18.00811,-6.2381105,4.4318895,3.4218895,0.61188966,-0.7281104,4.5018897,2.1018896,-1.9481103,-1.9381104,1.2718897,3.2918897,2.7718897,2.4418898,2.5018897,5.42189,3.0718896,4.2618895,1.7218896,1.3818897,3.4918897,1.3118896,1.5318897,0.23188965,0.57188964,0.7118896,0.9118897,-0.30811036,-1.2781104,-1.3781104,-0.70811033,-4.30811,2.3618896,5.86189,7.42189,-0.74811035,2.2118897,1.1118896,-0.09811035,0.94188964,4.7518897,4.13189,2.1018896,0.8418896,-1.4181104,-1.2381103,3.4218895,7.8018894,6.9318895,5.2518897,0.6518896,-1.4681103
-1.8781104,0.39188966,0.07188965,2.4118896,-2.8381104,-11.328111,-8.83811,-11.748111,-8.55811,-2.6281104,-2.0481102,0.60188967,5.5818896,2.9218895,0.9718897,0.40188965,-4.3781104,0.011889649,0.86188966,1.6718897,3.0918896,1.5518897,3.8318896,4.8518896,2.6418896,0.57188964,2.0818896,0.42188966,0.13188964,0.13188964,0.32188964,-0.09811035,1.9818896,2.3818896,0.46188965,-1.0081104,-0.62811035,-0.95811033,0.17188965,4.15189,5.34189,-0.69811034,-1.5381104,-1.9781103,0.68188965,0.08188965,-0.12811035,5.38189,4.6618896,3.0018897,2.7418897,2.1918898,3.1118896,7.0618896,8.751889,7.0318894,3.2518897,-0.19811036,-0.5981104
-5.5681105,-5.1681104,-5.3781104,-3.9481103,-2.4381104,-6.90811,-8.26811,-7.8581104,-4.1481104,-4.2681103,-2.7081103,1.8118896,2.0918896,-0.34811035,-2.1781104,-0.62811035,-6.4681106,-2.1781104,0.69188964,4.38189,1.3918897,0.99188966,1.5518897,4.7018895,1.8018897,0.99188966,-0.22811036,-0.7781103,-1.3181103,-0.42811036,1.2618897,1.8318896,1.4318897,1.3518896,0.75188965,1.0318897,3.0618896,2.4318895,3.6018896,2.5418897,1.0718896,1.4018897,-1.3081104,3.6118896,2.0918896,-0.49811035,2.3918896,3.6318896,-1.5581104,4.94189,3.3818896,4.59189,5.7318897,8.61189,6.84189,5.6618896,2.6618896,1.2918897,1.5718896
-1.0481104,-1.4081104,-3.7481103,-4.5381103,-4.7481103,-5.86811,-6.4581103,-5.7381105,-5.7081103,-5.6681104,0.41188964,1.0718896,1.7818897,2.4818897,-0.35811034,-2.9981103,0.011889649,-4.13811,-0.76811033,0.36188966,-0.44811034,0.85188967,0.40188965,1.6718897,1.3818897,-0.85811037,-0.32811034,1.1218896,0.09188965,1.1518897,1.4018897,1.2518897,0.9118897,0.8418896,2.1918898,3.5718896,1.4918896,0.81188965,1.9218897,2.7218897,1.6418897,1.1818897,1.2618897,3.9918897,3.2118897,-0.85811037,3.7418897,1.6818897,1.4418896,3.5018897,6.0418897,6.6418896,7.4818897,6.57189,4.8918896,3.8818896,2.5518897,2.4518898,1.7518897
-0.9081104,-1.5681103,-4.2281103,-7.1281104,-5.7981105,-5.1881104,-5.1681104,-5.2381105,-5.09811,-2.6681104,-1.7381103,-0.18811035,1.7718897,1.9118897,0.5218896,-1.6281104,-4.84811,-2.1581104,-4.1481104,2.9318895,-2.1881104,-1.8081104,0.79188967,-0.7281104,-1.9081104,-1.2681104,0.111889645,1.3018897,1.3018897,1.0618896,1.7518897,2.1318896,1.5318897,0.7818897,1.1818897,4.9118896,1.1318897,0.92188966,-0.67811036,-0.5381104,-0.15811035,1.3318896,2.2718897,1.4718896,2.1918898,0.50188965,-0.63811034,0.42188966,1.6318897,6.8318896,6.8918896,6.4818897,6.3018894,4.5618896,2.8918896,0.88188964,0.64188963,3.1518896,1.8718896
