views/data/weather/2019/09/26/0000-wind-isobaric-1000hPa-gfs-1.0.json
{"header": { "discipline":0, "disciplineName":"Meteorological products", "gribEdition":2, "gribLength":80964, "center":7, "centerName":"US National Weather Service - NCEP(WMC)", "subcenter":0, "refTime":"2019-09-26T00:00:00.000Z", "significanceOfRT":1, "significanceOfRTName":"Start of forecast", "productStatus":0, "productStatusName":"Operational products", "productType":1, "productTypeName":"Forecast products", "productDefinitionTemplate":0, "productDefinitionTemplateName":"Analysis/forecast at horizontal level/layer at a point in time", "parameterCategory":2, "parameterCategoryName":"Momentum", "parameterNumber":3, "parameterNumberName":"V-component_of_wind", "parameterUnit":"m.s-1", "genProcessType":2, "genProcessTypeName":"Forecast", "forecastTime":0, "surface1Type":100, "surface1TypeName":"Isobaric surface", "surface1Value":95000.0, "surface2Type":255, "surface2TypeName":"Missing", "surface2Value":0.0, "gridDefinitionTemplate":0, "gridDefinitionTemplateName":"Latitude_Longitude", "numberPoints":65160, "shape":6, "shapeName":"Earth spherical with radius of 6,371,229.0 m", "gridUnits":"degrees", "resolution":48, "winds":"true", "scanMode":0, "nx":360, "ny":181, "basicAngle":0, "lo1":0.0, "la1":90.0, "lo2":359.0, "la2":-90.0, "dx":1.0, "dy":1.0 }, "data":
[rows 26 to 51 of 181, columns 177 to 235 of 360]
4.3997927,4.3097925,2.8697925,2.5997925,1.8397925,1.6197925,1.9497925,0.98979247,-0.01020752,1.1597924,2.1497924,-0.26020753,-4.1002073,-3.5002074,-2.1402075,-2.0702076,-4.8102074,-6.6702075,-7.6602077,-6.7902074,-9.560207,-11.430207,-12.890207,-8.950208,-6.2602077,-5.0102077,3.4497924,8.179792,8.519793,9.259792,7.7597923,6.2797923,4.0897923,-0.2502075,0.8897925,-0.7702075,-3.7602074,-1.5302075,-0.6002075,1.4997925,0.9497925,-2.0751954E-4,-1.3602076,-1.2102075,-1.0902076,-0.69020754,-0.13020752,-0.08020752,-0.15020752,0.8597925,0.5097925,-0.56020755,-0.76020753,-0.49020752,-0.5902075,0.80979246,-0.34020752,-0.6502075,3.1597924
-0.07020752,2.1297925,3.9297924,4.9197927,4.8997927,5.2097926,5.3997927,4.6997924,3.8097925,3.2797925,2.5097926,2.0097926,0.7097925,0.119792484,-1.0902076,-1.9702076,-2.7902076,-5.0702076,-5.3602076,-6.3902073,-7.0902076,-9.170208,-10.330208,-9.330208,-4.1702075,0.99979246,6.0697923,8.669792,12.979793,11.499792,7.1197925,0.62979245,-0.33020753,-2.3802075,-1.7902075,-1.4002075,-1.3702075,-0.11020752,1.5797925,1.4797925,1.2597924,-2.0751954E-4,0.28979248,0.44979247,-0.18020752,0.14979248,-0.12020752,-0.9902075,-0.7802075,-0.69020754,-0.4102075,-1.2002075,1.0097924,0.8197925,2.2697926,2.3297925,1.3497925,0.4297925,0.18979248
3.8497925,5.2397923,6.7497926,7.5397925,7.9997926,8.159793,7.8697925,7.3397923,6.9397926,6.0797925,4.9697924,4.0497923,2.4697924,0.5397925,1.0897925,0.93979245,-0.75020754,-2.4202075,-4.1102076,-4.3202076,-3.8702075,-4.0302076,-4.1702075,-3.0202074,-1.5002075,0.03979248,3.0997925,5.8297925,6.7697926,3.0997925,-0.24020752,-3.9402075,0.86979246,1.3697925,0.7297925,-0.19020753,-2.2902076,0.8497925,4.5397925,2.7097924,4.2297926,2.6597924,0.3997925,-0.7302075,0.34979248,0.24979249,0.25979248,0.48979247,0.06979248,0.5797925,-1.1102076,0.4697925,0.20979248,1.3797925,2.3597925,1.3097925,0.41979247,0.99979246,0.68979245
9.209792,10.029793,10.709792,11.759792,11.989793,11.609793,11.729793,11.909793,10.889792,9.259792,8.299792,6.6497927,4.8197923,3.3797925,1.9697925,0.61979246,-0.5202075,-1.6802075,-2.1702075,-2.7102075,-2.7802076,-2.4402075,-1.7802075,-1.0002075,-3.0202074,-2.7902076,-1.5902076,0.6697925,2.9997926,1.4997925,-0.82020754,-0.23020752,-0.3802075,-3.4602075,-1.2802075,-1.5402075,1.6297925,1.1997925,1.2997925,1.8697925,3.4997926,2.5997925,-0.4102075,1.2197925,1.2297925,1.0697925,2.7697926,0.73979247,0.4697925,0.7797925,1.5897925,1.7297925,-0.11020752,1.2997925,0.5897925,0.7597925,1.3997924,2.8597925,2.1297925
15.499792,15.219792,15.209792,15.199793,15.739793,15.8497925,16.169792,15.259792,14.439793,12.3497925,10.3097925,10.539792,8.0997925,5.0297923,3.7197924,2.2497926,0.6497925,-0.62020755,-1.5602075,-2.4902074,-2.6702075,-1.9002075,-1.5402075,-3.0702076,-3.1302075,-3.2602074,-2.3302076,-2.1402075,-2.6202075,-1.9002075,-1.0002075,3.3197925,3.1897924,-2.2602074,-2.9802074,-2.6802075,3.2697926,3.9597924,2.3897924,0.26979247,4.9197927,0.6397925,0.8497925,-0.57020754,0.8497925,2.4797926,2.1597924,3.4697924,4.6197925,2.7397926,2.3397925,1.7797924,4.0497923,1.5997925,3.2497926,1.4697925,0.9197925,0.67979246,-1.4302075
7.7997923,19.869793,19.789793,20.149792,18.989792,18.019793,17.509792,17.439793,16.659792,15.869793,14.069793,12.359793,9.069793,6.2397923,6.0997925,4.3797927,2.6497924,1.1897925,0.22979248,-0.43020752,-1.0502075,-2.4802074,-3.7602074,-3.3402076,-2.6802075,-2.0802076,-0.23020752,1.0597925,0.87979245,-0.56020755,-2.4102075,-3.0402076,-4.4802074,-5.9302077,-4.5802073,-1.5102075,0.9797925,2.6897924,2.9597924,2.4197924,-0.36020753,-2.4302075,-2.7302074,-1.7702075,1.7297925,4.4897923,-0.17020752,2.1897924,5.5797925,3.0797925,3.0297925,3.1297925,2.3897924,1.8997924,1.8897924,0.9197925,3.2597926,2.1097925,0.8397925
9.079792,9.679792,13.329792,20.689793,21.069792,21.499792,20.369793,20.219793,19.619793,18.809792,17.799793,15.149793,12.399793,10.279793,7.1997924,4.3397923,2.5797925,2.4597924,2.1897924,1.6597924,0.38979247,-0.7102075,-1.1702075,-1.3702075,-1.2202076,-1.3102075,-1.4902076,-2.9502075,-3.3702075,3.9997926,3.9097924,0.3997925,-1.5802075,-4.9502077,-4.7102075,-5.2802076,-4.2802076,-1.8002075,1.8497925,1.8997924,0.99979246,-0.8302075,-2.1602075,-3.5402076,-3.6402075,-3.4002075,0.43979248,2.2497926,2.9897926,5.0197926,2.6597924,1.8497925,1.2597924,-0.8402075,0.17979248,0.61979246,1.1597924,2.1197925,1.8597925
9.889792,8.589792,8.929792,15.469792,21.219793,22.309792,22.819792,21.259792,21.689793,20.219793,19.129793,17.759792,14.579792,11.259792,8.5997925,7.1897926,5.8997927,4.2197924,3.2397926,1.8897924,0.44979247,-0.3802075,-0.4702075,-1.1502075,-2.2002075,-4.4202075,-4.6302075,-2.4702075,-3.7802076,-5.2302074,-2.0502076,1.3297925,0.54979247,-1.7002075,-1.7302076,-0.39020753,-0.09020752,0.6097925,0.6497925,0.38979247,-0.48020753,-0.8902075,-1.4902076,-2.8502076,-4.2902074,-4.4802074,-2.1502075,0.5997925,0.5697925,2.9697924,3.2897925,2.3997924,2.1097925,1.1997925,1.1797925,2.5297925,3.4797926,2.3997924,1.7997925
8.889792,7.9697924,7.1397924,9.3497925,18.189793,22.459793,23.649792,23.179792,21.729792,20.139793,19.329792,17.309792,15.209792,12.089792,9.279793,8.169792,6.8397923,6.2297926,4.7297926,3.1697924,1.9497925,0.87979245,-0.7802075,-1.9702076,-1.5602075,-1.1702075,-4.3902073,-4.6302075,-4.7602077,-3.1202075,-1.8002075,-0.87020755,0.2797925,1.0297924,1.1697925,1.6497924,-0.56020755,-1.2302076,-1.2102075,-0.8002075,-1.5602075,-2.7402074,-3.4102075,-2.6802075,-4.7802076,-5.9902077,-3.9402075,-4.9202075,-1.7702075,-1.0302075,3.1997924,1.4397925,0.7597925,1.1697925,2.6697924,3.3997924,1.8497925,1.9597925,1.9197925
8.579792,6.9497924,6.1697927,7.6897926,19.139793,23.589792,24.299793,23.679792,22.769793,21.659792,20.159792,18.229792,15.919792,13.129792,10.399793,7.7197924,7.3997927,6.3297925,3.5297925,3.4797926,-2.2002075,-2.6302075,-3.1202075,-1.6002076,-4.5002074,-5.4702077,-3.7402074,-3.5702076,-3.3602076,-2.7602074,-1.6802075,-1.0602075,-0.08020752,-0.30020753,-1.0102075,-0.50020754,-1.1602075,-1.7902075,-2.0402076,-2.6402075,-3.6402075,-4.9502077,-6.4602075,-5.6702075,-6.6102076,-6.6002073,-8.010207,-4.2602077,-4.4302077,-3.3502076,-0.45020753,-2.0202074,0.7697925,3.2997925,0.67979246,0.09979248,1.4797925,4.4097924,3.1397924
8.469792,7.5797925,7.8497925,7.0097923,17.679792,23.569792,25.999792,24.569792,25.069792,22.779793,20.999792,18.059792,15.949793,13.669792,11.319793,8.959792,6.6797924,0.8897925,4.0197926,1.9697925,0.07979248,-3.2002075,-2.6502075,-2.5502076,-2.9802074,-2.8102076,-2.7202075,-1.4902076,-1.1502075,-0.8002075,-0.6102075,-0.06020752,-0.04020752,-0.34020752,-1.7402076,-1.9002075,-1.9702076,-3.3702075,-4.8702073,-6.0202074,-7.1702075,-7.6202073,-7.1502075,-7.3202076,-8.770207,-8.450208,-6.9702077,-6.4402075,-5.5902076,-4.9102077,-4.3802075,-4.0002074,-6.9402075,0.67979246,0.61979246,0.98979247,1.4397925,2.9297924,3.0097926
9.569793,7.3297925,8.039792,6.1697927,19.219793,24.339792,25.389793,23.459793,26.109793,20.649792,20.689793,18.279793,15.379792,12.159793,8.879792,6.2797923,4.1797924,2.9597924,2.0797925,0.06979248,-0.57020754,-1.2602075,-1.7202076,-1.2802075,-0.95020753,-1.2402076,-1.4702076,-1.4302075,-1.0602075,-1.0902076,-0.8902075,-1.0902076,-1.3502076,-2.1202075,-2.9302075,-3.6002076,-4.4702077,-5.3802075,-6.1402073,-7.1702075,-7.5702076,-7.8202076,-8.6902075,-8.240208,-8.360208,-8.360208,-8.9402075,-6.7802076,-7.7602077,-8.620208,-11.220207,-2.6602075,-3.8102076,5.2597923,0.43979248,1.8597925,2.3297925,4.2097926,2.5697925
9.169792,8.0597925,6.6997924,6.2397923,21.109793,24.489792,23.939793,18.709793,23.559792,20.549793,18.969793,16.999792,14.339792,11.299792,8.739793,6.6397924,4.8597927,3.2497926,1.8797925,0.23979248,-1.1902075,-0.01020752,-0.95020753,-0.8002075,-1.1402075,-1.7502075,-1.8502076,-1.3102075,-1.9302075,-3.0602076,-4.0402074,-3.8902075,-3.9202075,-4.0702076,-4.9302077,-5.4802074,-6.1702075,-7.2102075,-7.7402077,-8.430207,-8.950208,-9.080208,-9.110208,-9.090207,-10.060207,-9.020207,-9.160208,-9.810207,-10.640207,-11.310207,-11.310207,-7.5802073,-6.1802077,-1.4602075,13.019793,1.3097925,2.6097925,4.4297924,2.1497924
9.479793,8.109793,7.6197925,6.1097927,21.679792,26.939793,26.019793,24.499792,22.299793,20.189793,18.119793,15.209792,12.699793,10.289792,8.359793,6.1797924,4.7697926,3.2997925,1.7797924,0.43979248,-0.9102075,-1.3902075,-2.3302076,-2.1602075,-2.4002075,-2.7302074,-3.2302074,-4.2102075,-4.5102077,-4.2702074,-4.2602077,-4.6802077,-4.9802074,-5.3702073,-5.5002074,-6.1402073,-7.2402077,-7.4402075,-8.020207,-8.230207,-8.930207,-8.580208,-9.290208,-8.730207,-9.160208,-10.760207,-10.290208,-10.780208,-12.350207,-11.830208,-11.4002075,-10.110208,-1.7102075,8.089792,10.589792,16.549793,3.2297926,2.9497924,2.7497926
9.429792,6.8997927,7.6897926,7.1697927,22.019793,27.309792,25.929792,24.279793,22.219793,19.629793,16.179792,13.389792,10.959792,8.869793,7.1897926,5.9597926,3.8797925,2.6497924,0.99979246,-0.12020752,-0.9902075,-1.9302075,-2.5502076,-3.1602075,-3.2202075,-3.4202075,-3.7602074,-3.8702075,-4.0702076,-4.7002077,-5.5702076,-5.6702075,-5.6102076,-6.1102076,-7.0602074,-7.4202075,-8.160208,-8.270207,-7.9502077,-8.830208,-9.510207,-9.240208,-9.470207,-8.840207,-9.370208,-10.070208,-10.250208,-10.6902075,-10.990208,-12.410208,-6.3802075,1.7297925,3.8697925,4.7797923,6.1697927,6.8997927,3.9497924,2.6997924,3.4897926
8.029793,6.5997925,7.4797926,10.279793,22.399792,26.349792,25.109793,22.609793,19.969793,17.119793,14.469792,11.069793,9.409793,7.6197925,5.9497924,4.5197926,2.6597924,1.1897925,-0.46020752,-1.7202076,-2.0302076,-2.6902075,-2.9002075,-3.1302075,-3.9702075,-4.8502073,-5.5402074,-5.5302076,-5.8002076,-6.2902074,-5.5702076,-5.2902074,-4.9702077,-5.6002073,-7.0002074,-8.850207,-7.8602076,-7.7602077,-8.280208,-8.500208,-8.9002075,-9.750208,-10.470207,-11.210208,-9.6502075,-9.820208,-7.4802074,-4.4702077,-1.1902075,-0.03020752,0.99979246,1.3097925,1.0197924,0.7697925,1.2197925,1.3897924,5.9497924,9.889792,3.3897924
7.0297923,6.8697925,5.4197927,14.919792,21.789793,24.599792,23.069792,20.399792,17.129793,14.639792,12.519793,9.609793,7.7697926,5.8897924,4.0497923,2.4597924,0.80979246,-0.5502075,-1.1202075,-2.1102076,-2.7302074,-3.8502076,-4.9602075,-6.1402073,-5.8002076,-6.4902077,-7.2102075,-7.1802077,-6.3402076,-5.8402076,-6.5902076,-6.8702073,-7.2302074,-7.9302077,-7.5102077,-6.6302075,-7.7202077,-9.220207,-8.310207,-7.7702074,-7.7902074,-5.7402077,-3.7402074,-2.3302076,-3.1002076,-2.9602075,-0.6002075,-0.6602075,-1.1802075,-0.10020752,0.3697925,0.19979247,-0.9702075,-2.0302076,-3.2502074,-1.0002075,1.2697924,7.4297924,4.3297925
7.0297923,6.0097923,7.1197925,16.259792,21.209793,23.639793,21.279793,17.569792,14.409793,12.279793,10.589792,8.049792,5.8897924,3.9197924,2.4597924,0.7097925,-0.7402075,-1.4302075,-2.7002075,-3.8502076,-4.6702075,-6.1802077,-5.9902077,-5.9902077,-6.4602075,-6.7202077,-6.5902076,-6.8002076,-7.2702074,-6.7002077,-6.6102076,-8.200208,-7.5702076,-5.6502075,-6.1802077,-4.8502073,-6.0302076,-2.0602076,-1.0602075,0.55979246,-1.7102075,-1.0902076,-1.6502075,-1.2202076,-0.69020754,-0.9802075,-0.95020753,-0.8302075,-0.2902075,0.3997925,1.0297924,-0.9202075,-2.7002075,-4.1602077,-2.5102074,-2.3202076,0.18979248,0.5297925,0.08979248
5.6397924,8.319793,12.009792,19.009792,20.789793,20.609793,17.569792,14.839792,12.0997925,9.819793,7.7797923,5.5597925,3.3497925,1.6297925,-0.050207518,-1.6002076,-2.6102076,-4.2102075,-5.3802075,-5.8802075,-6.9502077,-6.9802074,-8.300207,-8.630207,-8.100207,-7.4902077,-7.5402074,-6.5902076,-5.1802077,-6.3202076,-5.5502076,-1.9202075,0.38979247,-0.04020752,2.1297925,5.9497924,3.5797925,3.3597925,2.1897924,1.0697925,0.3097925,0.12979248,0.47979248,-0.3202075,-0.8002075,-0.4702075,-0.31020752,-0.40020752,0.3097925,-0.01020752,-1.7402076,-3.7202075,-4.1202073,-4.8702073,-5.0702076,-4.4702077,-3.9902074,-4.4502077,-3.5902076
5.1297927,8.609793,13.989793,20.319792,20.209793,17.499792,13.799792,11.959792,9.209792,6.8497925,4.9797926,2.6597924,0.4597925,-0.95020753,-2.9702075,-4.4602075,-6.3302073,-7.3702073,-7.8902073,-9.020207,-9.810207,-11.250208,-10.110208,-9.910208,-9.840207,-6.9302077,-5.2102075,-1.9102075,-1.2602075,1.0797925,3.0197926,7.3297925,7.5897923,6.3297925,6.3497925,5.5997925,4.6397924,3.6997924,2.6997924,1.1597924,1.2297925,0.79979247,0.40979248,1.4297925,0.5097925,1.2597924,-1.1002076,1.9897925,0.47979248,-1.1002076,-3.5602076,-3.6702075,-4.7402077,-6.0202074,-7.0702076,-8.410208,-8.090207,-8.1502075,-7.3902073
4.2997923,8.069793,16.199793,20.959793,17.869793,14.009792,11.079792,8.799792,7.0097923,4.8297925,2.7597926,0.4597925,-1.9002075,-4.2102075,-6.0502076,-7.9802074,-9.9002075,-10.390207,-11.370208,-12.300207,-12.540208,-12.320208,-10.990208,-7.8602076,-4.2302074,1.1497924,6.1897926,6.5997925,10.479793,8.449793,9.799792,9.139792,8.729793,7.7897925,7.9297924,6.6697927,5.8397923,4.0797925,3.7697926,2.7497926,1.9997925,1.4497925,0.5397925,0.8197925,0.7597925,1.4397925,-0.07020752,-1.3902075,-3.1402075,-4.6302075,-3.4202075,-4.4502077,-6.4202075,-8.240208,-9.910208,-11.480207,-12.770207,-12.6502075,-12.410208
6.5797925,10.189793,17.569792,18.099792,15.819793,10.989793,8.109793,6.7697926,4.3897924,2.1897924,0.23979248,-2.5002074,-4.9102077,-7.1602077,-8.870208,-11.330208,-12.300207,-13.600207,-14.720207,-15.170208,-13.300207,-10.040208,-4.8602076,0.22979248,0.22979248,10.589792,6.3697925,12.479793,15.819793,13.5997925,11.539792,11.409793,10.3497925,9.619793,8.639792,7.0197926,5.8197923,4.6397924,4.1397924,2.8697925,2.3297925,1.9297925,1.7697924,3.1797924,1.8797925,0.9697925,-0.70020753,-4.0302076,-4.5502076,-4.3902073,-5.1202073,-6.1002073,-8.520207,-11.620208,-13.4402075,-15.310207,-16.190208,-17.290207,-14.870208
5.3197923,13.0997925,17.329792,15.639792,12.479793,7.9797926,5.9997926,4.0197926,1.5597925,-0.82020754,-2.3402076,-5.3602076,-7.5502076,-10.000208,-12.280208,-14.350207,-16.430208,-17.500208,-17.020208,-13.680207,-9.840207,3.0697925,4.4497924,0.9497925,3.1597924,9.859793,6.5497923,14.079792,15.3097925,14.169792,13.549792,12.749792,12.189793,10.089792,8.689793,6.7597923,4.7997923,5.0797925,5.7397923,4.8397923,3.1497924,2.5597925,4.3697925,2.5197926,0.34979248,-2.1502075,-4.0802073,-4.6102076,-4.6902075,-5.5702076,-6.8002076,-8.870208,-12.420208,-14.270207,-16.200207,-18.350208,-19.740208,-22.420208,-21.350208
6.7697926,13.659793,14.539792,13.109793,10.109793,4.9497924,3.0297925,1.3197925,-0.6702075,-2.8102076,-5.1802077,-7.4602075,-9.840207,-12.510207,-15.590207,-17.810207,-19.910208,-21.620207,-15.780208,-2.2402074,4.3597927,5.7197924,4.8397923,5.5897923,11.719792,12.8497925,6.4997926,16.909792,16.679792,14.679792,12.619793,13.529793,11.009792,9.369793,9.519793,8.0597925,6.5597925,7.1197925,4.9597926,3.2797925,3.1097925,4.5697923,2.2297926,-0.6102075,-1.5602075,-2.1702075,-3.7602074,-5.3802075,-6.2502074,-7.1902075,-9.140207,-11.780208,-13.760207,-15.890207,-17.670208,-20.280207,-23.560207,-26.610207,-21.490208
10.369793,15.019793,13.209792,10.569793,5.9797926,3.4897926,1.2997925,-0.9202075,-3.3702075,-5.4802074,-7.4502077,-9.500208,-12.110208,-14.6902075,-18.130207,-20.250208,-23.510208,-22.240208,-1.0802075,4.4797926,8.289792,5.4697924,6.8097925,9.199793,15.329792,13.8497925,9.729793,18.079792,16.539793,14.629792,13.0997925,12.519793,10.459792,11.119793,9.249792,8.739793,7.0497923,5.9397926,4.7097926,3.6497924,3.5597925,2.5497925,-1.1302075,-0.6002075,-1.9802076,-2.6702075,-4.9202075,-6.1902075,-7.2502074,-8.780208,-11.220207,-13.450208,-16.140207,-17.400208,-18.950207,-22.440208,-25.740208,-26.130207,-22.790207
11.299792,12.359793,8.799792,5.3897924,3.0197926,1.5397925,-1.1702075,-3.3102076,-5.1702075,-7.1202073,-9.200208,-11.510207,-13.490208,-16.240208,-19.350208,-21.350208,-25.680208,-21.740208,1.5597925,9.929792,12.649793,9.029793,10.739793,8.409793,15.579792,13.879792,17.759792,17.329792,15.939793,13.969792,14.049792,12.009792,11.429792,11.319793,10.179792,8.589792,6.5797925,5.4997926,4.2797923,3.6597924,2.7797925,0.5297925,-0.5402075,-0.7902075,-2.4002075,-3.9302075,-5.8502073,-7.0202074,-8.4402075,-10.100207,-12.300207,-14.260207,-15.910208,-18.170208,-20.690208,-22.660208,-25.700207,-28.450207,-20.910208
