views/data/weather/2019/10/01/0000-wind-isobaric-1000hPa-gfs-1.0.json
{"header": { "discipline":0, "disciplineName":"Meteorological products", "gribEdition":2, "gribLength":79114, "center":7, "centerName":"US National Weather Service - NCEP(WMC)", "subcenter":0, "refTime":"2019-10-01T00:00:00.000Z", "significanceOfRT":1, "significanceOfRTName":"Start of forecast", "productStatus":0, "productStatusName":"Operational products", "productType":1, "productTypeName":"Forecast products", "productDefinitionTemplate":0, "productDefinitionTemplateName":"Analysis/forecast at horizontal level/layer at a point in time", "parameterCategory":2, "parameterCategoryName":"Momentum", "parameterNumber":2, "parameterNumberName":"U-component_of_wind", "parameterUnit":"m.s-1", "genProcessType":2, "genProcessTypeName":"Forecast", "forecastTime":0, "surface1Type":100, "surface1TypeName":"Isobaric surface", "surface1Value":95000.0, "surface2Type":255, "surface2TypeName":"Missing", "surface2Value":0.0, "gridDefinitionTemplate":0, "gridDefinitionTemplateName":"Latitude_Longitude", "numberPoints":65160, "shape":6, "shapeName":"Earth spherical with radius of 6,371,229.0 m", "gridUnits":"degrees", "resolution":48, "winds":"true", "scanMode":0, "nx":360, "ny":181, "basicAngle":0, "lo1":0.0, "la1":90.0, "lo2":359.0, "la2":-90.0, "dx":1.0, "dy":1.0 }, "data":
[rows 52 to 77 of 181, columns 0 to 58 of 360]
4.967793,3.997793,1.9077929,0.76779294,1.007793,1.197793,1.457793,2.467793,4.247793,6.527793,7.987793,4.9777927,3.507793,-0.45220703,-1.4722071,1.807793,-0.102207035,0.75779295,2.217793,2.3577929,1.697793,1.887793,1.0377929,6.857793,2.257793,2.5977929,2.067793,0.787793,-0.832207,-0.062207032,0.81779295,1.4177929,0.50779295,0.787793,-0.602207,0.23779297,-0.18220703,0.27779296,-0.062207032,0.48779297,2.267793,-0.48220703,-1.692207,0.727793,1.227793,-0.87220705,-3.382207,-0.33220702,-0.48220703,-1.8322071,-2.372207,-4.5422072,-3.952207,-3.032207,-1.682207,0.23779297,0.657793,0.73779297,-0.902207
2.887793,1.5377929,-1.742207,-2.432207,-2.322207,-1.192207,0.35779297,0.98779297,1.207793,1.837793,4.547793,5.037793,4.817793,4.9577928,-0.34220704,0.32779297,3.997793,5.057793,3.787793,2.8577929,4.397793,3.157793,2.617793,0.647793,1.5477929,2.247793,1.947793,2.557793,0.48779297,-1.632207,1.447793,1.557793,-0.852207,0.777793,1.0177929,-0.22220702,0.61779296,1.117793,0.717793,-0.86220706,1.207793,1.5377929,-1.042207,-1.902207,-0.39220703,2.887793,-2.242207,0.917793,-0.42220703,-1.372207,0.15779297,-2.382207,-1.662207,-1.512207,-0.24220704,-0.44220704,0.39779297,-0.892207,-1.192207
2.957793,3.127793,1.347793,-0.86220706,-1.4522071,-1.632207,-1.022207,-0.22220702,-0.712207,0.06779297,0.98779297,2.187793,3.6077929,4.567793,5.927793,5.337793,3.767793,3.817793,4.177793,4.287793,4.267793,5.217793,6.927793,6.7277927,5.497793,3.867793,3.317793,3.167793,0.82779294,3.677793,1.2777929,2.817793,3.727793,1.7777929,4.2277927,2.117793,1.577793,5.397793,4.997793,3.517793,2.517793,1.0377929,0.07779297,0.48779297,-0.29220703,-1.062207,-0.11220703,1.587793,-0.05220703,0.857793,4.717793,-1.492207,0.81779295,-0.16220704,0.68779296,-1.862207,0.88779294,-7.382207,-2.6422071
0.47779298,1.8977929,1.427793,-1.272207,0.777793,1.2877929,-4.562207,-1.182207,-1.8422071,-1.822207,-0.57220703,-0.042207032,0.607793,2.867793,4.2077928,4.327793,3.937793,3.887793,3.887793,3.6077929,3.737793,4.907793,5.687793,5.4777927,2.007793,0.44779298,0.42779297,3.907793,3.367793,2.727793,2.0877929,2.197793,2.0977929,1.117793,-0.63220704,0.39779297,0.57779294,1.487793,-0.51220703,-0.532207,-2.972207,-3.1622071,-2.842207,0.527793,1.0277929,-0.94220704,-2.262207,0.717793,0.99779296,1.607793,4.047793,-1.2122071,-2.722207,-0.962207,-1.632207,-3.102207,-3.522207,-6.2722073,-5.342207
2.997793,3.287793,2.997793,0.03779297,-1.192207,-2.562207,0.43779296,-4.752207,-8.762207,-9.632207,-6.672207,-2.062207,-1.642207,-0.61220706,0.42779297,2.157793,3.227793,3.8377929,3.727793,3.5977929,3.427793,2.987793,3.637793,4.317793,5.277793,5.077793,3.5877929,2.567793,3.897793,3.8377929,3.177793,2.737793,2.5977929,2.807793,2.037793,0.45779297,-0.042207032,-1.142207,-0.48220703,-3.782207,-2.732207,-3.602207,-4.382207,-3.262207,-0.16220704,-0.042207032,-2.812207,1.2977929,-0.22220702,0.657793,1.257793,2.027793,-1.1022071,0.08779297,-7.122207,0.35779297,0.63779294,-2.212207,1.567793
1.587793,1.887793,0.23779297,-2.812207,-3.712207,-3.252207,-3.112207,-5.742207,-8.182207,-9.642207,-9.042207,-3.822207,-3.562207,-2.9122071,-1.6022071,-0.22220702,1.6477929,2.577793,2.817793,2.827793,2.0877929,1.2877929,3.207793,3.557793,2.8477929,3.927793,4.437793,3.987793,3.367793,3.737793,3.267793,2.907793,2.167793,1.347793,1.387793,0.98779297,2.547793,0.24779297,0.587793,-1.572207,-3.222207,-1.642207,-6.122207,-5.722207,-5.122207,-3.032207,0.37779295,-1.142207,-0.18220703,-1.942207,2.6077929,2.687793,2.157793,6.617793,-0.49220702,-2.4022071,1.1477929,1.687793,-0.03220703
-2.322207,0.35779297,2.767793,-3.932207,-5.752207,-7.332207,-4.182207,-5.002207,-4.682207,-7.962207,-10.602207,-2.872207,-1.2022071,-0.662207,-1.142207,-0.63220704,0.48779297,0.98779297,0.93779296,1.877793,0.61779296,-0.44220704,-0.03220703,-1.522207,0.93779296,2.007793,2.477793,3.237793,3.787793,3.497793,3.807793,3.307793,2.027793,0.777793,0.88779294,1.107793,2.647793,-1.762207,-0.22220702,-4.562207,-2.502207,-1.7322071,-7.682207,-7.942207,-5.982207,-3.982207,-0.912207,1.487793,0.917793,-3.172207,-1.392207,0.977793,2.3477929,-0.86220706,1.887793,1.467793,0.587793,0.607793,1.2677929
-1.9522071,-1.182207,-0.33220702,-1.062207,-5.692207,-6.432207,-5.072207,0.13779297,-2.962207,-4.712207,-2.982207,-4.062207,-4.142207,-3.992207,-3.222207,-1.672207,-1.152207,-0.952207,-0.712207,0.32779297,0.17779297,-2.982207,-5.182207,-5.582207,-3.872207,-2.082207,-0.07220703,2.777793,3.547793,2.447793,2.887793,2.257793,0.107792966,0.08779297,-0.48220703,3.137793,3.687793,3.727793,-0.55220705,-4.142207,-3.782207,-4.2922072,-6.682207,-10.902207,-9.102207,-6.702207,-3.992207,-0.94220704,1.347793,2.217793,-0.792207,-0.41220704,3.367793,2.127793,2.757793,2.667793,-0.50220704,0.74779296,1.8977929
-4.982207,-6.102207,-1.692207,-9.562207,-9.232207,-9.072207,-7.242207,-2.072207,0.75779295,-5.862207,-4.952207,-2.712207,-1.932207,-3.762207,-1.7222071,-2.972207,-2.422207,-1.412207,-1.772207,-0.32220703,0.537793,-1.872207,-1.692207,-7.062207,-6.232207,-4.802207,-3.092207,-0.21220703,0.39779297,-0.26220703,0.15779297,-0.102207035,0.34779298,-1.742207,-0.26220703,1.2977929,0.61779296,-0.15220703,1.2777929,-7.242207,-2.712207,-4.982207,-7.222207,-8.992207,-8.362207,-4.352207,0.34779298,1.7877929,5.127793,3.237793,1.087793,-1.402207,-0.08220703,-0.40220702,2.467793,1.937793,1.4077929,-0.93220705,3.5877929
-4.392207,-6.632207,-0.832207,-1.422207,1.5277929,2.817793,0.847793,0.37779295,-3.062207,-5.0422072,-3.6622071,-3.322207,-2.242207,-3.6522071,-2.872207,-4.032207,-6.122207,-3.762207,-3.862207,-1.442207,-0.592207,0.967793,2.907793,1.867793,-0.69220704,-5.902207,-6.312207,-3.032207,-0.37220705,0.25779298,-0.43220702,-1.2322071,-1.782207,0.967793,-0.74220705,-0.912207,-0.08220703,-1.432207,3.8577929,-0.16220704,0.51779294,-1.152207,0.12779297,1.467793,0.717793,2.267793,4.797793,3.5977929,3.3377929,6.187793,3.037793,2.297793,0.40779296,1.7877929,-0.19220704,-0.30220702,-0.102207035,1.447793,1.207793
-0.32220703,1.877793,1.317793,-0.39220703,1.0277929,0.61779296,-0.12220703,-0.952207,-4.472207,-3.702207,0.94779295,-0.98220706,0.47779298,-4.872207,-3.952207,-6.752207,-6.352207,-5.152207,-4.712207,-3.002207,0.28779298,1.827793,0.17779297,0.26779297,-4.232207,-2.772207,0.63779294,0.787793,-0.61220706,-0.25220704,1.2877929,0.18779297,0.857793,4.7077928,2.0977929,0.27779296,1.2677929,-4.562207,2.747793,4.297793,5.187793,1.237793,1.4077929,3.257793,2.3577929,0.07779297,1.437793,3.547793,3.707793,3.977793,4.427793,3.5977929,0.46779296,0.43779296,-0.22220702,1.1677929,0.61779296,0.25779298,2.6077929
0.647793,0.94779295,0.68779296,-4.382207,-3.1622071,-1.862207,-0.712207,0.94779295,-2.012207,-2.542207,-0.35220703,-3.822207,-1.062207,-4.202207,-4.572207,-6.832207,-3.612207,-4.562207,-2.042207,-5.702207,-3.1622071,-3.102207,-1.932207,0.537793,-5.632207,-4.982207,-3.932207,-1.782207,0.51779294,-1.2322071,-0.28220704,1.427793,2.477793,0.09779297,6.417793,2.6077929,2.667793,-1.632207,1.877793,2.157793,3.897793,-0.962207,-0.102207035,2.957793,0.107792966,-2.382207,1.887793,-0.68220705,1.4077929,1.377793,3.627793,3.447793,4.247793,3.317793,0.40779296,-3.112207,-0.642207,1.0277929,1.707793
-4.692207,-5.582207,-7.562207,-9.152207,-4.992207,0.017792968,-1.632207,-0.722207,1.057793,-0.69220704,-2.022207,-3.712207,-1.882207,-0.80220705,-4.692207,-5.312207,-2.712207,-4.982207,-6.952207,-4.002207,-3.732207,-5.612207,-4.252207,-0.652207,-5.172207,-3.592207,-5.902207,-4.692207,-2.962207,-1.192207,1.597793,0.527793,3.927793,3.8577929,1.2977929,4.487793,0.98779297,-1.012207,1.747793,-0.12220703,2.677793,3.8577929,4.027793,0.30779296,-2.532207,-3.462207,-1.3522071,0.50779295,1.617793,-0.17220703,0.31779298,2.007793,1.327793,3.0877929,3.877793,1.447793,0.597793,-0.09220703,-1.282207
-11.202207,-12.692207,-10.962207,-8.962207,-7.822207,-4.842207,-4.052207,-2.962207,-2.532207,-3.212207,-0.972207,-1.5922071,-2.942207,-1.892207,-3.6622071,-5.062207,-2.332207,-2.792207,-5.962207,-6.702207,-6.972207,-5.982207,-3.942207,-9.372207,-3.332207,-5.302207,-2.982207,-1.902207,-4.202207,-1.5822071,-2.012207,-1.282207,3.007793,4.067793,1.007793,2.517793,0.17779297,-1.672207,1.477793,-0.642207,-0.24220704,-1.622207,2.897793,-0.702207,0.857793,-2.342207,-3.542207,-2.9122071,-1.032207,0.007792969,-1.3522071,-0.16220704,0.16779298,0.797793,1.177793,1.687793,2.317793,0.597793,-0.36220703
-10.912207,-8.092207,-10.322207,-5.732207,-6.972207,-5.282207,-3.702207,-4.232207,-3.582207,-2.772207,-4.442207,-0.20220703,-2.762207,-2.282207,-3.9122071,-1.802207,-2.602207,-3.092207,-8.042207,-6.222207,-2.682207,-4.002207,-5.2922072,-8.152207,-5.982207,-6.082207,-2.702207,-1.442207,-4.122207,-3.9122071,-1.8322071,-0.702207,1.357793,3.327793,4.567793,-1.872207,0.48779297,-1.312207,-1.3422071,0.47779298,2.3377929,0.43779296,-2.492207,-2.4122071,-1.8322071,-1.1022071,0.21779297,-3.382207,-4.492207,-4.972207,-4.002207,-2.882207,-2.562207,-1.662207,0.787793,-0.46220702,-2.202207,1.327793,-0.57220703
-11.172207,-12.212207,-11.932207,-6.852207,-8.822207,-4.642207,-5.692207,-3.592207,-4.162207,-3.672207,-1.792207,-3.452207,-3.712207,-4.242207,-4.312207,-5.412207,-2.862207,-6.282207,-3.3922071,-3.552207,-2.132207,-2.442207,-4.982207,-4.882207,-3.832207,-4.462207,-2.722207,-1.2022071,-6.962207,-6.162207,-3.362207,-0.07220703,-0.13220704,0.50779295,0.547793,-2.752207,0.727793,0.41779298,0.22779296,0.897793,-1.0822071,-3.112207,-4.352207,-2.682207,0.847793,-1.162207,-1.5822071,-0.88220704,-2.9022071,-5.212207,-4.872207,-3.292207,-2.562207,-0.532207,-0.16220704,3.737793,2.247793,-1.2022071,0.30779296
-14.812207,-11.482207,-9.462207,-4.352207,-3.112207,-5.622207,-4.782207,-5.872207,-3.342207,-2.012207,-3.1422071,-4.0422072,-7.262207,-2.862207,-3.082207,-4.082207,-5.342207,-3.822207,-3.172207,-2.1622071,0.42779297,-4.192207,-4.7922072,-2.9122071,-2.762207,-2.712207,-1.7122071,-4.172207,-7.392207,-8.652207,-4.332207,0.48779297,-1.752207,0.55779296,1.9077929,-0.712207,0.23779297,1.077793,1.377793,1.737793,-2.242207,-0.07220703,-4.582207,-1.512207,-3.092207,-1.062207,-1.3422071,-1.442207,-1.812207,-1.562207,-3.072207,-1.772207,-0.17220703,-1.032207,-1.432207,1.137793,1.577793,1.177793,2.477793
-9.542207,-8.712207,-4.652207,-3.882207,-4.682207,-4.312207,-3.9022071,-3.362207,-4.692207,-4.432207,-4.312207,-6.322207,-7.742207,-6.492207,-5.0422072,-3.992207,-7.392207,-0.912207,2.157793,-1.552207,-1.442207,-3.9022071,-4.892207,-4.202207,-5.392207,-4.142207,-4.432207,-4.242207,-6.7722073,-6.572207,-4.742207,-1.162207,-4.122207,2.317793,-2.812207,-1.662207,-1.442207,-0.08220703,0.527793,0.86779296,2.8377929,-0.48220703,-4.132207,-2.422207,-2.882207,-2.122207,-1.5922071,-0.712207,-1.662207,-4.252207,-5.912207,-4.0422072,-3.262207,-3.992207,-3.4122071,-1.782207,0.39779297,2.247793,3.977793
-8.332207,-6.512207,-5.342207,-4.982207,-5.062207,-4.732207,-7.192207,-6.0222073,-4.722207,-2.1522071,-0.902207,-8.102207,-5.142207,-6.372207,-6.602207,-2.942207,-3.4022071,-0.712207,3.397793,1.2877929,-3.872207,-3.722207,-5.102207,-5.102207,-3.792207,-4.362207,-4.252207,-4.622207,-5.152207,-4.552207,-4.502207,-3.822207,-3.052207,-1.992207,-3.252207,-0.07220703,-3.432207,2.197793,1.577793,3.177793,0.07779297,0.44779298,-2.092207,-3.572207,-3.722207,-3.132207,-3.312207,-2.6422071,-4.752207,-6.532207,-4.702207,-2.212207,-2.922207,-0.51220703,-1.632207,-1.052207,-0.45220703,3.967793,6.117793
-8.362207,-7.412207,-6.472207,-5.232207,-7.7922072,-8.632207,-12.252207,-9.882207,-3.352207,-0.09220703,-3.222207,-2.582207,-5.122207,-4.252207,-1.682207,-0.68220705,-1.802207,-0.012207031,-5.182207,-4.342207,-4.952207,-4.212207,-5.222207,-4.812207,-3.4122071,-4.402207,-5.602207,-5.172207,-3.812207,-3.422207,-4.5222073,-8.982207,-6.052207,-0.42220703,2.467793,1.257793,-3.732207,0.63779294,0.55779296,1.1477929,1.867793,1.187793,-1.932207,-2.802207,-1.182207,-3.282207,-3.742207,-5.752207,-2.872207,0.15779297,0.39779297,1.937793,1.727793,1.977793,1.997793,0.777793,1.427793,4.907793,6.187793
-3.962207,-13.902207,-6.222207,-7.692207,-5.422207,-3.212207,-5.652207,-2.442207,-1.442207,-0.68220705,-0.11220703,-2.792207,-2.792207,-4.102207,-2.612207,-0.75220704,-2.422207,-7.712207,-4.802207,-6.722207,-7.432207,-2.172207,-6.142207,-6.062207,-4.842207,-4.702207,-5.172207,-6.782207,-4.382207,-2.672207,-7.322207,-12.352207,-9.232207,3.377793,6.777793,3.167793,8.2177925,2.037793,1.087793,0.14779297,0.907793,1.097793,1.947793,-2.772207,-0.87220705,-2.782207,-4.562207,-1.8422071,-1.242207,-1.072207,-1.372207,1.087793,1.2877929,2.917793,2.717793,3.757793,4.007793,5.807793,4.247793
-10.802207,-8.272207,-4.422207,-5.912207,-6.472207,-3.6522071,-0.22220702,-2.022207,-4.702207,-0.57220703,2.177793,1.007793,1.717793,2.967793,5.287793,1.587793,-0.12220703,0.43779296,2.437793,0.587793,-1.412207,0.017792968,0.41779298,-4.212207,-3.442207,-5.0222073,-5.762207,-6.812207,-4.332207,-6.872207,-2.362207,-0.82220703,-3.312207,0.51779294,8.407793,9.687793,5.267793,5.027793,3.797793,-0.23220703,-0.842207,0.37779295,-0.20220703,0.547793,-4.802207,-2.542207,-2.952207,-2.112207,-1.802207,-2.1422071,-5.622207,-3.962207,-1.412207,1.137793,4.827793,9.777793,5.687793,3.767793,3.987793
-4.572207,-3.712207,-0.81220704,-1.802207,-1.192207,1.7777929,-0.31220704,-1.4822071,-1.942207,-0.45220703,0.537793,0.547793,2.027793,1.817793,2.257793,1.447793,1.1577929,0.797793,0.957793,2.007793,2.917793,0.81779295,0.43779296,-2.612207,-2.082207,-6.7722073,-7.812207,-5.372207,0.027792968,6.047793,7.087793,5.937793,4.557793,3.157793,6.127793,9.707793,5.527793,4.147793,2.657793,-1.312207,-2.762207,-1.4722071,-2.022207,-1.7122071,-1.132207,1.0477929,-1.9522071,-2.282207,-1.382207,-1.192207,-4.202207,-2.572207,0.63779294,3.227793,1.467793,1.3977929,2.747793,2.997793,3.427793
-6.0422072,-3.742207,-5.822207,-5.382207,-1.572207,-1.8422071,-1.872207,-1.882207,-3.442207,-3.042207,-1.812207,-0.68220705,0.597793,2.8377929,4.847793,4.4777927,4.937793,5.337793,7.4777927,2.6077929,3.287793,1.237793,-1.812207,-2.282207,0.897793,-0.50220704,0.80779296,2.437793,4.277793,2.577793,2.367793,0.847793,0.047792967,-3.102207,-7.362207,11.637793,2.667793,1.327793,2.907793,0.21779297,-0.32220703,-6.532207,-4.162207,0.29779297,0.49779296,0.49779296,-0.50220704,-3.632207,1.447793,-2.012207,-2.1622071,-2.6522071,-0.28220704,-2.522207,-1.652207,0.18779297,1.247793,1.487793,1.957793
3.557793,-2.272207,-11.312207,-6.802207,-17.422207,-3.532207,-1.402207,-0.19220704,-2.252207,-3.942207,-2.292207,0.20779297,-0.76220703,-0.18220703,1.617793,2.657793,2.227793,3.747793,4.967793,5.7077928,5.987793,2.437793,3.487793,1.367793,0.837793,-1.2122071,3.177793,0.80779296,-1.282207,4.007793,-3.492207,2.147793,0.45779297,-3.552207,-1.992207,0.717793,0.657793,0.17779297,-0.21220703,-1.4822071,0.657793,-4.2922072,-4.162207,-2.372207,-0.952207,0.837793,-0.28220704,-0.31220704,-1.2222071,-7.552207,-5.562207,-4.842207,-2.752207,0.15779297,0.05779297,-1.0922071,0.027792968,0.007792969,0.12779297
2.167793,2.8377929,-13.002207,-11.842207,-6.362207,-5.642207,-3.6522071,-0.34220704,-1.162207,-3.1622071,-0.912207,-0.14220703,-0.29220703,-0.51220703,1.557793,1.887793,3.377793,1.187793,4.407793,7.027793,3.977793,2.127793,1.107793,0.707793,1.0277929,1.237793,3.007793,1.437793,1.487793,0.17779297,-1.752207,3.517793,-3.312207,-3.1522071,-1.2122071,-0.832207,-0.012207031,-1.442207,1.447793,-0.37220705,0.977793,-1.072207,-5.252207,-7.622207,-4.5422072,-6.892207,-7.362207,-8.012207,-8.272207,-5.082207,-1.4722071,-2.982207,-2.452207,-1.422207,0.007792969,-1.3322071,-0.832207,-1.122207,-1.162207
