views/data/weather/2019/10/01/0000-wind-isobaric-10hPa-gfs-1.0.json
{"header": { "discipline":0, "disciplineName":"Meteorological products", "gribEdition":2, "gribLength":40662, "center":7, "centerName":"US National Weather Service - NCEP(WMC)", "subcenter":0, "refTime":"2019-10-01T00:00:00.000Z", "significanceOfRT":1, "significanceOfRTName":"Start of forecast", "productStatus":0, "productStatusName":"Operational products", "productType":1, "productTypeName":"Forecast products", "productDefinitionTemplate":0, "productDefinitionTemplateName":"Analysis/forecast at horizontal level/layer at a point in time", "parameterCategory":2, "parameterCategoryName":"Momentum", "parameterNumber":3, "parameterNumberName":"V-component_of_wind", "parameterUnit":"m.s-1", "genProcessType":2, "genProcessTypeName":"Forecast", "forecastTime":0, "surface1Type":100, "surface1TypeName":"Isobaric surface", "surface1Value":1000.0, "surface2Type":255, "surface2TypeName":"Missing", "surface2Value":0.0, "gridDefinitionTemplate":0, "gridDefinitionTemplateName":"Latitude_Longitude", "numberPoints":65160, "shape":6, "shapeName":"Earth spherical with radius of 6,371,229.0 m", "gridUnits":"degrees", "resolution":48, "winds":"true", "scanMode":0, "nx":360, "ny":181, "basicAngle":0, "lo1":0.0, "la1":90.0, "lo2":359.0, "la2":-90.0, "dx":1.0, "dy":1.0 }, "data":
[rows 25 to 49 of 181, columns 228 to 284 of 360]
-7.4857054,-7.3857055,-6.8857055,-6.7857056,-5.8857055,-5.0857058,-4.8857055,-4.8857055,-4.8857055,-5.3857055,-6.0857058,-6.6857057,-6.6857057,-6.3857055,-5.4857054,-4.9857054,-4.7857056,-4.3857055,-3.9857056,-3.8857055,-4.0857058,-4.3857055,-4.2857056,-3.9857056,-4.5857058,-4.9857054,-5.3857055,-5.6857057,-5.6857057,-6.0857058,-6.5857058,-6.5857058,-6.6857057,-6.9857054,-7.1857057,-7.0857058,-6.7857056,-6.5857058,-5.8857055,-5.6857057,-5.2857056,-4.3857055,-3.2857056,-2.2857056,-1.4857056,-0.78570557,-0.48570555,-0.38570556,-0.48570555,-1.0857055,-1.4857056,-1.5857055,-1.4857056,-1.1857055,-0.5857056,-0.18570557,-0.18570557
-5.6857057,-5.3857055,-5.3857055,-4.9857054,-4.7857056,-4.4857054,-4.5857058,-5.2857056,-5.9857054,-6.1857057,-6.1857057,-5.5857058,-5.0857058,-4.6857057,-4.3857055,-4.0857058,-4.2857056,-4.6857057,-4.7857056,-5.1857057,-5.5857058,-6.1857057,-6.3857055,-6.2857056,-6.6857057,-7.0857058,-7.0857058,-7.4857054,-7.6857057,-7.4857054,-6.9857054,-6.7857056,-6.4857054,-6.1857057,-5.5857058,-4.9857054,-4.5857058,-3.8857055,-3.3857055,-3.0857055,-2.6857057,-2.4857056,-2.8857055,-2.3857055,-2.2857056,-2.2857056,-2.2857056,-2.1857057,-2.3857055,-2.5857055,-2.7857056,-2.5857055,-2.2857056,-1.3857056,-0.68570554,-0.5857056,-0.8857056
-5.2857056,-4.7857056,-4.6857057,-4.6857057,-5.0857058,-5.4857054,-5.6857057,-5.8857055,-5.8857055,-4.9857054,-4.4857054,-4.2857056,-4.4857054,-5.1857057,-5.2857056,-5.4857054,-5.4857054,-5.6857057,-6.4857054,-6.6857057,-6.8857055,-7.6857057,-8.185705,-7.8857055,-7.7857056,-7.7857056,-7.3857055,-6.9857054,-6.4857054,-5.9857054,-4.9857054,-4.5857058,-3.6857057,-2.9857056,-2.4857056,-2.0857055,-2.2857056,-3.3857055,-4.1857057,-4.6857057,-4.6857057,-4.1857057,-3.7857056,-3.7857056,-3.8857055,-3.8857055,-3.7857056,-3.4857056,-3.2857056,-3.1857057,-3.1857057,-2.9857056,-2.3857055,-1.4857056,-0.8857056,-0.48570555,-0.38570556
-4.6857057,-4.2857056,-4.5857058,-4.9857054,-5.1857057,-5.4857054,-5.3857055,-5.4857054,-5.6857057,-5.7857056,-5.7857056,-5.8857055,-6.1857057,-6.3857055,-6.4857054,-6.5857058,-6.2857056,-6.2857056,-6.1857057,-5.9857054,-5.4857054,-5.0857058,-5.9857054,-5.8857055,-5.9857054,-5.8857055,-5.5857058,-5.1857057,-4.6857057,-4.1857057,-4.8857055,-5.3857055,-5.9857054,-6.1857057,-5.8857055,-5.5857058,-5.3857055,-5.5857058,-5.5857058,-5.4857054,-5.1857057,-4.6857057,-4.3857055,-4.7857056,-5.1857057,-5.3857055,-5.1857057,-4.4857054,-3.8857055,-3.3857055,-2.7857056,-2.5857055,-2.8857055,-3.0857055,-2.6857057,-2.1857057,-2.4857056
-4.9857054,-5.1857057,-5.5857058,-6.0857058,-6.0857058,-6.0857058,-6.3857055,-6.3857055,-6.2857056,-5.7857056,-5.7857056,-5.6857057,-5.6857057,-5.0857058,-5.7857056,-6.4857054,-5.9857054,-5.8857055,-5.5857058,-5.2857056,-4.9857054,-4.5857058,-3.9857056,-3.3857055,-3.2857056,-3.4857056,-3.9857056,-4.6857057,-5.4857054,-5.4857054,-5.3857055,-5.4857054,-5.3857055,-3.7857056,-2.0857055,-0.8857056,-0.28570557,0.31429443,0.51429445,0.41429442,0.31429443,-0.18570557,-1.1857055,-1.9857056,-2.9857056,-3.3857055,-3.0857055,-2.3857055,-2.1857057,-2.8857055,-3.5857055,-3.5857055,-3.3857055,-3.0857055,-3.1857057,-4.1857057,-5.1857057
-5.6857057,-6.2857056,-6.6857057,-6.0857058,-6.1857057,-6.7857056,-6.8857055,-6.8857055,-6.4857054,-5.9857054,-5.9857054,-6.3857055,-6.8857055,-7.1857057,-6.3857055,-5.8857055,-5.0857058,-4.8857055,-3.5857055,-2.7857056,-2.3857055,-1.8857056,-1.8857056,-2.4857056,-3.0857055,-3.4857056,-3.6857057,-3.3857055,-2.3857055,-1.5857055,-1.0857055,-1.5857055,-1.8857056,-1.2857056,-1.2857056,-2.0857055,-3.2857056,-3.8857055,-3.8857055,-3.5857055,-2.9857056,-2.3857055,-2.1857057,-2.6857057,-3.8857055,-4.4857054,-3.8857055,-3.4857056,-3.2857056,-3.0857055,-3.0857055,-3.3857055,-3.5857055,-4.1857057,-4.7857056,-4.5857058,-4.5857058
-5.7857056,-6.5857058,-6.9857054,-7.8857055,-7.9857054,-7.5857058,-6.9857054,-7.1857057,-7.3857055,-7.4857054,-7.5857058,-6.6857057,-5.9857054,-4.8857055,-4.5857058,-3.7857056,-2.7857056,-2.6857057,-2.5857055,-2.1857057,-1.8857056,-1.6857055,-1.0857055,-1.4857056,-1.5857055,-0.68570554,-0.5857056,-1.4857056,-1.8857056,-0.8857056,-1.2857056,-2.5857055,-3.4857056,-3.7857056,-2.8857055,-1.5857055,-0.5857056,-0.38570556,-0.78570557,-1.5857055,-2.8857055,-3.3857055,-4.0857058,-4.4857054,-4.1857057,-3.6857057,-2.7857056,-2.7857056,-2.7857056,-2.6857057,-2.9857056,-2.2857056,-2.0857055,-2.3857055,-3.0857055,-3.6857057,-4.3857055
-6.3857055,-7.1857057,-7.3857055,-7.3857055,-7.0857058,-6.8857055,-6.7857056,-7.2857056,-7.0857058,-6.5857058,-5.7857056,-5.5857058,-4.8857055,-3.8857055,-3.0857055,-2.4857056,-1.4857056,-0.78570557,-0.48570555,-0.28570557,-0.8857056,-1.1857055,-0.78570557,-0.68570554,-1.1857055,-1.5857055,-1.7857056,-2.1857057,-2.4857056,-2.7857056,-3.2857056,-2.3857055,-0.68570554,0.41429442,0.11429443,-0.78570557,-1.3857056,-1.3857056,-1.5857055,-2.0857055,-2.7857056,-3.3857055,-3.6857057,-3.6857057,-3.2857056,-2.6857057,-2.2857056,-1.4857056,-1.6857055,-1.9857056,-2.3857055,-1.8857056,-1.7857056,-1.5857055,-2.4857056,-3.1857057,-3.2857056
-5.9857054,-5.6857057,-5.5857058,-5.9857054,-6.0857058,-6.5857058,-6.6857057,-6.3857055,-6.0857058,-5.6857057,-4.8857055,-3.9857056,-3.0857055,-2.5857055,-1.8857056,-1.1857055,-0.28570557,0.51429445,-0.28570557,-0.78570557,-0.5857056,-0.28570557,-0.28570557,-0.8857056,-1.0857055,-0.8857056,-0.98570555,-1.3857056,-1.1857055,-0.5857056,0.41429442,1.1142944,0.71429443,-0.08570556,-0.48570555,-0.18570557,-0.28570557,-1.0857055,-1.7857056,-1.9857056,-1.6857055,-1.5857055,-1.5857055,-2.5857055,-1.7857056,-2.8857055,-3.5857055,-2.8857055,-2.4857056,-2.5857055,-2.8857055,-2.5857055,-2.3857055,-1.8857056,-2.0857055,-1.8857056,-2.2857056
-4.8857055,-4.8857055,-5.5857058,-6.3857055,-7.1857057,-6.6857057,-5.3857055,-4.9857054,-4.3857055,-3.5857055,-2.8857055,-2.0857055,-1.2857056,-0.5857056,-0.28570557,-0.08570556,0.31429443,0.31429443,0.014294433,0.41429442,0.31429443,-0.48570555,-1.0857055,-1.0857055,-1.6857055,-0.98570555,-0.78570557,-1.3857056,-0.18570557,1.0142944,0.51429445,-0.48570555,0.014294433,0.6142944,0.81429446,1.1142944,0.81429446,0.41429442,-0.48570555,-2.0857055,-3.0857055,-3.1857057,-3.0857055,-2.9857056,-2.3857055,-2.4857056,-3.2857056,-2.8857055,-3.3857055,-2.3857055,-2.2857056,-2.2857056,-2.0857055,-2.3857055,-1.7857056,-1.1857055,-1.1857055
-3.9857056,-4.3857055,-4.9857054,-4.5857058,-3.6857057,-3.1857057,-3.3857055,-3.3857055,-2.2857056,-1.2857056,-0.28570557,0.21429443,0.014294433,-0.18570557,0.11429443,0.71429443,0.41429442,0.31429443,0.014294433,0.11429443,0.31429443,-0.68570554,-1.3857056,-1.0857055,-1.0857055,-1.0857055,-1.0857055,0.9142944,0.6142944,-0.18570557,-0.28570557,1.0142944,0.71429443,-0.18570557,-0.98570555,-1.2857056,-2.0857055,-1.2857056,-1.5857055,-3.3857055,-3.8857055,-3.5857055,-3.5857055,-5.2857056,-4.8857055,-4.5857058,-5.5857058,-3.9857056,-3.5857055,-3.8857055,-3.7857056,-2.7857056,-2.4857056,-1.7857056,-1.3857056,-1.3857056,-1.4857056
-3.0857055,-3.4857056,-3.3857055,-2.6857057,-2.3857055,-3.0857055,-2.4857056,-1.7857056,-0.98570555,-0.28570557,0.31429443,0.41429442,0.6142944,0.71429443,1.1142944,0.9142944,0.11429443,-0.68570554,-0.98570555,-0.48570555,-0.78570557,-1.3857056,-1.6857055,-1.5857055,-1.2857056,0.31429443,0.11429443,-0.48570555,0.11429443,0.014294433,0.31429443,-0.68570554,-1.2857056,-1.7857056,-3.1857057,-3.6857057,-3.6857057,-3.6857057,-2.5857055,-2.1857057,-2.9857056,-3.0857055,-2.7857056,-3.6857057,-3.3857055,-1.9857056,-2.6857057,-2.7857056,-4.1857057,-4.5857058,-3.6857057,-2.8857055,-2.9857056,-2.5857055,-1.3857056,-1.3857056,-1.9857056
-2.7857056,-3.6857057,-2.7857056,-2.7857056,-2.9857056,-1.9857056,-1.6857055,-1.5857055,-1.2857056,-0.68570554,-0.28570557,-0.38570556,0.11429443,-0.28570557,-0.5857056,-1.0857055,-1.5857055,-1.6857055,-0.98570555,-0.68570554,-1.0857055,-1.3857056,-0.8857056,-1.0857055,-0.98570555,-0.78570557,0.11429443,0.21429443,-0.28570557,-0.5857056,-1.2857056,-1.8857056,-2.4857056,-2.6857057,-2.5857055,-2.7857056,-2.9857056,-2.7857056,-2.6857057,-2.7857056,-2.1857057,-1.7857056,-1.0857055,-1.9857056,-2.4857056,-2.5857055,-3.3857055,-3.9857056,-3.7857056,-3.2857056,-3.4857056,-3.2857056,-2.8857055,-2.5857055,-2.7857056,-2.7857056,-2.8857055
-3.1857057,-3.1857057,-1.3857056,-1.9857056,-1.8857056,-1.5857055,-1.8857056,-1.9857056,-2.1857057,-1.4857056,-0.8857056,-1.3857056,-1.5857055,-2.0857055,-1.8857056,-1.1857055,-0.28570557,0.014294433,-0.38570556,-0.78570557,-0.98570555,-0.78570557,-0.78570557,0.11429443,-0.28570557,-0.5857056,-0.78570557,-1.8857056,-1.8857056,-1.7857056,-2.1857057,-2.7857056,-2.7857056,-3.1857057,-3.0857055,-2.5857055,-2.7857056,-0.98570555,-1.5857055,-1.8857056,-1.3857056,-1.3857056,-2.8857055,-3.8857055,-4.1857057,-4.1857057,-2.8857055,-2.5857055,-2.0857055,-2.0857055,-2.0857055,-2.0857055,-1.9857056,-2.0857055,-2.0857055,-2.2857056,-2.5857055
-2.0857055,-1.5857055,-0.38570556,-0.5857056,-0.68570554,-1.0857055,-0.98570555,-1.1857055,-0.98570555,-0.28570557,-0.5857056,-0.8857056,-1.1857055,-0.98570555,0.11429443,0.41429442,-0.08570556,-0.68570554,-1.4857056,-0.8857056,-0.98570555,-0.38570556,-0.78570557,-0.68570554,-0.68570554,-1.5857055,-1.8857056,-2.2857056,-2.7857056,-2.3857055,-1.2857056,-0.68570554,-0.5857056,-1.2857056,-1.1857055,-1.7857056,-1.7857056,-2.4857056,-3.7857056,-3.5857055,-4.2857056,-5.2857056,-5.4857054,-4.0857058,-3.5857055,-2.8857055,-2.8857055,-2.8857055,-3.1857057,-3.1857057,-3.1857057,-2.9857056,-3.1857057,-3.5857055,-3.9857056,-3.6857057,-3.1857057
-1.6857055,-0.28570557,1.1142944,1.2142944,0.51429445,0.014294433,-0.08570556,-0.08570556,0.51429445,-0.08570556,0.21429443,0.9142944,1.3142945,1.5142944,0.6142944,-0.38570556,-0.68570554,-1.8857056,-2.1857057,-2.4857056,-2.2857056,-2.6857057,-2.9857056,-2.4857056,-2.2857056,-2.0857055,-1.2857056,-1.5857055,-1.5857055,-0.38570556,0.6142944,1.0142944,1.2142944,-0.38570556,-1.2857056,-1.7857056,-2.5857055,-2.6857057,-3.5857055,-3.4857056,-4.1857057,-4.2857056,-3.5857055,-2.5857055,-2.2857056,-2.2857056,-1.6857055,-1.8857056,-2.6857057,-3.0857055,-3.0857055,-2.5857055,-3.2857056,-3.6857057,-4.0857058,-3.5857055,-3.4857056
-0.8857056,1.8142945,2.1142945,1.8142945,1.6142944,1.1142944,0.81429446,0.51429445,1.0142944,0.41429442,1.5142944,2.2142944,1.8142945,0.71429443,0.11429443,-0.68570554,-1.3857056,-2.9857056,-4.0857058,-3.9857056,-3.9857056,-3.4857056,-3.8857055,-4.1857057,-2.9857056,-2.3857055,-2.3857055,-1.5857055,-0.78570557,-0.38570556,-0.38570556,-1.0857055,-1.0857055,-1.0857055,-2.5857055,-2.2857056,-1.5857055,-2.7857056,-3.5857055,-3.9857056,-3.3857055,-2.7857056,-2.2857056,-0.98570555,-1.1857055,-1.3857056,-1.5857055,-2.4857056,-2.4857056,-3.1857057,-3.0857055,-3.8857055,-3.7857056,-3.6857057,-3.8857055,-2.7857056,-2.1857057
0.6142944,2.6142945,1.9142945,2.2142944,1.6142944,1.4142945,0.81429446,0.6142944,1.2142944,0.9142944,1.6142944,1.1142944,0.51429445,0.6142944,-1.0857055,-2.5857055,-2.8857055,-2.7857056,-3.0857055,-4.9857054,-5.4857054,-5.1857057,-4.4857054,-4.4857054,-5.3857055,-4.8857055,-2.7857056,-2.4857056,-2.2857056,-2.6857057,-3.6857057,-3.0857055,-2.7857056,-3.1857057,-3.1857057,-2.5857055,-2.9857056,-2.3857055,-2.7857056,-2.4857056,-2.3857055,-2.0857055,-2.0857055,-1.5857055,-2.5857055,-2.4857056,-2.4857056,-2.6857057,-2.6857057,-4.1857057,-5.2857056,-5.4857054,-4.7857056,-4.6857057,-3.4857056,-3.2857056,-1.6857055
1.6142944,1.7142944,1.6142944,0.9142944,1.7142944,-0.08570556,0.81429446,-0.48570555,0.51429445,1.1142944,2.0142944,1.6142944,0.31429443,-0.08570556,-0.68570554,-2.1857057,-3.1857057,-3.0857055,-2.8857055,-3.6857057,-4.8857055,-5.9857054,-6.0857058,-4.5857058,-4.5857058,-4.4857054,-4.5857058,-3.8857055,-2.4857056,-2.8857055,-4.1857057,-4.4857054,-2.9857056,-2.3857055,-2.5857055,-2.4857056,-2.6857057,-3.0857055,-2.9857056,-3.3857055,-3.8857055,-3.3857055,-3.1857057,-3.4857056,-3.1857057,-3.6857057,-3.2857056,-3.3857055,-3.0857055,-3.4857056,-4.3857055,-4.3857055,-4.6857057,-3.7857056,-3.1857057,-2.7857056,-1.1857055
2.0142944,1.3142945,0.81429446,0.21429443,0.51429445,0.014294433,-0.08570556,-0.5857056,1.4142945,1.5142944,2.2142944,2.5142944,1.0142944,-1.0857055,-3.0857055,-3.1857057,-2.7857056,-2.7857056,-4.6857057,-5.8857055,-5.5857058,-5.3857055,-4.6857057,-4.4857054,-3.9857056,-3.5857055,-2.8857055,-3.5857055,-4.4857054,-3.1857057,-1.1857055,-1.0857055,-0.8857056,-2.2857056,-1.6857055,-3.0857055,-3.3857055,-3.7857056,-4.1857057,-4.3857055,-4.3857055,-3.8857055,-3.9857056,-3.8857055,-4.1857057,-3.1857057,-2.5857055,-2.8857055,-2.8857055,-3.3857055,-3.6857057,-4.0857058,-3.3857055,-2.2857056,-2.5857055,-1.8857056,-1.4857056
2.5142944,1.7142944,0.9142944,1.5142944,0.71429443,1.6142944,1.5142944,1.7142944,3.0142944,2.9142945,2.0142944,0.9142944,0.21429443,-1.6857055,-2.9857056,-3.5857055,-4.0857058,-3.7857056,-4.4857054,-5.4857054,-4.9857054,-4.7857056,-4.8857055,-4.4857054,-2.8857055,-2.1857057,-1.8857056,-1.6857055,-2.0857055,-1.5857055,-2.1857057,-1.7857056,-2.1857057,-2.7857056,-3.4857056,-2.6857057,-2.4857056,-2.9857056,-3.2857056,-3.5857055,-3.9857056,-4.1857057,-4.5857058,-4.2857056,-3.6857057,-3.8857055,-2.9857056,-1.9857056,-1.3857056,-2.0857055,-2.7857056,-2.4857056,-2.1857057,-2.1857057,-1.7857056,-1.2857056,-2.4857056
2.0142944,2.3142943,1.9142945,2.1142945,1.3142945,1.2142944,1.1142944,1.4142945,2.4142945,2.6142945,1.4142945,0.31429443,-0.8857056,-1.3857056,-1.4857056,-3.1857057,-4.7857056,-5.6857057,-5.4857054,-5.2857056,-3.8857055,-3.4857056,-3.6857057,-3.5857055,-3.5857055,-2.8857055,-3.2857056,-3.0857055,-1.4857056,-1.1857055,-1.2857056,-1.0857055,-1.8857056,-2.3857055,-2.6857057,-2.0857055,-2.1857057,-2.1857057,-2.2857056,-2.0857055,-2.7857056,-3.0857055,-3.5857055,-3.5857055,-3.4857056,-2.4857056,-0.78570557,0.21429443,-0.18570557,-0.5857056,-1.3857056,-2.0857055,-2.6857057,-2.1857057,-2.2857056,-2.1857057,-1.6857055
2.0142944,1.9142945,1.5142944,1.2142944,1.2142944,1.3142945,1.0142944,1.5142944,1.5142944,1.0142944,0.81429446,0.11429443,-0.28570557,-0.98570555,-1.5857055,-2.7857056,-3.1857057,-3.7857056,-4.0857058,-3.5857055,-3.2857056,-4.3857055,-4.4857054,-5.5857058,-4.9857054,-4.4857054,-3.0857055,-2.0857055,-2.0857055,-2.7857056,-2.2857056,-1.5857055,-0.68570554,-0.8857056,-1.5857055,-1.2857056,-0.8857056,-2.4857056,-3.2857056,-3.0857055,-2.1857057,-1.6857055,-1.6857055,-0.98570555,-0.8857056,-0.28570557,0.71429443,0.31429443,-0.68570554,-0.5857056,-0.18570557,-0.78570557,-0.8857056,-1.1857055,-0.98570555,-0.28570557,1.0142944
2.3142943,1.8142945,2.0142944,2.4142945,1.8142945,1.3142945,1.3142945,1.2142944,0.014294433,-0.28570557,-0.78570557,-1.0857055,-0.78570557,-0.28570557,-1.9857056,-0.5857056,-0.68570554,-1.9857056,-3.5857055,-3.9857056,-3.6857057,-3.7857056,-4.2857056,-3.7857056,-3.7857056,-3.3857055,-3.3857055,-3.5857055,-4.4857054,-4.1857057,-3.5857055,-3.1857057,-3.0857055,-2.5857055,-2.0857055,-1.7857056,-1.4857056,-2.2857056,-2.7857056,-3.2857056,-2.7857056,-1.2857056,-0.28570557,0.71429443,0.014294433,0.014294433,-0.38570556,-0.28570557,0.31429443,0.014294433,0.11429443,-0.28570557,-0.28570557,0.014294433,0.11429443,0.81429446,0.6142944
2.3142943,2.8142943,3.2142944,2.5142944,1.9142945,1.8142945,1.3142945,0.014294433,-0.68570554,-0.8857056,-0.78570557,-0.78570557,-0.48570555,-0.68570554,-0.48570555,-0.18570557,-0.98570555,-1.2857056,-1.7857056,-1.5857055,-1.5857055,-2.5857055,-2.3857055,-2.3857055,-2.6857057,-2.5857055,-3.9857056,-4.2857056,-3.8857055,-4.4857054,-4.6857057,-4.5857058,-4.8857055,-4.5857058,-3.7857056,-2.7857056,-2.5857055,-2.3857055,-2.5857055,-2.0857055,-0.78570557,-0.38570556,-0.18570557,-0.48570555,-1.2857056,-0.68570554,-0.38570556,0.9142944,2.1142945,1.6142944,1.0142944,1.2142944,0.71429443,-0.08570556,-1.1857055,-2.0857055,-1.6857055
