views/data/weather/2019/10/01/0000-wind-isobaric-10hPa-gfs-1.0.json
{"header": { "discipline":0, "disciplineName":"Meteorological products", "gribEdition":2, "gribLength":43906, "center":7, "centerName":"US National Weather Service - NCEP(WMC)", "subcenter":0, "refTime":"2019-10-01T00:00:00.000Z", "significanceOfRT":1, "significanceOfRTName":"Start of forecast", "productStatus":0, "productStatusName":"Operational products", "productType":1, "productTypeName":"Forecast products", "productDefinitionTemplate":0, "productDefinitionTemplateName":"Analysis/forecast at horizontal level/layer at a point in time", "parameterCategory":2, "parameterCategoryName":"Momentum", "parameterNumber":2, "parameterNumberName":"U-component_of_wind", "parameterUnit":"m.s-1", "genProcessType":2, "genProcessTypeName":"Forecast", "forecastTime":0, "surface1Type":100, "surface1TypeName":"Isobaric surface", "surface1Value":1000.0, "surface2Type":255, "surface2TypeName":"Missing", "surface2Value":0.0, "gridDefinitionTemplate":0, "gridDefinitionTemplateName":"Latitude_Longitude", "numberPoints":65160, "shape":6, "shapeName":"Earth spherical with radius of 6,371,229.0 m", "gridUnits":"degrees", "resolution":48, "winds":"true", "scanMode":0, "nx":360, "ny":181, "basicAngle":0, "lo1":0.0, "la1":90.0, "lo2":359.0, "la2":-90.0, "dx":1.0, "dy":1.0 }, "data":
[rows 50 to 74 of 181, columns 228 to 284 of 360]
8.014295,7.7142944,6.8142943,7.9142942,7.7142944,7.7142944,7.4142942,7.3142943,6.1142945,5.3142943,5.1142945,5.1142945,5.0142946,4.7142944,5.6142945,5.9142942,6.2142944,5.4142942,4.5142946,4.7142944,4.6142945,4.3142943,3.8142943,4.5142946,3.7142944,3.5142944,2.7142944,2.1142945,1.4142945,1.5142944,3.3142943,3.2142944,3.9142945,4.3142943,5.1142945,6.4142942,6.9142942,8.214294,8.214294,5.5142946,4.1142945,3.7142944,4.6142945,5.0142946,4.6142945,4.4142942,4.3142943,4.5142946,5.7142944,7.2142944,7.1142945,6.5142946,6.3142943,7.8142943,7.4142942,8.114294,8.614294
5.8142943,4.8142943,5.5142946,6.3142943,6.5142946,5.9142942,5.4142942,5.2142944,3.9142945,4.9142942,3.8142943,4.1142945,4.7142944,4.0142946,4.2142944,4.4142942,3.5142944,3.5142944,3.1142945,3.8142943,3.4142945,4.0142946,3.6142945,4.1142945,4.3142943,3.9142945,3.5142944,3.2142944,2.7142944,2.8142943,1.9142945,1.3142945,1.7142944,2.6142945,3.5142944,4.8142943,5.2142944,4.4142942,4.5142946,3.1142945,2.1142945,3.0142944,3.3142943,3.5142944,2.8142943,2.4142945,3.0142944,3.5142944,4.7142944,5.3142943,6.5142946,6.4142942,6.4142942,7.0142946,8.114294,8.514295,8.414294
2.0142944,2.0142944,3.1142945,3.2142944,3.8142943,2.9142945,2.5142944,3.5142944,2.9142945,3.0142944,2.9142945,3.4142945,3.8142943,2.9142945,2.7142944,2.5142944,3.0142944,2.2142944,2.3142943,2.6142945,3.6142945,3.1142945,3.5142944,4.3142943,3.8142943,4.1142945,3.9142945,3.7142944,2.5142944,1.7142944,0.9142944,0.21429443,0.21429443,0.9142944,1.8142945,0.9142944,1.3142945,0.9142944,1.3142945,1.5142944,1.2142944,1.5142944,1.7142944,2.7142944,2.4142945,2.5142944,2.9142945,3.8142943,4.8142943,4.5142946,6.0142946,6.5142946,6.4142942,7.4142942,8.614294,8.814295,8.814295
-1.4857056,-0.38570556,0.71429443,0.41429442,0.31429443,0.41429442,0.11429443,0.21429443,0.11429443,0.51429445,0.51429445,0.71429443,1.1142944,1.1142944,0.9142944,1.5142944,1.3142945,0.41429442,0.81429446,0.6142944,0.81429446,0.71429443,1.9142945,2.0142944,2.9142945,3.6142945,3.7142944,2.5142944,1.9142945,0.014294433,-0.18570557,-0.8857056,-0.78570557,-0.08570556,0.11429443,0.014294433,-0.5857056,0.21429443,0.71429443,1.7142944,1.0142944,0.51429445,1.2142944,1.1142944,1.3142945,2.4142945,3.5142944,4.6142945,4.5142946,4.2142944,5.9142942,6.6142945,6.7142944,8.114294,8.514295,8.014295,8.614294
-3.4857056,-2.6857057,-2.1857057,-2.4857056,-3.1857057,-2.9857056,-3.1857057,-3.1857057,-2.6857057,-2.2857056,-2.7857056,-2.9857056,-2.3857055,-1.6857055,-1.2857056,-1.0857055,-1.2857056,-1.1857055,-1.2857056,-1.6857055,-1.5857055,-0.48570555,0.81429446,1.9142945,2.0142944,1.9142945,1.7142944,2.4142945,1.6142944,-0.18570557,-0.8857056,-1.2857056,-0.18570557,0.014294433,-0.18570557,0.51429445,0.11429443,1.5142944,1.5142944,0.81429446,0.6142944,0.014294433,0.31429443,0.51429445,1.2142944,3.0142944,3.7142944,3.2142944,4.5142946,4.7142944,5.7142944,6.1142945,6.9142942,8.114294,6.6142945,8.514295,9.214294
-5.9857054,-6.0857058,-5.9857054,-6.2857056,-6.5857058,-6.4857054,-5.9857054,-5.9857054,-6.0857058,-6.3857055,-6.3857055,-5.8857055,-4.8857055,-3.7857056,-2.9857056,-2.9857056,-2.8857055,-2.8857055,-2.9857056,-2.1857057,-1.9857056,-1.0857055,-0.28570557,-0.8857056,-0.08570556,0.6142944,1.0142944,1.0142944,0.51429445,-0.28570557,-0.98570555,-0.8857056,-1.7857056,-0.78570557,-0.48570555,0.41429442,0.6142944,1.5142944,-0.18570557,-0.5857056,-0.48570555,-0.48570555,0.51429445,1.3142945,1.6142944,2.1142945,2.1142945,2.8142943,3.2142944,3.0142944,3.6142945,6.1142945,6.8142943,5.4142942,5.3142943,6.9142942,7.2142944
-10.085706,-10.385706,-9.585706,-9.785706,-9.785706,-9.285706,-8.885706,-9.085706,-8.885706,-9.085706,-8.485705,-6.9857054,-6.1857057,-5.3857055,-5.4857054,-5.0857058,-4.4857054,-4.1857057,-4.4857054,-3.9857056,-2.8857055,-3.4857056,-3.1857057,-1.9857056,-0.98570555,0.11429443,-0.28570557,-1.1857055,-0.5857056,-0.5857056,-1.0857055,-1.0857055,-1.9857056,-0.28570557,-1.2857056,0.11429443,0.31429443,0.014294433,-1.0857055,-0.98570555,-1.6857055,-0.78570557,-0.68570554,-0.78570557,-1.1857055,0.51429445,0.31429443,1.1142944,0.9142944,1.2142944,2.3142943,4.1142945,3.4142945,3.2142944,4.6142945,5.9142942,5.3142943
-13.385706,-13.285706,-12.885706,-12.085706,-11.785706,-11.585706,-10.685705,-10.385706,-10.585706,-10.485705,-9.585706,-8.885706,-8.485705,-7.9857054,-7.7857056,-6.5857058,-6.2857056,-5.7857056,-5.5857058,-4.9857054,-5.4857054,-5.2857056,-4.3857055,-3.7857056,-2.2857056,-1.2857056,-2.7857056,-3.4857056,-2.6857057,-2.5857055,-1.1857055,-0.48570555,-1.6857055,-1.3857056,-0.68570554,0.014294433,0.11429443,0.41429442,-0.68570554,-2.1857057,-2.3857055,-1.4857056,-2.1857057,-2.1857057,-1.9857056,-0.5857056,-0.68570554,-0.98570555,-1.2857056,-0.28570557,0.71429443,2.5142944,1.4142945,2.5142944,2.8142943,1.9142945,0.81429446
-15.285706,-15.185705,-14.285706,-13.185705,-12.485705,-11.685705,-11.385706,-11.785706,-11.385706,-10.885706,-10.885706,-10.685705,-10.285706,-10.085706,-9.285706,-8.985705,-7.6857057,-7.2857056,-7.2857056,-6.5857058,-6.2857056,-6.6857057,-5.4857054,-4.0857058,-3.6857057,-4.0857058,-6.2857056,-5.2857056,-4.2857056,-3.3857055,-2.3857055,-1.6857055,-0.5857056,-0.98570555,-1.6857055,-0.08570556,1.2142944,1.6142944,0.014294433,-1.5857055,-1.7857056,-2.3857055,-2.2857056,-2.2857056,-2.1857057,-2.6857057,-2.4857056,-1.7857056,-2.1857057,-0.5857056,0.51429445,-0.48570555,-1.5857055,-1.3857056,-2.1857057,-2.8857055,-3.5857055
-16.785706,-15.885706,-14.985705,-14.085706,-12.985705,-12.285706,-11.985705,-11.685705,-11.285706,-11.185705,-11.985705,-12.085706,-11.885706,-11.185705,-10.685705,-9.985705,-9.885706,-8.585706,-7.7857056,-7.1857057,-6.1857057,-7.2857056,-6.9857054,-5.0857058,-4.4857054,-5.7857056,-7.2857056,-6.3857055,-5.7857056,-4.4857054,-4.3857055,-1.5857055,-0.18570557,-0.48570555,0.11429443,1.1142944,0.9142944,0.71429443,0.6142944,-1.5857055,-2.8857055,-4.2857056,-4.5857058,-5.2857056,-5.4857054,-5.2857056,-3.9857056,-4.3857055,-4.5857058,-3.7857056,-4.0857058,-3.9857056,-4.7857056,-5.3857055,-5.4857054,-4.6857057,-5.7857056
-16.185705,-15.385706,-14.385706,-13.885706,-12.985705,-11.985705,-11.985705,-11.685705,-11.485705,-11.385706,-12.785706,-12.485705,-11.985705,-11.785706,-10.785706,-10.985705,-9.885706,-8.585706,-7.5857058,-8.085706,-7.1857057,-8.185705,-8.085706,-7.7857056,-6.5857058,-5.9857054,-6.0857058,-7.2857056,-7.6857057,-5.9857054,-3.8857055,-1.6857055,-0.8857056,-2.7857056,-2.2857056,-0.18570557,-0.5857056,0.41429442,-0.98570555,-3.6857057,-6.7857056,-7.1857057,-6.7857056,-8.085706,-8.985705,-7.7857056,-7.8857055,-7.7857056,-7.1857057,-7.1857057,-7.3857055,-6.8857055,-6.7857056,-6.8857055,-6.9857054,-8.185705,-8.885706
-15.685705,-14.885706,-14.385706,-13.985705,-13.185705,-11.785706,-11.585706,-11.685705,-11.085706,-11.885706,-12.585706,-12.085706,-12.285706,-11.485705,-11.085706,-10.285706,-9.185705,-10.185705,-10.485705,-10.785706,-10.785706,-10.085706,-11.285706,-8.185705,-8.685705,-8.585706,-8.185705,-8.285706,-9.585706,-8.885706,-6.1857057,-4.9857054,-5.1857057,-5.4857054,-4.9857054,-3.9857056,-0.8857056,-2.5857055,-4.4857054,-6.9857054,-8.785706,-9.385706,-9.385706,-10.785706,-10.485705,-10.185705,-10.885706,-10.385706,-9.185705,-9.085706,-8.485705,-8.085706,-8.285706,-9.185705,-9.985705,-10.985705,-11.985705
-15.185705,-15.185705,-14.685705,-13.685705,-12.085706,-11.985705,-11.485705,-11.385706,-12.585706,-12.685705,-12.585706,-12.485705,-12.485705,-12.485705,-11.885706,-11.585706,-13.085706,-13.185705,-14.685705,-15.285706,-13.985705,-14.185705,-12.585706,-11.885706,-12.385706,-9.385706,-9.585706,-9.285706,-10.885706,-12.885706,-9.285706,-9.985705,-8.585706,-8.485705,-7.8857055,-6.5857058,-6.0857058,-7.9857054,-8.685705,-8.785706,-8.985705,-12.385706,-11.885706,-12.185705,-10.585706,-9.785706,-11.285706,-11.585706,-9.985705,-9.885706,-10.185705,-11.285706,-11.385706,-11.485705,-11.885706,-13.285706,-13.885706
-16.685705,-17.385706,-16.785706,-14.985705,-14.385706,-14.085706,-13.485705,-14.185705,-13.885706,-14.585706,-14.885706,-14.485705,-14.385706,-15.185705,-14.485705,-15.185705,-15.485705,-16.185705,-17.085705,-16.885706,-17.185705,-15.785706,-14.785706,-14.585706,-13.485705,-10.985705,-11.685705,-10.985705,-12.585706,-15.785706,-14.585706,-13.885706,-9.985705,-9.185705,-12.085706,-10.385706,-9.985705,-9.985705,-8.985705,-10.485705,-11.585706,-14.285706,-13.685705,-13.185705,-11.485705,-11.685705,-13.185705,-13.385706,-12.885706,-12.685705,-12.585706,-14.585706,-14.785706,-14.485705,-14.685705,-16.285706,-17.985706
-19.285706,-18.885706,-18.985706,-17.085705,-17.385706,-16.885706,-16.485706,-15.685705,-16.085705,-16.885706,-16.885706,-15.785706,-16.985706,-17.185705,-17.085705,-17.285706,-16.285706,-16.085705,-19.285706,-19.785706,-19.385706,-17.385706,-17.385706,-14.285706,-14.285706,-14.285706,-14.385706,-13.885706,-14.785706,-17.385706,-17.785706,-15.385706,-11.985705,-11.185705,-12.485705,-13.385706,-11.285706,-12.785706,-12.385706,-14.685705,-16.785706,-16.185705,-16.085705,-13.585706,-13.985705,-15.085706,-15.985705,-16.285706,-14.985705,-15.085706,-16.685705,-17.985706,-18.685705,-18.685705,-18.585705,-20.085705,-20.985706
-21.285706,-21.385706,-21.385706,-21.285706,-20.785706,-20.085705,-18.685705,-17.785706,-18.185705,-19.085705,-17.585705,-17.585705,-18.185705,-19.285706,-18.185705,-18.685705,-17.485706,-18.385706,-19.585705,-21.885706,-19.385706,-19.885706,-16.585705,-14.985705,-16.285706,-15.685705,-16.085705,-15.685705,-17.885706,-18.685705,-17.885706,-16.585705,-16.285706,-14.285706,-13.385706,-13.085706,-14.385706,-17.785706,-16.985706,-17.085705,-20.185705,-19.785706,-17.885706,-15.185705,-16.485706,-18.785706,-19.085705,-18.885706,-18.885706,-19.185705,-20.685705,-20.885706,-21.985706,-22.285706,-23.185705,-22.985706,-23.985706
-23.485706,-23.685705,-23.885706,-23.285706,-22.485706,-22.085705,-21.485706,-21.185705,-20.885706,-20.185705,-19.185705,-17.885706,-18.785706,-20.485706,-21.385706,-19.185705,-20.685705,-19.885706,-21.385706,-21.385706,-22.485706,-20.185705,-15.785706,-13.685705,-17.385706,-19.085705,-17.285706,-17.985706,-19.085705,-22.185705,-18.985706,-19.185705,-18.085705,-15.285706,-17.485706,-15.185705,-19.885706,-20.685705,-19.885706,-19.285706,-21.485706,-21.585705,-20.485706,-20.085705,-19.685705,-21.485706,-21.285706,-21.885706,-21.985706,-21.985706,-23.485706,-24.985706,-25.185705,-25.885706,-25.085705,-25.585705,-26.285706
-24.885706,-25.385706,-24.685705,-24.285706,-24.085705,-24.085705,-22.785706,-22.085705,-22.085705,-21.685705,-20.485706,-19.885706,-21.785706,-21.385706,-21.785706,-21.985706,-20.685705,-22.285706,-20.485706,-23.585705,-22.685705,-22.085705,-17.785706,-15.385706,-16.985706,-20.985706,-19.585705,-20.585705,-20.085705,-26.285706,-22.385706,-22.085705,-19.485706,-19.685705,-21.185705,-22.385706,-23.685705,-22.585705,-22.385706,-23.385706,-23.685705,-22.685705,-24.885706,-24.685705,-24.685705,-23.885706,-23.985706,-24.185705,-24.185705,-25.085705,-27.485706,-28.385706,-27.785706,-26.985706,-26.985706,-27.385706,-28.385706
-25.685705,-25.785706,-25.285706,-25.985706,-25.485706,-24.385706,-23.485706,-22.985706,-22.585705,-23.685705,-22.685705,-23.885706,-22.585705,-22.085705,-22.785706,-24.085705,-23.285706,-20.885706,-22.385706,-23.485706,-24.685705,-22.685705,-20.585705,-17.685705,-18.685705,-23.785706,-21.485706,-20.985706,-21.785706,-27.985706,-25.985706,-22.485706,-22.485706,-23.285706,-27.085705,-26.985706,-26.485706,-25.185705,-25.685705,-26.185705,-26.085705,-24.885706,-26.685705,-28.485706,-27.585705,-26.585705,-26.585705,-27.385706,-27.485706,-28.685705,-30.585705,-31.085705,-29.985706,-29.785706,-29.785706,-29.385706,-29.885706
-26.185705,-26.185705,-26.885706,-25.785706,-26.285706,-27.285706,-26.385706,-25.385706,-24.085705,-24.685705,-25.285706,-25.085705,-24.485706,-24.685705,-25.485706,-26.785706,-23.885706,-22.585705,-24.285706,-24.385706,-24.585705,-24.285706,-21.485706,-21.185705,-20.685705,-23.385706,-22.385706,-22.485706,-26.585705,-28.985706,-28.485706,-23.185705,-24.285706,-28.085705,-29.185705,-29.385706,-29.685705,-26.285706,-29.085705,-29.785706,-27.885706,-26.885706,-27.585705,-29.685705,-29.985706,-29.385706,-30.785706,-29.985706,-29.185705,-31.085705,-32.585705,-32.285706,-32.385704,-32.585705,-32.185707,-32.485706,-30.485706
-26.785706,-27.685705,-28.285706,-27.985706,-27.685705,-28.085705,-28.385706,-28.185705,-27.285706,-26.185705,-27.085705,-26.185705,-28.285706,-25.085705,-27.685705,-27.985706,-24.885706,-24.485706,-28.285706,-26.985706,-25.285706,-25.885706,-22.285706,-21.985706,-22.785706,-26.185705,-23.885706,-24.185705,-29.585705,-32.385704,-30.585705,-27.085705,-27.185705,-28.885706,-30.585705,-31.585705,-31.285706,-30.985706,-30.685705,-31.485706,-29.885706,-27.785706,-29.785706,-29.885706,-31.785706,-31.985706,-32.485706,-33.385704,-31.985706,-32.385704,-33.585705,-34.585705,-35.085705,-35.585705,-34.685707,-33.785706,-32.885704
-28.385706,-29.885706,-30.085705,-30.585705,-29.485706,-29.685705,-29.485706,-30.585705,-29.185705,-28.385706,-27.885706,-28.085705,-30.285706,-27.585705,-31.385706,-28.785706,-27.485706,-27.385706,-30.185705,-28.285706,-27.285706,-26.785706,-23.885706,-24.385706,-25.085705,-27.085705,-23.985706,-24.885706,-29.185705,-34.185707,-31.485706,-29.485706,-28.885706,-30.385706,-32.785706,-33.985706,-32.685707,-33.085705,-32.085705,-32.985706,-32.285706,-30.785706,-30.885706,-31.785706,-32.085705,-33.385704,-34.185707,-35.385704,-34.985706,-34.485706,-35.985706,-37.185707,-36.385704,-37.285706,-36.885704,-35.985706,-35.685707
-30.385706,-30.585705,-31.685705,-31.685705,-31.585705,-32.585705,-31.085705,-31.185705,-32.085705,-28.685705,-28.285706,-31.985706,-32.185707,-31.785706,-32.285706,-30.185705,-31.285706,-30.385706,-30.385706,-28.685705,-28.685705,-29.885706,-26.685705,-26.385706,-26.585705,-28.885706,-26.485706,-26.985706,-29.585705,-34.085705,-35.385704,-31.285706,-29.785706,-30.385706,-34.885704,-35.785706,-34.985706,-34.285706,-32.385704,-31.585705,-34.285706,-33.285706,-34.085705,-33.285706,-34.485706,-33.785706,-34.685707,-36.785706,-37.585705,-37.085705,-37.585705,-39.085705,-37.785706,-39.385704,-39.785706,-37.885704,-36.685707
-32.585705,-31.785706,-32.985706,-33.385704,-33.385704,-33.185707,-33.485706,-32.785706,-32.185707,-30.085705,-31.085705,-33.985706,-32.985706,-32.085705,-32.285706,-30.685705,-33.585705,-30.885706,-29.885706,-30.085705,-29.985706,-30.285706,-29.385706,-28.385706,-29.185705,-31.585705,-29.485706,-28.085705,-29.685705,-32.585705,-36.085705,-32.285706,-32.085705,-30.785706,-34.485706,-37.585705,-35.085705,-33.485706,-33.385704,-31.685705,-35.485706,-35.785706,-35.685707,-35.185707,-35.485706,-34.885704,-35.185707,-37.685707,-38.185707,-38.085705,-38.185707,-39.985706,-39.285706,-39.885704,-40.485706,-39.985706,-37.585705
-33.585705,-33.485706,-33.685707,-35.485706,-34.385704,-34.385704,-35.085705,-33.585705,-33.185707,-31.585705,-33.085705,-35.785706,-34.885704,-33.085705,-32.685707,-33.285706,-33.185707,-31.985706,-32.385704,-31.585705,-32.085705,-31.085705,-30.985706,-32.985706,-31.885706,-32.585705,-32.485706,-31.585705,-30.385706,-31.185705,-34.685707,-33.985706,-33.085705,-31.385706,-34.185707,-36.785706,-36.085705,-34.185707,-34.085705,-32.585705,-35.685707,-36.085705,-37.285706,-36.085705,-36.185707,-36.585705,-37.185707,-38.085705,-38.685707,-38.885704,-38.585705,-39.585705,-39.785706,-39.585705,-40.985706,-40.385704,-40.185707
