views/data/weather/2019/10/01/0000-wind-isobaric-850hPa-gfs-1.0.json
{"header": { "discipline":0, "disciplineName":"Meteorological products", "gribEdition":2, "gribLength":79319, "center":7, "centerName":"US National Weather Service - NCEP(WMC)", "subcenter":0, "refTime":"2019-10-01T00:00:00.000Z", "significanceOfRT":1, "significanceOfRTName":"Start of forecast", "productStatus":0, "productStatusName":"Operational products", "productType":1, "productTypeName":"Forecast products", "productDefinitionTemplate":0, "productDefinitionTemplateName":"Analysis/forecast at horizontal level/layer at a point in time", "parameterCategory":2, "parameterCategoryName":"Momentum", "parameterNumber":2, "parameterNumberName":"U-component_of_wind", "parameterUnit":"m.s-1", "genProcessType":2, "genProcessTypeName":"Forecast", "forecastTime":0, "surface1Type":100, "surface1TypeName":"Isobaric surface", "surface1Value":85000.0, "surface2Type":255, "surface2TypeName":"Missing", "surface2Value":0.0, "gridDefinitionTemplate":0, "gridDefinitionTemplateName":"Latitude_Longitude", "numberPoints":65160, "shape":6, "shapeName":"Earth spherical with radius of 6,371,229.0 m", "gridUnits":"degrees", "resolution":48, "winds":"true", "scanMode":0, "nx":360, "ny":181, "basicAngle":0, "lo1":0.0, "la1":90.0, "lo2":359.0, "la2":-90.0, "dx":1.0, "dy":1.0 }, "data":
[rows 52 to 77 of 181, columns 240 to 299 of 360]
3.057854,2.727854,-2.072146,-0.292146,4.077854,1.437854,3.797854,6.667854,4.197854,3.017854,4.867854,3.827854,-0.472146,1.557854,4.777854,5.337854,2.837854,2.207854,2.107854,3.467854,5.087854,6.057854,6.987854,6.887854,7.797854,8.377854,7.347854,5.427854,6.777854,6.227854,6.117854,5.097854,6.087854,5.467854,3.087854,4.767854,5.847854,6.027854,4.447854,1.117854,2.877854,3.717854,4.617854,2.437854,3.587854,-2.572146,-2.422146,-2.762146,-3.502146,-3.922146,-4.362146,-4.372146,-4.162146,-3.932146,-4.672146,-3.952146,-0.60214597,2.367854,3.517854,3.687854
2.827854,1.477854,-2.802146,-1.102146,3.727854,-4.232146,2.857854,6.077854,8.447854,3.237854,5.667854,2.847854,2.367854,2.237854,2.667854,4.327854,1.297854,1.437854,3.097854,3.507854,5.387854,5.287854,6.867854,7.107854,7.747854,7.327854,7.347854,3.137854,5.047854,5.157854,4.467854,4.027854,3.607854,4.537854,4.537854,3.517854,1.1778541,1.107854,0.067854,-0.772146,1.837854,2.687854,3.397854,1.787854,-1.062146,-2.512146,-3.722146,-4.132146,-4.912146,-3.902146,-4.232146,-3.572146,-4.192146,-4.812146,-4.842146,-2.942146,-4.562146,-4.632146,-4.142146,-1.812146
3.727854,2.457854,1.467854,1.587854,-0.872146,4.617854,1.357854,4.247854,5.517854,4.237854,7.167854,5.407854,5.177854,-0.962146,3.107854,-3.942146,1.257854,2.967854,2.917854,2.757854,1.887854,2.987854,4.977854,7.507854,5.477854,5.067854,3.987854,2.007854,4.037854,2.987854,0.947854,1.207854,1.847854,1.197854,1.047854,1.807854,-0.22214599,2.157854,-0.092145994,-0.302146,-1.552146,0.95785403,2.027854,-1.632146,-1.832146,-2.232146,-3.212146,-4.122146,-2.902146,-0.882146,-1.502146,-0.652146,-1.902146,-3.182146,-5.042146,-3.592146,-5.892146,-7.642146,-7.582146,-7.332146
-0.992146,3.237854,10.147854,10.547854,1.807854,2.787854,0.457854,2.617854,1.207854,4.437854,4.897854,7.427854,3.237854,2.487854,1.577854,-2.882146,-4.492146,0.477854,1.187854,-0.902146,0.407854,1.817854,2.787854,5.327854,5.187854,1.097854,0.097854,1.577854,3.507854,1.967854,-1.082146,-1.722146,1.797854,-1.622146,1.867854,-0.102146,1.797854,-0.702146,1.457854,0.017854003,1.217854,-0.582146,-3.392146,-3.492146,-2.962146,-3.002146,-3.612146,-1.902146,-2.172146,-1.522146,-3.392146,-2.122146,-2.792146,-5.442146,-7.312146,-6.902146,-6.432146,-5.082146,-2.732146,-1.932146
0.767854,1.827854,-0.562146,3.657854,2.667854,1.957854,2.017854,1.117854,2.827854,2.297854,1.827854,0.817854,3.617854,0.16785401,2.657854,-2.812146,-0.022145996,-0.342146,-1.312146,-0.502146,-0.262146,0.037854005,2.087854,3.747854,1.157854,-2.692146,0.547854,0.437854,1.1778541,-1.062146,-2.532146,-4.852146,-1.772146,-1.442146,-0.932146,0.547854,-2.212146,2.727854,1.447854,-0.572146,-1.982146,-5.192146,-5.412146,-4.062146,-3.032146,-4.282146,-6.512146,-5.162146,-6.412146,-7.242146,-8.532146,-8.522146,-8.922146,-9.472146,-7.252146,-5.432146,-6.342146,-6.022146,-4.532146,-3.612146
3.917854,4.887854,3.597854,4.007854,7.127854,9.107854,2.857854,1.9278541,1.327854,3.707854,2.467854,3.527854,1.137854,0.657854,-1.332146,0.007854003,-0.932146,-4.282146,-1.292146,-1.392146,-1.252146,-1.862146,1.187854,-0.762146,-0.40214598,-1.462146,-3.502146,1.567854,-4.842146,-5.132146,-2.142146,-1.662146,-6.292146,-5.582146,-3.772146,-2.862146,-3.292146,-2.082146,-2.872146,-2.042146,-4.912146,-8.362146,-7.422146,-6.232146,-6.162146,-6.412146,-7.022146,-8.452146,-8.562146,-10.732146,-12.042146,-11.122146,-9.902146,-7.102146,-6.892146,-7.252146,-7.152146,-6.432146,-5.932146,-4.242146
6.957854,6.747854,4.397854,5.177854,6.237854,6.827854,7.227854,-0.102146,2.777854,4.357854,4.677854,0.257854,-1.602146,-4.242146,-0.692146,-4.582146,-5.282146,-7.142146,-3.962146,-2.932146,-3.402146,-3.072146,-3.182146,-1.592146,-2.122146,-2.952146,-1.732146,-4.142146,-3.572146,-1.862146,-4.912146,-4.842146,-7.322146,-5.532146,-4.742146,-4.332146,-6.152146,-5.412146,-4.222146,-6.542146,-10.292146,-10.482146,-8.392146,-8.832146,-9.592146,-8.052146,-8.192146,-7.872146,-7.982146,-9.902146,-11.152146,-9.852146,-8.502146,-7.262146,-7.282146,-7.772146,-7.562146,-6.332146,-5.072146,-4.652146
6.277854,5.407854,4.217854,5.227854,3.027854,4.007854,3.987854,0.797854,3.307854,4.137854,3.227854,2.147854,-3.192146,-2.172146,-1.842146,-2.792146,-3.662146,-8.612146,-7.382146,-4.112146,-4.372146,-3.802146,-3.172146,-2.922146,-1.932146,-3.612146,-4.232146,-2.922146,-2.542146,-7.182146,-3.012146,-5.982146,-7.842146,-7.122146,-5.782146,-4.712146,-7.972146,-7.482146,-9.102146,-10.302146,-10.642146,-10.302146,-10.202146,-10.562146,-11.612146,-10.782146,-10.292146,-9.132146,-10.502146,-9.842146,-6.992146,-4.962146,-4.312146,-6.802146,-5.592146,-4.922146,-5.232146,-3.382146,-3.212146,-2.372146
3.847854,3.407854,4.097854,5.467854,5.897854,5.577854,8.117854,6.017854,1.837854,2.087854,4.797854,1.937854,0.467854,-0.472146,-4.292146,-4.322146,-6.232146,-11.752146,-8.672146,-5.752146,-4.912146,-4.732146,-3.322146,-3.902146,-4.702146,-4.452146,-7.652146,-6.682146,-4.172146,-5.712146,-4.792146,-8.882146,-9.682146,-9.042146,-8.812146,-5.182146,-7.142146,-7.682146,-10.402146,-10.062146,-11.052146,-10.982146,-10.562146,-10.922146,-12.492146,-12.112146,-10.382146,-6.972146,-2.352146,-1.152146,-0.492146,-2.102146,-2.922146,-3.452146,-1.652146,0.667854,0.16785401,-1.652146,-1.422146,-2.492146
1.627854,2.937854,4.317854,5.317854,4.307854,4.617854,4.567854,3.717854,2.597854,0.267854,3.147854,3.077854,0.527854,-2.652146,-2.772146,-5.652146,-3.942146,-8.662146,-4.732146,-6.662146,-6.732146,-4.742146,-5.232146,-5.342146,-5.882146,-5.122146,-7.822146,-7.652146,-6.052146,-6.452146,-6.752146,-7.552146,-9.022146,-11.672146,-11.222146,-9.612146,-11.582146,-9.742146,-12.162146,-11.232146,-10.262146,-10.482146,-11.102146,-12.032146,-11.712146,-9.742146,-5.622146,-7.152146,-8.572146,-8.272146,-7.312146,-5.072146,-3.702146,-2.292146,-1.562146,0.34785402,-0.43214598,1.147854,1.367854,1.267854
0.937854,1.717854,2.967854,4.547854,5.337854,4.677854,2.987854,2.497854,3.857854,1.637854,0.947854,1.467854,1.467854,-6.322146,-5.112146,-6.102146,-5.802146,-9.212146,-4.372146,-9.842146,-7.582146,-6.932146,-5.652146,-6.652146,-7.052146,-7.352146,-9.072146,-8.932146,-8.142146,-8.282146,-9.282146,-9.962146,-9.282146,-9.472146,-10.122146,-11.662146,-13.512146,-11.572146,-11.332146,-11.782146,-11.662146,-11.382146,-12.072146,-12.052146,-9.222146,-9.752146,-9.112146,-8.462146,-8.532146,-7.802146,-6.882146,-5.952146,-4.642146,-3.272146,-1.582146,-0.282146,0.937854,2.697854,3.917854,2.627854
1.937854,2.767854,3.817854,4.537854,5.627854,5.227854,3.597854,1.337854,2.327854,3.597854,0.467854,-0.232146,2.777854,2.127854,-6.382146,-6.382146,-10.062146,-8.032146,-8.422146,-6.722146,-9.202146,-8.012146,-5.362146,-6.602146,-7.692146,-7.262146,-8.542146,-8.662146,-8.562146,-9.822146,-10.272146,-11.392146,-11.642146,-11.012146,-13.082146,-12.092146,-13.372146,-13.642146,-13.232146,-12.122146,-11.652146,-12.502146,-11.752146,-11.352146,-8.762146,-7.432146,-10.462146,-8.192146,-8.342146,-8.772146,-6.552146,-4.132146,-3.162146,-2.702146,-1.752146,1.077854,2.257854,2.877854,3.457854,3.337854
2.227854,2.487854,4.157854,5.007854,5.467854,4.987854,2.257854,1.437854,0.657854,2.477854,2.527854,-2.232146,-1.962146,1.9278541,-1.202146,-4.872146,-9.112146,-7.192146,-6.372146,-10.252146,-8.972146,-4.922146,-5.702146,-7.062146,-8.062146,-8.842146,-7.442146,-6.942146,-9.172146,-9.502146,-10.402146,-11.862146,-12.392146,-13.032146,-13.932146,-12.212146,-12.112146,-12.332146,-12.092146,-11.972146,-12.222146,-12.472146,-11.512146,-10.862146,-8.382146,-5.922146,-3.112146,-3.802146,-3.532146,-3.562146,-3.172146,-4.432146,-2.392146,-0.552146,0.237854,-0.092145994,1.147854,2.027854,2.617854,2.957854
2.197854,3.117854,3.697854,5.097854,5.277854,4.687854,3.677854,2.857854,1.207854,0.087854005,2.067854,-3.832146,-17.512146,-7.792146,2.617854,1.567854,1.6778541,-4.942146,-4.252146,-5.462146,-1.982146,-4.682146,-5.112146,-6.862146,-8.902146,-8.332146,-7.942146,-7.912146,-8.532146,-9.092146,-11.162146,-12.322146,-12.182146,-9.842146,-10.732146,-13.372146,-13.152146,-11.962146,-11.552146,-12.882146,-12.602146,-10.962146,-9.772146,-6.642146,-5.112146,-5.112146,-4.592146,-1.602146,-0.192146,-0.022145996,-2.952146,-1.772146,-2.222146,-1.642146,-0.392146,1.267854,1.967854,3.507854,3.897854,2.937854
6.377854,5.677854,5.427854,6.587854,5.927854,5.477854,4.027854,3.357854,1.477854,-2.262146,-0.492146,2.257854,14.637854,-4.512146,-0.342146,3.707854,3.437854,-2.732146,-4.892146,-4.862146,-3.392146,-2.642146,-5.662146,-5.372146,-7.462146,-9.682146,-9.592146,-9.022146,-8.672146,-9.082146,-9.752146,-11.912146,-13.482146,-11.702146,-10.512146,-11.892146,-14.112146,-15.462146,-14.592146,-14.722146,-12.002146,-8.952146,-5.282146,-4.272146,-6.152146,-2.952146,-4.942146,-5.992146,-4.432146,-4.722146,-3.392146,-1.872146,-0.212146,0.797854,1.327854,3.827854,3.157854,3.077854,3.267854,2.567854
6.987854,7.217854,7.597854,7.817854,6.487854,5.557854,4.567854,3.317854,0.377854,-1.902146,-0.372146,7.967854,8.227854,5.797854,1.357854,-0.46214598,1.737854,-0.392146,-3.722146,-3.992146,-4.642146,-4.222146,-5.682146,-6.942146,-7.812146,-8.282146,-9.622146,-10.142146,-9.462146,-10.502146,-7.832146,-6.542146,-7.372146,-7.572146,-8.912146,-11.582146,-13.412146,-12.742146,-12.442146,-11.502146,-9.732146,-9.622146,-7.882146,-5.832146,-3.222146,-3.952146,-4.832146,-3.422146,-4.292146,-4.242146,-3.172146,-0.572146,-1.252146,1.107854,2.857854,4.337854,4.667854,3.817854,3.277854,2.857854
7.627854,7.537854,8.087854,7.007854,5.767854,5.157854,4.097854,2.117854,0.21785401,-0.812146,-0.392146,-0.932146,0.95785403,3.157854,2.517854,2.587854,1.227854,-1.662146,0.597854,-3.512146,-6.842146,-7.132146,-7.952146,-7.252146,-8.762146,-7.622146,-7.622146,-8.592146,-9.162146,-8.622146,-10.022146,-8.142146,-7.452146,-7.372146,-8.732146,-8.732146,-10.382146,-10.072146,-10.732146,-12.502146,-12.602146,-9.532146,-10.182146,-5.542146,-2.032146,-2.962146,-2.962146,-3.352146,-2.842146,-1.8221459,-0.052145995,1.777854,4.107854,4.607854,4.057854,4.617854,3.267854,2.777854,2.907854,2.217854
6.667854,7.137854,7.637854,6.517854,3.957854,2.917854,2.927854,0.827854,0.95785403,-1.622146,-0.362146,2.137854,-0.042145997,0.757854,1.567854,0.067854,1.487854,-0.522146,-1.392146,0.187854,-1.452146,-2.822146,-4.042146,-6.292146,-6.242146,-5.762146,-6.282146,-7.262146,-7.302146,-6.552146,-5.412146,-5.552146,-3.792146,-7.752146,-8.962146,-9.632146,-8.122146,-8.212146,-7.132146,-10.032146,-8.932146,-7.282146,-4.962146,-4.902146,-0.802146,-1.192146,-0.40214598,0.21785401,3.207854,1.197854,1.397854,2.287854,3.277854,4.807854,4.327854,3.617854,3.577854,3.557854,3.227854,3.027854
3.847854,5.807854,5.057854,4.087854,3.927854,2.077854,1.397854,1.017854,1.267854,1.137854,-0.362146,0.237854,0.147854,-0.732146,-3.612146,-1.782146,-0.742146,0.067854,0.177854,0.507854,-1.152146,-5.632146,-1.722146,-1.722146,-5.042146,-7.552146,-6.872146,-8.712146,-7.602146,-6.222146,-6.532146,-7.002146,-2.912146,-4.992146,-7.842146,-6.412146,-7.862146,-5.932146,-5.812146,-4.132146,-4.032146,-4.072146,-0.382146,-0.532146,-3.862146,2.067854,0.057854004,1.037854,1.797854,2.147854,1.467854,2.517854,3.137854,3.037854,2.547854,2.887854,1.037854,0.717854,2.347854,1.697854
3.197854,3.037854,3.447854,3.207854,2.877854,1.757854,2.287854,1.707854,0.937854,2.337854,1.757854,0.837854,-1.182146,-1.522146,-2.662146,-2.992146,-2.122146,-3.382146,-1.382146,-0.992146,0.457854,-0.712146,0.107854,-0.512146,-2.672146,-3.312146,-4.772146,-5.712146,-6.052146,-7.432146,-4.472146,-2.832146,-2.092146,-4.292146,-3.072146,-2.502146,-3.392146,-3.662146,-4.282146,-1.772146,-0.46214598,-1.372146,-0.012145996,1.627854,-1.172146,-1.5721459,-0.112146,-1.962146,-1.032146,1.087854,0.147854,1.007854,1.9278541,0.527854,0.717854,1.307854,-0.162146,-0.532146,-0.43214598,0.127854
2.087854,2.397854,2.747854,3.547854,2.527854,0.64785403,2.337854,2.597854,2.027854,2.547854,2.427854,2.657854,0.11785401,-2.992146,-1.372146,-2.532146,-4.102146,-1.962146,-2.772146,0.497854,0.907854,0.617854,0.597854,-3.272146,-1.542146,-1.802146,-6.212146,-4.642146,-6.692146,-5.152146,-2.292146,-3.752146,-5.772146,-5.012146,-3.552146,-2.192146,-1.652146,-1.692146,-1.792146,0.527854,1.057854,2.057854,0.997854,0.887854,-0.772146,-2.242146,-4.182146,-3.132146,-3.002146,-0.14214599,0.547854,-0.722146,-0.712146,-1.582146,-0.40214598,-0.85214597,-1.222146,-1.222146,-1.592146,-1.922146
0.927854,2.627854,2.327854,4.217854,2.827854,1.257854,1.727854,1.997854,2.207854,2.167854,1.9278541,1.537854,1.6778541,-0.762146,-0.85214597,-0.962146,-3.642146,-4.312146,-2.432146,3.007854,4.197854,1.467854,0.257854,1.267854,-1.372146,-1.872146,1.487854,-0.412146,-3.702146,-4.532146,-2.522146,-1.5721459,-2.132146,-3.522146,-2.292146,-1.712146,-0.912146,-0.882146,0.967854,2.887854,2.957854,2.287854,1.397854,0.867854,-1.042146,-1.462146,-2.162146,-4.162146,-3.162146,-2.102146,-2.462146,-1.292146,-1.792146,-2.542146,-1.952146,-2.902146,-2.562146,-2.212146,-1.672146,-1.8221459
2.587854,1.317854,5.007854,5.757854,4.327854,2.107854,3.537854,4.347854,4.847854,3.347854,6.187854,6.517854,4.577854,0.087854005,0.697854,-1.532146,-1.082146,2.627854,3.687854,7.597854,7.547854,6.677854,6.467854,1.747854,-0.532146,-4.002146,-2.242146,0.277854,-1.932146,-0.982146,-3.082146,-2.172146,-2.422146,-2.292146,-0.072146,1.117854,-0.40214598,-0.162146,2.417854,1.867854,2.517854,1.627854,1.757854,-0.092145994,-2.492146,-2.672146,-2.902146,-3.152146,-2.682146,-2.552146,-2.912146,-3.312146,-2.462146,-3.882146,-1.952146,-2.432146,-1.922146,-1.742146,-0.79214597,-1.262146
4.257854,4.637854,4.617854,6.737854,7.677854,4.057854,3.777854,4.447854,7.407854,9.477854,7.937854,6.557854,6.037854,3.997854,0.34785402,1.307854,-1.392146,7.227854,4.967854,7.057854,5.697854,6.527854,4.447854,4.257854,-0.342146,-3.062146,-2.812146,-2.972146,1.057854,-2.042146,-2.032146,-1.582146,-1.382146,-1.102146,-0.802146,-1.392146,-0.002145996,0.817854,1.557854,1.487854,1.437854,1.347854,0.827854,-1.842146,-1.0721459,-0.912146,-1.462146,-2.002146,-2.912146,-2.902146,-2.332146,-3.342146,-2.912146,-2.412146,-1.802146,-1.492146,-1.712146,-1.932146,-1.042146,-1.752146
5.927854,4.877854,3.627854,4.287854,3.617854,5.587854,7.687854,7.227854,6.657854,4.867854,2.877854,0.95785403,4.317854,4.577854,2.197854,1.067854,3.577854,7.157854,8.247854,6.397854,5.617854,5.997854,4.337854,2.867854,3.507854,3.307854,0.127854,-2.122146,-1.912146,-0.942146,-0.22214599,0.577854,0.187854,-2.762146,-2.842146,-3.072146,-2.262146,0.597854,2.517854,2.417854,1.217854,0.24785401,0.687854,0.257854,-0.652146,-2.272146,-0.862146,-0.242146,-2.562146,-3.522146,-2.952146,-2.462146,-2.952146,-3.202146,-1.0721459,-1.832146,-2.342146,-3.172146,-2.212146,-1.352146
6.697854,5.607854,5.557854,6.917854,7.207854,7.677854,9.707854,2.867854,2.527854,4.147854,5.717854,10.757854,5.977854,3.607854,2.747854,6.967854,9.247854,8.827854,8.437854,4.707854,4.247854,4.357854,3.617854,2.157854,2.017854,1.777854,0.31785402,-2.332146,-1.852146,-2.612146,-1.092146,-2.032146,-3.382146,-5.922146,-1.742146,-4.512146,-0.002145996,1.697854,0.197854,-0.102146,1.257854,1.377854,-0.052145995,1.077854,-0.85214597,2.377854,2.677854,0.457854,-0.162146,-1.392146,-0.252146,-0.632146,-1.132146,-3.422146,-1.492146,-0.362146,-2.552146,-1.712146,-2.992146,-2.072146
