views/data/weather/2019/10/01/0000-wind-isobaric-1000hPa-gfs-1.0.json
{"header": { "discipline":0, "disciplineName":"Meteorological products", "gribEdition":2, "gribLength":80311, "center":7, "centerName":"US National Weather Service - NCEP(WMC)", "subcenter":0, "refTime":"2019-10-01T00:00:00.000Z", "significanceOfRT":1, "significanceOfRTName":"Start of forecast", "productStatus":0, "productStatusName":"Operational products", "productType":1, "productTypeName":"Forecast products", "productDefinitionTemplate":0, "productDefinitionTemplateName":"Analysis/forecast at horizontal level/layer at a point in time", "parameterCategory":2, "parameterCategoryName":"Momentum", "parameterNumber":3, "parameterNumberName":"V-component_of_wind", "parameterUnit":"m.s-1", "genProcessType":2, "genProcessTypeName":"Forecast", "forecastTime":0, "surface1Type":100, "surface1TypeName":"Isobaric surface", "surface1Value":95000.0, "surface2Type":255, "surface2TypeName":"Missing", "surface2Value":0.0, "gridDefinitionTemplate":0, "gridDefinitionTemplateName":"Latitude_Longitude", "numberPoints":65160, "shape":6, "shapeName":"Earth spherical with radius of 6,371,229.0 m", "gridUnits":"degrees", "resolution":48, "winds":"true", "scanMode":0, "nx":360, "ny":181, "basicAngle":0, "lo1":0.0, "la1":90.0, "lo2":359.0, "la2":-90.0, "dx":1.0, "dy":1.0 }, "data":
[rows 104 to 129 of 181, columns 295 to 353 of 360]
-6.9766774,-8.526677,-4.256677,-4.4066772,-5.4966774,-6.356677,-1.9166772,-1.1366773,-1.3666773,-1.2366773,-4.3466773,1.1733228,-2.8966773,-4.0166774,-3.9966772,-2.8366773,-1.9666772,-0.086677246,-2.6566772,-3.3366773,0.6233227,-0.46667725,0.093322754,1.5033227,-0.71667725,0.90332276,0.31332275,0.46332276,-0.09667724,0.15332276,1.1933228,-1.0266773,1.7233227,1.4833227,1.9933227,1.9933227,1.4433228,1.4733227,1.0233227,1.8133228,1.4833227,2.0433228,2.0933228,2.5833228,2.1833227,2.8133228,2.7633228,2.8233228,2.9133227,3.3833227,3.4633226,3.8333228,4.3433228,4.993323,5.4033227,5.4433227,5.493323,5.3133225,5.2533226
-12.256678,-10.866677,-10.926678,-8.696677,-7.3666773,-8.826677,-2.8066773,-5.1166773,-8.856677,-5.9366775,0.6233227,-1.5766772,-3.0066772,-5.7266774,-7.4366775,0.33332276,-1.2366773,-2.2466772,-1.3766773,-1.6266773,-1.1666772,0.47332275,1.1133227,1.1633228,2.8633227,-0.58667725,1.3133228,0.78332275,0.8733227,0.34332275,1.1033227,-0.056677245,0.5133228,1.1233227,0.85332274,1.8533227,1.5633228,1.1533227,1.1733228,0.96332276,1.0833228,1.7733227,1.9033227,1.6033227,2.3633227,2.1233227,2.2233229,2.4933228,2.6233227,2.9933228,3.1833227,3.2633228,3.8533227,4.5033226,4.823323,4.823323,4.953323,4.7933226,4.2933226
-13.286677,-10.596677,-9.966678,-3.2666771,-8.066677,-8.646677,-7.9566774,-10.996677,-10.366677,-7.0366774,-4.8066773,-5.336677,-6.376677,-7.8066773,-3.6666772,-1.5266773,-1.8166772,-2.4766772,-1.1666772,0.7633228,-1.6166773,1.7933228,2.6933227,1.2433227,0.19332275,2.4433227,1.4033227,1.5033227,1.6033227,1.0733228,1.6233227,-0.39667726,0.15332276,0.45332277,1.2833228,0.23332275,0.79332274,0.91332275,-0.37667724,0.5133228,0.47332275,0.91332275,0.6933228,1.9433228,1.1833228,1.4333228,2.5633228,1.8133228,2.2033226,2.5633228,2.7433228,3.0733228,3.6133227,3.9433227,4.323323,4.7933226,4.603323,3.9933228,3.6833227
-9.136677,-12.406677,-11.856677,-8.646677,-9.266677,-7.316677,-9.076677,-10.836678,-9.956677,-5.876677,-4.6866775,-1.7366773,-3.4666772,-2.1566772,0.78332275,0.40332276,0.92332274,-0.78667724,0.25332275,-0.82667726,1.6133227,0.99332273,0.11332276,0.92332274,1.9133228,3.2633228,3.2733228,2.3233228,1.9833227,1.4333228,4.373323,4.8833227,2.3233228,1.6633228,1.3633227,0.73332274,-0.66667724,0.24332276,0.23332275,0.41332275,0.26332274,-0.36667725,0.013322754,0.91332275,0.60332274,0.95332277,1.0833228,0.98332274,1.6033227,2.1633227,2.8033228,2.7133226,2.6733227,2.7433228,3.7433228,4.163323,4.0233226,3.6533227,3.4333227
-1.3966773,-2.8766773,-13.326677,-12.686677,-10.546678,-6.716677,-2.4866772,-9.436677,-5.3666773,-3.9166772,-3.9866772,-4.4166775,-1.9766773,2.9033227,3.4933228,2.8433228,1.6233227,0.053322755,0.093322754,0.37332276,-0.70667726,-1.1466773,1.3733227,-1.5466772,3.1233227,3.2233229,2.0233228,2.7533228,2.8133228,4.053323,3.3433228,2.5733228,4.183323,5.2533226,2.6133227,0.7633228,0.083322756,-1.5266773,-0.016677245,-0.64667726,-0.7366772,-0.22667724,-0.16667725,-0.12667724,0.8833228,0.21332276,1.0133227,1.2733227,0.9333227,1.5833228,2.2433228,2.5833228,2.0733228,2.3533227,2.4133227,2.8233228,3.2033226,3.5233228,3.4533226
-2.7566772,-2.6066773,-9.096677,-13.006678,-11.486677,-11.706677,-10.766677,-9.346677,-6.7266774,-5.586677,-1.5166773,-3.3266773,0.48332274,0.65332276,4.053323,2.8733227,3.5533228,0.79332274,0.22332275,1.6633228,2.0833228,-1.4466772,-0.76667726,-2.3766773,0.21332276,3.8033228,4.123323,3.5333228,4.623323,5.2933226,5.413323,6.283323,5.223323,2.8433228,2.6233227,0.53332275,-1.4166772,-2.5766773,-3.0266771,-2.4266772,-3.4966772,-0.9266772,-0.57667726,-0.17667724,0.15332276,0.24332276,0.8133228,1.4233228,0.96332276,1.0733228,1.3933227,1.9933227,2.0333228,2.1633227,2.1533227,1.9133228,2.1933227,2.6133227,3.2033226
-0.77667725,-2.9666772,-11.036677,-13.026677,-16.616676,-15.616677,-13.786677,-10.186677,-9.886677,-8.216678,-3.9466772,-0.82667726,0.35332274,-1.2966772,0.21332276,-0.57667726,0.7533228,0.98332274,-0.41667724,0.96332276,0.8833228,0.97332275,1.3233228,0.33332276,0.9333227,3.0133228,4.623323,5.0633225,5.283323,5.263323,6.873323,7.2533226,7.013323,6.323323,4.223323,1.7233227,-1.1766772,-4.9966774,-4.2066774,-4.466677,-3.5866773,-2.4966772,-2.1766772,-0.32667723,-0.54667723,-1.6866772,0.45332277,0.35332274,0.8233228,0.8733227,0.38332275,0.83332276,1.5633228,1.9233228,1.5533228,1.3733227,1.3933227,1.9233228,2.3833227
-0.44667724,-1.5366772,-11.016677,-18.226677,-19.206676,-18.966677,-13.986677,-12.636677,-8.456677,-9.856677,-1.4366772,0.10332275,0.48332274,-0.70667726,2.4333227,0.083322756,2.3733227,1.4733227,0.10332275,0.6933228,0.92332274,0.0033227538,2.7133226,1.5833228,0.66332275,3.0533228,4.3633227,4.533323,5.8833227,5.9833226,6.493323,6.7333226,8.893323,6.703323,3.5833228,2.6033227,0.30332276,-1.4866773,-7.146677,-6.486677,-4.506677,-4.3066773,-4.0566773,-3.4066772,-1.6966772,-1.2666773,0.093322754,0.14332275,0.58332276,0.35332274,0.16332275,0.34332275,0.59332275,1.1933228,1.1733228,0.92332274,1.0233227,1.4833227,1.9733227
-0.44667724,-4.716677,-13.566677,-17.176678,-20.486677,-15.776677,-16.966677,-13.906677,-9.466678,-2.6366773,-3.7666771,-3.0366774,-2.1166773,-2.2266772,0.21332276,4.163323,4.073323,1.5133227,0.21332276,0.58332276,-0.11667725,0.39332277,-2.7066772,1.0033227,0.90332276,3.0733228,3.9833229,5.4033227,6.1933227,6.643323,7.2533226,5.623323,9.613323,3.6433227,1.9733227,4.323323,3.9133227,-1.5966773,-8.276677,-6.486677,-6.2466774,-4.4566774,-4.8066773,-3.2366772,-2.2066772,-1.4766773,-0.23667724,0.78332275,0.6233227,0.053322755,-0.036677245,0.8233228,0.29332274,0.40332276,0.37332276,0.52332276,0.5133228,1.0833228,1.5733228
3.5233228,-2.1166773,-16.416677,-16.746677,-21.346678,-16.356678,-18.066677,-14.916677,-14.636677,-7.3266773,-3.4566772,-4.336677,-2.0666773,-0.22667724,1.9233228,3.6233227,3.2233229,6.303323,4.143323,-0.06667724,1.7033228,-0.71667725,-3.1166773,-1.7266773,0.19332275,1.1633228,2.8933227,3.8633227,4.623323,4.9033227,5.6733227,7.533323,7.373323,9.223323,7.473323,6.9833226,6.2733226,3.2433228,-4.2866774,-5.816677,-5.3666773,-5.296677,-4.7866774,-4.126677,-3.2466772,-1.4366772,0.06332275,-1.0266773,-0.036677245,-0.9266772,-0.66667724,0.5633228,-0.086677246,0.54332274,0.35332274,0.28332275,-0.37667724,0.24332276,0.52332276
0.033322755,-1.4066772,-16.076677,-18.856678,-20.086678,-15.896677,-15.326677,-13.816677,-16.776678,-10.116677,-5.8666773,-8.566677,-3.6766772,-0.79667723,0.123322755,1.4233228,2.3633227,4.0833225,1.2633227,-2.7166772,-4.8866773,-3.0766773,-2.4566772,-1.3466773,-0.07667725,1.3333228,2.4233227,3.5633228,3.8933227,4.1133227,5.973323,5.5233226,6.9033227,7.0233226,7.7533226,7.0633225,6.6933227,5.493323,3.0033228,3.5933228,-0.6266773,-4.6166773,-4.4366775,-4.6166773,-4.5366774,-2.9766772,-1.1566772,-0.17667724,-2.6366773,-1.4866773,-0.27667725,-1.2666773,-0.96667725,-1.2566773,0.013322754,0.23332275,-0.19667725,0.33332276,-0.54667723
-0.24667725,-3.0966773,-11.026677,-16.836678,-14.496677,-13.996677,-15.196677,-16.016678,-13.326677,-7.9166775,-10.336678,-5.4766774,-1.9266772,-2.1466773,-0.37667724,-1.5766772,0.72332275,-2.6166773,-4.9366775,-4.626677,-4.6666775,-3.5766773,-2.0666773,-1.2066772,0.123322755,1.2233227,1.7933228,3.5033228,4.203323,4.1133227,3.3233228,4.433323,5.053323,5.853323,5.703323,6.0433226,5.7733226,6.0233226,5.0833225,4.5233226,4.6533227,1.0433228,-6.646677,-3.7766771,-4.006677,-2.1366773,-1.6266773,-1.6766772,-2.7766771,-1.9666772,-1.0266773,-2.1966772,-2.5166771,-1.4866773,-1.1766772,-0.77667725,-0.52667725,-0.57667726,-1.4766773
-0.76667726,-3.0566773,-9.996677,-12.826677,-14.156677,-14.936677,-14.856677,-16.006678,-12.846677,-11.916677,-11.456677,-6.3866773,-2.3666773,-0.47667724,-1.7166772,-0.6166772,-0.57667726,-8.946677,-6.816677,-5.816677,-4.3666773,-3.9966772,-2.9166772,-1.6466773,-0.44667724,0.96332276,1.7933228,2.4233227,3.9033227,4.5433226,5.493323,6.053323,5.4433227,5.623323,5.683323,5.7533226,5.493323,5.143323,5.303323,5.663323,4.823323,3.5533228,0.35332274,-2.7766771,-1.7266773,-2.0366774,-2.7366772,-1.7566773,-2.7266772,-2.7266772,-1.8166772,-3.7266772,-3.9566772,-3.3266773,-2.8866773,-1.9466772,-1.4366772,-0.90667725,-3.0366774
1.6633228,-3.1466773,-6.106677,-15.1266775,-12.176678,-14.866677,-15.336678,-15.596677,-14.836678,-13.296678,-12.486677,-9.736677,-8.846677,-2.7466772,-1.0666772,0.8733227,-8.716678,-11.766677,-8.056677,-6.8066773,-5.856677,-4.646677,-3.7866774,-1.9166772,-1.3466773,0.27332276,1.6433227,2.4633226,3.0533228,3.7133226,3.6333227,4.6933227,5.0933228,5.3333225,4.2133226,5.073323,5.2133226,4.2733226,3.9033227,4.6133227,4.053323,4.1333227,3.3633227,2.4133227,-0.64667726,-0.78667724,-4.3666773,-3.2066772,-1.6766772,-1.9166772,-3.0766773,-4.676677,-4.316677,-5.1366773,-5.1566772,-2.8966773,-1.9166772,-1.2166772,-4.0566773
4.7733226,-3.6466773,-8.656677,-11.986677,-11.246677,-13.636677,-15.616677,-18.176678,-17.376677,-15.916677,-12.926678,-10.436677,-5.756677,-2.8966773,-2.3366773,-2.8266773,-6.4366775,-15.686677,-10.696677,-8.996677,-7.896677,-6.2466774,-4.7066774,-3.3766773,-1.7366773,-0.11667725,0.97332275,1.7933228,2.2333229,2.4833229,3.4833229,3.7633228,4.283323,4.7733226,4.783323,5.4233227,5.743323,4.8133225,4.393323,3.2533228,3.4733229,3.5533228,2.5233228,3.4933228,3.9933228,4.2333226,-1.5466772,-2.8566773,-3.0966773,-0.43667725,-1.3166772,-2.8266773,-4.196677,-5.426677,-6.026677,-5.3666773,-3.6566772,-2.4366772,-4.8266773
-5.2266774,6.0433226,7.663323,-6.0366774,-11.566677,-14.866677,-16.776678,-17.276678,-19.396677,-18.486677,-13.146677,-7.7066774,-9.826677,-3.5966773,-3.8466773,-2.7766771,-16.126677,-18.926678,-13.816677,-11.606677,-9.836678,-8.046678,-6.1666775,-4.6366773,-2.7566772,-1.2466773,0.14332275,0.95332277,1.7533227,2.3333228,2.9133227,3.3933227,3.8933227,3.9533226,4.3833227,4.4433227,4.283323,4.2333226,4.513323,3.1433227,2.9333227,2.7633228,2.0933228,2.1833227,2.4133227,2.8433228,3.4933228,-0.8166773,0.0033227538,-0.7466772,-0.79667723,-0.18667725,-3.8066773,-5.176677,-7.4166775,-7.506677,-5.4066772,-4.316677,-4.586677
7.8833227,7.413323,15.253323,-6.816677,-6.606677,-13.566677,-17.006678,-16.036676,-18.836678,-12.796678,-16.966677,-14.886677,-12.236677,-9.766677,-9.966678,-14.166677,-21.606678,-19.986677,-16.276678,-13.646677,-11.966678,-9.976677,-7.7666774,-6.1866775,-4.3666773,-2.2766771,-0.5666773,-0.22667724,0.5033228,1.5433228,2.5333228,3.6333227,4.203323,4.2733226,5.873323,5.0033226,4.9033227,4.3633227,4.4033227,3.2433228,1.6533227,0.9333227,0.48332274,1.2733227,1.8233228,1.6733228,0.99332273,1.6733228,1.7033228,2.1133227,1.5833228,-1.8766773,-1.8866773,-4.4166775,-5.8266773,-7.4766774,-8.096677,-6.336677,-6.0166774
3.0933228,8.203322,19.283323,13.923323,-13.096677,-14.006678,-15.696677,-18.166677,-16.426678,-13.896677,-14.726677,-12.436677,-12.186677,-13.256678,-13.276677,-18.616676,-22.306677,-20.446678,-18.216677,-15.956677,-14.106677,-11.716678,-9.946677,-7.716677,-5.756677,-3.2766771,-1.7066772,-0.49667725,0.58332276,1.3933227,2.5533228,3.3833227,4.223323,4.823323,5.2333226,6.763323,6.263323,6.5233226,6.2933226,4.7733226,3.0433228,2.5433228,0.95332277,-0.27667725,-1.0466772,-0.94667727,0.70332277,0.91332275,1.8233228,2.6833227,3.3033228,2.5833228,-0.57667726,-4.3466773,-5.3666773,-7.426677,-9.166677,-9.636677,-7.3266773
0.42332277,12.113323,16.323322,16.223322,8.493322,-8.686677,-18.756678,-18.906677,-16.096678,-17.116676,-17.316677,-18.326677,-15.706677,-14.696677,-15.346677,-19.506678,-22.396677,-20.946678,-18.816677,-17.616676,-15.896677,-13.836678,-11.836678,-9.906677,-7.0766773,-4.8866773,-2.6066773,-0.7466772,0.42332277,1.0733228,2.0033228,3.3733227,4.073323,5.103323,5.7933226,6.513323,6.743323,6.973323,6.823323,6.643323,5.0433226,3.1533227,1.7033228,1.3333228,0.74332273,0.53332275,0.42332277,1.1433227,1.6033227,1.1533227,2.2833228,2.1833227,1.7633227,-0.28667724,-5.086677,-7.0966773,-10.166677,-11.146677,-11.276677
2.7233229,12.223323,14.313323,15.483323,15.353323,11.013323,-3.6066773,-13.966678,-17.926678,-16.746677,-17.906677,-16.896677,-16.326677,-18.276678,-17.466677,-20.116676,-23.096678,-22.006678,-19.166677,-18.026678,-16.986677,-15.196677,-13.966678,-11.276677,-8.866677,-6.646677,-3.9466772,-2.1966772,-1.2066772,0.20332275,1.6333227,3.1633227,3.4433227,4.223323,5.533323,6.513323,7.853323,8.1233225,8.353323,7.163323,5.0833225,3.8033228,3.5133228,3.9533226,3.1233227,3.5933228,2.4533226,1.3533227,1.1233227,0.97332275,-1.1266773,-0.44667724,0.16332275,-0.48667726,-2.5166771,-6.4766774,-10.1266775,-12.696677,-12.656677
8.863323,14.023323,14.723323,14.553323,15.723323,12.963323,9.833323,7.3433228,2.7433228,-9.746677,-11.516677,-10.246677,-11.646677,-17.966677,-18.546677,-21.146677,-23.306677,-22.456676,-19.486677,-18.956676,-17.216677,-15.916677,-14.856677,-12.186677,-9.836678,-7.856677,-5.466677,-3.4066772,-2.1066773,-0.6766772,0.58332276,2.4433227,3.6133227,4.8333225,5.323323,6.243323,6.953323,8.953322,9.813323,9.383323,7.433323,4.3333225,2.5833228,3.9933228,3.3433228,4.263323,3.9333227,3.1333227,2.5833228,2.6233227,0.72332275,-2.2966774,-1.3566773,-1.8066772,-1.5566772,-4.676677,-10.096677,-13.676678,-13.916677
11.593323,9.933323,13.353323,14.483323,11.393323,13.293323,13.663322,10.913322,6.283323,2.4633226,-5.8666773,-10.726677,-6.356677,-10.806677,-16.936678,-21.626677,-21.826677,-21.316677,-20.346678,-19.796677,-18.316677,-16.646677,-14.686677,-13.226677,-11.236677,-8.516677,-6.4366775,-4.8466773,-3.2766771,-1.6666772,-0.6766772,1.0733228,2.3533227,4.243323,5.203323,5.9433227,6.8633227,6.8333225,10.263323,10.503323,8.193323,5.303323,2.3333228,3.2833228,3.1133227,3.7233229,4.1733227,3.4733229,2.3533227,1.7033228,1.0633228,-0.40667725,-4.316677,-3.9966772,-3.3766773,-4.0166774,-9.966678,-14.616677,-14.896677
8.913322,14.293323,9.633323,9.893323,10.793323,9.843323,8.213323,9.693323,10.813323,6.7133226,1.8433228,-2.2766771,-11.066677,-9.226677,-12.886677,-19.616676,-21.896677,-21.136677,-21.236677,-20.916677,-18.766678,-16.886677,-16.126677,-15.186677,-13.136677,-10.256678,-7.276677,-6.0566773,-4.4166775,-2.7166772,-0.38667724,0.16332275,1.8433228,3.0933228,4.513323,5.0433226,6.303323,7.723323,7.973323,10.103323,8.743322,6.8833227,4.603323,4.4433227,4.8633227,5.053323,5.223323,5.1933227,3.4533226,1.1333227,-1.1766772,-1.8466773,-2.8266773,-7.7866774,-6.586677,-5.7266774,-6.336677,-12.726677,-16.316677
2.3233228,7.5633225,12.153323,8.183323,8.143323,10.6233225,9.163322,9.273323,6.533323,5.933323,8.503323,3.1333227,-2.4166772,-8.136677,-11.226677,-18.236677,-21.506678,-21.636677,-22.596678,-20.936678,-18.986677,-17.806677,-16.436678,-14.686677,-13.416677,-11.826677,-8.596677,-6.756677,-5.446677,-3.2166772,-1.4166772,-0.086677246,1.0133227,2.3333228,3.4733229,5.1933227,5.5833225,6.2733226,8.963323,9.333323,9.883323,10.013323,7.8433228,4.9633226,5.953323,7.263323,7.073323,5.9633226,5.8133225,3.4833229,0.11332276,-2.4066772,-4.6366773,-7.0966773,-9.066677,-7.736677,-6.0166774,-7.526677,-15.856677
8.743322,3.7733228,3.3233228,2.3933227,3.7633228,7.953323,8.843323,8.933323,4.1533227,1.3733227,1.2533227,2.6033227,1.9233228,-0.77667725,-8.066677,-17.006678,-17.586678,-18.896677,-19.926678,-19.856678,-18.246677,-17.346678,-16.116676,-14.166677,-13.426678,-12.366677,-10.106677,-7.566677,-5.9966774,-4.3466773,-2.1966772,-0.47667724,1.0133227,2.2833228,3.3833227,4.1333227,6.263323,6.8833227,7.453323,9.053323,10.453322,11.313323,10.073322,8.943323,7.803323,7.723323,7.853323,7.143323,7.453323,7.353323,2.1633227,0.37332276,-5.2466774,-7.586677,-11.636677,-10.096677,-7.5566773,-5.836677,-11.346677
5.493323,0.72332275,0.29332274,-0.20667724,0.41332275,4.143323,5.6333227,7.3333225,6.263323,3.6833227,1.0233227,1.2433227,-0.45667726,-1.4266772,-2.9066772,-10.366677,-15.046678,-17.636677,-15.886677,-16.116676,-16.106678,-14.926678,-14.966678,-15.486677,-14.186677,-12.796678,-10.796678,-8.976677,-6.6566772,-4.986677,-2.5266771,-0.41667724,0.46332276,1.6533227,2.0833228,3.3033228,5.323323,6.5933228,7.3133225,8.183323,9.243322,9.943323,10.763323,10.533322,10.263323,9.023323,8.103323,7.5033226,7.9633226,7.1133227,4.8333225,2.6433227,-2.4366772,-8.816677,-10.996677,-11.156677,-9.746677,-7.4966774,-9.146677
