views/data/weather/2019/10/01/0000-wind-isobaric-250hPa-gfs-1.0.json
{"header": { "discipline":0, "disciplineName":"Meteorological products", "gribEdition":2, "gribLength":51096, "center":7, "centerName":"US National Weather Service - NCEP(WMC)", "subcenter":0, "refTime":"2019-10-01T00:00:00.000Z", "significanceOfRT":1, "significanceOfRTName":"Start of forecast", "productStatus":0, "productStatusName":"Operational products", "productType":1, "productTypeName":"Forecast products", "productDefinitionTemplate":0, "productDefinitionTemplateName":"Analysis/forecast at horizontal level/layer at a point in time", "parameterCategory":2, "parameterCategoryName":"Momentum", "parameterNumber":3, "parameterNumberName":"V-component_of_wind", "parameterUnit":"m.s-1", "genProcessType":2, "genProcessTypeName":"Forecast", "forecastTime":0, "surface1Type":100, "surface1TypeName":"Isobaric surface", "surface1Value":25000.0, "surface2Type":255, "surface2TypeName":"Missing", "surface2Value":0.0, "gridDefinitionTemplate":0, "gridDefinitionTemplateName":"Latitude_Longitude", "numberPoints":65160, "shape":6, "shapeName":"Earth spherical with radius of 6,371,229.0 m", "gridUnits":"degrees", "resolution":48, "winds":"true", "scanMode":0, "nx":360, "ny":181, "basicAngle":0, "lo1":0.0, "la1":90.0, "lo2":359.0, "la2":-90.0, "dx":1.0, "dy":1.0 }, "data":
[rows 78 to 103 of 181, columns 58 to 115 of 360]
3.514258,2.1142578,1.4142578,2.9142578,2.6142578,1.4142578,1.1142578,-1.7857422,-4.7857423,-2.7857423,1.1142578,3.8142579,5.614258,4.614258,3.3142579,2.514258,2.2142577,5.414258,4.614258,4.2142577,2.2142577,0.41425782,0.2142578,2.014258,1.5142578,0.014257813,0.014257813,-0.6857422,1.6142578,0.3142578,0.2142578,0.014257813,0.41425782,0.41425782,0.5142578,0.71425784,1.5142578,2.4142578,2.1142578,1.6142578,3.3142579,3.514258,3.1142578,0.9142578,-0.9857422,-0.08574219,0.014257813,-0.78574216,-2.1857421,-3.8857422,-0.18574218,-0.6857422,-1.1857421,-1.4857422,-0.5857422,-1.3857422,-2.1857421,-0.2857422
2.8142579,3.2142577,2.2142577,3.1142578,3.514258,1.1142578,-0.08574219,-0.78574216,-2.0857422,-1.3857422,0.71425784,1.6142578,3.6142578,3.3142579,4.2142577,4.114258,4.3142576,4.614258,5.014258,4.3142576,1.9142578,-0.3857422,-0.9857422,0.8142578,2.514258,2.014258,0.71425784,1.5142578,1.1142578,0.6142578,-0.78574216,0.5142578,-0.78574216,-1.3857422,-1.0857422,-0.18574218,1.5142578,0.5142578,0.41425782,2.514258,2.7142577,2.514258,2.3142579,1.2142578,-0.78574216,-1.3857422,-1.5857422,-1.0857422,0.41425782,-2.8857422,-1.1857421,0.3142578,-1.6857421,-1.2857422,-1.1857421,-1.1857421,-1.3857422,-0.5857422
1.4142578,1.8142579,3.7142577,4.2142577,1.9142578,0.6142578,2.014258,0.014257813,-1.3857422,-0.78574216,1.2142578,2.514258,3.1142578,3.2142577,3.1142578,4.3142576,4.514258,4.414258,2.514258,2.3142579,0.9142578,-0.5857422,-2.485742,1.2142578,3.4142578,3.1142578,2.9142578,5.2142577,4.014258,-0.3857422,-0.3857422,-1.5857422,-1.2857422,-1.8857422,-1.5857422,-0.2857422,-0.3857422,0.3142578,1.9142578,3.9142578,2.1142578,1.7142578,1.9142578,1.3142579,1.1142578,-1.8857422,-3.985742,-0.6857422,-0.48574218,-1.5857422,0.2142578,0.41425782,-1.0857422,-0.18574218,-0.8857422,0.9142578,0.71425784,-1.7857422
1.5142578,3.6142578,2.9142578,3.3142579,2.514258,1.9142578,0.11425781,-0.6857422,0.2142578,-1.2857422,0.3142578,3.8142579,3.7142577,3.6142578,3.7142577,3.514258,4.414258,1.9142578,4.114258,2.514258,-0.08574219,-0.78574216,-0.9857422,0.2142578,3.014258,3.4142578,5.8142576,4.014258,3.2142577,1.9142578,-1.0857422,-2.3857422,-2.7857423,-1.5857422,1.1142578,1.7142578,0.41425782,-0.2857422,0.2142578,4.114258,3.2142577,2.014258,1.0142578,0.5142578,0.8142578,-0.08574219,-2.8857422,-1.6857421,-1.7857422,-1.9857422,-0.18574218,2.1142578,3.014258,3.1142578,3.3142579,5.2142577,1.9142578,0.3142578
2.014258,3.514258,4.114258,3.2142577,2.1142578,1.8142579,0.11425781,-0.08574219,-1.3857422,-1.3857422,3.014258,5.014258,5.114258,5.2142577,4.8142576,4.7142577,3.9142578,1.5142578,1.1142578,1.9142578,1.6142578,-1.4857422,0.41425782,1.2142578,2.9142578,4.014258,3.7142577,3.014258,2.1142578,2.014258,0.6142578,-1.2857422,-2.3857422,1.1142578,2.1142578,2.1142578,1.2142578,-0.2857422,-0.5857422,0.8142578,2.1142578,1.7142578,0.11425781,1.2142578,1.6142578,1.9142578,0.8142578,-1.4857422,-0.9857422,-2.5857422,-0.5857422,-0.9857422,1.7142578,5.7142577,5.8142576,8.614258,5.614258,1.6142578
1.6142578,1.8142579,3.1142578,3.7142577,2.014258,0.8142578,1.4142578,-1.1857421,-1.7857422,-1.6857421,3.4142578,5.514258,5.614258,4.614258,4.514258,3.1142578,2.2142577,0.2142578,0.5142578,-1.1857421,-1.7857422,0.11425781,1.9142578,2.4142578,2.7142577,4.114258,2.6142578,2.514258,2.4142578,4.914258,1.3142579,0.71425784,1.5142578,2.4142578,0.3142578,2.3142579,0.014257813,0.11425781,-0.3857422,-1.5857422,-0.9857422,0.3142578,2.8142579,1.3142579,1.0142578,3.2142577,2.1142578,1.1142578,0.9142578,-2.485742,-3.1857421,-1.0857422,3.014258,6.2142577,6.414258,6.8142576,-1.9857422,-1.0857422
1.2142578,1.2142578,2.7142577,2.8142579,2.1142578,0.8142578,-0.2857422,-1.8857422,-0.3857422,1.5142578,2.3142579,2.2142577,1.7142578,1.2142578,1.5142578,2.2142577,2.014258,-0.48574218,-0.9857422,-0.8857422,-0.5857422,0.71425784,1.5142578,2.2142577,3.6142578,3.1142578,-0.18574218,1.5142578,3.014258,1.4142578,1.7142578,0.5142578,0.71425784,-1.2857422,-1.0857422,0.9142578,-1.1857421,0.11425781,-0.18574218,-0.9857422,1.6142578,0.2142578,0.41425782,1.2142578,-0.78574216,0.014257813,1.9142578,1.9142578,-0.9857422,-1.8857422,-2.8857422,-1.8857422,3.2142577,6.414258,0.9142578,0.11425781,-1.7857422,-0.9857422
-0.3857422,-0.9857422,2.514258,2.1142578,0.3142578,1.8142579,-0.48574218,-0.6857422,-0.3857422,-0.5857422,3.2142577,3.014258,-0.6857422,-2.6857421,-0.6857422,1.2142578,-0.3857422,-0.2857422,-0.6857422,0.6142578,1.3142579,0.11425781,1.5142578,2.514258,2.3142579,3.4142578,1.8142579,-0.6857422,-0.2857422,0.3142578,1.7142578,1.2142578,0.9142578,-0.2857422,-2.0857422,-1.6857421,-1.5857422,0.3142578,-1.5857422,-0.6857422,0.71425784,2.514258,1.2142578,-0.18574218,0.8142578,-1.3857422,-1.3857422,-2.8857422,-2.1857421,-2.485742,-2.2857423,-2.3857422,1.6142578,-0.2857422,-2.6857421,2.514258,0.5142578,-4.7857423
2.514258,0.71425784,0.014257813,0.71425784,1.3142579,0.8142578,0.014257813,-0.5857422,-1.7857422,-1.3857422,0.014257813,0.71425784,-2.3857422,-2.8857422,-3.1857421,-2.3857422,-3.1857421,-3.485742,-1.8857422,0.3142578,1.2142578,1.9142578,0.8142578,2.1142578,1.5142578,2.2142577,1.5142578,0.9142578,-0.9857422,-0.3857422,1.7142578,1.3142579,0.9142578,0.9142578,-0.8857422,-2.7857423,-0.6857422,-0.78574216,-0.8857422,0.9142578,0.8142578,1.2142578,-0.08574219,0.6142578,-0.78574216,-1.5857422,-1.3857422,-0.8857422,-4.985742,-3.0857422,-3.6857421,-0.8857422,0.3142578,-1.8857422,-4.085742,-9.285742,-9.385742,-4.585742
-0.3857422,-1.6857421,-0.08574219,-2.485742,-0.08574219,0.5142578,-1.3857422,-1.8857422,-1.1857421,-0.18574218,-0.5857422,-2.985742,2.1142578,-4.585742,-2.2857423,-1.9857422,-3.5857422,-2.5857422,-1.9857422,-0.6857422,1.7142578,3.2142577,3.514258,1.1142578,1.2142578,-0.78574216,-0.5857422,-1.8857422,-0.6857422,1.5142578,0.2142578,-1.8857422,-2.6857421,0.2142578,-3.3857422,-3.485742,-3.3857422,-2.1857421,0.5142578,1.4142578,-0.18574218,0.11425781,0.8142578,-0.18574218,0.8142578,0.41425782,-0.48574218,-1.0857422,-4.6857424,-5.585742,-4.7857423,-2.485742,-0.48574218,-1.8857422,0.5142578,-2.8857422,-6.385742,-7.2857423
-0.78574216,0.014257813,-0.48574218,-0.18574218,-0.78574216,-0.18574218,-2.3857422,-3.3857422,-3.3857422,-2.1857421,-1.5857422,-3.985742,-3.1857421,-4.485742,-5.7857423,-2.6857421,-4.885742,-3.2857423,-3.6857421,0.6142578,1.4142578,3.4142578,2.514258,2.1142578,2.4142578,-0.78574216,-3.8857422,-2.5857422,0.3142578,-0.2857422,0.6142578,-1.9857422,-0.6857422,-1.9857422,-0.9857422,-1.8857422,-1.6857421,-1.8857422,-1.0857422,0.41425782,-2.485742,-0.08574219,0.11425781,0.41425782,1.2142578,0.014257813,-0.8857422,-3.2857423,-3.5857422,-1.1857421,1.0142578,-3.985742,-0.5857422,-2.5857422,-3.985742,-5.585742,-6.1857424,-3.6857421
-0.18574218,-0.9857422,-2.6857421,-3.7857423,-1.8857422,-2.985742,-3.485742,-3.3857422,-3.7857423,-3.6857421,-3.8857422,-3.2857423,-7.085742,-7.2857423,-4.385742,-3.6857421,-6.085742,-4.585742,-5.1857424,-3.485742,0.5142578,1.9142578,-2.1857421,-1.2857422,0.5142578,1.1142578,-2.8857422,-2.0857422,-0.8857422,-0.3857422,-0.48574218,0.014257813,-1.6857421,-1.8857422,0.11425781,-4.585742,-3.485742,-2.485742,-1.9857422,-1.5857422,-1.7857422,-2.0857422,-0.2857422,-1.1857421,-1.4857422,0.5142578,-0.9857422,0.3142578,-1.8857422,-1.4857422,0.3142578,0.9142578,-1.4857422,-0.18574218,-1.3857422,-3.7857423,-3.8857422,-1.6857421
-1.1857421,-1.2857422,-2.8857422,-3.7857423,-3.2857423,-2.0857422,-3.8857422,-4.085742,-4.885742,-5.085742,-2.7857423,-2.7857423,-5.585742,-5.6857424,-6.7857423,-7.2857423,-4.7857423,-3.3857422,-5.485742,-4.385742,-7.6857424,-11.585742,-6.2857423,-5.1857424,-3.1857421,-4.7857423,-4.1857424,-3.7857423,-1.4857422,2.514258,1.9142578,-1.0857422,0.014257813,-1.5857422,-7.885742,-7.2857423,-7.585742,-6.485742,-6.085742,-4.885742,-3.8857422,-3.8857422,-0.18574218,-0.3857422,-1.8857422,-0.78574216,0.41425782,1.0142578,-1.5857422,-1.0857422,0.9142578,1.0142578,0.11425781,0.014257813,-2.985742,-5.385742,-1.4857422,0.71425784
-1.7857422,-0.8857422,-1.3857422,-3.5857422,-2.985742,-3.7857423,-5.485742,-5.085742,-5.485742,-5.485742,-4.385742,-4.985742,-7.085742,-6.6857424,-6.7857423,-6.1857424,-3.7857423,-4.585742,-3.0857422,-1.7857422,-6.585742,-7.7857423,-7.6857424,-4.385742,-6.485742,-6.085742,-7.6857424,-6.485742,-4.485742,-1.4857422,-2.8857422,-5.1857424,-5.7857423,-8.385742,-8.685742,-8.385742,-7.585742,-7.7857423,-6.485742,-3.6857421,-5.385742,-4.385742,-2.5857422,1.1142578,-1.9857422,-0.6857422,0.11425781,1.1142578,1.8142579,-1.9857422,1.6142578,-0.08574219,1.6142578,0.71425784,-1.5857422,-0.78574216,-0.18574218,0.014257813
0.014257813,0.3142578,-0.08574219,-2.0857422,-2.1857421,-4.085742,-5.2857423,-5.385742,-6.2857423,-5.7857423,-5.085742,-4.385742,-6.6857424,-6.485742,-6.2857423,-6.085742,-7.085742,-4.6857424,-6.1857424,-6.885742,-5.1857424,-5.2857423,-5.885742,-4.6857424,-5.1857424,-5.485742,-7.485742,-7.2857423,-7.2857423,-9.885742,-9.285742,-11.085742,-6.585742,-7.2857423,-9.285742,-10.385742,-10.185742,-8.285742,-6.385742,-3.7857423,-1.9857422,-1.9857422,0.3142578,-0.3857422,-0.5857422,-1.5857422,-0.3857422,-0.5857422,-2.1857421,-1.6857421,-0.08574219,0.014257813,-0.3857422,-1.6857421,-1.1857421,1.3142579,0.014257813,-1.2857422
1.0142578,-0.08574219,1.0142578,0.6142578,-0.8857422,-3.6857421,-4.585742,-5.385742,-5.6857424,-6.485742,-6.485742,-3.8857422,-6.2857423,-5.585742,-3.7857423,-3.5857422,-3.0857422,-3.3857422,-5.385742,-7.6857424,-6.6857424,-5.885742,-3.2857423,-2.6857421,-4.1857424,-4.2857423,-7.7857423,-8.285742,-8.285742,-9.385742,-10.185742,-9.885742,-8.685742,-9.085742,-11.785742,-10.985743,-9.185742,-6.985742,-5.2857423,-1.9857422,-1.2857422,0.71425784,-0.78574216,0.5142578,-0.3857422,1.0142578,2.1142578,1.6142578,2.8142579,2.1142578,1.1142578,-0.48574218,0.5142578,-1.8857422,-0.6857422,2.014258,3.1142578,1.8142579
-0.8857422,1.6142578,2.014258,1.6142578,-0.8857422,-2.6857421,-3.3857422,-3.8857422,-5.885742,-7.2857423,-6.885742,-5.2857423,-6.7857423,-4.385742,-2.985742,-1.0857422,-1.8857422,-5.385742,-6.7857423,-7.985742,-7.1857424,-5.485742,-3.8857422,-2.3857422,-3.8857422,-3.485742,-6.6857424,-7.1857424,-7.985742,-7.585742,-9.085742,-8.785742,-7.6857424,-9.385742,-12.785742,-9.985743,-8.185742,-5.885742,-6.085742,-1.0857422,-2.1857421,-1.0857422,3.2142577,1.9142578,2.3142579,0.9142578,1.8142579,0.6142578,3.3142579,3.3142579,-0.08574219,0.5142578,0.11425781,-0.6857422,-0.78574216,2.014258,4.614258,1.9142578
-1.6857421,1.1142578,0.9142578,0.014257813,0.014257813,-2.985742,-4.6857424,-5.585742,-6.2857423,-6.085742,-5.7857423,-4.485742,-6.085742,-4.385742,-1.0857422,-1.7857422,-1.7857422,-5.7857423,-8.785742,-8.685742,-7.885742,-6.985742,-4.2857423,-5.1857424,-2.6857421,-5.085742,-6.085742,-6.2857423,-5.7857423,-8.185742,-6.385742,-9.185742,-8.685742,-8.785742,-11.785742,-9.985743,-7.485742,-6.1857424,-5.985742,0.014257813,-2.3857422,-0.2857422,0.6142578,2.014258,4.414258,3.6142578,2.9142578,3.6142578,4.614258,3.8142579,4.7142577,-0.2857422,1.3142579,0.6142578,0.71425784,2.7142577,3.3142579,2.2142577
-1.5857422,-1.6857421,-3.1857421,-1.4857422,-3.3857422,-3.0857422,-5.6857424,-5.585742,-4.885742,-4.7857423,-4.985742,-5.1857424,-3.0857422,-2.6857421,-3.485742,-2.5857422,-1.7857422,-5.385742,-8.085742,-9.385742,-6.085742,-5.1857424,-4.885742,-5.485742,-4.885742,-6.085742,-5.585742,-5.385742,-5.485742,-7.985742,-7.1857424,-10.085742,-11.385742,-9.985743,-9.785742,-9.585742,-6.7857423,-1.3857422,-2.0857422,2.2142577,-1.5857422,-0.9857422,0.71425784,3.3142579,5.514258,2.014258,1.5142578,2.514258,4.2142577,3.2142577,1.6142578,0.71425784,1.9142578,2.6142578,3.1142578,2.7142577,1.7142578,2.9142578
-0.9857422,-2.6857421,-3.2857423,-2.5857422,-3.3857422,-4.085742,-4.7857423,-5.385742,-5.985742,-4.485742,-4.2857423,-3.0857422,-0.5857422,-2.1857421,-3.7857423,-2.985742,-2.2857423,-6.2857423,-9.385742,-8.985743,-5.085742,-4.1857424,-4.2857423,-2.8857422,-2.7857423,-4.885742,-2.3857422,-6.985742,-6.585742,-6.585742,-7.7857423,-8.685742,-10.085742,-9.285742,-8.785742,-8.185742,-4.885742,-3.6857421,-0.78574216,0.11425781,0.71425784,-0.2857422,-0.2857422,1.6142578,2.1142578,3.8142579,4.514258,3.014258,4.414258,4.614258,4.014258,2.1142578,2.3142579,1.9142578,3.2142577,1.8142579,3.1142578,4.114258
-1.7857422,-2.2857423,-2.2857423,-2.485742,-2.985742,-3.6857421,-3.2857423,-3.7857423,-5.2857423,-4.585742,-4.585742,-3.6857421,-1.5857422,-1.5857422,-0.8857422,-2.485742,-3.8857422,-5.485742,-9.985743,-8.085742,-2.1857421,-2.1857421,-4.7857423,-4.6857424,-4.6857424,-3.985742,-4.885742,-6.485742,-5.985742,-6.2857423,-6.885742,-6.6857424,-7.385742,-8.185742,-7.2857423,-8.185742,-6.385742,-4.985742,-2.7857423,-1.4857422,-0.9857422,-1.3857422,1.4142578,3.014258,3.6142578,5.114258,4.3142576,3.514258,4.014258,4.914258,4.014258,2.6142578,3.4142578,0.41425782,1.4142578,1.5142578,2.9142578,2.9142578
-1.7857422,-1.1857421,-1.0857422,-0.18574218,-3.6857421,-3.2857423,-2.8857422,-2.985742,-4.385742,-4.585742,-5.485742,-5.485742,-3.485742,-1.7857422,-1.7857422,-0.08574219,-3.0857422,-4.485742,-3.485742,-2.6857421,-0.78574216,-0.3857422,-2.1857421,-1.6857421,-2.5857422,-3.6857421,-2.3857422,-6.385742,-6.1857424,-4.585742,-6.085742,-5.085742,-5.6857424,-6.6857424,-6.1857424,-5.585742,-4.1857424,-2.6857421,-4.085742,-2.6857421,-3.7857423,-3.3857422,-1.6857421,1.1142578,3.1142578,5.914258,5.614258,5.414258,7.014258,5.614258,3.1142578,3.4142578,1.6142578,3.014258,2.8142579,2.014258,3.514258,3.8142579
-2.5857422,-3.5857422,-1.4857422,-0.5857422,-1.1857421,-2.0857422,-1.8857422,-3.6857421,-3.2857423,-5.1857424,-5.385742,-5.085742,-3.6857421,-3.485742,-2.1857421,-1.1857421,-1.0857422,-1.8857422,-2.485742,-2.5857422,-1.0857422,0.5142578,0.3142578,-0.48574218,-0.8857422,-2.5857422,-3.1857421,-4.2857423,-4.1857424,-3.2857423,-6.1857424,-6.085742,-3.485742,-5.2857423,-3.2857423,-4.585742,-2.6857421,-4.085742,-0.48574218,-0.6857422,-1.7857422,-3.7857423,-0.48574218,1.4142578,4.7142577,4.914258,6.8142576,7.514258,6.8142576,5.514258,5.614258,3.2142577,4.414258,3.3142579,3.514258,3.4142578,5.8142576,4.014258
-0.8857422,-1.7857422,-1.3857422,-1.3857422,0.71425784,-0.6857422,-1.7857422,-1.5857422,-2.8857422,-2.8857422,-3.1857421,-3.3857422,-1.8857422,-3.485742,-1.8857422,-1.7857422,-1.5857422,-1.1857421,-0.6857422,-0.3857422,-0.78574216,1.0142578,1.4142578,-0.8857422,-1.0857422,-1.1857421,-1.7857422,-1.0857422,-1.2857422,-2.3857422,-6.7857423,-5.985742,-4.7857423,-4.085742,-3.8857422,-1.6857421,-1.2857422,1.4142578,0.2142578,2.3142579,1.2142578,1.2142578,0.2142578,1.7142578,4.014258,4.8142576,5.3142576,6.3142576,4.914258,6.3142576,5.3142576,3.2142577,4.7142577,5.514258,6.2142577,6.3142576,6.2142577,6.014258
-0.3857422,-0.78574216,0.2142578,0.3142578,-1.5857422,0.014257813,0.014257813,-0.9857422,-2.3857422,-2.6857421,-3.0857422,-2.985742,-3.485742,-2.3857422,-2.0857422,-2.0857422,-1.9857422,-0.18574218,1.2142578,1.5142578,-0.18574218,0.8142578,-0.08574219,-0.48574218,-0.6857422,-2.0857422,-2.6857421,-2.8857422,-1.6857421,-1.2857422,-4.2857423,-5.985742,-3.5857422,-1.7857422,-4.1857424,-1.9857422,-2.3857422,-0.9857422,1.1142578,2.8142579,4.514258,5.114258,4.114258,4.2142577,4.414258,3.1142578,4.914258,1.9142578,5.014258,7.114258,5.7142577,5.614258,4.7142577,3.7142577,5.914258,6.114258,6.114258,6.014258
0.41425782,0.11425781,-0.18574218,-1.2857422,0.3142578,-0.08574219,-0.8857422,0.41425782,-0.48574218,-2.3857422,-3.3857422,-2.985742,-3.5857422,-2.8857422,-4.585742,-3.8857422,-2.485742,0.3142578,1.4142578,1.2142578,1.5142578,1.3142579,1.2142578,1.1142578,0.3142578,0.014257813,-0.48574218,-2.1857421,-2.2857423,-4.485742,-4.6857424,-4.2857423,-3.0857422,-1.3857422,-1.7857422,-2.7857423,-3.3857422,-0.48574218,-0.48574218,1.0142578,2.014258,1.8142579,3.514258,4.2142577,5.3142576,5.114258,5.414258,5.514258,7.2142577,6.614258,5.114258,3.4142578,2.9142578,6.114258,6.914258,7.114258,8.114258,8.314258
