views/data/weather/2019/10/01/0000-wind-isobaric-850hPa-gfs-1.0.json
{"header": { "discipline":0, "disciplineName":"Meteorological products", "gribEdition":2, "gribLength":79319, "center":7, "centerName":"US National Weather Service - NCEP(WMC)", "subcenter":0, "refTime":"2019-10-01T00:00:00.000Z", "significanceOfRT":1, "significanceOfRTName":"Start of forecast", "productStatus":0, "productStatusName":"Operational products", "productType":1, "productTypeName":"Forecast products", "productDefinitionTemplate":0, "productDefinitionTemplateName":"Analysis/forecast at horizontal level/layer at a point in time", "parameterCategory":2, "parameterCategoryName":"Momentum", "parameterNumber":2, "parameterNumberName":"U-component_of_wind", "parameterUnit":"m.s-1", "genProcessType":2, "genProcessTypeName":"Forecast", "forecastTime":0, "surface1Type":100, "surface1TypeName":"Isobaric surface", "surface1Value":85000.0, "surface2Type":255, "surface2TypeName":"Missing", "surface2Value":0.0, "gridDefinitionTemplate":0, "gridDefinitionTemplateName":"Latitude_Longitude", "numberPoints":65160, "shape":6, "shapeName":"Earth spherical with radius of 6,371,229.0 m", "gridUnits":"degrees", "resolution":48, "winds":"true", "scanMode":0, "nx":360, "ny":181, "basicAngle":0, "lo1":0.0, "la1":90.0, "lo2":359.0, "la2":-90.0, "dx":1.0, "dy":1.0 }, "data":
[rows 130 to 155 of 181, columns 180 to 239 of 360]
6.267854,9.397854,8.987854,10.197854,12.517854,13.627854,13.477854,13.677854,14.207854,14.967854,16.757854,16.937855,16.077854,13.237854,12.167854,12.567854,11.847854,10.417854,9.497854,6.997854,6.157854,5.277854,5.097854,5.147854,5.297854,5.157854,4.347854,3.037854,3.197854,3.867854,4.857854,3.387854,3.657854,4.317854,5.797854,6.947854,7.457854,9.287854,11.037854,13.057854,14.907854,17.667854,20.447853,20.747854,21.867853,20.247854,18.047853,15.167854,13.747854,14.027854,12.967854,17.087854,15.357854,15.587854,16.127853,15.507854,15.707854,15.377854,14.517854,13.747854
9.507854,10.337854,11.827854,13.087854,12.977854,12.747854,15.007854,15.317854,14.737854,15.057854,15.457854,17.027855,17.447853,16.817854,13.047854,13.477854,12.017854,11.597854,10.817854,8.177854,7.717854,7.027854,5.997854,5.957854,5.957854,5.577854,4.037854,3.907854,3.967854,4.507854,4.237854,2.977854,4.437854,4.497854,5.487854,6.157854,6.937854,9.277854,7.347854,11.317854,14.267854,19.517855,21.767855,19.477854,15.347854,16.487854,14.607854,13.547854,12.817854,13.617854,13.557854,14.407854,16.807854,16.827854,16.267855,15.257854,15.087854,15.147854,15.467854,15.247854
6.957854,9.227854,11.187854,10.927854,13.507854,15.457854,15.037854,16.127853,16.137854,15.457854,15.607854,15.557854,16.627853,18.117853,12.067854,12.087854,13.787854,13.037854,10.537854,9.997854,9.227854,8.577854,7.727854,6.537854,5.717854,5.057854,5.207854,5.397854,5.087854,4.897854,4.087854,4.007854,4.527854,4.297854,4.617854,5.077854,6.017854,6.817854,5.687854,7.497854,6.627854,6.837854,4.097854,4.087854,5.277854,5.457854,8.387854,11.027854,10.847854,11.237854,13.477854,15.417854,16.367853,17.037853,16.017855,16.697853,17.047853,16.727854,16.777855,16.927855
3.837854,6.807854,8.257854,10.787854,13.567854,13.337854,16.267855,15.657854,17.147854,17.247854,16.247854,16.427855,15.997854,17.007854,15.527854,13.487854,13.627854,13.637854,12.167854,12.087854,10.957854,10.527854,9.277854,7.697854,6.037854,5.527854,6.577854,6.577854,5.917854,4.917854,4.417854,4.957854,3.867854,3.517854,3.767854,3.447854,4.697854,3.767854,2.227854,3.727854,2.607854,3.107854,0.097854,-0.162146,1.907854,1.097854,3.147854,6.197854,8.487854,9.787854,12.707854,14.027854,15.787854,16.417854,17.287853,18.587854,19.617853,19.547853,18.537853,17.727854
7.007854,4.107854,9.047854,8.717854,11.797854,15.707854,15.727854,16.667854,16.607855,18.037853,17.377853,16.517855,16.607855,17.117853,18.157854,15.347854,13.267854,13.997854,12.677854,11.877854,11.627854,11.227854,10.187854,9.037854,7.747854,6.747854,6.387854,6.927854,6.917854,5.277854,5.227854,5.217854,4.417854,3.497854,3.107854,2.117854,1.977854,0.947854,0.31785402,1.767854,0.227854,-3.652146,-5.352146,-4.722146,-3.702146,-1.552146,0.11785401,2.367854,5.837854,8.837854,11.747854,14.637854,17.327854,18.967854,20.957853,23.017855,24.937855,22.987854,19.567854,16.737854
4.597854,4.307854,6.107854,6.277854,7.307854,11.347854,15.337854,17.767855,16.927855,17.177855,17.597855,18.687855,17.867853,17.857855,17.377853,16.837854,13.767854,15.817854,13.977854,13.367854,12.627854,13.137854,11.897854,10.757854,9.657854,8.427854,7.087854,7.627854,8.147854,7.037854,5.847854,5.837854,4.967854,3.577854,1.977854,1.697854,1.037854,-1.542146,-2.332146,-2.412146,-4.302146,-6.242146,-7.462146,-7.142146,-6.452146,-4.652146,-1.472146,2.277854,6.447854,10.597854,14.737854,18.247854,16.057854,15.067854,13.147854,14.587854,16.307854,14.647854,13.167854,10.927854
5.727854,6.397854,6.977854,7.117854,7.577854,9.037854,12.187854,16.037853,16.137854,17.147854,17.157854,18.157854,18.207853,16.727854,17.847855,16.557854,15.567854,12.887854,15.397854,13.927854,12.667854,11.597854,12.667854,12.307854,11.817854,10.547854,9.077854,8.097854,8.607854,8.407854,8.177854,6.987854,5.417854,3.727854,1.877854,1.867854,0.407854,-3.672146,-3.592146,-4.152146,-5.132146,-5.532146,-4.982146,-6.322146,-4.982146,-2.872146,0.497854,4.947854,3.487854,2.637854,2.077854,2.947854,3.277854,1.607854,1.307854,2.637854,2.977854,2.047854,1.787854,2.107854
6.907854,7.257854,7.467854,7.497854,8.647854,8.417854,10.957854,14.417854,15.547854,15.557854,16.337854,16.707853,17.227854,17.017855,15.807854,16.977854,15.757854,15.657854,16.377853,14.267854,13.447854,12.247854,13.087854,13.647854,13.227854,11.977854,10.457854,8.777854,8.117854,9.097854,9.147854,7.747854,6.027854,5.097854,2.827854,1.567854,0.797854,-0.062145997,-0.662146,-3.842146,-4.762146,-4.872146,-4.202146,-4.182146,-4.132146,-4.172146,-3.182146,-4.202146,-4.672146,-3.772146,-2.112146,-2.352146,-2.882146,-4.722146,-6.182146,-6.712146,-8.262146,-8.622146,-6.252146,-7.142146
7.977854,7.847854,8.387854,8.427854,8.157854,7.667854,9.357854,11.007854,13.337854,14.347854,15.727854,15.477854,17.117853,18.827854,17.547853,16.837854,17.787853,16.457853,16.137854,12.967854,11.397854,13.277854,13.907854,15.047854,14.867854,13.337854,12.317854,11.087854,9.257854,9.237854,10.107854,8.947854,7.377854,6.727854,4.387854,2.537854,2.257854,0.28785402,0.677854,-0.582146,-1.942146,-3.052146,-4.032146,-5.122146,-5.752146,-6.302146,-6.272146,-6.532146,-7.202146,-7.652146,-7.912146,-7.332146,-6.742146,-7.632146,-8.842146,-9.832146,-10.312146,-11.122146,-10.712146,-12.012146
9.797854,8.627854,8.387854,9.637854,7.917854,7.697854,7.267854,8.587854,10.307854,12.617854,13.967854,16.737854,16.897854,18.127853,17.597855,17.277855,17.417854,15.077854,13.547854,15.207854,16.917854,15.787854,15.317854,15.457854,15.557854,14.797854,14.237854,13.267854,12.177854,10.797854,10.277854,10.497854,9.687854,8.537854,7.047854,4.477854,3.737854,2.087854,1.107854,1.537854,-0.822146,-0.352146,-3.092146,-4.622146,-4.262146,-5.982146,-6.692146,-9.252146,-9.232146,-10.132146,-10.852146,-10.262146,-10.382146,-11.572146,-11.842146,-13.582146,-14.622146,-14.122146,-14.812146,-13.392146
9.247854,9.117854,8.247854,8.957854,7.777854,6.817854,5.747854,6.727854,6.927854,9.217854,11.227854,12.467854,13.857854,14.767854,16.057854,14.887854,14.237854,14.947854,16.977854,16.747854,17.097855,17.697853,16.747854,15.977854,16.407854,16.097855,15.477854,14.617854,13.957854,13.477854,11.957854,11.387854,11.867854,10.367854,9.117854,7.897854,5.087854,4.647854,2.007854,1.817854,2.097854,0.107854,-1.602146,-3.362146,-3.442146,-4.232146,-6.342146,-7.682146,-11.382146,-10.132146,-10.832146,-10.882146,-12.002146,-12.262146,-12.512146,-14.862146,-14.972146,-14.162146,-13.692146,-12.542146
8.687854,8.917854,8.257854,8.317854,7.837854,6.007854,5.397854,4.317854,3.637854,3.757854,8.087854,6.747854,8.597854,10.867854,9.427854,9.767854,10.767854,14.547854,15.247854,16.367853,16.967854,17.397854,16.137854,15.627854,16.167854,16.787853,17.137854,16.887854,15.507854,14.827854,15.537854,14.367854,13.887854,13.507854,11.397854,9.527854,7.207854,5.927854,5.297854,2.777854,3.537854,3.057854,0.377854,-0.632146,-3.392146,-3.702146,-5.922146,-6.832146,-9.672146,-13.972146,-10.772146,-10.722146,-10.252146,-10.172146,-10.622146,-11.432146,-11.062146,-11.592146,-10.512146,-9.522146
9.037854,9.567854,8.207854,8.187854,7.327854,6.407854,5.257854,3.637854,1.947854,0.28785402,-0.312146,6.537854,9.147854,8.467854,9.257854,12.077854,12.947854,12.377854,12.117854,12.527854,13.377854,14.477854,15.207854,15.947854,17.157854,18.447853,19.977854,21.097855,21.917854,22.267855,21.117853,19.917854,19.757854,18.267855,15.197854,11.687854,10.517854,7.467854,6.497854,5.857854,3.217854,5.417854,3.667854,1.097854,-0.042145997,-2.672146,-2.512146,-5.832146,-5.292146,-7.412146,-11.172146,-13.272146,-10.992146,-8.642146,-9.442146,-9.382146,-8.662146,-7.922146,-7.412146,-6.692146
8.007854,8.247854,7.927854,7.737854,8.077854,6.777854,5.817854,4.967854,2.957854,0.557854,1.087854,-0.072146,3.397854,7.907854,10.737854,12.527854,12.927854,14.247854,14.667854,15.377854,15.287854,15.847854,16.747854,17.617853,19.457853,21.247854,22.507854,23.147854,23.977854,24.747854,23.967854,24.747854,23.207853,24.037853,17.577854,15.067854,12.457854,11.127854,8.407854,7.457854,6.967854,4.297854,7.087854,5.687854,2.827854,0.677854,-1.732146,-2.472146,-4.672146,-5.382146,-4.272146,-6.252146,-7.862146,-7.442146,-6.912146,-5.382146,-4.822146,-3.802146,-3.652146,-2.162146
7.697854,6.537854,7.787854,8.077854,7.817854,7.787854,6.487854,5.677854,5.057854,3.817854,1.267854,0.89785403,4.107854,2.227854,-0.802146,1.747854,9.307854,14.577854,15.957854,16.567854,16.857855,16.967854,18.677855,18.867853,19.607855,20.037853,21.067854,22.757854,23.207853,22.667854,22.387854,22.327854,22.957853,24.407854,22.847855,18.037853,16.197853,14.197854,12.737854,9.827854,8.697854,7.207854,5.337854,7.127854,5.027854,2.827854,1.017854,-0.872146,-1.792146,-2.942146,-3.002146,-1.382146,-1.182146,-2.792146,-4.142146,-5.232146,-4.592146,-2.852146,-1.432146,-1.492146
7.837854,7.567854,6.657854,5.887854,6.457854,6.697854,6.727854,5.547854,5.227854,5.557854,4.567854,3.217854,2.107854,1.777854,1.717854,2.787854,5.377854,5.397854,5.417854,6.617854,6.267854,8.967854,9.647854,11.497854,13.087854,14.517854,15.817854,17.417854,18.457853,20.067854,21.347855,20.527855,21.267855,22.207853,22.137854,20.957853,20.077854,17.417854,15.607854,14.467854,11.477854,10.247854,8.357854,7.897854,7.807854,5.957854,3.407854,1.497854,-0.042145997,-0.352146,-1.522146,-2.332146,-0.722146,2.367854,2.587854,1.237854,0.027854003,-1.782146,-1.782146,-0.46214598
7.777854,7.517854,6.617854,5.197854,5.217854,5.267854,5.967854,6.277854,6.297854,6.187854,6.237854,5.297854,4.277854,3.707854,3.587854,3.827854,4.257854,4.557854,4.747854,4.767854,5.977854,6.387854,7.157854,8.197854,9.137854,10.527854,11.347854,12.557854,12.537854,12.207854,10.397854,12.017854,12.617854,14.457854,19.487854,19.507854,20.747854,21.967854,21.077854,18.317854,15.867854,13.497854,11.957854,9.347854,9.617854,8.407854,9.257854,6.487854,3.317854,1.277854,-0.232146,-1.182146,-0.152146,-0.162146,1.257854,5.387854,6.677854,6.137854,5.097854,3.997854
7.967854,6.347854,5.797854,4.827854,4.587854,4.647854,5.017854,5.747854,6.487854,6.797854,7.487854,8.087854,7.347854,6.787854,6.857854,6.997854,7.117854,7.757854,8.427854,9.437854,10.497854,11.407854,12.297854,12.917854,13.307854,13.337854,13.567854,14.017854,14.997854,15.917854,16.277855,17.057854,18.207853,17.897854,17.797853,17.607855,19.467854,21.987854,23.547853,22.667854,19.787853,16.827854,15.117854,13.377854,12.177854,11.227854,11.887854,11.687854,10.637854,9.757854,7.477854,6.037854,4.347854,3.017854,2.577854,3.857854,4.847854,6.597854,10.117854,10.977854
8.237854,7.087854,6.217854,5.047854,4.037854,3.307854,3.007854,3.547854,4.907854,6.357854,8.187854,9.987854,10.657854,10.827854,10.497854,10.147854,11.487854,12.457854,13.117854,13.757854,14.307854,14.877854,15.697854,16.537853,17.357855,18.377853,18.927855,19.837854,21.037853,21.957853,22.887854,22.917854,21.887854,20.787853,20.047853,21.537853,22.867853,22.917854,23.497854,25.997854,25.727854,22.407854,17.777855,16.917854,14.947854,13.357854,12.537854,12.447854,12.407854,11.087854,10.517854,10.507854,10.327854,10.897854,10.297854,9.407854,8.527854,7.627854,8.517854,8.857854
10.447854,8.437854,8.067854,8.167854,6.607854,5.817854,5.117854,3.967854,3.367854,3.207854,4.737854,7.157854,7.987854,8.787854,9.237854,9.877854,8.447854,7.757854,9.197854,11.047854,13.257854,15.557854,16.617853,16.707853,17.317854,18.637854,20.347855,22.207853,23.917854,25.787853,27.167854,27.437855,26.547853,24.877853,23.527855,21.517855,20.597855,19.817854,22.457853,24.877853,27.337854,26.657854,23.457853,17.997854,17.157854,15.127854,13.827854,12.967854,12.657854,12.697854,13.217854,12.467854,11.967854,11.127854,10.607854,11.597854,12.987854,13.557854,13.407854,12.697854
10.387854,10.187854,8.997854,8.697854,9.137854,8.167854,7.457854,6.367854,5.067854,4.347854,4.007854,3.577854,3.787854,3.907854,4.067854,5.117854,6.587854,8.027854,9.367854,10.317854,10.507854,9.557854,10.937854,12.527854,14.597854,18.377853,21.717854,23.697853,25.727854,27.687855,28.717854,27.587854,26.107855,25.267855,24.747854,23.807854,21.117853,19.477854,19.537853,22.347855,23.077854,22.157854,19.287853,15.997854,16.497854,14.497854,12.777854,11.717854,10.667854,10.247854,10.277854,10.217854,10.397854,10.747854,11.837854,12.837854,13.447854,13.597854,13.827854,15.207854
10.617854,11.847854,11.867854,11.307854,11.107854,9.777854,9.977854,9.347854,9.357854,9.247854,9.157854,8.977854,7.337854,6.587854,6.257854,6.897854,6.537854,6.017854,7.067854,7.147854,7.317854,7.967854,6.577854,5.797854,5.227854,6.797854,8.567854,12.377854,13.717854,12.207854,14.047854,16.397854,18.227854,19.187855,19.637854,20.487854,18.677855,16.397854,17.887854,18.477854,20.357855,17.197853,13.567854,12.897854,13.157854,11.957854,11.297854,10.637854,10.047854,9.417854,9.457854,9.647854,9.647854,9.817854,10.397854,11.017854,11.847854,13.277854,15.117854,16.167854
10.527854,10.977854,9.747854,12.687854,14.337854,13.797854,14.007854,13.987854,14.687854,13.567854,11.627854,10.787854,10.167854,10.497854,8.657854,8.267854,7.847854,6.997854,6.627854,7.517854,6.127854,6.847854,6.637854,5.367854,4.157854,2.997854,1.167854,-0.802146,-2.322146,-2.512146,-0.212146,5.197854,12.847854,14.687854,12.437854,11.337854,13.537854,13.767854,13.457854,15.717854,12.267854,9.007854,8.667854,9.257854,10.047854,9.817854,9.437854,9.817854,9.777854,10.207854,10.167854,10.957854,11.817854,12.967854,13.127854,13.817854,14.757854,15.327854,16.457853,17.997854
10.757854,10.707854,11.307854,12.907854,14.037854,15.177854,16.287853,17.007854,17.117853,18.007854,14.737854,13.837854,17.127853,12.857854,12.167854,11.477854,9.647854,8.347854,7.467854,7.557854,8.157854,6.477854,4.797854,3.337854,1.607854,-0.592146,-1.872146,-2.322146,-3.272146,-4.412146,-4.882146,-4.302146,-4.762146,-4.172146,5.027854,10.017854,10.607854,10.057854,6.277854,2.787854,1.917854,4.427854,5.447854,6.777854,7.897854,8.807854,9.787854,10.677854,11.647854,13.857854,13.927854,14.147854,15.267854,15.057854,16.157854,16.427855,16.537853,16.167854,16.557854,17.557854
13.147854,13.947854,13.317854,15.867854,15.837854,15.697854,14.777854,13.897854,16.617853,16.917854,13.007854,12.327854,12.707854,14.277854,15.887854,12.507854,11.487854,9.457854,8.107854,7.997854,7.087854,6.647854,7.297854,7.167854,5.987854,4.437854,2.597854,0.697854,-0.732146,-2.712146,-4.452146,-5.312146,-5.722146,-6.792146,-5.812146,-5.772146,-5.222146,-3.502146,-1.342146,1.107854,2.667854,4.247854,5.987854,7.767854,9.097854,10.977854,13.397854,14.657854,16.237854,17.037853,16.767855,15.227854,14.807854,15.897854,17.347855,18.207853,18.767855,19.387854,19.217854,19.487854
13.867854,14.657854,14.677854,16.307854,16.767855,15.777854,14.207854,14.947854,14.567854,12.247854,12.607854,12.617854,11.927854,15.007854,14.387854,14.617854,14.327854,11.297854,9.507854,8.117854,6.867854,5.807854,5.247854,4.887854,4.707854,4.867854,4.977854,4.817854,4.447854,3.837854,3.627854,2.897854,1.287854,-0.252146,-1.282146,-0.43214598,0.457854,1.397854,2.167854,3.757854,5.857854,7.617854,9.087854,10.697854,11.997854,12.957854,13.117854,12.237854,13.567854,14.607854,16.167854,16.977854,17.437855,18.207853,18.917854,19.997854,21.047853,21.907854,22.067854,21.997854
