views/data/weather/2019/10/01/0000-wind-isobaric-850hPa-gfs-1.0.json
{"header": { "discipline":0, "disciplineName":"Meteorological products", "gribEdition":2, "gribLength":80667, "center":7, "centerName":"US National Weather Service - NCEP(WMC)", "subcenter":0, "refTime":"2019-10-01T00:00:00.000Z", "significanceOfRT":1, "significanceOfRTName":"Start of forecast", "productStatus":0, "productStatusName":"Operational products", "productType":1, "productTypeName":"Forecast products", "productDefinitionTemplate":0, "productDefinitionTemplateName":"Analysis/forecast at horizontal level/layer at a point in time", "parameterCategory":2, "parameterCategoryName":"Momentum", "parameterNumber":3, "parameterNumberName":"V-component_of_wind", "parameterUnit":"m.s-1", "genProcessType":2, "genProcessTypeName":"Forecast", "forecastTime":0, "surface1Type":100, "surface1TypeName":"Isobaric surface", "surface1Value":85000.0, "surface2Type":255, "surface2TypeName":"Missing", "surface2Value":0.0, "gridDefinitionTemplate":0, "gridDefinitionTemplateName":"Latitude_Longitude", "numberPoints":65160, "shape":6, "shapeName":"Earth spherical with radius of 6,371,229.0 m", "gridUnits":"degrees", "resolution":48, "winds":"true", "scanMode":0, "nx":360, "ny":181, "basicAngle":0, "lo1":0.0, "la1":90.0, "lo2":359.0, "la2":-90.0, "dx":1.0, "dy":1.0 }, "data":
[rows 104 to 129 of 181, columns 58 to 115 of 360]
1.6710278,1.5310278,2.2910278,2.921028,2.121028,2.0110278,1.3110279,-0.31897217,-1.4389721,-2.608972,-3.1989722,-2.9289722,-2.328972,-0.76897216,-0.5689722,0.36102784,1.8210279,0.42102784,-0.38897216,-1.6489722,-2.7989721,-1.5089722,-0.69897217,-0.5689722,-0.028972168,-0.05897217,-1.0289721,-0.008972168,0.031027831,0.21102783,1.9410279,1.5910279,0.99102783,1.0810279,2.7410278,4.351028,4.911028,4.511028,2.681028,2.891028,2.661028,2.0610278,-0.03897217,-0.018972168,-0.38897216,-2.4189723,-5.248972,-4.6589723,-4.918972,-5.3089724,-5.0789723,-4.8489723,-3.6489723,-3.0089722,-1.9989722,-1.3589722,-1.7789721,-2.378972
2.0810277,2.9510279,3.3010278,3.1910279,4.991028,3.3210278,4.3410277,2.4410279,1.3410279,-1.2589722,-3.1589723,-4.8089724,-4.208972,-2.4589722,-0.9889722,0.15102783,1.2710278,1.7910278,-1.0189722,-1.6589721,-2.4489722,-1.5189722,-1.5989722,-1.5989722,-0.048972167,-0.16897216,-0.19897217,-1.0289721,-0.47897217,0.74102783,2.2410278,1.1310278,0.92102784,1.8410279,3.3010278,4.6910276,5.3610277,4.4210277,2.6910279,1.8510278,0.8310278,-0.028972168,0.07102783,-1.0289721,-0.048972167,-0.22897217,-2.628972,-2.818972,-2.9289722,-3.4489722,-3.848972,-4.668972,-3.7389722,-2.5589721,-2.9489722,-2.9289722,-1.6689721,-2.348972
1.8710278,2.7810278,1.0510278,2.891028,3.0510278,3.9610279,2.2810278,3.9710279,0.5010278,0.021027831,-1.8189721,-1.8389722,-2.2989721,-2.6889722,-1.5489721,-0.19897217,-2.118972,-2.7389722,-2.318972,-1.8089721,-1.5689721,-0.30897218,-0.16897216,0.45102784,0.061027832,-1.0889722,-0.52897215,-1.3789722,2.2210279,-2.2089722,3.0610278,1.4210278,1.3210279,2.5510278,4.541028,5.4810276,5.871028,4.831028,1.2510278,-0.6689722,0.5810278,-0.64897215,0.5010278,-0.44897217,-1.1689721,-1.4489722,-2.1789722,-2.5289721,-3.338972,-3.1789722,-3.1589723,-2.7089722,-3.7489722,-3.4589722,-2.7889721,-2.8989723,-2.378972,-2.0589721
0.041027833,-0.06897217,1.4510279,1.2210279,0.26102784,2.3610277,2.371028,3.621028,1.7310278,-0.11897217,-0.7989722,-1.9689722,-2.7689722,-0.9389722,-1.2689722,-1.1889721,-2.338972,-2.3989723,-2.3889723,-0.57897216,-0.48897216,1.3910278,1.5710279,0.73102784,-0.35897216,-0.008972168,1.9410279,2.5910277,0.021027831,2.8210278,2.431028,1.8510278,1.4210278,3.381028,5.011028,6.411028,6.391028,4.021028,-0.9789722,-1.5289721,-0.7489722,0.40102783,-1.7189722,-1.3789722,-0.44897217,-0.88897216,-2.5089722,-3.5589721,-2.9989722,-3.1589723,-2.6989722,-2.4889722,-2.078972,-3.4289722,-3.6989722,-2.6989722,-2.7589722,-2.9689722
3.7610278,3.1010277,0.6310278,0.7710278,-0.50897217,1.5910279,1.5910279,2.0010278,1.0610279,1.3210279,-0.018972168,-0.7389722,-1.4089721,-2.078972,-2.6589723,-4.528972,-4.5789723,-3.568972,-1.6089722,-0.76897216,-1.1989722,-1.5889722,-0.48897216,0.041027833,-1.2589722,0.8110278,1.6410278,2.9910278,2.9710279,3.3410277,3.631028,2.651028,2.621028,3.4510279,5.701028,5.701028,2.8010278,3.1910279,2.0910277,-2.3989723,-1.9089721,-0.6789722,-0.39897215,-2.088972,-1.8489722,-1.4989722,-1.9989722,-1.7389722,-2.328972,-2.4089723,-2.6489723,-2.098972,-1.4889722,-2.1889722,-2.818972,-3.7789721,-2.9289722,-4.1789722
0.59102786,1.4410279,0.34102783,3.3310277,1.8810278,-0.14897217,0.73102784,1.3510278,1.7010279,1.6510278,0.8110278,-0.7389722,-0.71897215,-1.8089721,-1.7889721,-1.7589722,-1.0989722,-0.9389722,-0.8089722,-1.4689722,-0.58897215,-0.23897217,-0.088972166,0.31102782,0.28102782,1.6910279,2.0510278,2.8010278,1.2610278,0.72102785,3.911028,3.7410278,3.161028,4.251028,4.3410277,2.141028,3.151028,1.2910278,-1.0989722,-0.82897216,-2.598972,-2.7389722,-1.5489721,-1.1489722,-1.6189722,-1.6389722,-1.8389722,-0.94897217,-0.45897216,-0.22897217,-0.63897216,-1.9989722,-2.8089721,-1.3589722,-1.8489722,-3.0189722,-3.4489722,-5.938972
-0.32897216,0.96102786,0.8310278,2.171028,3.0010278,0.6310278,0.081027836,-0.6089722,1.0510278,0.021027831,-0.59897214,-0.20897217,-0.10897217,-0.7489722,-0.26897216,0.29102784,1.4910278,1.0210278,1.8510278,1.7510278,1.9210278,1.6710278,2.181028,2.651028,2.5010278,2.651028,2.7710278,2.121028,0.6310278,0.31102782,0.26102784,0.7610278,3.121028,5.661028,2.3110278,1.5210278,3.5310278,2.661028,-0.65897214,-2.618972,-1.5889722,-2.878972,-2.1789722,-1.0289721,-1.2189722,-1.3089721,-1.6689721,-0.9789722,-0.43897218,0.34102783,0.9410278,1.4010278,-0.5489722,-2.818972,-2.2189722,-2.3089721,-3.9189723,-4.438972
-0.26897216,0.031027831,0.41102782,-0.018972168,1.3910278,2.2910278,0.65102786,-0.6189722,-0.29897216,1.1810279,0.021027831,0.30102783,1.1910279,1.0510278,-0.21897216,1.1710278,2.0310278,1.9410279,2.2710278,2.8510277,2.5110278,2.9610279,3.641028,3.0110278,2.4410279,3.2910278,3.5410278,2.8010278,1.1110278,0.11102783,-1.0989722,-0.65897214,2.621028,2.411028,1.6410278,2.3410277,2.7610278,3.3510277,2.901028,-2.4089723,-2.9389722,-3.2989721,-2.088972,-2.1589723,-1.5689721,-1.5189722,-1.0389721,-1.1089722,-0.20897217,0.19102784,1.9210278,3.621028,4.141028,0.53102785,-3.0389721,-3.1389723,-3.368972,-4.218972
-1.4089721,-0.29897216,-0.31897217,-1.0189722,-1.3989722,-0.018972168,2.4710279,1.4310279,-0.15897217,0.6410278,0.71102786,1.0710279,-1.1689721,-0.95897216,-0.34897217,0.79102784,2.3010278,2.6110277,2.8610277,3.4810278,4.7310276,4.8410277,4.561028,3.9410279,3.171028,4.761028,5.0710278,5.9410276,3.621028,3.6110277,1.7510278,1.7410278,0.8910278,2.431028,1.1810279,-0.6889722,1.2410278,1.2810278,2.2710278,1.2910278,-2.1589723,-2.9189723,-3.078972,-2.108972,-2.9789722,-1.5989722,-2.4989722,-1.5689721,-0.7389722,0.011027832,1.3410279,2.9510279,5.101028,6.431028,0.031027831,-3.9589722,-4.318972,-4.1389723
-1.8289722,-1.0689721,-0.8689722,-0.8089722,-3.5589721,-1.7089722,-0.64897215,-0.45897216,-0.15897217,1.1710278,1.4810278,0.7010278,0.98102784,1.4310279,1.5210278,0.8210278,0.05102783,0.5010278,2.3510277,3.431028,3.9910278,4.771028,5.251028,4.701028,2.4810278,2.3410277,4.261028,6.291028,6.511028,5.661028,5.1310277,4.4210277,3.2110279,-1.8389722,-1.2389722,-0.71897215,0.84102786,2.9510279,3.7810278,0.99102783,0.09102783,-1.6189722,-3.068972,-3.9589722,-2.338972,-2.098972,-1.6289722,-1.7289722,-1.4589722,-0.59897214,0.73102784,2.3110278,3.2910278,4.951028,6.4010277,-0.9389722,-3.828972,-4.978972
-1.3789722,-0.5489722,-0.048972167,0.081027836,-0.53897214,-3.4089723,-2.9689722,-0.7289722,-0.45897216,-0.008972168,1.7410278,1.8010278,-0.31897217,0.86102784,2.3010278,2.5410278,0.92102784,1.0010278,2.2710278,4.741028,4.7110276,2.9910278,2.3410277,2.9510279,3.931028,4.811028,3.7610278,4.531028,5.311028,5.8610277,5.561028,4.311028,3.9910278,2.8010278,0.031027831,-1.5189722,0.5810278,3.431028,2.3110278,4.5710278,1.8310279,1.5910279,-0.69897217,-2.1589723,-2.4889722,-2.6389723,-3.0289721,-2.378972,-0.83897215,0.15102783,-0.06897217,0.6310278,1.2210279,2.911028,4.291028,2.8610277,-2.9789722,-5.2889724
-2.088972,-1.4489722,-0.78897214,-0.41897216,-0.53897214,-1.3589722,-3.8989723,-3.7389722,-2.4289722,-1.5989722,-0.70897216,-0.64897215,-2.0189722,-1.8689722,-0.18897218,0.5010278,2.141028,3.1910279,5.701028,7.411028,5.221028,4.241028,2.7310278,2.5010278,1.9010278,2.8510277,4.4010277,4.011028,4.811028,5.251028,3.7410278,4.1710277,2.3610277,1.9910278,-0.14897217,0.22102784,0.47102782,-2.9489722,-1.9889722,1.3910278,1.3510278,0.59102786,0.73102784,1.0010278,0.001027832,-0.6689722,-1.5289721,-1.8589722,-1.7589722,-1.7289722,-1.9089721,-0.45897216,0.011027832,0.73102784,2.2010279,3.141028,-2.3989723,-3.7589722
-3.4389722,-2.2489722,-1.3289722,-0.29897216,-0.16897216,-0.6689722,-1.4289721,-1.5689721,-0.95897216,-1.0789722,-3.068972,-2.7889721,-2.2889721,-2.5389721,-1.0789722,1.0210278,2.8410277,4.7110276,5.771028,5.551028,6.161028,5.9410276,3.7010279,4.331028,4.261028,3.9710279,2.371028,2.8410277,4.4410276,6.581028,7.3610277,6.811028,1.4210278,0.27102783,-1.1089722,-1.7089722,-0.13897216,-1.7289722,-2.2789721,-1.3189721,-0.6089722,-2.2289722,-3.4289722,-2.0389721,-2.118972,-0.15897217,-0.20897217,-0.6089722,-0.9189722,-0.94897217,-1.0289721,-1.6289722,-1.5189722,-0.42897215,0.26102784,1.7410278,2.3410277,-3.838972
-2.7289722,-1.8089721,-1.6489722,-0.77897215,-1.1989722,-0.8689722,-1.1989722,-1.2189722,-1.4589722,-1.2189722,-0.89897215,-0.018972168,0.9510278,0.79102784,0.7510278,2.4610279,3.2510278,4.451028,5.241028,6.4210277,6.851028,7.121028,7.8210278,6.871028,5.2310276,5.471028,7.371028,7.161028,6.8210278,9.201028,9.901028,9.041028,6.5910277,-3.3089721,-3.6489723,-3.1889722,1.3610278,2.9410279,3.1910279,4.3810277,0.24102783,-4.608972,-3.5489721,-3.9789722,-3.2689722,-3.378972,-2.6889722,-0.70897216,-0.76897216,-0.42897215,0.33102784,0.09102783,-2.2689722,-4.708972,-2.6589723,0.8210278,0.27102783,-1.6589721
-3.5289721,-2.6489723,-2.5089722,-3.0289721,-1.6489722,-2.0189722,-2.318972,-1.8189721,-1.2489722,-0.25897217,0.73102784,-0.11897217,-1.7889721,-2.088972,-1.3889722,0.29102784,1.2810278,1.2510278,2.2310278,1.8410279,2.5910277,3.171028,3.8610277,3.9910278,4.741028,6.291028,5.891028,4.7310276,5.451028,7.3610277,9.471027,9.721027,9.471027,4.971028,-2.4589722,-2.5589721,-0.76897216,3.6010277,4.301028,4.7310276,-0.09897217,-3.2289722,-3.9289722,-2.1689723,-2.6389723,-3.0389721,-3.7089722,-4.258972,-2.4589722,-2.328972,0.8710278,0.9410278,0.5710278,-2.2189722,-3.068972,-2.9189723,-2.6389723,-0.31897217
-5.048972,-4.068972,-4.148972,-4.8289723,-2.6389723,-2.1789722,-2.1489723,-2.3089721,-2.838972,-1.7489722,-2.4089723,-2.6589723,-1.0589721,-0.23897217,1.0210278,2.2510278,3.421028,3.9410279,3.6910279,3.401028,4.411028,6.4210277,5.561028,4.891028,4.531028,4.8210278,4.6710277,5.501028,5.051028,5.531028,5.661028,5.351028,7.0910277,9.081028,9.741028,3.891028,1.1410278,-2.7189722,2.411028,1.7110279,-1.1489722,-1.3789722,-2.7189722,-1.9989722,-4.7889724,-6.7889724,-9.178972,-7.2889724,-5.778972,-6.3289723,-4.0789723,-1.4389721,0.001027832,-1.0589721,-2.098972,-3.0289721,-3.7789721,-2.318972
-4.148972,-4.838972,-5.248972,-4.758972,-4.7689724,-3.6989722,-3.878972,-3.578972,-3.9489722,-2.828972,-2.7289722,-0.63897216,0.5110278,1.2610278,1.9510279,3.0910277,4.3810277,5.771028,6.871028,7.3810277,7.221028,7.551028,6.8210278,6.1910276,6.451028,6.351028,6.121028,5.6910276,4.9610276,4.9010277,5.431028,4.681028,4.241028,4.4210277,6.001028,7.9210277,6.641028,-0.83897215,0.09102783,1.0410278,-0.15897217,-2.338972,-2.858972,-2.9489722,-2.8089721,-4.008972,-4.198972,-3.858972,-2.9489722,-8.018972,-7.358972,-5.918972,-2.608972,-2.628972,-3.1989722,-2.568972,-3.088972,-3.9989722
-4.5589724,-6.648972,-5.7689724,-4.5189724,-5.978972,-5.228972,-3.4689722,-2.088972,-3.0289721,-2.4489722,-0.41897216,1.2010279,2.8110278,3.6010277,4.6110277,5.031028,6.001028,6.911028,7.681028,7.4610276,7.3410277,7.561028,8.381028,8.121028,7.8810277,7.9010277,8.301028,7.871028,7.511028,6.371028,4.531028,4.801028,4.501028,3.671028,2.7810278,3.3110278,3.5710278,5.1710277,5.3410277,0.17102784,-0.39897215,-2.4589722,-3.878972,-4.698972,-4.278972,-3.358972,-3.8089721,-3.4289722,-3.2989721,-4.1189723,-5.5989723,-4.998972,-3.6489723,-2.5589721,-4.858972,-4.688972,-4.128972,-2.2689722
-5.708972,-6.438972,-5.878972,-5.148972,-6.208972,-4.048972,-2.2489722,-1.6189722,-1.1189722,-0.78897214,-0.35897216,0.8110278,2.5610278,3.4410279,4.281028,4.831028,5.491028,6.911028,7.561028,7.9810276,7.761028,7.6710277,7.531028,7.621028,7.661028,7.771028,8.651028,9.1010275,9.141027,8.901028,9.1010275,7.1910276,3.8210278,4.031028,1.3010278,2.151028,1.0910279,2.901028,3.8610277,4.081028,-0.89897215,-4.048972,-4.628972,-4.9089723,-2.2489722,-3.068972,-4.778972,-4.208972,-4.3889723,-3.1489723,-3.838972,-3.4089723,-3.8889723,-3.6489723,-2.088972,-2.868972,-3.7789721,-3.9989722
-7.238972,-7.728972,-5.748972,-5.148972,-6.228972,-3.588972,-3.7489722,-2.068972,-1.5289721,-1.4889722,-0.25897217,2.0210278,3.7010279,4.061028,4.271028,4.501028,5.531028,6.331028,6.991028,7.0910277,7.371028,7.391028,7.3410277,7.471028,7.1710277,7.251028,7.251028,8.071028,8.411028,9.071028,8.641027,8.971027,8.801028,8.3510275,4.5910277,1.7610278,2.9910278,-0.6789722,1.1610278,2.6110277,3.0410278,-6.858972,-7.858972,-5.0789723,-3.0189722,-4.338972,-4.6589723,-4.8889723,-4.358972,-4.4289722,-3.2589722,-4.208972,-2.0189722,-1.9589722,-1.5889722,-1.9689722,-2.7489722,-2.2889721
-8.298972,-7.7889724,-6.8689723,-6.4289722,-5.2889724,-4.6789722,-3.348972,-2.7389722,-1.7089722,-1.2689722,-0.9289722,2.0610278,3.871028,4.241028,4.3410277,4.781028,5.781028,6.021028,6.581028,6.831028,7.1510277,7.4810276,8.171028,8.191028,7.811028,7.6510277,7.601028,8.061028,8.011028,8.301028,9.001028,9.421028,8.581028,8.281028,7.531028,8.791028,2.931028,1.8510278,1.6110278,-0.15897217,-0.05897217,-1.2889721,-6.648972,-7.688972,-5.168972,-4.198972,-5.858972,-6.148972,-5.5989723,-5.498972,-4.6189723,-3.6989722,-3.2089722,-1.7489722,-1.5989722,-1.1289722,-1.9089721,-0.48897216
-9.018972,-8.378972,-8.408972,-5.6189723,-5.188972,-5.488972,-4.148972,-2.7789721,-2.0189722,-1.2889721,-0.088972166,2.151028,3.891028,4.8410277,5.161028,5.001028,6.1710277,6.9810276,7.4410276,7.531028,8.221027,8.541028,8.931027,8.561028,7.9610276,7.5910277,7.181028,7.291028,7.491028,6.9410276,6.991028,8.221027,9.491028,8.221027,6.9810276,7.101028,7.001028,5.871028,-1.2889721,2.8410277,-3.1489723,-2.828972,-3.8889723,-7.628972,-7.228972,-6.6189723,-6.988972,-7.378972,-7.238972,-6.4089723,-5.6389723,-4.418972,-3.4789722,-2.9389722,-2.0589721,-1.1989722,-1.1989722,-0.18897218
-12.308972,-9.728972,-8.168972,-4.798972,-4.528972,-5.2889724,-4.468972,-3.7389722,-2.3089721,-0.6789722,0.7010278,2.0810277,4.0910277,5.431028,5.911028,5.041028,5.741028,6.991028,7.4610276,7.791028,8.931027,9.161028,9.381028,9.111028,8.131028,8.311028,7.7310276,7.3410277,7.501028,7.261028,7.4210277,6.431028,8.151028,7.501028,6.891028,7.601028,6.011028,5.7310276,5.951028,1.2110279,0.91102785,-5.448972,-5.818972,-6.4289722,-8.568973,-6.548972,-7.798972,-8.308972,-8.108973,-7.648972,-6.8089724,-4.948972,-3.2989721,-3.2289722,-2.2989721,-1.0389721,-0.7389722,0.21102783
-12.628972,-12.128972,-6.6389723,-5.958972,-5.258972,-4.608972,-4.0189724,-3.7789721,-2.098972,-0.63897216,0.40102783,2.5810277,4.3210278,4.9410276,5.6110277,5.681028,6.521028,6.8810277,7.9410276,8.021028,9.471027,9.961028,9.801028,8.821028,8.701028,8.651028,7.621028,6.971028,6.9610276,6.4610276,6.371028,6.971028,6.8810277,6.811028,6.5710278,6.161028,5.971028,4.6310277,4.221028,3.6910279,-0.96897215,-0.38897216,-7.448972,-7.568972,-6.978972,-8.098972,-9.248972,-8.358973,-9.488972,-7.998972,-6.208972,-5.468972,-4.4289722,-3.358972,-1.9689722,-1.1289722,0.27102783,1.6810279
-13.968972,-12.418972,-7.358972,-5.378972,-6.498972,-5.1589723,-4.228972,-3.588972,-2.318972,-0.69897217,1.1810279,2.871028,3.3410277,4.601028,3.8610277,6.371028,7.601028,8.521028,9.341028,8.821028,9.561028,10.271028,10.331028,9.431027,9.541028,8.511028,8.231028,7.141028,6.431028,6.551028,6.621028,6.621028,6.2310276,6.3210278,6.451028,4.701028,4.6310277,4.1710277,3.0110278,2.0010278,1.5310278,0.5610278,-2.6489723,-7.5989723,-8.168972,-8.078972,-9.608973,-10.708972,-10.448972,-9.458972,-6.688972,-6.5589724,-4.8889723,-4.0189724,-2.7889721,-1.1389722,0.07102783,1.6910279
-13.688972,-11.508972,-8.548972,-7.608972,-6.508972,-6.208972,-5.568972,-4.088972,-2.088972,0.28102782,0.9510278,2.3010278,4.021028,4.641028,5.551028,6.9610276,8.071028,8.241028,8.891027,9.781028,9.551028,9.231028,9.771028,9.621028,9.001028,8.801028,8.211028,7.261028,6.8210278,6.351028,6.751028,6.581028,6.411028,6.1910276,5.6710277,4.791028,3.7910278,3.0310278,2.2710278,1.4410279,0.29102784,1.3210279,0.31102782,-5.258972,-9.988972,-9.358973,-9.548972,-11.488972,-11.018972,-10.428972,-9.138972,-7.448972,-6.0789723,-4.708972,-3.848972,-1.7089722,-0.47897217,0.9310278
