views/data/weather/2019/10/01/0000-wind-isobaric-250hPa-gfs-1.0.json
{"header": { "discipline":0, "disciplineName":"Meteorological products", "gribEdition":2, "gribLength":51096, "center":7, "centerName":"US National Weather Service - NCEP(WMC)", "subcenter":0, "refTime":"2019-10-01T00:00:00.000Z", "significanceOfRT":1, "significanceOfRTName":"Start of forecast", "productStatus":0, "productStatusName":"Operational products", "productType":1, "productTypeName":"Forecast products", "productDefinitionTemplate":0, "productDefinitionTemplateName":"Analysis/forecast at horizontal level/layer at a point in time", "parameterCategory":2, "parameterCategoryName":"Momentum", "parameterNumber":3, "parameterNumberName":"V-component_of_wind", "parameterUnit":"m.s-1", "genProcessType":2, "genProcessTypeName":"Forecast", "forecastTime":0, "surface1Type":100, "surface1TypeName":"Isobaric surface", "surface1Value":25000.0, "surface2Type":255, "surface2TypeName":"Missing", "surface2Value":0.0, "gridDefinitionTemplate":0, "gridDefinitionTemplateName":"Latitude_Longitude", "numberPoints":65160, "shape":6, "shapeName":"Earth spherical with radius of 6,371,229.0 m", "gridUnits":"degrees", "resolution":48, "winds":"true", "scanMode":0, "nx":360, "ny":181, "basicAngle":0, "lo1":0.0, "la1":90.0, "lo2":359.0, "la2":-90.0, "dx":1.0, "dy":1.0 }, "data":
[rows 26 to 51 of 181, columns 174 to 231 of 360]
20.914257,19.014257,17.014257,14.614258,11.914258,10.114258,8.414258,6.014258,2.3142579,-1.6857421,-5.7857423,-9.885742,-13.285742,-16.385742,-19.485743,-22.985743,-26.485743,-28.085743,-27.285742,-24.685741,-21.185741,-17.785742,-14.085742,-9.985743,-5.485742,-1.2857422,2.4142578,5.614258,9.314258,13.414258,16.714258,19.814259,23.314259,26.514257,28.414257,29.314259,30.114258,30.114258,29.814259,29.114258,28.914257,28.914257,29.214258,28.514257,27.314259,25.914257,24.514257,22.414257,20.614258,18.514257,17.714258,17.614258,17.314259,17.414257,15.114258,12.314258,11.814258,12.114258
20.014257,18.514257,18.114258,17.114258,13.914258,11.314258,9.614258,6.614258,2.9142578,-1.0857422,-5.1857424,-9.085742,-13.185742,-17.285742,-21.285742,-24.385742,-27.485743,-28.885742,-27.585743,-24.885742,-21.185741,-17.085743,-12.385742,-7.485742,-3.1857421,0.5142578,4.2142577,8.614258,12.114258,16.314259,20.214258,23.814259,26.114258,28.814259,32.31426,34.81426,33.614258,32.714256,31.914257,30.814259,30.814259,31.214258,30.714258,28.914257,27.014257,25.814259,24.214258,22.814259,20.914257,19.014257,16.214258,14.414258,13.714258,11.714258,10.314258,10.014257,13.214258,13.714258
19.714258,16.814259,15.414258,15.014257,14.114258,11.914258,9.214258,7.3142576,3.9142578,-0.3857422,-4.1857424,-8.285742,-13.485743,-17.785742,-22.585743,-26.285742,-29.385742,-30.085743,-27.985743,-24.185741,-20.285742,-15.585742,-10.285742,-6.1857424,-1.7857422,2.1142578,6.014258,10.514257,14.414258,18.314259,21.814259,25.714258,31.414257,33.614258,36.914257,40.114258,38.914257,37.214256,34.714256,33.01426,32.31426,31.614258,31.714258,31.614258,31.014257,30.314259,28.214258,24.914257,21.714258,19.614258,17.714258,14.014257,10.014257,7.014258,7.414258,10.714258,12.614258,10.014257
23.114258,20.914257,18.614258,15.314258,13.314258,12.314258,10.214258,7.7142577,5.2142577,1.3142579,-3.485742,-7.985742,-13.385742,-18.085743,-22.985743,-27.585743,-30.785742,-30.585743,-27.685741,-23.585743,-18.485743,-13.685742,-8.785742,-4.085742,-0.08574219,3.3142579,6.3142576,10.914258,14.814258,18.714258,22.714258,29.414257,34.81426,39.51426,38.81426,38.31426,38.01426,37.614258,36.414257,34.714256,33.01426,32.914257,34.114258,35.31426,35.614258,33.81426,28.414257,23.714258,20.614258,15.914258,14.314258,10.714258,7.014258,6.7142577,9.714258,11.714258,9.414258,6.914258
25.614258,23.014257,19.614258,16.914257,13.914258,11.514257,9.814258,8.114258,6.114258,2.2142577,-2.485742,-7.985742,-13.585742,-18.885742,-23.885742,-28.885742,-31.485743,-30.085743,-25.785742,-22.285742,-17.685741,-12.485743,-6.885742,-2.6857421,0.2142578,2.9142578,6.514258,10.214258,14.314258,18.614258,24.214258,30.414257,34.51426,37.01426,38.01426,38.714256,39.114258,39.81426,40.214256,37.614258,35.214256,34.714256,37.01426,37.914257,35.214256,32.31426,28.514257,24.914257,20.314259,15.914258,13.414258,8.714258,7.914258,10.114258,10.114258,8.914258,7.014258,5.2142577
26.614258,22.914257,20.614258,18.214258,14.414258,10.814258,8.214258,6.7142577,4.914258,2.8142579,-1.7857422,-7.585742,-13.785742,-19.585743,-24.585743,-29.485743,-31.685741,-29.685741,-25.885742,-22.585743,-17.085743,-11.585742,-6.6857424,-3.7857423,-0.8857422,1.7142578,4.7142577,9.014257,11.814258,16.014257,22.014257,27.914257,33.51426,39.214256,41.01426,41.714256,42.114258,43.01426,43.01426,41.31426,38.31426,36.914257,39.114258,40.01426,34.614258,30.714258,26.414257,23.314259,20.714258,15.014257,11.714258,8.414258,11.414258,13.714258,11.114258,9.014257,6.514258,2.2142577
24.214258,22.714258,19.014257,17.414257,14.614258,11.114258,8.214258,4.914258,3.014258,1.4142578,-1.5857422,-6.885742,-12.585742,-18.985743,-24.685741,-29.585743,-32.48574,-30.285742,-26.985743,-22.785742,-16.685741,-11.985743,-8.285742,-5.385742,-2.3857422,-0.08574219,2.8142579,5.614258,9.214258,12.014257,17.014257,22.814259,29.914257,36.114258,40.01426,41.114258,41.01426,43.214256,44.51426,42.81426,39.51426,39.81426,42.114258,40.914257,35.914257,30.414257,24.114258,19.414257,17.614258,13.814258,10.914258,12.514257,14.614258,13.314258,11.114258,7.414258,4.014258,0.8142578
23.814259,22.214258,18.414257,15.814258,13.614258,10.114258,7.914258,4.914258,1.4142578,-0.48574218,-2.485742,-6.385742,-12.185742,-18.485743,-24.585743,-29.085743,-32.585743,-31.285742,-27.885742,-23.185741,-17.785742,-13.385742,-10.285742,-7.085742,-3.985742,-1.4857422,0.9142578,3.4142578,6.2142577,8.814258,11.414258,15.814258,21.314259,27.214258,34.614258,37.214256,38.51426,41.914257,43.614258,42.414257,39.81426,40.214256,42.214256,38.31426,36.214256,32.214256,24.814259,19.114258,17.414257,12.214258,10.814258,14.014257,14.014257,11.414258,7.414258,4.114258,2.1142578,-1.0857422
22.114258,21.614258,18.414257,15.414258,13.414258,9.214258,6.914258,4.414258,0.8142578,-2.0857422,-3.985742,-6.2857423,-11.085742,-17.085743,-23.185741,-28.685741,-32.385742,-32.285744,-29.085743,-24.685741,-19.785742,-15.585742,-12.185742,-8.685742,-5.385742,-2.7857423,-0.5857422,2.014258,3.9142578,7.014258,9.614258,12.314258,16.914257,22.414257,29.114258,33.01426,36.01426,40.01426,42.714256,40.114258,37.01426,37.01426,41.81426,38.214256,32.01426,26.614258,21.814259,18.414257,14.914258,12.414258,13.814258,12.714258,11.414258,7.8142576,3.6142578,0.71425784,-1.6857421,-3.1857421
21.414257,20.414257,17.414257,14.814258,12.714258,9.714258,5.414258,3.514258,0.9142578,-2.485742,-4.985742,-6.1857424,-9.285742,-14.985743,-21.485743,-26.285742,-31.085743,-32.98574,-30.185741,-25.985743,-21.485743,-17.285742,-14.085742,-10.585742,-6.585742,-4.1857424,-1.2857422,1.1142578,3.3142579,6.014258,8.414258,11.114258,14.114258,19.014257,25.114258,30.314259,33.31426,39.214256,42.01426,40.214256,34.614258,33.01426,37.81426,34.714256,33.51426,29.414257,21.614258,16.914257,14.114258,11.214258,14.214258,13.714258,9.914258,4.914258,0.71425784,-1.2857422,-3.2857423,-5.1857424
21.014257,18.914257,16.614258,14.114258,11.514257,8.914258,5.914258,1.7142578,0.6142578,-2.1857421,-5.1857424,-6.7857423,-8.785742,-12.685742,-18.185741,-23.485743,-28.785742,-32.385742,-30.285742,-26.585743,-22.585743,-18.585743,-14.285742,-11.085742,-7.7857423,-5.2857423,-2.485742,-0.18574218,2.514258,5.614258,8.514257,10.914258,14.514257,18.114258,24.214258,30.214258,32.81426,38.01426,39.214256,36.714256,33.714256,29.114258,31.514257,35.414257,29.314259,25.114258,22.014257,14.614258,12.214258,11.114258,13.614258,11.214258,6.2142577,2.014258,-1.1857421,-2.3857422,-4.485742,-6.7857423
20.714258,19.414257,16.814259,14.714258,11.214258,6.8142576,3.014258,1.5142578,-1.7857422,-2.8857422,-5.1857424,-7.085742,-8.685742,-11.085742,-15.685742,-20.285742,-24.985743,-29.485743,-29.585743,-26.785742,-21.785742,-18.185741,-14.585742,-11.485743,-8.385742,-5.985742,-3.485742,-0.78574216,2.2142577,4.8142576,7.614258,11.114258,15.114258,19.014257,24.514257,30.614258,33.31426,36.214256,36.614258,33.114258,29.914257,26.014257,24.514257,30.814259,29.814259,23.914257,19.414257,15.214258,11.614258,10.414258,13.414258,8.714258,3.6142578,-0.3857422,-1.4857422,-3.8857422,-7.1857424,-10.285742
19.114258,16.314259,17.214258,15.214258,10.814258,6.914258,2.6142578,-1.0857422,-2.3857422,-4.1857424,-5.585742,-6.6857424,-8.385742,-10.685742,-12.885742,-17.685741,-22.385742,-25.885742,-27.585743,-25.585743,-21.585743,-17.385742,-13.985743,-10.985743,-8.285742,-5.885742,-3.0857422,0.11425781,2.6142578,5.614258,8.714258,11.914258,15.714258,19.814259,25.414257,29.914257,33.714256,35.214256,33.614258,29.114258,24.414257,22.214258,18.914257,22.214258,28.714258,24.614258,18.414257,13.014257,11.614258,12.614258,11.014257,5.514258,0.11425781,-0.9857422,-3.0857422,-6.2857423,-10.085742,-13.785742
17.014257,16.114258,16.514257,14.214258,9.914258,5.8142576,2.4142578,-1.6857421,-3.3857422,-4.385742,-3.985742,-5.2857423,-6.6857424,-8.385742,-11.485743,-13.685742,-17.285742,-21.885742,-23.685741,-24.185741,-22.285742,-17.885742,-14.385742,-11.485743,-8.585742,-6.1857424,-4.1857424,-1.1857421,2.7142577,6.914258,11.014257,14.114258,17.614258,23.314259,27.214258,31.514257,33.914257,32.614258,28.914257,23.214258,23.314259,20.014257,15.414258,13.914258,20.614258,22.214258,16.814259,10.614258,9.014257,10.814258,7.7142577,2.8142579,-0.2857422,-1.5857422,-5.385742,-10.085742,-12.585742,-18.385742
16.914257,17.614258,17.214258,12.314258,8.814258,5.2142577,1.2142578,-1.1857421,-2.7857423,-3.485742,-2.485742,-1.3857422,-2.985742,-5.585742,-6.985742,-9.785742,-13.385742,-14.485743,-16.685741,-18.385742,-18.685741,-17.385742,-14.185742,-10.185742,-7.1857424,-4.485742,-2.0857422,0.6142578,3.8142579,7.8142576,12.214258,17.014257,21.214258,25.414257,29.514257,31.414257,29.314259,26.714258,24.314259,24.114258,21.214258,16.014257,10.914258,9.114258,8.814258,13.814258,13.314258,7.514258,5.8142576,7.114258,3.7142577,-0.5857422,-1.1857421,-2.7857423,-6.2857423,-11.985743,-16.385742,-22.385742
18.714258,17.814259,14.214258,12.014257,8.714258,4.3142576,0.5142578,-1.0857422,0.014257813,1.0142578,1.1142578,0.8142578,-0.9857422,-2.5857422,-4.6857424,-5.7857423,-7.085742,-9.285742,-11.085742,-11.385742,-10.185742,-8.985743,-8.885742,-8.585742,-6.7857423,-4.1857424,-1.3857422,1.6142578,5.014258,8.714258,12.114258,16.414257,21.714258,24.914257,27.614258,28.714258,26.614258,25.214258,19.714258,18.514257,16.314259,12.514257,11.614258,7.3142576,3.7142577,4.614258,6.114258,2.1142578,1.3142579,3.9142578,0.014257813,-3.5857422,-2.2857423,-4.585742,-8.685742,-14.985743,-20.485743,-25.585743
19.514257,15.214258,13.714258,10.314258,6.8142576,4.614258,4.914258,6.114258,6.414258,6.8142576,6.414258,5.7142577,4.014258,1.8142579,-0.48574218,-1.8857422,-3.1857421,-5.1857424,-7.485742,-7.7857423,-6.385742,-5.885742,-5.2857423,-3.6857421,-2.5857422,-1.7857422,-0.6857422,1.8142579,5.014258,8.614258,13.114258,17.714258,22.614258,25.714258,27.214258,27.514257,20.714258,17.614258,16.514257,15.714258,12.914258,10.614258,7.614258,3.014258,-1.6857421,-2.3857422,-2.1857421,-4.485742,-2.7857423,0.2142578,-2.985742,-6.085742,-3.2857423,-6.6857424,-12.585742,-17.985743,-22.485743,-28.485743
19.014257,15.014257,11.414258,8.414258,7.014258,8.214258,9.014257,8.714258,7.914258,7.614258,7.3142576,7.114258,6.014258,4.7142577,3.1142578,1.0142578,-0.6857422,-1.9857422,-2.6857421,-3.3857422,-3.485742,-3.0857422,-2.1857421,-0.8857422,0.014257813,1.0142578,2.9142578,5.3142576,8.314258,12.614258,17.414257,22.414257,24.014257,25.114258,20.514257,19.914257,20.114258,18.914257,15.914258,13.614258,9.814258,7.8142576,3.3142579,0.3142578,-5.6857424,-7.085742,-8.285742,-10.885742,-5.2857423,-1.2857422,-5.7857423,-6.6857424,-4.6857424,-9.385742,-16.085743,-20.785742,-25.285742,-30.985743
17.014257,13.214258,9.014257,8.314258,11.414258,13.214258,15.814258,16.314259,17.314259,16.114258,14.914258,11.814258,8.514257,5.2142577,1.5142578,-1.8857422,-3.3857422,-4.385742,-3.0857422,-1.0857422,-0.6857422,-0.5857422,-0.3857422,0.2142578,1.5142578,4.414258,7.414258,10.614258,13.514257,17.214258,21.514257,20.814259,18.114258,21.814259,22.614258,17.314259,14.514257,13.314258,13.214258,12.014257,7.914258,3.1142578,-1.1857421,-4.385742,-10.385742,-11.085742,-14.485743,-15.185742,-4.585742,-2.985742,-8.585742,-6.985742,-5.985742,-11.785742,-18.785742,-23.985743,-29.585743,-33.385742
14.014257,10.114258,10.714258,15.114258,20.114258,24.114258,24.014257,25.614258,29.014257,26.314259,22.714258,18.714258,15.514257,11.714258,6.914258,3.4142578,0.2142578,-4.1857424,-7.885742,-9.585742,-5.385742,-4.2857423,-2.8857422,1.1142578,4.8142576,7.7142577,10.914258,15.114258,13.014257,13.814258,16.514257,20.314259,23.014257,20.314259,17.014257,14.414258,10.714258,8.414258,9.314258,8.414258,4.414258,-1.0857422,-6.2857423,-10.185742,-11.785742,-16.185741,-18.685741,-15.685742,-3.6857421,-5.6857424,-9.485743,-8.085742,-7.485742,-14.085742,-21.085743,-26.885742,-32.18574,-37.18574
11.214258,10.814258,15.614258,22.514257,27.614258,31.914257,34.31426,34.614258,32.914257,32.114258,28.414257,25.714258,20.814259,16.714258,12.714258,8.414258,5.114258,1.9142578,-1.0857422,-3.6857421,-5.085742,-5.885742,-8.085742,-3.485742,2.8142579,1.2142578,-0.2857422,2.4142578,8.714258,14.114258,16.514257,17.214258,17.614258,15.814258,14.614258,12.014257,8.214258,5.8142576,5.7142577,3.3142579,-0.3857422,-6.1857424,-11.085742,-12.885742,-15.685742,-19.185741,-20.685741,-11.885742,-4.2857423,-7.585742,-9.085742,-8.185742,-9.585742,-15.585742,-22.685741,-28.185741,-33.48574,-39.68574
8.514257,12.714258,22.014257,27.414257,34.914257,32.614258,35.214256,33.81426,34.31426,34.214256,32.614258,31.414257,30.114258,25.214258,19.014257,13.914258,7.2142577,0.9142578,-1.5857422,-3.6857421,-5.585742,-4.1857424,-7.085742,-9.385742,-9.885742,-9.885742,-5.385742,-1.7857422,7.914258,11.514257,12.014257,11.714258,13.714258,13.014257,12.214258,9.414258,5.114258,4.8142576,3.2142577,0.014257813,-5.585742,-10.585742,-15.085742,-16.885742,-19.785742,-22.685741,-18.285742,-8.585742,-5.7857423,-8.885742,-8.385742,-5.1857424,-10.385742,-16.485743,-22.885742,-27.985743,-33.98574,-40.885742
6.014258,15.114258,21.914257,30.914257,34.31426,34.31426,34.51426,36.01426,33.31426,34.214256,31.414257,28.914257,25.814259,26.014257,19.514257,13.414258,10.814258,7.3142576,2.6142578,-3.5857422,-7.385742,-5.485742,-4.485742,-7.985742,-8.485743,-6.6857424,-3.5857422,-2.5857422,5.2142577,7.8142576,6.614258,10.014257,12.514257,10.214258,9.314258,7.7142577,4.114258,1.3142579,-0.9857422,-6.2857423,-10.685742,-15.285742,-18.585743,-21.285742,-23.285742,-23.085743,-10.985743,-7.085742,-5.7857423,-9.185742,-10.185742,-4.885742,-10.685742,-16.385742,-22.485743,-27.685741,-33.68574,-40.585743
4.614258,12.514257,19.714258,28.714258,32.81426,35.31426,33.714256,35.114258,29.314259,29.714258,29.914257,29.114258,21.614258,21.014257,18.514257,12.614258,10.414258,4.914258,5.014258,0.11425781,-1.3857422,-6.6857424,-6.385742,-1.5857422,-1.8857422,-3.985742,-3.2857423,-0.08574219,1.5142578,3.9142578,3.8142579,7.2142577,11.214258,12.714258,10.014257,5.7142577,2.6142578,-2.1857421,-4.585742,-10.085742,-14.685742,-18.785742,-21.685741,-24.985743,-26.285742,-16.085743,-9.585742,-3.8857422,-4.385742,-8.385742,-9.985743,-5.7857423,-10.785742,-15.385742,-20.985743,-26.185741,-32.585743,-40.585743
2.514258,9.114258,15.214258,22.714258,27.214258,33.914257,34.81426,32.01426,26.014257,23.814259,23.014257,23.214258,19.614258,14.414258,18.714258,17.314259,10.914258,8.514257,6.7142577,0.2142578,1.5142578,-0.8857422,-1.1857421,-4.385742,1.2142578,-0.48574218,-0.5857422,-1.0857422,0.41425782,1.2142578,1.5142578,4.514258,7.414258,14.414258,10.514257,4.2142577,0.6142578,-5.6857424,-8.185742,-11.385742,-16.085743,-20.985743,-24.585743,-27.185741,-24.885742,-10.585742,-10.585742,-1.8857422,-1.3857422,-5.385742,-8.185742,-3.6857421,-9.685742,-14.385742,-19.385742,-24.685741,-30.785742,-38.18574
0.8142578,5.7142577,11.514257,14.914258,27.414257,36.81426,36.81426,31.914257,30.514257,29.114258,25.314259,18.714258,16.614258,11.914258,10.814258,11.714258,10.414258,8.014257,4.7142577,2.7142577,0.3142578,-1.0857422,-0.6857422,-1.2857422,-0.6857422,0.41425782,-0.2857422,-0.48574218,-0.8857422,1.6142578,2.014258,3.6142578,3.6142578,12.814258,9.314258,3.8142579,-2.8857422,-7.085742,-10.085742,-14.885742,-19.685741,-23.485743,-26.585743,-27.585743,-20.385742,-8.185742,-4.585742,-2.8857422,-1.4857422,-1.2857422,-5.6857424,-6.7857423,-7.385742,-11.985743,-17.885742,-22.985743,-28.185741,-33.385742
