views/data/weather/2019/10/01/0000-wind-isobaric-1000hPa-gfs-1.0.json
{"header": { "discipline":0, "disciplineName":"Meteorological products", "gribEdition":2, "gribLength":80311, "center":7, "centerName":"US National Weather Service - NCEP(WMC)", "subcenter":0, "refTime":"2019-10-01T00:00:00.000Z", "significanceOfRT":1, "significanceOfRTName":"Start of forecast", "productStatus":0, "productStatusName":"Operational products", "productType":1, "productTypeName":"Forecast products", "productDefinitionTemplate":0, "productDefinitionTemplateName":"Analysis/forecast at horizontal level/layer at a point in time", "parameterCategory":2, "parameterCategoryName":"Momentum", "parameterNumber":3, "parameterNumberName":"V-component_of_wind", "parameterUnit":"m.s-1", "genProcessType":2, "genProcessTypeName":"Forecast", "forecastTime":0, "surface1Type":100, "surface1TypeName":"Isobaric surface", "surface1Value":95000.0, "surface2Type":255, "surface2TypeName":"Missing", "surface2Value":0.0, "gridDefinitionTemplate":0, "gridDefinitionTemplateName":"Latitude_Longitude", "numberPoints":65160, "shape":6, "shapeName":"Earth spherical with radius of 6,371,229.0 m", "gridUnits":"degrees", "resolution":48, "winds":"true", "scanMode":0, "nx":360, "ny":181, "basicAngle":0, "lo1":0.0, "la1":90.0, "lo2":359.0, "la2":-90.0, "dx":1.0, "dy":1.0 }, "data":
[rows 0 to 25 of 181, columns 236 to 294 of 360]
-2.1866772,-2.1266773,-2.0666773,-2.0066772,-1.9466772,-1.8866773,-1.8266772,-1.7666773,-1.6966772,-1.6366773,-1.5666772,-1.5066773,-1.4366772,-1.3766773,-1.3066772,-1.2366773,-1.1766772,-1.1066773,-1.0366772,-0.96667725,-0.90667725,-0.83667725,-0.76667726,-0.69667727,-0.6266773,-0.5566772,-0.48667726,-0.41667724,-0.34667724,-0.27667725,-0.20667724,-0.13667725,-0.06667724,0.0033227538,0.07332275,0.14332275,0.21332276,0.28332275,0.35332274,0.42332277,0.49332276,0.5633228,0.6333228,0.70332277,0.77332276,0.83332276,0.90332276,0.97332275,1.0433228,1.1133227,1.1733228,1.2433227,1.3133228,1.3733227,1.4433228,1.5033227,1.5733228,1.6333227,1.7033228
-2.9566772,-2.9466772,-2.9366772,-2.9366772,-2.9366772,-2.9266772,-2.9066772,-2.8966773,-2.8666773,-2.8566773,-2.8266773,-2.8066773,-2.7866774,-2.7566772,-2.7066772,-2.6566772,-2.6166773,-2.5566773,-2.5166771,-2.4566772,-2.4066772,-2.3466773,-2.2866774,-2.2266772,-2.1666772,-2.1066773,-2.0466774,-1.9766773,-1.9166772,-1.8566773,-1.7966772,-1.7366773,-1.6766772,-1.6066773,-1.5466772,-1.4866773,-1.4266772,-1.3566773,-1.2966772,-1.2266773,-1.1666772,-1.1066773,-1.0466772,-0.96667725,-0.88667727,-0.8166773,-0.72667724,-0.64667726,-0.5666773,-0.49667725,-0.40667725,-0.32667723,-0.22667724,-0.13667725,-0.046677247,0.043322753,0.14332275,0.23332275,0.32332274
-2.6066773,-2.5666773,-2.5366774,-2.4966772,-2.4566772,-2.4166772,-2.3666773,-2.3266773,-2.2766771,-2.2166772,-2.1666772,-2.1066773,-2.0366774,-1.9666772,-1.9066772,-1.8366772,-1.7766773,-1.7066772,-1.6466773,-1.5866772,-1.5266773,-1.4766773,-1.4266772,-1.3866773,-1.3466773,-1.3066772,-1.2666773,-1.2366773,-1.2066772,-1.1866772,-1.1566772,-1.1166773,-1.0866772,-1.0466772,-0.9866772,-0.91667724,-0.85667723,-0.78667724,-0.70667726,-0.63667727,-0.5566772,-0.47667724,-0.39667726,-0.31667724,-0.24667725,-0.17667724,-0.09667724,-0.036677245,0.033322755,0.093322754,0.16332275,0.23332275,0.29332274,0.36332276,0.42332277,0.48332274,0.54332274,0.60332274,0.65332276
-1.3166772,-1.1566772,-1.0066773,-0.83667725,-0.6766772,-0.52667725,-0.36667725,-0.19667725,-0.036677245,0.123322755,0.28332275,0.38332275,0.45332277,0.5133228,0.55332273,0.59332275,0.65332276,0.71332276,0.77332276,0.83332276,0.8833228,0.92332274,0.9433228,0.96332276,0.97332275,0.97332275,0.98332274,0.99332273,1.0033227,1.0133227,1.0133227,1.0133227,1.0033227,0.99332273,0.97332275,0.95332277,0.92332274,0.89332277,0.86332273,0.83332276,0.80332273,0.7633228,0.72332275,0.6933228,0.64332277,0.60332274,0.5633228,0.53332275,0.5033228,0.47332275,0.45332277,0.43332276,0.41332275,0.38332275,0.36332276,0.33332276,0.31332275,0.29332274,0.28332275
-0.036677245,0.25332275,0.55332273,0.85332274,1.1633228,1.4533228,1.7333227,2.0133228,2.2733228,2.5333228,2.7833228,2.9833229,3.1633227,3.2733228,3.3433228,3.3733227,3.3633227,3.3233228,3.2633228,3.1933227,3.1233227,3.0433228,2.9733229,2.8933227,2.8133228,2.7233229,2.6533227,2.5833228,2.5333228,2.4533226,2.3833227,2.2833228,2.1733227,2.0433228,1.8833227,1.7133228,1.5333228,1.3333228,1.1233227,0.89332277,0.67332274,0.45332277,0.25332275,0.06332275,-0.10667725,-0.27667725,-0.43667725,-0.58667725,-0.7366772,-0.88667727,-1.0166773,-1.1366773,-1.2266773,-1.2766773,-1.3066772,-1.3066772,-1.2766773,-1.2466773,-1.2066772
1.5733228,1.7033228,1.8033228,1.8733227,1.9233228,1.9533228,1.9533228,1.9433228,1.9233228,1.8733227,1.7833228,1.6033227,1.4533228,1.3833227,1.5033227,1.8033228,2.1533227,2.4533226,2.6633227,2.8433228,3.0733228,3.3933227,3.7133226,3.9433227,4.053323,4.1333227,4.2133226,4.2933226,4.393323,4.513323,4.7533226,4.933323,4.8833227,4.5633225,4.143323,3.6233227,3.0633228,2.4733229,1.9133228,1.3733227,0.84332275,0.30332276,-0.23667724,-0.76667726,-1.2766773,-1.7266773,-2.1266773,-2.4266772,-2.6966772,-2.9166772,-3.1066773,-3.2666771,-3.3366773,-3.3966773,-3.4466772,-3.4266772,-3.3866773,-3.2666771,-3.1066773
0.5733228,0.37332276,0.16332275,0.043322753,-0.006677246,0.033322755,0.17332275,0.45332277,0.78332275,1.1033227,1.3733227,1.5433228,1.6733228,1.7533227,1.8033228,1.8333228,1.9033227,2.0933228,2.3233228,2.5133228,2.6733227,2.8633227,3.2133226,3.6333227,4.013323,4.3433228,4.6533227,4.9233227,5.323323,5.8133225,6.033323,5.723323,4.6933227,3.4833229,2.3133228,1.4933227,1.1733228,1.2333227,0.97332275,0.53332275,0.06332275,-0.37667724,-0.75667727,-1.0566772,-1.3066772,-1.5266773,-1.7266773,-1.8666773,-1.9966773,-2.1166773,-2.2166772,-2.3066773,-2.3866773,-2.3866773,-2.3866773,-2.3466773,-2.2566772,-2.1766772,-2.0966773
0.13332276,0.30332276,0.46332276,0.58332276,0.74332273,0.92332274,1.1533227,1.4733227,1.8233228,2.1433227,2.4333227,2.7233229,3.0133228,3.2733228,3.4633226,3.5833228,3.5333228,3.4533226,3.4433227,3.4133227,3.2533228,2.9233227,2.5233228,2.1433227,1.8933227,1.8733227,2.1633227,2.8233228,3.6033227,3.7933228,2.8433228,1.2133228,-0.30667725,-1.6666772,-2.9866772,-3.5666773,-2.8266773,-1.7266773,-1.0666772,-0.70667726,-0.46667725,-0.32667723,-0.29667723,-0.30667725,-0.086677246,0.49332276,0.9433228,0.9433228,1.2433227,1.3833227,1.3133228,1.0633228,0.8733227,1.0933228,1.4333228,1.7533227,2.1733227,2.0733228,1.5033227
0.18332276,0.24332276,0.22332275,0.14332275,0.15332276,0.37332276,0.60332274,0.7533228,0.86332273,0.96332276,1.0233227,1.1833228,1.4633228,1.7333227,2.0533228,2.4433227,2.8033228,3.0133228,3.1133227,3.0233228,2.6133227,1.9533228,1.1633228,0.49332276,0.32332274,0.59332275,0.8233228,0.9333227,1.1233227,1.1533227,0.78332275,0.27332276,0.22332275,0.093322754,-0.25667724,-0.26667726,0.23332275,0.92332274,1.2733227,0.72332275,0.7533228,0.85332274,0.72332275,0.60332274,1.0733228,1.6033227,2.1233227,3.8233228,4.973323,4.413323,2.9733229,1.5633228,0.83332276,0.61332273,0.49332276,-0.006677246,0.25332275,0.42332277,0.92332274
-0.72667724,-0.69667727,-0.6266773,-0.52667725,-0.44667724,-0.35667723,-0.21667725,-0.056677245,0.123322755,0.29332274,0.41332275,0.5133228,0.6233227,0.70332277,0.8733227,1.2333227,1.7133228,2.2233229,2.6633227,2.9633226,2.9033227,2.5333228,1.7833228,0.6933228,-0.46667725,-1.5466772,-2.2066772,-1.6766772,-0.12667724,0.5733228,0.8733227,1.0633228,3.2133226,5.6933227,3.3233228,1.0033227,0.20332275,0.41332275,0.8133228,1.4233228,0.53332275,-0.5566772,-1.1966772,-1.8866773,-3.0766773,-3.6166773,-2.1866772,-1.3366772,-1.5866772,-0.60667723,2.2033226,4.2933226,5.1133227,5.623323,5.2533226,3.7833228,1.8033228,5.033323,9.903323
-1.2966772,-1.0866772,-0.8666772,-0.63667727,-0.37667724,-0.12667724,0.15332276,0.5033228,0.9333227,1.4033227,1.8933227,2.3433228,2.7133226,3.0333228,3.3833227,3.6933227,3.9433227,4.103323,4.1133227,4.0633225,4.0033226,4.0033226,4.013323,4.013323,3.9733229,3.3033228,2.5533228,1.0433228,0.033322755,0.16332275,0.28332275,0.18332276,1.1233227,2.5933228,0.6933228,0.67332274,1.9633228,3.9633226,1.9433228,1.0933228,1.8333228,3.1033227,3.0633228,1.0533228,1.6733228,1.5933228,1.5933228,1.6133227,0.32332274,-0.036677245,0.60332274,1.1633228,0.67332274,0.71332276,3.0133228,3.5333228,3.0633228,2.5833228,2.6533227
-2.1266773,-1.5666772,-1.2266773,-0.7366772,-0.21667725,0.39332277,1.0133227,1.6933228,2.2833228,2.8433228,3.4933228,4.143323,4.8133225,5.623323,6.5933228,7.5433226,8.393323,9.103323,9.633323,9.843323,9.703322,9.153323,8.293323,7.2733226,6.473323,5.7733226,5.513323,5.683323,5.3833227,4.1733227,1.6733228,0.80332273,0.52332276,1.8133228,1.9233228,-0.16667725,-0.58667725,-1.0466772,0.59332275,1.2233227,0.61332273,-1.2166772,-1.8766773,-1.2066772,0.5133228,1.2633227,0.83332276,0.96332276,2.1033227,4.1733227,5.453323,2.9533226,1.1333227,0.83332276,1.6133227,2.2533228,2.6933227,3.1933227,3.4133227
-3.4566772,-3.0366774,-2.6566772,-2.2566772,-1.6866772,-0.8066772,0.18332276,1.2833228,2.3433228,3.4733229,4.3433228,5.283323,6.053323,6.7133226,7.763323,8.893323,9.793323,10.653323,11.223323,11.513323,11.893323,12.463323,12.713323,12.263323,11.313323,10.083323,8.243322,6.8433228,5.913323,5.163323,4.7333226,3.9533226,2.8333228,2.0433228,1.1533227,0.123322755,-0.16667725,-0.17667724,-0.046677247,-0.18667725,-1.3866773,-0.40667725,1.0633228,1.8733227,-0.18667725,-0.13667725,0.06332275,1.0533228,4.7533226,7.7533226,8.303323,8.073322,3.3233228,0.8133228,2.6033227,6.0833225,5.243323,4.2733226,5.2933226
-3.0966773,-2.6566772,-2.2066772,-1.4866773,-0.90667725,-0.53667724,-0.026677245,0.32332274,1.0733228,2.0633228,2.1133227,2.2433228,2.6133227,3.0033228,5.9233227,8.763323,10.103323,11.983323,12.983323,13.853323,14.693323,14.413322,13.503323,14.023323,14.133323,13.663322,13.043323,11.523323,8.523323,6.183323,5.223323,4.4433227,3.0633228,1.8933227,1.5333228,1.3233228,0.28332275,0.28332275,1.2733227,1.6033227,1.5533228,1.0733228,0.7533228,0.27332276,-0.39667726,-0.37667724,4.913323,8.763323,10.233323,10.953322,11.403323,12.353323,12.983323,10.303323,3.0933228,3.1133227,3.6733227,2.3333228,3.9633226
-1.0266773,-0.53667724,-0.24667725,0.20332275,0.5733228,1.5033227,2.2133226,3.9133227,4.663323,3.4333227,2.7633228,1.8133228,1.2433227,-0.69667727,-1.2566773,2.2933228,5.9033227,8.323322,10.763323,11.093323,12.843323,14.413322,15.273323,14.563323,13.8733225,12.613323,11.613323,10.273323,8.933323,7.163323,5.8133225,4.3433228,2.1433227,0.36332276,-0.06667724,0.32332274,0.28332275,0.52332276,1.1233227,1.1833228,0.99332273,0.61332273,0.6233227,-1.8466773,-0.7366772,2.0633228,4.553323,7.163323,9.403323,10.203322,10.993322,11.253323,11.183323,10.803323,9.493322,8.433323,7.353323,6.0033226,6.123323
0.22332275,0.47332275,0.86332273,1.3333228,1.8333228,2.3033228,2.1633227,1.0433228,0.43332276,0.5733228,0.9433228,1.8833227,1.1633228,1.2633227,1.8433228,3.3433228,4.183323,4.7533226,5.7733226,6.6133227,7.533323,9.723323,11.943323,12.913322,12.093323,10.493322,9.713323,10.113323,10.913322,9.223323,6.973323,4.1933227,2.2733228,0.41332275,-1.7566773,-2.9666772,-1.0566772,0.07332275,0.053322755,0.97332275,0.27332276,0.31332275,-0.20667724,0.7533228,-0.9966772,0.07332275,0.39332277,2.4133227,6.143323,8.093323,9.293323,9.643323,10.173323,10.8733225,11.3733225,11.1233225,10.563323,9.8733225,8.523323
0.28332275,0.8233228,1.3933227,1.3233228,1.8033228,2.8333228,2.6933227,2.5333228,2.9033227,3.5733228,2.7533228,1.9533228,2.0533228,2.1033227,2.1433227,2.2433228,2.7133226,2.8433228,3.6333227,3.7933228,4.9633226,7.893323,10.233323,12.613323,12.723323,12.663322,12.043323,11.053323,9.913322,8.443323,6.0933228,3.7233229,1.5133227,0.083322756,-1.1566772,-2.0966773,-1.9766773,-0.47667724,-0.8166773,-1.6966772,-0.8066772,0.54332274,-0.6166772,-1.2566773,-1.3566773,-0.35667723,0.45332277,0.35332274,-0.17667724,3.9233227,6.4433227,8.143323,9.003323,9.663322,10.243322,11.313323,12.343323,11.743322,12.273323
1.1733228,2.3933227,2.6533227,2.6033227,2.6333227,2.6233227,2.9133227,3.3633227,4.2133226,4.2333226,4.103323,4.1933227,3.8733227,3.5633228,3.3533227,2.4433227,2.4833229,1.8233228,1.1833228,2.8233228,4.973323,7.163323,9.743322,11.393323,12.253323,12.553323,11.393323,10.443323,9.383323,7.783323,5.053323,2.4233227,-0.006677246,-0.85667723,-1.5866772,-2.5366774,-5.7266774,-6.6366773,-3.6866772,-2.0966773,-1.0666772,-0.30667725,-0.90667725,-1.0166773,-0.51667726,0.5133228,0.093322754,-0.47667724,-2.3266773,-2.7566772,1.5633228,4.6333227,6.8133225,8.293323,9.383323,9.843323,9.783322,10.603323,10.933323
2.1833227,3.8633227,5.5833225,5.303323,4.0933228,5.413323,4.8133225,4.053323,3.9433227,4.143323,4.5833225,4.6133227,4.123323,3.6433227,1.8433228,0.8833228,2.1833227,3.5633228,3.6233227,4.7133226,6.5833225,7.1333227,8.023323,9.523323,10.723323,12.423323,12.353323,11.253323,8.893323,4.8833227,2.0733228,0.91332275,-0.31667724,-2.1866772,-4.126677,-6.0966773,-7.8866773,-9.536677,-7.836677,-6.006677,-1.8266772,-0.6266773,-1.1866772,-1.6566772,-1.3066772,-0.65667725,-0.13667725,0.21332276,-0.41667724,-0.6866772,-2.7966774,-1.2366773,1.0433228,3.7433228,6.5033226,8.423323,9.793323,10.743322,11.183323
5.0233226,4.143323,4.033323,4.0033226,3.7033226,4.453323,6.8833227,4.143323,3.8533227,3.9133227,4.6333227,4.4833226,4.2933226,4.1533227,3.4133227,3.2133226,4.0233226,5.013323,5.5633225,5.243323,5.553323,6.993323,7.4233227,7.953323,9.593323,10.233323,9.943323,9.783322,9.423323,7.073323,4.393323,0.6933228,0.0033227538,-2.2466772,-4.336677,-5.9066772,-7.2066774,-7.566677,-7.2266774,-7.446677,-7.356677,-3.4566772,-0.57667726,-0.49667725,2.0033228,1.6633228,0.5733228,-0.26667726,-0.22667724,-0.37667724,-1.1666772,-0.78667724,0.48332274,-0.20667724,0.24332276,2.7733228,5.4233227,8.223323,11.163322
5.073323,7.7133226,4.9833226,3.7633228,2.0233228,2.2633228,4.3433228,6.473323,8.543323,8.963323,9.453322,8.723323,7.8633227,6.683323,6.053323,5.433323,5.6533227,6.0433226,6.723323,6.3333225,5.493323,5.323323,5.493323,6.643323,8.463323,8.093323,6.3433228,6.8133225,7.2733226,7.1133227,4.933323,2.4033227,-0.43667725,-1.5566772,-3.0666773,-5.4366775,-7.716677,-9.156677,-8.946677,-4.146677,-7.4166775,-8.406677,-5.696677,-1.3566773,-1.3966773,0.14332275,2.5733228,3.4933228,5.953323,4.123323,1.8133228,2.7433228,0.85332274,1.1033227,0.44332275,0.22332275,0.53332275,0.90332276,6.143323
9.753323,7.493323,4.453323,5.5833225,6.2733226,7.3833227,6.9233227,1.7333227,2.9233227,4.413323,5.1933227,6.013323,6.723323,5.9833226,5.643323,5.4633226,5.5233226,4.913323,3.7933228,3.7733228,3.5733228,3.4533226,4.053323,5.033323,6.1333227,6.9833226,6.723323,6.573323,6.283323,6.553323,4.6933227,2.6233227,-0.33667725,-3.4166772,-3.5666773,-5.2266774,-6.926677,-8.206677,-9.186677,-8.096677,-5.7266774,-7.1166773,-8.476677,-5.356677,-4.1366773,-3.4966772,0.45332277,2.2433228,4.263323,5.3133225,4.993323,4.723323,4.7733226,2.7733228,1.3333228,0.6933228,1.3833227,0.043322753,-0.056677245
6.0233226,4.263323,4.5933228,4.203323,4.8133225,6.5033226,5.2133226,3.8633227,3.8233228,3.9333227,3.5633228,3.6033227,3.0233228,2.9833229,2.8433228,3.6833227,4.3833227,3.9733229,3.5033228,3.0433228,2.6933227,2.5133228,3.0033228,3.6633227,4.0633225,4.7733226,5.0233226,4.433323,6.0433226,5.413323,3.7833228,2.7433228,1.6333227,-0.47667724,-3.4466772,-5.256677,-7.426677,-7.4766774,-8.166677,-9.506678,-9.436677,-10.476677,-11.806677,-11.036677,-8.596677,-8.336678,1.3933227,1.0633228,2.4033227,5.283323,5.303323,6.3433228,7.4033227,6.263323,5.8833227,2.2633228,1.4433228,0.8833228,0.89332277
6.0933228,5.803323,2.7633228,3.7333229,5.6533227,7.2733226,4.283323,4.373323,4.803323,5.163323,4.6133227,6.6133227,4.723323,6.663323,6.743323,6.3333225,3.2133226,3.8333228,4.513323,4.2333226,4.513323,4.603323,4.623323,4.973323,4.1333227,4.103323,5.0033226,5.703323,5.433323,6.9833226,5.0833225,2.9133227,1.9233228,0.13332276,-3.0666773,-6.796677,-8.766677,-10.636677,-11.956677,-11.966678,-11.226677,-12.276677,-13.216678,-12.536677,-11.586678,-11.096677,-2.5166771,-0.07667725,5.013323,5.723323,6.3433228,6.013323,7.1733227,8.013323,6.7333226,5.823323,4.2333226,1.2733227,-0.006677246
1.5833228,2.8033228,0.5733228,0.053322755,1.7033228,3.9233227,4.803323,6.683323,5.6133227,4.623323,5.913323,4.7333226,3.7933228,4.6733227,4.0933228,5.5933228,5.2733226,6.933323,6.323323,5.763323,5.2133226,5.5233226,4.7533226,4.033323,3.8433228,3.5833228,3.8633227,4.6933227,6.453323,7.873323,5.3633227,2.6433227,-0.37667724,-2.0166771,-2.7466772,-6.7266774,-8.576677,-10.346677,-11.606677,-11.016677,-10.436677,-10.606677,-9.886677,-9.356677,-10.286677,-11.666677,-9.516677,-4.296677,1.4733227,5.893323,7.8133225,7.8333225,6.7733226,7.263323,6.5633225,4.703323,2.8333228,5.0433226,5.7533226
1.4933227,0.6933228,0.55332273,1.9033227,2.5733228,2.1533227,6.7733226,7.0233226,6.4833226,6.033323,5.603323,6.303323,6.5033226,6.0633225,4.8333225,5.473323,6.373323,6.2533226,5.2933226,5.0633225,4.553323,4.723323,4.263323,3.8533227,3.5933228,3.0233228,2.6133227,3.0933228,3.5433228,4.743323,3.0533228,-0.026677245,-2.7466772,-4.4966774,-5.856677,-6.146677,-9.166677,-7.966677,-8.186677,-8.756678,-8.856677,-9.306677,-10.796678,-9.246677,-10.186677,-11.756678,-11.576677,-7.1666775,-1.6866772,5.6333227,7.8133225,7.223323,7.323323,6.033323,4.393323,3.4633226,3.0633228,0.35332274,-0.07667725
