views/data/weather/2019/10/01/0000-wind-isobaric-850hPa-gfs-1.0.json
{"header": { "discipline":0, "disciplineName":"Meteorological products", "gribEdition":2, "gribLength":80667, "center":7, "centerName":"US National Weather Service - NCEP(WMC)", "subcenter":0, "refTime":"2019-10-01T00:00:00.000Z", "significanceOfRT":1, "significanceOfRTName":"Start of forecast", "productStatus":0, "productStatusName":"Operational products", "productType":1, "productTypeName":"Forecast products", "productDefinitionTemplate":0, "productDefinitionTemplateName":"Analysis/forecast at horizontal level/layer at a point in time", "parameterCategory":2, "parameterCategoryName":"Momentum", "parameterNumber":3, "parameterNumberName":"V-component_of_wind", "parameterUnit":"m.s-1", "genProcessType":2, "genProcessTypeName":"Forecast", "forecastTime":0, "surface1Type":100, "surface1TypeName":"Isobaric surface", "surface1Value":85000.0, "surface2Type":255, "surface2TypeName":"Missing", "surface2Value":0.0, "gridDefinitionTemplate":0, "gridDefinitionTemplateName":"Latitude_Longitude", "numberPoints":65160, "shape":6, "shapeName":"Earth spherical with radius of 6,371,229.0 m", "gridUnits":"degrees", "resolution":48, "winds":"true", "scanMode":0, "nx":360, "ny":181, "basicAngle":0, "lo1":0.0, "la1":90.0, "lo2":359.0, "la2":-90.0, "dx":1.0, "dy":1.0 }, "data":
[rows 52 to 77 of 181, columns 174 to 231 of 360]
-4.818972,-6.088972,-9.858973,-10.708972,-12.588972,-10.008972,-11.018972,8.481028,16.711027,18.231028,19.731028,17.761028,15.701028,13.111028,12.331028,11.831028,9.871028,7.4610276,9.721027,7.741028,2.921028,-1.1589721,-4.1189723,-2.878972,-2.348972,-2.2289722,-3.4089723,-1.8689722,-3.5289721,1.8110279,3.2610278,1.2910278,1.7710278,0.32102785,1.3110279,1.0610279,2.8310277,2.8610277,2.411028,1.2510278,0.061027832,-1.0189722,-3.8989723,-4.648972,-3.7189722,-4.068972,-3.2589722,-4.748972,-5.628972,-7.3089724,-7.188972,-8.578972,-6.898972,-9.698972,-8.308972,-7.748972,-6.548972,-5.648972
-5.8489723,-7.588972,-8.608973,-11.718972,-6.9089723,-0.9989722,2.7710278,9.891027,15.161028,17.421028,21.731028,17.601028,13.461028,13.141027,12.871028,11.451028,10.111028,9.951028,7.6710277,6.8410277,3.2110279,-1.4489722,-4.998972,-5.898972,-5.0389724,-3.4489722,-3.7689722,-4.3289723,-0.6189722,0.28102782,0.78102785,1.8110279,-1.8089721,-2.5189722,0.33102784,2.2610278,1.9810278,3.1910279,1.2910278,-0.03897217,-2.2089722,-2.2289722,-5.6589723,-4.3889723,-3.9989722,-2.9789722,-3.4089723,-5.0189724,-5.728972,-7.6389723,-7.628972,-7.6189723,-7.878972,-6.6189723,-8.748972,-7.338972,-5.468972,-7.588972
-7.478972,-11.598972,-8.378972,-4.6589723,-1.2189722,-0.5689722,3.141028,9.301028,13.061028,16.401028,17.651028,14.211028,15.131028,13.161028,12.931027,11.941028,10.6010275,9.991028,7.201028,5.431028,3.0810277,0.011027832,-3.2389722,-4.378972,-4.548972,-3.868972,-3.7089722,-0.75897217,-0.28897217,0.24102783,-1.1189722,-2.628972,0.13102783,1.0110278,2.411028,2.4710279,2.2410278,1.0510278,0.6210278,-2.2989721,-2.6389723,-5.858972,-6.008972,-3.618972,-2.8989723,-3.1689723,-3.4189723,-4.628972,-5.5789723,-6.9089723,-7.878972,-7.0589724,-6.698972,-6.738972,-7.0589724,-8.288972,-6.338972,-6.5589724
-9.088972,-6.228972,-6.148972,-2.4389722,1.0910279,4.001028,4.5710278,9.581028,13.701028,16.471027,16.921028,15.841028,14.531028,14.171028,12.551028,11.141027,9.991028,9.041028,7.751028,3.9910278,3.0910277,1.8410279,0.14102784,-0.6189722,0.20102783,-0.78897214,-1.0089722,-1.8289722,-2.318972,-3.078972,-2.3089721,-0.27897218,-0.028972168,1.5210278,1.1910279,0.11102783,1.1610278,0.8910278,-0.6189722,-1.1489722,-3.5489721,-7.758972,-4.8489723,-3.2889721,-3.0089722,-3.7189722,-4.338972,-4.858972,-5.8689723,-6.688972,-6.7889724,-7.068972,-6.8289723,-6.6189723,-7.5989723,-8.278973,-7.918972,-7.128972
-6.3689723,-4.958972,-4.208972,-2.318972,2.2210279,2.4610279,7.801028,11.731028,13.331028,16.911028,15.041028,14.421028,12.861028,13.561028,11.921028,10.501028,8.331028,8.131028,6.9210277,6.031028,4.0910277,2.1110277,0.9410278,0.33102784,0.07102783,-0.82897216,-2.108972,-2.4389722,-1.7289722,-0.51897216,0.36102784,0.35102785,0.121027835,-0.35897216,-0.40897217,0.27102783,-0.9389722,-1.7089722,-2.3889723,-5.968972,-7.0789723,-7.208972,-3.5489721,-2.6789722,-2.2189722,-3.3889723,-4.748972,-5.218972,-5.778972,-5.8689723,-6.218972,-6.3289723,-6.478972,-5.778972,-6.588972,-6.468972,-7.898972,-6.468972
-5.358972,-5.0989723,-2.6589723,1.3110279,2.5410278,6.2110276,9.161028,8.491028,13.841028,16.791027,16.031029,15.361028,12.401028,13.811028,11.021028,10.631028,8.771028,7.471028,4.9610276,4.031028,3.901028,2.5910277,1.6810279,1.4510279,-0.008972168,-0.37897217,-0.12897217,-0.03897217,0.23102783,1.4910278,0.26102784,-0.11897217,-1.5689721,1.1810279,-0.11897217,-2.2989721,-3.5389721,-2.7889721,-4.668972,-6.4289722,-6.228972,-4.378972,-2.338972,-0.11897217,-2.118972,-3.608972,-4.2889724,-4.988972,-5.648972,-6.2889724,-5.008972,-7.318972,-6.648972,-7.0789723,-6.6189723,-7.258972,-6.258972,-5.878972
-5.248972,-4.398972,0.25102782,2.3110278,4.801028,5.1510277,6.521028,9.081028,12.431027,16.991028,14.211028,12.681027,12.041028,11.001028,9.3510275,9.331028,9.091028,7.301028,4.641028,4.681028,2.1910279,0.34102783,0.37102783,0.32102785,0.9510278,2.2810278,2.391028,1.2510278,-0.21897216,-0.46897218,-0.65897214,0.11102783,1.5110278,0.39102784,-1.8989722,-3.5489721,-5.918972,-3.358972,-4.248972,-4.4089723,-2.128972,-1.7889721,-2.0189722,-2.6689723,-2.4789722,-3.0189722,-4.748972,-4.798972,-6.1389723,-6.2889724,-5.258972,-5.258972,-5.198972,-5.8089724,-7.6189723,-6.048972,-6.1789722,-6.1789722
-3.7089722,0.061027832,2.131028,3.5610278,3.6910279,5.331028,6.471028,10.461028,13.681027,10.761028,11.751028,11.181027,11.171028,9.571028,8.681027,8.641027,7.911028,5.001028,4.1910276,4.9210277,3.0810277,1.7810278,1.1510278,0.24102783,3.8210278,2.8610277,0.96102786,1.1710278,-0.028972168,-1.7789721,-0.47897217,1.6210278,1.0410278,-1.7789721,-5.008972,-4.688972,-7.5989723,-5.2889724,-2.6789722,-0.9789722,-0.96897215,-3.0389721,-1.7689722,-2.2589722,-2.3989723,-2.878972,-3.328972,-4.0589724,-4.938972,-5.8089724,-3.9089723,-6.258972,-5.418972,-5.748972,-8.138972,-6.4289722,-5.498972,-5.608972
-0.28897217,2.7310278,1.6510278,2.431028,2.651028,4.7110276,6.281028,9.801028,12.361028,11.111028,11.251028,11.831028,12.081028,9.441028,6.531028,5.771028,6.291028,5.1910276,5.301028,4.661028,2.9410279,2.431028,0.9410278,3.4710279,2.4510279,2.7310278,0.67102784,0.53102785,1.2010279,-1.0789722,-1.4489722,1.1310278,-0.78897214,-3.108972,-5.668972,-7.528972,-6.3489723,-4.978972,-0.41897216,-0.39897215,-1.0889722,-2.4989722,-3.9289722,-3.1789722,-2.7989721,-1.7089722,-4.198972,-5.628972,-3.8089721,-3.7589722,-5.858972,-3.7189722,-4.978972,-5.508972,-5.398972,-6.4089723,-7.7889724,-5.898972
1.5110278,1.6310278,1.6810279,2.3210278,2.8010278,4.991028,5.851028,8.551028,9.131028,10.921028,8.471027,10.651028,8.311028,7.2110276,5.6710277,5.1910276,3.8210278,3.671028,3.5910277,1.5910279,1.3910278,2.5910277,3.161028,1.7310278,0.61102784,0.061027832,0.8810278,1.8110279,-0.50897217,-2.0389721,-1.1789721,0.20102783,-1.3189721,-4.508972,-4.3889723,-7.568972,-5.438972,-4.3289723,-2.588972,-3.0289721,-2.078972,-2.2789721,-3.7289722,-1.7289722,-3.358972,-5.108972,-3.2289722,-6.608972,-5.698972,-2.3989723,-2.2989721,-4.168972,-5.008972,-3.338972,-3.4089723,-4.168972,-5.668972,-5.508972
2.931028,1.8310279,1.4210278,1.8010278,2.161028,4.451028,6.8410277,7.801028,8.781028,9.091028,8.001028,7.121028,7.141028,8.131028,7.701028,6.831028,5.4410276,3.2310278,2.2710278,1.8610278,3.3210278,3.141028,1.3910278,0.72102785,-0.41897216,-1.2189722,2.901028,2.171028,-1.6089722,-2.1489723,-0.78897214,-0.9889722,-1.2689722,-4.898972,-3.7089722,-3.9289722,-0.9389722,-3.9589722,-5.068972,-0.8789722,-0.43897218,-2.8089721,-3.9089723,-3.0189722,-0.83897215,-3.3989723,-4.458972,-4.3489723,-3.2289722,-3.6689723,-4.7889724,-2.4589722,-3.358972,-2.9189723,-3.5289721,-5.508972,-4.818972,-4.648972
1.3310279,0.92102784,0.92102784,0.71102786,2.5610278,5.491028,5.9210277,5.771028,8.421028,7.1110277,4.4410276,6.391028,5.9010277,7.781028,6.8810277,6.1510277,4.8410277,3.9910278,2.8110278,2.401028,1.1210278,1.0210278,0.37102783,-0.29897216,-2.2989721,0.99102783,3.4410279,-0.14897217,-2.568972,-2.4789722,1.6110278,-1.9989722,-3.1789722,-3.818972,-3.5289721,-3.628972,-3.5289721,-6.248972,-7.0389724,-4.248972,-3.848972,-3.1889722,-1.9389721,-1.3789722,-1.6289722,-1.3489722,-1.2789721,-1.6889721,-1.6189722,-2.4089723,-3.7289722,-3.7089722,-1.6389722,-3.5189722,-3.2889721,-4.208972,-4.758972,-3.9589722
0.73102784,0.65102786,0.73102784,0.7010278,2.8410277,5.051028,6.931028,8.011028,8.141027,8.791028,3.7310278,3.5710278,5.2110276,8.071028,6.291028,5.3810277,4.271028,3.5710278,2.9410279,1.4310279,0.84102786,0.78102785,-1.3689722,-2.5189722,-1.4589722,1.2210279,1.6810279,-0.5589722,-1.8289722,-2.078972,-1.7689722,-1.2989721,-3.118972,-4.028972,-3.0589721,-3.2489722,-2.608972,-0.39897215,-5.148972,-6.6189723,-4.498972,-3.8989723,-3.368972,-3.2489722,-2.4989722,-1.8489722,-3.2289722,-3.378972,-3.838972,-3.568972,-3.8889723,-3.2589722,-2.9289722,-1.5789722,-3.328972,-4.048972,-2.9689722,-2.088972
0.80102783,0.25102782,1.4310279,2.7110279,3.161028,4.301028,5.8810277,7.3210278,7.1910276,7.351028,4.371028,1.1110278,5.011028,7.3810277,5.301028,4.4810276,3.7910278,2.661028,2.171028,1.4210278,0.8210278,-0.50897217,-1.8089721,-4.198972,-0.03897217,-0.13897216,-0.7489722,-0.6089722,-1.4189721,-2.1989722,0.11102783,-1.8989722,-1.9589722,-3.1589723,-4.6789722,-0.8689722,-1.9889722,-2.348972,-1.5489721,-6.798972,-6.588972,-5.258972,-3.7289722,-2.5589721,-3.7089722,-3.108972,-0.028972168,-0.06897217,-1.1889721,-1.7989721,-2.118972,-1.8389722,-1.6989722,-2.8089721,-2.9389722,-3.108972,-0.82897216,-1.0489721
0.9310278,1.0010278,2.7010279,3.161028,3.2610278,3.7510278,5.991028,7.411028,5.6710277,2.671028,2.8110278,0.5010278,3.671028,5.531028,4.8610277,3.661028,2.901028,2.1110277,1.5110278,0.8910278,-0.23897217,-0.82897216,-1.8989722,-3.068972,-2.0189722,-2.598972,-1.9289721,-1.3789722,-1.5389721,-2.4689722,-1.1389722,-2.358972,-2.628972,-2.568972,-1.7489722,-0.35897216,-1.7989721,-2.358972,-2.4289722,-2.378972,-3.9289722,-4.3889723,-4.5989723,-2.5489721,-2.878972,-0.6189722,-0.89897215,-1.5189722,-0.07897217,-1.9389721,-2.568972,-1.5189722,-0.11897217,-1.7789721,-1.8589722,-1.4189721,-1.9989722,-1.9689722
1.3010278,1.2410278,2.7310278,3.8110278,4.041028,5.3210278,6.8810277,4.681028,4.011028,1.9710279,3.631028,1.4110278,3.131028,3.6110277,4.1310277,2.6910279,2.2010279,0.85102785,1.2110279,0.31102782,-1.7589722,-1.1389722,-2.6389723,-4.5589724,-3.7289722,-2.2089722,-1.5289721,-2.338972,-4.1589723,-2.338972,0.22102784,-1.6389722,-1.1889721,-0.90897214,-0.88897216,-1.1289722,-1.0089722,-1.2289722,-0.9789722,-1.4589722,-2.818972,-3.568972,-4.8689723,-3.4989722,-2.118972,-2.7789721,-2.628972,-1.8189721,-1.8689722,-1.9489722,-1.3389722,-1.5089722,-1.4089721,-1.1989722,-2.5489721,-2.2289722,0.67102784,1.2510278
1.4610279,2.881028,2.7510278,3.5610278,3.631028,4.9610276,4.851028,4.741028,4.6510277,1.6210278,2.3410277,1.2610278,2.5910277,2.5210278,3.4810278,2.3510277,0.37102783,0.5210278,0.5210278,-1.3389722,-1.3689722,-1.7289722,-2.7189722,-3.3089721,-4.378972,-2.118972,-0.9389722,-3.0589721,-2.3989723,-0.8589722,-1.9389721,-1.2989721,-0.83897215,-2.3889723,-1.0289721,-2.6889722,-2.1889722,-1.2789721,-0.94897217,-0.37897217,-1.8989722,-2.108972,-3.4889722,-3.9189723,-2.9289722,-2.3889723,-3.328972,-3.6689723,-3.6389723,0.17102784,-0.6189722,-1.7489722,-1.0389721,-0.77897215,-0.6789722,1.7410278,0.9510278,0.84102786
3.1010277,2.641028,1.8010278,3.3410277,4.411028,5.141028,3.8510277,4.2110276,3.6910279,2.1010277,2.4910278,1.4710279,2.421028,2.0710278,2.7610278,1.4910278,-0.11897217,-0.028972168,0.60102785,-2.1889722,-1.1289722,-3.1489723,-3.1789722,-2.128972,-2.9489722,-2.1489723,-1.2489722,-0.84897214,-2.1589723,-0.7389722,0.43102783,-2.328972,-2.1589723,-1.6289722,-0.76897216,-2.4789722,-2.3889723,-3.3089721,-2.7889721,-2.2989721,-2.5289721,-2.3889723,-2.318972,-4.478972,-4.258972,-4.108972,-3.3989723,-2.618972,-3.0189722,1.2710278,-0.16897216,-1.6289722,-1.8189721,-0.44897217,0.9310278,-0.7989722,-0.95897216,0.60102785
2.0510278,2.3510277,3.151028,4.241028,3.7210279,4.301028,4.0910277,3.641028,3.5910277,2.2610278,2.6010277,1.2810278,1.3610278,1.8910278,2.5210278,0.5010278,-1.9489722,-0.64897215,-1.0289721,-3.068972,-1.5689721,-2.2689722,-1.8789722,-3.4589722,-3.0389721,-1.1589721,-0.9289722,-0.58897215,-2.4789722,-4.7689724,-0.53897214,-1.9489722,-2.5389721,-1.2389722,-2.6389723,-2.7689722,-2.4089723,-3.378972,-1.9689722,-3.2589722,-3.0089722,-3.1889722,-4.438972,-3.2189722,-3.2289722,-0.39897215,0.28102782,-1.2389722,0.85102785,0.48102784,0.28102782,-2.0189722,-1.5289721,-0.36897218,-0.7289722,-2.328972,-1.1289722,2.9510279
2.2010279,2.681028,3.5010278,4.251028,5.041028,5.411028,4.6710277,3.2010279,2.8410277,2.4410279,2.401028,1.5810279,1.1010278,1.1610278,2.641028,0.8210278,-0.39897215,-3.0489721,-1.7589722,-1.5989722,-2.2189722,-5.4289722,-1.8289722,-2.9989722,-2.2489722,-1.8889722,-0.13897216,-1.2789721,-1.4989722,0.8910278,-1.3189721,-4.278972,-3.588972,-2.9189723,-1.4289721,-4.478972,-3.4189723,-2.6689723,-2.8889723,-4.468972,-1.8089721,-0.9989722,-1.2489722,-2.7889721,-1.9389721,-1.3289722,0.32102785,-0.27897218,0.14102784,1.7610278,2.7910278,1.1110278,-1.2389722,-2.078972,0.05102783,-0.18897218,0.7710278,1.4710279
3.3410277,3.5710278,3.2210279,3.7510278,5.411028,5.371028,4.3810277,3.181028,1.4810278,3.2810278,2.5210278,1.9810278,1.2710278,1.5410278,2.631028,1.2010279,-1.1689721,-1.7789721,-1.5689721,-2.0389721,-1.7889721,-3.8089721,-3.078972,-4.748972,-1.6889721,-2.5489721,0.001027832,-0.6089722,-1.0489721,-1.2789721,-4.568972,-3.1489723,-3.2689722,-2.1989722,-1.5189722,-1.7789721,-6.0389724,-2.2989721,-0.29897216,-1.7389722,0.18102783,-0.19897217,-1.4989722,-2.878972,-2.098972,-1.4389721,-0.008972168,-1.6689721,0.33102784,7.431028,3.0510278,1.8510278,1.0010278,1.5910279,2.5010278,0.6910278,0.40102783,-0.26897216
3.401028,3.5010278,3.901028,4.061028,4.271028,4.8610277,4.6910276,3.651028,1.6710278,1.6010278,1.2310278,1.2610278,0.79102784,0.92102784,1.1710278,0.34102783,1.3010278,-0.22897217,-1.3689722,-1.9789722,-2.6989722,-1.3589722,-2.6889722,-2.7289722,-2.6389723,-2.378972,-0.9889722,-2.068972,-1.8589722,-1.8989722,-2.6789722,-2.0589721,-1.1289722,-1.9189721,-3.0489721,-1.8289722,-3.1789722,0.86102784,-1.0589721,-0.57897216,-0.83897215,-1.6189722,-0.57897216,0.14102784,-0.30897218,-1.4489722,-3.2089722,-2.318972,1.4910278,6.2110276,4.261028,2.681028,-0.028972168,0.42102784,0.11102783,-0.64897215,-0.31897217,-0.16897216
3.9910278,3.881028,2.931028,3.3410277,2.4410279,4.681028,4.811028,4.4410276,3.5910277,2.3410277,1.4410279,0.9310278,0.17102784,0.78102785,-0.36897218,-0.78897214,-1.9189721,-0.40897217,-0.36897218,0.061027832,-0.59897214,-1.2189722,-2.608972,-2.6689723,-1.4589722,-1.4889722,-3.2489722,-4.478972,-3.878972,-1.4389721,-2.2589722,-2.4589722,-2.0289721,-3.7789721,-4.588972,-2.828972,-0.83897215,-1.0589721,-1.1089722,-0.28897217,-1.1089722,-1.3089721,-0.45897216,-0.6289722,0.71102786,0.20102783,-2.6589723,-2.7089722,0.23102783,4.521028,2.3110278,2.7910278,1.8910278,-0.49897218,-1.5189722,0.5010278,0.5010278,1.8710278
3.9510279,3.2110279,2.901028,4.5710278,3.6910279,5.201028,4.371028,5.021028,4.541028,3.391028,1.2310278,0.55102783,0.20102783,-0.24897216,-1.2989721,-2.348972,-4.708972,0.90102786,0.041027833,0.28102782,-0.17897217,-1.8189721,-1.7389722,-1.4289721,-1.6689721,-0.8589722,-2.3889723,-4.608972,-5.498972,-2.4489722,-3.118972,-3.2289722,-3.3889723,-3.828972,-2.6689723,-4.778972,-2.7089722,-2.088972,-0.38897216,-0.088972166,-0.24897216,-2.818972,-3.9989722,-2.628972,-1.8989722,-1.6189722,-1.3989722,0.34102783,3.411028,3.9510279,4.4210277,3.2310278,0.98102784,0.07102783,-0.11897217,-0.75897217,0.92102784,3.3510277
4.791028,3.8410277,2.0610278,5.2310276,5.781028,5.011028,3.681028,3.5010278,3.0310278,4.001028,2.391028,1.3010278,0.15102783,-1.0289721,-0.63897216,-1.9089721,-3.578972,-1.6389722,0.24102783,-0.018972168,-0.018972168,-0.95897216,-0.15897217,-0.59897214,-1.6489722,-1.2489722,-2.2389722,-3.848972,-5.1589723,-5.238972,-3.858972,-2.7289722,-2.598972,-4.1389723,-3.5589721,-4.548972,-3.9789722,-0.7389722,-0.77897215,-1.2989721,0.28102782,-3.118972,-2.598972,-2.098972,-2.4089723,-2.6789722,-0.19897217,1.2510278,2.681028,2.401028,7.0710278,8.651028,2.2510278,-0.25897217,0.7610278,3.921028,2.381028,3.421028
3.141028,2.9710279,1.6010278,3.921028,5.141028,4.991028,5.331028,3.7310278,2.3110278,2.3610277,2.2410278,0.5810278,-0.52897215,-0.32897216,0.28102782,-1.0989722,-1.7489722,-0.75897217,-0.6789722,0.09102783,-0.6689722,-1.3889722,-0.63897216,-2.2989721,-1.8189721,-2.118972,-2.7289722,-2.5289721,-3.8889723,-4.258972,-3.9889722,-3.628972,-2.6889722,-2.7989721,-4.228972,-4.068972,-4.1389723,-4.0189724,-0.13897216,-0.33897218,-1.3089721,-1.4289721,-0.41897216,-0.6689722,-1.9489722,-1.6989722,1.3710278,2.2510278,5.121028,0.98102784,10.3510275,11.411028,5.1310277,1.8510278,4.3810277,5.371028,2.2010279,2.7310278
