views/data/weather/2019/10/01/0000-wind-isobaric-10hPa-gfs-1.0.json
{"header": { "discipline":0, "disciplineName":"Meteorological products", "gribEdition":2, "gribLength":40662, "center":7, "centerName":"US National Weather Service - NCEP(WMC)", "subcenter":0, "refTime":"2019-10-01T00:00:00.000Z", "significanceOfRT":1, "significanceOfRTName":"Start of forecast", "productStatus":0, "productStatusName":"Operational products", "productType":1, "productTypeName":"Forecast products", "productDefinitionTemplate":0, "productDefinitionTemplateName":"Analysis/forecast at horizontal level/layer at a point in time", "parameterCategory":2, "parameterCategoryName":"Momentum", "parameterNumber":3, "parameterNumberName":"V-component_of_wind", "parameterUnit":"m.s-1", "genProcessType":2, "genProcessTypeName":"Forecast", "forecastTime":0, "surface1Type":100, "surface1TypeName":"Isobaric surface", "surface1Value":1000.0, "surface2Type":255, "surface2TypeName":"Missing", "surface2Value":0.0, "gridDefinitionTemplate":0, "gridDefinitionTemplateName":"Latitude_Longitude", "numberPoints":65160, "shape":6, "shapeName":"Earth spherical with radius of 6,371,229.0 m", "gridUnits":"degrees", "resolution":48, "winds":"true", "scanMode":0, "nx":360, "ny":181, "basicAngle":0, "lo1":0.0, "la1":90.0, "lo2":359.0, "la2":-90.0, "dx":1.0, "dy":1.0 }, "data":
[rows 150 to 174 of 181, columns 285 to 341 of 360]
33.314293,33.814293,34.014294,34.014294,33.814293,33.214294,32.314293,32.014294,31.914295,32.414295,32.814293,33.114296,32.914295,33.414295,34.014294,33.514294,32.614296,32.514294,32.414295,31.514294,31.014294,30.414295,30.014294,29.314295,28.914295,28.714294,28.914295,28.814295,28.714294,28.414295,27.614294,26.014294,24.114294,23.614294,22.814295,22.114294,22.114294,22.214294,22.714294,22.414295,20.614294,18.614294,17.614294,15.614294,13.114294,10.014295,7.8142943,6.3142943,5.0142946,4.7142944,4.4142942,3.9142945,3.1142945,4.5142946,7.1142945,6.7142944,6.5142946
35.514294,36.314293,37.014294,37.014294,36.614296,36.114296,36.014294,35.814293,35.414295,34.214294,34.014294,34.014294,35.414295,35.214294,34.714294,34.414295,34.014294,33.414295,32.914295,32.614296,32.714294,32.714294,31.914295,30.814295,29.914295,29.614294,29.714294,29.814295,29.614294,29.014294,28.214294,27.014294,25.814295,24.714294,24.014294,23.314295,22.614294,22.014294,21.414295,20.814295,20.214294,19.214294,17.714294,16.614294,14.814295,12.414294,10.714294,9.614294,7.9142942,6.0142946,4.7142944,3.5142944,3.7142944,5.0142946,3.2142944,3.3142943,4.0142946
38.514294,38.914295,39.614296,40.114296,39.914295,39.614296,38.814293,38.414295,38.214294,38.114296,37.314293,35.214294,35.514294,35.814293,35.314293,34.714294,33.914295,34.214294,34.414295,34.314293,34.414295,34.714294,34.214294,33.614296,33.214294,32.514294,31.914295,31.514294,30.914295,30.514294,30.114294,29.414295,28.514294,27.114294,25.514294,24.514294,23.614294,22.714294,22.014294,21.214294,20.214294,19.014294,18.114294,16.514294,15.714294,15.714294,14.814295,13.314295,11.514295,9.714294,7.9142942,6.0142946,5.0142946,3.5142944,2.4142945,2.7142944,3.7142944
40.814293,41.714294,42.214294,42.314293,41.814293,41.514294,41.414295,41.314293,40.514294,39.914295,39.514294,39.414295,38.614296,36.914295,36.014294,36.214294,36.314293,35.314293,34.914295,35.114296,35.514294,35.814293,35.714294,35.414295,35.514294,35.014294,34.814293,34.514294,33.614296,32.814293,31.914295,31.014294,29.914295,29.014294,28.214294,27.414295,26.414295,25.014294,23.714294,22.414295,21.014294,19.414295,17.814295,16.914295,16.314295,16.214294,15.914294,15.114294,14.214294,13.414294,12.114294,10.214294,6.8142943,5.9142942,5.8142943,5.3142943,4.3142943
44.314293,43.914295,43.614296,43.614296,43.214294,43.114296,42.914295,42.614296,42.414295,42.114296,42.014294,40.914295,40.014294,39.714294,38.514294,38.314293,39.014294,38.814293,38.114296,37.014294,36.614296,36.914295,37.214294,37.314293,37.214294,37.014294,36.914295,36.414295,35.914295,35.314293,34.614296,33.614296,32.514294,31.414295,30.314295,29.214294,28.214294,27.314295,26.414295,25.514294,24.214294,22.714294,20.714294,18.814295,17.314295,16.114294,14.814295,13.914294,13.514295,13.614294,13.214294,12.314295,11.414294,10.014295,8.914294,7.9142942,7.0142946
47.614296,46.814293,46.114296,45.314293,44.814293,44.214294,44.314293,44.514294,44.714294,44.414295,43.614296,42.614296,42.214294,42.114296,41.414295,40.714294,39.814293,39.914295,40.614296,41.414295,41.814293,41.114296,40.214294,39.114296,38.914295,38.814293,38.614296,37.814293,37.314293,36.814293,36.014294,35.514294,34.614296,33.814293,32.814293,31.714294,30.514294,29.214294,28.014294,27.014294,26.014294,24.814295,23.214294,21.514294,19.914295,18.214294,16.814295,15.614294,14.714294,14.014295,13.414294,12.814295,12.414294,12.214294,11.514295,10.514295,9.914294
48.914295,48.614296,48.114296,47.914295,47.514294,46.914295,46.214294,46.314293,46.114296,46.014294,46.314293,46.314293,45.214294,44.314293,44.114296,44.014294,44.414295,44.414295,43.414295,43.114296,43.814293,44.414295,44.414295,43.814293,42.314293,41.314293,40.514294,40.014294,39.214294,38.514294,37.814293,37.214294,36.114296,35.414295,34.514294,33.214294,31.714294,30.414295,29.614294,28.614294,27.314295,26.314295,25.014294,23.614294,22.214294,20.714294,19.214294,17.914295,16.714294,15.914294,15.314295,14.614294,13.714294,12.814295,11.814295,11.014295,10.614294
50.514294,50.614296,50.514294,50.514294,50.614296,50.414295,49.814293,48.914295,48.214294,47.914295,48.014294,48.414295,48.714294,48.614296,48.314293,47.114296,46.614296,46.314293,46.514294,47.014294,46.514294,45.414295,44.814293,45.214294,45.614296,44.814293,43.114296,41.214294,40.114296,40.014294,39.814293,39.214294,38.014294,36.614296,35.614296,34.214294,32.714294,31.514294,30.314295,28.914295,27.714294,26.814295,25.414295,24.214294,23.514294,22.614294,21.414295,20.114294,18.814295,17.814295,16.814295,15.614294,14.614294,13.514295,12.714294,11.814295,10.914294
52.914295,52.514294,52.514294,52.914295,53.214294,53.614296,53.714294,53.614296,52.914295,52.314293,51.214294,51.114296,51.214294,51.614296,51.714294,51.614296,51.314293,50.914295,49.714294,48.814293,48.614296,48.414295,47.914295,47.514294,46.814293,45.714294,44.914295,44.314293,43.814293,42.514294,40.614296,39.014294,38.214294,37.814293,36.814293,35.314293,34.014294,32.614296,31.114294,29.614294,28.114294,26.814295,25.414295,24.314295,23.514294,22.814295,21.914295,21.014294,20.014294,19.014294,17.914295,16.914295,15.914294,15.114294,14.214294,13.014295,12.014295
54.614296,55.314293,55.914295,56.314293,56.714294,56.614296,56.514294,56.614296,56.414295,56.014294,55.514294,54.614296,54.214294,53.614296,53.514294,53.814293,53.814293,53.314293,52.914295,52.414295,51.114296,49.714294,48.914295,48.214294,47.614296,47.414295,47.214294,46.514294,45.514294,44.314293,42.714294,41.514294,40.514294,39.414295,38.114296,36.614296,34.914295,33.014294,31.114294,29.614294,28.414295,27.314295,26.314295,25.414295,24.514294,23.714294,22.714294,21.814295,20.914295,20.214294,19.414295,18.314295,16.914295,15.514295,14.614294,13.714294,13.114294
57.914295,58.614296,59.014294,59.214294,59.314293,58.814293,58.714294,58.714294,58.714294,58.414295,58.214294,58.214294,57.914295,58.014294,57.714294,56.514294,55.514294,55.214294,54.614296,53.814293,52.914295,52.414295,51.514294,50.214294,49.214294,48.414295,47.614296,46.814293,46.214294,45.414295,44.914295,44.014294,42.914295,41.614296,40.014294,37.914295,35.314293,33.014294,31.114294,29.914295,28.914295,28.314295,27.914295,27.614294,26.914295,25.714294,24.114294,22.314295,20.614294,19.314295,18.414295,17.714294,16.914295,16.314295,15.514295,14.714294,14.014295
59.514294,60.014294,60.514294,61.314293,61.814293,62.014294,61.814293,61.614296,61.514294,61.314293,60.814293,60.414295,60.114296,59.114296,58.014294,57.114296,56.614296,56.114296,55.814293,55.214294,54.814293,54.414295,53.814293,52.914295,51.814293,50.514294,49.214294,47.914295,46.714294,45.714294,44.714294,43.514294,42.514294,41.414295,40.314293,39.014294,37.514294,36.014294,34.714294,33.414295,32.014294,30.514294,28.814295,27.214294,25.614294,24.414295,23.414295,22.714294,22.214294,21.614294,21.214294,20.614294,19.814295,18.914295,17.814295,16.614294,15.614294
60.814293,61.214294,61.614296,61.814293,62.214294,62.714294,62.914295,62.914295,63.214294,63.114296,63.114296,63.314293,62.414295,61.314293,60.714294,60.714294,60.614296,60.214294,59.414295,58.014294,56.714294,55.614296,54.914295,54.114296,53.114296,52.214294,51.414295,50.314293,48.714294,47.014294,45.414295,43.914295,42.614296,41.214294,39.914295,38.614296,37.514294,36.314293,35.114296,33.914295,32.714294,31.514294,30.414295,29.214294,28.114294,27.014294,25.914295,24.814295,23.514294,22.514294,21.614294,21.014294,20.414295,19.814295,19.214294,18.714294,17.814295
62.214294,62.214294,62.214294,62.414295,62.714294,63.014294,63.414295,63.814293,63.814293,63.514294,63.614296,63.514294,63.114296,63.214294,63.114296,63.014294,62.814293,62.114296,61.014294,59.814293,58.714294,57.914295,57.114296,56.014294,54.714294,53.414295,52.214294,51.014294,49.814293,48.514294,47.214294,45.914295,44.414295,42.814293,41.214294,39.614296,38.114296,36.614296,35.214294,33.914295,32.714294,31.714294,30.614294,29.614294,28.514294,27.514294,26.714294,25.814295,24.914295,23.914295,23.014294,22.214294,21.414295,20.814295,20.214294,19.714294,19.314295
63.614296,63.814293,63.714294,63.814293,64.41429,64.714294,64.91429,65.0143,64.91429,65.41429,65.614296,65.31429,64.614296,64.31429,64.114296,63.814293,63.314293,62.714294,62.014294,61.314293,60.614296,59.714294,58.614296,57.314293,55.914295,54.514294,53.114296,51.614296,50.114296,48.714294,47.414295,46.114296,44.814293,43.414295,42.214294,41.114296,39.814293,38.314293,36.814293,35.314293,33.914295,32.514294,31.214294,30.114294,29.214294,28.514294,27.814295,27.214294,26.514294,25.514294,24.514294,23.314295,22.214294,21.214294,20.314295,19.414295,18.714294
65.81429,66.214294,66.714294,67.214294,67.31429,66.91429,66.5143,66.114296,66.0143,66.41429,66.5143,66.114296,65.714294,65.614296,65.214294,64.41429,63.414295,62.314293,61.314293,60.314293,59.714294,58.914295,57.914295,56.914295,55.814293,54.614296,53.214294,51.814293,50.514294,49.214294,48.014294,46.814293,45.714294,44.514294,43.214294,42.114296,41.014294,40.014294,38.914295,37.714294,36.314293,34.914295,33.414295,31.914295,30.614294,29.614294,28.714294,28.214294,27.714294,27.314295,26.714294,26.114294,25.314295,24.414295,23.514294,22.614294,21.714294
66.81429,67.0143,67.214294,67.5143,68.0143,68.41429,68.5143,68.31429,68.114296,67.91429,67.41429,66.614296,66.0143,65.41429,64.91429,64.41429,63.614296,62.814293,62.014294,61.214294,60.314293,59.314293,58.214294,57.014294,55.714294,54.414295,53.114296,51.814293,50.414295,49.214294,48.014294,46.914295,45.814293,44.714294,43.614296,42.614296,41.614296,40.514294,39.514294,38.314293,37.214294,36.014294,34.914295,33.614296,32.214294,30.814295,29.514294,28.414295,27.314295,26.314295,25.614294,24.914295,24.414295,24.014294,23.414295,22.714294,22.014294
68.31429,68.41429,68.614296,68.714294,68.714294,68.714294,68.614296,68.5143,68.31429,68.214294,68.0143,67.5143,67.114296,66.5143,65.81429,65.0143,64.0143,63.214294,62.414295,61.614296,60.714294,59.814293,58.814293,57.714294,56.514294,55.414295,54.214294,52.914295,51.614296,50.414295,49.114296,47.714294,46.414295,45.014294,43.814293,42.614296,41.814293,40.914295,40.114296,39.314293,38.414295,37.314293,36.214294,35.214294,34.214294,33.114296,32.014294,30.814295,29.514294,28.314295,27.014294,25.814295,24.714294,23.714294,22.914295,22.114294,21.514294
69.114296,69.214294,69.214294,69.114296,69.114296,69.31429,69.41429,69.41429,69.5143,69.31429,69.0143,68.714294,68.41429,67.81429,67.114296,66.31429,65.41429,64.614296,63.914295,63.114296,62.314293,61.414295,60.414295,59.314293,57.914295,56.414295,54.814293,53.314293,51.914295,50.514294,49.214294,47.914295,46.614296,45.414295,44.114296,42.814293,41.714294,40.714294,39.614296,38.414295,37.314293,36.414295,35.514294,34.714294,33.914295,33.114296,32.214294,31.314295,30.314295,29.414295,28.614294,27.814295,26.914295,26.214294,25.214294,24.314295,23.314295
69.91429,69.91429,70.0143,70.114296,70.214294,70.214294,70.214294,70.0143,69.81429,69.41429,68.91429,68.41429,67.81429,67.214294,66.614296,66.114296,65.5143,65.0143,64.31429,63.714294,63.014294,62.314293,61.514294,60.714294,59.814293,58.614296,57.114296,55.514294,53.914295,52.414295,51.014294,49.614296,48.314293,47.114296,45.814293,44.614296,43.414295,42.214294,40.914295,39.814293,38.514294,37.414295,36.214294,35.114296,34.014294,32.914295,31.814295,30.614294,29.614294,28.514294,27.514294,26.614294,25.814295,25.014294,24.214294,23.214294,22.314295
70.214294,70.5143,70.81429,71.114296,71.31429,71.41429,71.41429,71.214294,71.0143,70.714294,70.114296,69.5143,68.91429,68.31429,67.81429,67.31429,66.91429,66.41429,65.614296,64.714294,63.814293,63.114296,62.214294,61.214294,60.114296,59.014294,57.714294,56.514294,55.214294,54.014294,52.714294,51.514294,50.214294,49.114296,47.914295,46.714294,45.714294,44.614296,43.614296,42.514294,41.214294,40.014294,38.714294,37.414295,36.114296,35.014294,33.814293,32.814293,31.714294,30.614294,29.614294,28.514294,27.614294,26.714294,25.814295,25.014294,24.214294
70.714294,71.31429,71.714294,72.0143,72.214294,72.114296,71.91429,71.714294,71.41429,71.114296,70.714294,70.214294,69.714294,69.114296,68.614296,68.114296,67.5143,66.81429,66.0143,65.114296,64.214294,63.414295,62.414295,61.514294,60.514294,59.614296,58.514294,57.414295,56.314293,55.114296,54.114296,53.114296,52.114296,50.814293,49.614296,48.414295,47.214294,46.114296,44.914295,43.914295,42.914295,42.014294,41.014294,40.014294,38.914295,37.914295,37.014294,36.214294,35.214294,34.314293,33.214294,32.214294,31.214294,30.214294,29.214294,28.214294,27.214294
71.91429,72.0143,72.214294,72.31429,72.214294,72.0143,71.81429,71.5143,71.214294,71.0143,70.714294,70.214294,69.714294,69.214294,68.714294,68.31429,67.81429,67.214294,66.5143,65.714294,64.91429,63.914295,63.014294,61.914295,60.814293,59.714294,58.614296,57.414295,56.114296,54.814293,53.514294,52.414295,51.314293,50.414295,49.414295,48.414295,47.514294,46.514294,45.614296,44.614296,43.714294,42.814293,41.714294,40.614296,39.414295,38.214294,37.014294,35.814293,34.814293,33.914295,33.014294,32.214294,31.414295,30.514294,29.514294,28.614294,27.614294
72.114296,72.214294,72.31429,72.31429,72.31429,72.114296,71.91429,71.714294,71.41429,71.114296,70.714294,70.214294,69.81429,69.41429,69.0143,68.614296,68.114296,67.614296,67.0143,66.41429,65.614296,64.81429,64.0143,63.114296,62.014294,61.014294,59.814293,58.714294,57.614296,56.514294,55.314293,54.014294,52.714294,51.414295,50.214294,48.914295,47.814293,46.714294,45.714294,44.614296,43.714294,42.714294,41.714294,40.914295,40.014294,39.214294,38.314293,37.314293,36.214294,35.014294,33.814293,32.714294,31.514294,30.514294,29.514294,28.514294,27.614294
72.41429,72.5143,72.5143,72.5143,72.41429,72.214294,71.91429,71.714294,71.5143,71.214294,70.91429,70.5143,70.0143,69.41429,68.91429,68.41429,67.91429,67.31429,66.714294,66.0143,65.214294,64.41429,63.714294,62.914295,62.114296,61.214294,60.314293,59.414295,58.414295,57.514294,56.614296,55.614296,54.714294,53.614296,52.514294,51.314293,50.114296,48.914295,47.814293,46.614296,45.514294,44.314293,43.114296,41.914295,40.714294,39.614296,38.614296,37.514294,36.614296,35.614296,34.614296,33.714294,32.714294,31.714294,30.614294,29.414295,28.414295
