views/data/weather/2019/10/01/0000-wind-isobaric-250hPa-gfs-1.0.json
{"header": { "discipline":0, "disciplineName":"Meteorological products", "gribEdition":2, "gribLength":49972, "center":7, "centerName":"US National Weather Service - NCEP(WMC)", "subcenter":0, "refTime":"2019-10-01T00:00:00.000Z", "significanceOfRT":1, "significanceOfRTName":"Start of forecast", "productStatus":0, "productStatusName":"Operational products", "productType":1, "productTypeName":"Forecast products", "productDefinitionTemplate":0, "productDefinitionTemplateName":"Analysis/forecast at horizontal level/layer at a point in time", "parameterCategory":2, "parameterCategoryName":"Momentum", "parameterNumber":2, "parameterNumberName":"U-component_of_wind", "parameterUnit":"m.s-1", "genProcessType":2, "genProcessTypeName":"Forecast", "forecastTime":0, "surface1Type":100, "surface1TypeName":"Isobaric surface", "surface1Value":25000.0, "surface2Type":255, "surface2TypeName":"Missing", "surface2Value":0.0, "gridDefinitionTemplate":0, "gridDefinitionTemplateName":"Latitude_Longitude", "numberPoints":65160, "shape":6, "shapeName":"Earth spherical with radius of 6,371,229.0 m", "gridUnits":"degrees", "resolution":48, "winds":"true", "scanMode":0, "nx":360, "ny":181, "basicAngle":0, "lo1":0.0, "la1":90.0, "lo2":359.0, "la2":-90.0, "dx":1.0, "dy":1.0 }, "data":
[rows 25 to 49 of 181, columns 116 to 173 of 360]
5.9642577,6.164258,6.5642576,7.364258,8.064258,8.664258,9.164258,9.564258,10.164258,10.964258,12.064258,12.764257,13.364258,13.764257,13.964258,14.164258,14.464258,14.564258,14.464258,14.364258,14.164258,14.064258,13.664258,13.264257,13.164258,12.764257,12.364258,11.964258,11.564258,11.364258,10.364258,9.764257,9.464258,9.764257,9.564258,9.664258,9.464258,9.264257,9.064258,7.9642577,6.9642577,5.9642577,5.364258,4.164258,3.1642578,2.0642579,0.3642578,-0.53574216,-1.1357422,-2.1357422,-3.3357422,-1.8357422,-0.035742186,1.5642579,2.3642578,3.9642577,3.6642578,2.8642578
8.364258,8.464258,8.764257,9.464258,10.364258,11.564258,12.664258,13.664258,14.864258,15.864258,16.964258,18.064259,18.964258,19.364258,19.364258,19.664257,19.964258,20.064259,19.564259,19.564259,19.264257,18.964258,18.664257,18.264257,17.664257,16.964258,16.364258,15.964258,15.164258,14.364258,13.564258,13.664258,13.064258,12.964258,12.964258,12.964258,13.164258,13.164258,13.264257,12.164258,10.864258,9.764257,8.764257,7.164258,5.264258,4.0642576,2.764258,0.3642578,-0.53574216,-1.6357422,-3.9357421,-4.635742,-3.4357421,-0.4357422,0.5642578,1.0642579,1.1642578,1.5642579
12.864258,13.164258,13.564258,13.964258,14.864258,16.064259,17.264257,18.464258,19.764257,21.064259,22.464258,24.064259,25.464258,26.664257,27.764257,28.364258,28.564259,28.564259,28.264257,27.764257,26.864258,26.264257,25.564259,24.064259,23.564259,22.264257,21.864258,20.964258,19.564259,18.364258,17.364258,16.564259,16.164257,15.864258,16.364258,16.764257,17.464258,17.964258,17.664257,18.164257,16.764257,14.264257,12.864258,11.964258,9.864258,7.4642577,6.364258,4.9642577,3.5642579,2.4642577,1.7642578,-1.8357422,-4.135742,-4.235742,-2.4357421,-0.7357422,0.7642578,2.1642578
17.264257,18.064259,18.864258,19.664257,20.664257,21.864258,23.364258,25.264257,26.564259,27.964258,28.764257,30.264257,32.364258,33.364258,34.164257,34.964256,35.164257,34.464256,33.964256,33.76426,33.06426,32.964256,32.06426,31.164257,30.464258,28.864258,28.064259,25.664257,24.664257,22.764257,20.864258,19.664257,18.964258,18.664257,18.764257,19.164257,20.164257,20.964258,22.064259,22.464258,21.564259,21.164257,18.664257,17.764257,15.964258,14.164258,12.064258,10.864258,8.764257,7.664258,6.5642576,4.764258,2.1642578,0.26425782,-0.6357422,-1.8357422,-0.7357422,0.4642578
22.364258,23.664257,24.464258,26.664257,28.664257,30.464258,32.164257,33.06426,34.06426,33.964256,33.76426,35.664257,38.364258,39.164257,39.664257,40.56426,40.964256,41.56426,40.76426,39.964256,39.364258,37.864258,36.664257,35.464256,35.06426,34.464256,32.464256,31.164257,29.064259,27.164257,24.964258,23.464258,22.064259,20.764257,20.564259,21.264257,22.064259,22.864258,23.664257,24.964258,24.764257,24.364258,24.164257,22.464258,21.064259,19.964258,18.064259,17.464258,14.964258,12.064258,10.564258,8.764257,6.5642576,5.764258,3.8642578,2.6642578,2.764258,3.764258
30.264257,31.764257,34.464256,37.06426,38.76426,39.864258,40.364258,40.26426,40.56426,40.864258,41.964256,43.06426,43.664257,43.864258,44.164257,44.26426,44.26426,44.364258,44.864258,44.06426,42.964256,41.164257,39.864258,38.56426,37.964256,36.56426,35.56426,34.06426,32.864258,30.364258,28.764257,27.264257,25.264257,24.364258,23.964258,23.964258,23.664257,23.364258,24.064259,25.064259,25.764257,26.564259,26.764257,26.064259,24.164257,21.964258,21.864258,24.364258,16.964258,18.664257,15.664258,13.864258,12.364258,9.864258,7.864258,6.9642577,4.9642577,4.4642577
38.864258,40.06426,41.864258,44.26426,45.664257,46.964256,45.864258,45.26426,45.76426,46.664257,46.56426,46.164257,45.06426,43.864258,42.76426,42.56426,42.464256,42.06426,42.164257,42.06426,41.26426,40.76426,39.664257,37.964256,36.76426,36.06426,36.364258,35.76426,34.26426,32.26426,30.764257,29.664257,28.864258,27.864258,27.064259,27.064259,26.564259,26.064259,26.564259,27.164257,27.864258,28.464258,29.164257,28.864258,28.464258,26.864258,27.864258,28.964258,24.164257,19.764257,24.064259,21.064259,17.864258,15.564258,13.164258,11.664258,9.264257,7.364258
47.06426,47.26426,48.364258,48.864258,50.964256,50.864258,51.464256,51.464256,52.06426,52.864258,52.26426,51.76426,50.56426,48.76426,46.864258,45.964256,45.56426,44.664257,43.464256,42.664257,42.164257,41.664257,39.76426,36.964256,36.864258,34.06426,34.06426,34.464256,33.864258,32.864258,31.464258,31.364258,30.164257,28.764257,27.764257,28.164257,27.764257,28.364258,29.364258,29.764257,30.564259,31.664257,32.56426,32.76426,31.564259,29.264257,33.964256,32.56426,26.364258,24.464258,27.064259,26.364258,22.364258,20.064259,17.464258,15.364258,13.964258,11.164258
51.864258,54.26426,55.464256,56.664257,55.664257,55.864258,56.864258,58.364258,59.664257,62.06426,62.864258,63.164257,63.364258,61.06426,57.26426,53.76426,51.664257,48.464256,47.56426,46.76426,45.364258,43.164257,42.76426,38.56426,34.364258,32.56426,31.864258,32.664257,32.76426,31.164257,31.164257,31.364258,31.364258,28.964258,29.764257,28.064259,27.664257,28.264257,29.464258,31.064259,31.864258,33.664257,34.464256,35.864258,33.664257,34.664257,35.06426,34.464256,30.464258,28.364258,27.964258,27.864258,24.564259,22.064259,18.664257,17.064259,16.264257,14.564258
55.76426,55.664257,54.164257,54.664257,57.56426,59.56426,59.864258,59.464256,60.364258,59.464256,57.164257,57.06426,60.56426,61.164257,59.26426,57.56426,53.864258,49.964256,48.864258,46.164257,44.364258,41.664257,39.26426,36.464256,34.864258,32.56426,32.364258,31.464258,32.06426,31.664257,30.464258,31.064259,30.364258,31.764257,29.864258,28.764257,30.264257,30.164257,30.664257,32.164257,32.964256,34.06426,32.56426,34.364258,37.56426,35.964256,36.864258,36.464256,34.464256,31.964258,29.464258,27.364258,24.664257,21.764257,17.864258,16.764257,16.664257,15.264257
54.964256,57.164257,57.26426,56.76426,55.76426,55.664257,54.76426,53.56426,54.364258,56.06426,57.26426,56.26426,49.464256,49.364258,51.56426,49.76426,46.964256,46.864258,44.06426,40.864258,39.26426,38.164257,35.664257,35.164257,34.06426,33.664257,31.864258,29.964258,29.364258,28.764257,30.064259,30.364258,32.26426,31.464258,32.06426,35.06426,37.26426,35.464256,35.26426,32.864258,32.964256,33.26426,31.364258,35.964256,36.164257,36.164257,33.864258,32.864258,32.06426,31.664257,27.764257,25.664257,22.864258,21.064259,16.664257,16.264257,16.564259,17.364258
51.164257,50.164257,50.864258,50.76426,51.26426,49.964256,46.464256,48.26426,49.364258,49.06426,49.864258,51.164257,47.664257,45.964256,42.06426,43.364258,41.964256,39.06426,35.364258,34.864258,32.664257,31.064259,29.764257,29.864258,28.664257,28.464258,28.264257,28.064259,26.864258,28.064259,28.464258,28.264257,31.264257,36.864258,39.56426,40.06426,38.664257,36.06426,34.164257,30.264257,27.564259,25.164257,27.164257,30.864258,29.164257,28.564259,28.364258,26.664257,27.364258,25.564259,25.064259,23.164257,21.664257,18.464258,15.764257,16.464258,16.064259,19.064259
44.964256,44.664257,44.464256,46.364258,47.464256,44.364258,45.56426,44.26426,44.06426,43.06426,42.76426,40.864258,39.76426,42.56426,38.56426,36.864258,34.06426,31.764257,30.664257,27.664257,27.364258,24.564259,25.564259,25.264257,23.864258,21.364258,24.064259,25.164257,25.264257,24.664257,25.364258,28.164257,32.364258,35.864258,35.464256,32.76426,29.364258,29.164257,26.264257,23.364258,20.764257,19.164257,21.264257,20.664257,21.664257,20.264257,20.964258,21.864258,22.564259,22.664257,22.864258,21.164257,19.164257,17.464258,16.164257,17.664257,18.164257,20.264257
39.06426,39.864258,42.06426,41.464256,40.964256,37.26426,36.664257,37.364258,36.364258,35.26426,33.06426,35.964256,33.964256,33.26426,31.064259,30.964258,26.964258,27.764257,26.364258,26.464258,23.364258,23.864258,21.564259,18.664257,19.864258,21.664257,22.664257,22.664257,22.164257,23.364258,27.264257,28.964258,30.264257,27.264257,25.264257,24.264257,21.964258,20.664257,18.464258,15.364258,13.364258,16.164257,17.564259,16.664257,16.564259,14.664258,16.164257,18.764257,19.864258,20.264257,19.964258,17.864258,17.564259,15.164258,17.464258,18.564259,20.464258,22.264257
32.56426,32.76426,32.464256,30.664257,30.964258,32.664257,33.364258,30.464258,27.564259,28.864258,27.764257,26.364258,26.564259,27.464258,24.764257,22.764257,22.364258,27.064259,28.464258,23.064259,22.364258,21.664257,20.364258,21.264257,20.464258,21.164257,18.464258,18.564259,22.664257,25.064259,26.464258,27.864258,28.864258,22.464258,19.664257,13.464258,13.364258,12.564258,9.964258,12.564258,14.464258,15.664258,16.264257,14.164258,15.964258,13.464258,10.964258,14.864258,15.364258,16.064259,15.564258,14.664258,14.364258,13.664258,17.164257,19.064259,20.964258,21.664257
23.264257,22.664257,23.564259,24.664257,24.264257,22.864258,22.764257,23.664257,21.864258,20.664257,19.964258,19.264257,16.864258,17.264257,20.164257,20.164257,20.764257,24.864258,23.764257,21.164257,19.564259,19.864258,20.664257,19.864258,19.364258,19.164257,19.864258,22.164257,23.564259,28.264257,27.464258,23.864258,19.864258,17.264257,13.264257,10.064258,6.864258,9.064258,13.764257,14.564258,15.664258,15.864258,14.664258,13.664258,12.064258,12.264257,9.864258,10.864258,11.764257,11.364258,11.664258,11.264257,10.264257,13.164258,16.464258,18.764257,19.564259,19.664257
14.764257,14.164258,12.364258,14.764257,14.764257,15.464258,15.764257,14.764257,13.364258,12.464258,11.964258,11.864258,9.964258,9.564258,10.864258,13.364258,16.764257,19.364258,18.364258,19.764257,20.064259,21.464258,19.864258,21.364258,19.964258,18.364258,18.864258,24.364258,25.264257,23.664257,21.664257,19.864258,15.364258,11.664258,8.064258,4.364258,10.464258,12.964258,12.164258,12.564258,13.764257,14.164258,14.964258,13.164258,10.464258,10.764257,8.964258,8.664258,8.964258,8.264257,8.664258,8.064258,9.564258,13.064258,16.264257,16.364258,15.964258,16.464258
11.564258,10.664258,9.364258,8.964258,8.864258,8.664258,6.5642576,3.264258,2.4642577,4.9642577,9.464258,11.064258,11.764257,13.064258,13.964258,13.664258,14.764257,16.964258,19.164257,20.364258,21.164257,20.364258,20.864258,20.764257,18.264257,17.164257,20.364258,21.964258,21.364258,18.564259,16.864258,14.764257,11.664258,8.964258,7.264258,10.464258,11.164258,11.064258,13.564258,14.764257,12.864258,13.064258,13.864258,12.464258,11.564258,9.764257,9.064258,8.864258,8.164258,8.264257,7.864258,8.164258,11.164258,13.664258,15.364258,14.264257,15.364258,15.964258
12.664258,12.664258,9.664258,7.764258,4.264258,4.5642576,4.664258,6.0642576,7.5642576,8.464258,8.364258,8.164258,10.064258,13.764257,16.064259,17.964258,20.764257,22.364258,22.864258,22.364258,22.164257,20.964258,21.764257,20.564259,18.564259,18.064259,19.664257,17.864258,16.964258,16.464258,15.164258,11.564258,10.564258,8.764257,9.664258,10.664258,11.964258,14.864258,16.464258,16.364258,15.864258,13.264257,13.664258,12.964258,11.664258,10.564258,9.264257,8.964258,8.864258,8.864258,7.764258,10.864258,13.164258,14.664258,14.064258,13.464258,15.164258,15.064258
13.464258,13.564258,10.864258,11.064258,10.464258,8.964258,6.764258,6.364258,4.364258,5.0642576,7.864258,10.964258,14.164258,17.564259,17.364258,18.364258,18.664257,18.464258,18.664257,18.464258,18.464258,19.964258,22.264257,18.564259,19.664257,21.164257,21.164257,18.564259,18.664257,17.264257,17.164257,15.664258,11.964258,9.364258,9.064258,10.664258,12.164258,13.664258,15.964258,18.164257,18.864258,17.664257,13.664258,13.164258,11.764257,10.564258,9.864258,9.364258,10.564258,9.964258,10.264257,12.364258,14.764257,13.464258,11.964258,13.464258,13.864258,12.764257
8.664258,8.164258,7.9642577,8.064258,7.264258,5.864258,5.764258,5.5642576,5.264258,6.164258,6.764258,8.464258,8.764257,11.564258,11.564258,11.764257,11.164258,11.364258,13.464258,14.864258,15.564258,15.864258,15.864258,19.164257,20.564259,23.964258,24.164257,23.164257,22.764257,20.464258,17.064259,13.164258,10.364258,9.764257,10.764257,12.264257,13.664258,15.264257,15.664258,16.564259,19.464258,18.764257,13.864258,12.264257,11.564258,9.764257,9.464258,10.064258,9.564258,9.064258,12.364258,15.164258,13.464258,11.864258,12.164258,12.864258,11.564258,11.164258
4.664258,3.9642577,4.4642577,3.3642578,3.0642579,2.4642577,2.3642578,2.264258,1.8642578,4.9642577,7.664258,9.964258,10.964258,13.764257,12.764257,10.264257,8.964258,9.864258,11.464258,13.264257,13.064258,14.864258,16.564259,21.064259,24.564259,25.664257,24.964258,23.664257,22.164257,21.164257,17.564259,14.664258,14.364258,13.064258,13.764257,16.364258,17.664257,18.864258,17.364258,15.664258,17.964258,18.464258,17.164257,13.164258,12.564258,11.464258,10.664258,10.264257,11.364258,14.364258,15.164258,13.764257,13.064258,12.364258,12.864258,12.964258,10.864258,9.164258
3.264258,4.0642576,3.8642578,1.8642578,0.7642578,4.364258,5.864258,6.164258,6.9642577,8.764257,10.564258,9.864258,9.964258,12.864258,14.364258,14.764257,15.564258,16.064259,16.664257,16.464258,16.864258,18.164257,19.764257,20.064259,20.364258,20.664257,19.564259,18.264257,18.364258,18.264257,17.164257,16.164257,17.764257,18.564259,17.664257,18.964258,19.764257,20.864258,20.264257,16.764257,16.164257,16.564259,17.164257,15.264257,14.064258,15.064258,15.164258,14.964258,15.164258,14.064258,13.864258,13.864258,13.164258,14.564258,15.964258,14.164258,11.964258,8.464258
7.364258,4.164258,5.764258,6.764258,7.5642576,8.464258,10.664258,11.964258,12.964258,13.264257,15.264257,17.264257,18.564259,19.064259,19.464258,19.564259,20.864258,20.564259,19.564259,19.264257,19.964258,20.564259,20.764257,21.064259,19.864258,19.064259,17.664257,16.864258,17.664257,17.864258,18.164257,18.464258,19.864258,20.364258,20.064259,20.064259,20.364258,20.264257,20.564259,18.364258,17.564259,16.964258,16.764257,18.864258,18.264257,17.464258,16.864258,16.464258,16.564259,15.764257,14.864258,13.964258,15.764257,16.364258,18.264257,17.764257,14.864258,8.964258
11.764257,11.664258,11.064258,11.964258,13.364258,14.064258,14.064258,14.764257,15.764257,17.664257,20.464258,23.364258,26.264257,28.964258,31.764257,32.664257,34.26426,35.06426,35.06426,34.364258,31.664257,30.664257,30.664257,29.264257,27.464258,23.964258,22.064259,22.064259,22.264257,21.464258,19.764257,19.364258,20.164257,20.864258,21.164257,20.564259,20.064259,20.264257,21.464258,21.364258,21.564259,21.464258,20.364258,18.864258,18.364258,18.064259,17.264257,16.264257,14.964258,17.164257,14.464258,14.264257,15.564258,16.964258,18.664257,17.464258,14.364258,10.264257
