views/data/weather/2019/10/01/0000-wind-isobaric-1000hPa-gfs-1.0.json
{"header": { "discipline":0, "disciplineName":"Meteorological products", "gribEdition":2, "gribLength":79114, "center":7, "centerName":"US National Weather Service - NCEP(WMC)", "subcenter":0, "refTime":"2019-10-01T00:00:00.000Z", "significanceOfRT":1, "significanceOfRTName":"Start of forecast", "productStatus":0, "productStatusName":"Operational products", "productType":1, "productTypeName":"Forecast products", "productDefinitionTemplate":0, "productDefinitionTemplateName":"Analysis/forecast at horizontal level/layer at a point in time", "parameterCategory":2, "parameterCategoryName":"Momentum", "parameterNumber":2, "parameterNumberName":"U-component_of_wind", "parameterUnit":"m.s-1", "genProcessType":2, "genProcessTypeName":"Forecast", "forecastTime":0, "surface1Type":100, "surface1TypeName":"Isobaric surface", "surface1Value":95000.0, "surface2Type":255, "surface2TypeName":"Missing", "surface2Value":0.0, "gridDefinitionTemplate":0, "gridDefinitionTemplateName":"Latitude_Longitude", "numberPoints":65160, "shape":6, "shapeName":"Earth spherical with radius of 6,371,229.0 m", "gridUnits":"degrees", "resolution":48, "winds":"true", "scanMode":0, "nx":360, "ny":181, "basicAngle":0, "lo1":0.0, "la1":90.0, "lo2":359.0, "la2":-90.0, "dx":1.0, "dy":1.0 }, "data":
[rows 26 to 51 of 181, columns 236 to 294 of 360]
-1.062207,1.187793,1.747793,1.7677929,2.937793,1.8977929,1.567793,0.48779297,0.74779296,0.967793,1.177793,1.377793,2.007793,4.077793,4.327793,4.7077928,5.067793,5.317793,6.177793,7.467793,9.057793,10.7177925,10.237793,10.397793,10.837793,10.937793,10.857793,10.297793,7.537793,6.837793,5.7277927,4.907793,4.347793,3.177793,3.057793,2.747793,2.977793,3.477793,4.537793,4.687793,4.947793,2.5977929,1.367793,2.777793,3.947793,5.967793,5.417793,5.537793,5.887793,4.577793,3.367793,0.94779295,0.61779296,2.997793,2.897793,2.367793,-0.28220704,2.327793,0.87779295
-0.93220705,0.13779297,0.05779297,1.447793,1.557793,0.597793,0.44779298,0.42779297,0.39779297,0.68779296,1.707793,1.4077929,2.147793,4.4577928,5.147793,4.967793,5.187793,5.487793,6.677793,7.717793,8.167793,8.857793,9.817793,9.157793,10.857793,11.787793,11.697793,10.567793,9.577793,9.047793,6.4577928,5.577793,4.987793,3.057793,3.027793,4.037793,4.557793,4.397793,5.2277927,5.807793,5.447793,4.867793,5.167793,2.877793,2.007793,3.177793,5.487793,6.087793,5.317793,4.897793,4.057793,2.3377929,-0.05220703,0.21779297,0.017792968,1.087793,1.477793,0.647793,0.537793
-1.0922071,-1.7122071,-1.812207,-2.362207,-1.3422071,0.69779295,2.247793,1.627793,1.507793,3.567793,3.377793,1.367793,3.077793,3.287793,3.507793,3.677793,4.277793,5.257793,5.9577928,5.617793,6.967793,7.4777927,8.137793,8.9677925,9.187793,10.197793,10.417793,9.987793,9.9677925,9.437793,8.677793,5.347793,4.167793,4.697793,3.807793,4.297793,5.027793,5.197793,5.327793,6.027793,6.907793,6.797793,6.467793,5.917793,7.167793,7.2077928,5.667793,4.2277927,3.437793,2.377793,0.32779297,2.827793,3.407793,2.807793,2.0877929,2.917793,2.927793,2.517793,6.367793
0.787793,1.0477929,0.06779297,-0.47220704,0.94779295,2.527793,2.687793,2.657793,3.297793,3.8577929,0.05779297,-0.22220702,1.0277929,1.847793,2.1077929,2.387793,3.407793,3.467793,3.987793,4.587793,4.567793,5.097793,5.4577928,6.017793,6.087793,6.097793,6.537793,6.007793,6.537793,6.197793,5.4577928,4.417793,3.8577929,4.127793,4.427793,4.9777927,4.837793,5.497793,5.7277927,6.147793,7.027793,7.817793,7.747793,6.757793,6.527793,8.357793,5.9577928,7.007793,7.137793,6.377793,6.667793,2.737793,5.177793,8.397793,7.517793,5.577793,3.5977929,3.717793,4.627793
4.057793,4.297793,0.38779297,1.2677929,0.34779298,0.957793,0.657793,3.907793,5.287793,1.477793,-0.56220704,0.92779297,-0.21220703,0.39779297,0.587793,1.3977929,1.2677929,1.507793,2.037793,1.7977929,3.277793,3.547793,3.0977929,4.047793,4.097793,3.207793,3.737793,3.977793,3.737793,3.447793,3.957793,4.4777927,4.597793,3.477793,3.317793,3.917793,4.787793,5.807793,6.117793,6.9577928,7.817793,8.027793,8.307793,8.977793,9.157793,9.247793,9.747793,10.897793,11.537793,11.027793,10.887793,9.127793,8.9677925,9.027793,10.767793,10.327793,9.187793,7.947793,7.157793
1.197793,0.49779296,0.36779296,0.30779296,0.20779297,-2.512207,-1.432207,-0.842207,0.05779297,0.63779294,1.627793,1.067793,-0.75220704,0.537793,1.687793,1.817793,1.3977929,2.3377929,0.43779296,1.937793,0.43779296,0.797793,2.467793,2.1077929,2.167793,1.707793,1.997793,1.137793,1.697793,2.657793,3.297793,3.557793,3.277793,3.677793,4.277793,3.687793,3.717793,4.507793,5.837793,6.897793,7.337793,7.937793,8.637793,9.727793,9.897793,10.427793,11.557793,12.887793,13.597793,13.887793,13.657793,12.387793,12.207793,11.297793,11.2177925,9.697793,9.797793,6.637793,5.867793
2.197793,0.26779297,-0.69220704,-0.652207,0.93779296,0.39779297,-0.62220705,0.99779296,0.35779297,0.63779294,1.587793,0.48779297,0.597793,1.4077929,1.077793,-0.012207031,0.39779297,-0.15220703,2.327793,-0.08220703,-1.012207,-1.992207,-0.93220705,-1.122207,-0.86220706,-0.45220703,-0.722207,-0.17220703,-0.712207,0.13779297,0.587793,0.707793,1.757793,2.737793,2.927793,3.257793,3.677793,4.377793,5.377793,6.047793,6.437793,7.257793,7.937793,8.497793,8.867793,9.707793,10.427793,11.327793,11.697793,12.067793,12.807793,12.657793,12.457793,12.037793,11.287793,9.987793,9.117793,9.087793,6.607793
1.557793,1.697793,0.03779297,-0.722207,1.1477929,0.527793,-0.022207031,-0.05220703,-0.61220706,-0.14220703,-1.062207,-0.03220703,0.957793,-0.93220705,-1.052207,-1.2122071,0.47779298,-0.03220703,-1.2322071,-2.1422071,-2.052207,-2.842207,-2.6622071,-3.4022071,-3.622207,-3.372207,-3.682207,-3.602207,-3.362207,-2.752207,-2.802207,-2.572207,-2.6622071,-1.432207,-0.47220704,0.14779297,1.0477929,2.677793,3.267793,3.927793,4.787793,5.617793,6.587793,7.657793,7.797793,7.787793,8.267793,8.097793,9.977793,10.067793,10.227793,10.827793,10.507793,10.277793,9.617793,8.887793,8.707793,8.487793,7.247793
-1.272207,1.6477929,0.647793,-0.76220703,-1.372207,-1.7222071,-1.062207,-1.522207,-1.622207,-1.072207,-0.67220706,-0.37220705,0.537793,-0.56220704,-2.252207,-2.532207,-2.6622071,-2.582207,-2.242207,-2.532207,-3.4122071,-3.492207,-3.932207,-4.432207,-5.082207,-6.162207,-6.712207,-7.232207,-7.452207,-7.332207,-6.922207,-6.622207,-6.652207,-5.742207,-5.152207,-3.922207,-1.542207,-0.22220702,0.88779294,1.2977929,2.0877929,2.817793,3.297793,3.977793,4.547793,5.027793,5.367793,5.997793,7.757793,8.597793,9.137793,9.127793,8.277793,8.497793,6.567793,7.237793,5.987793,6.777793,6.507793
1.447793,-1.012207,1.187793,2.167793,0.21779297,-2.052207,-1.9622071,-1.7122071,-0.43220702,-1.402207,-0.51220703,-0.022207031,-0.11220703,0.13779297,-0.31220704,-1.612207,-1.942207,-4.232207,-4.232207,-3.612207,-4.812207,-5.082207,-6.0422072,-6.762207,-7.062207,-8.662207,-9.962207,-10.292207,-10.002207,-9.522207,-9.472207,-9.042207,-9.542207,-8.212207,-7.852207,-7.892207,-6.2722073,-5.232207,-2.772207,-1.032207,0.35779297,1.567793,2.627793,2.957793,3.307793,4.217793,5.367793,5.837793,5.567793,6.717793,7.267793,7.747793,7.127793,8.137793,7.667793,4.857793,4.687793,4.497793,5.757793
-1.302207,-1.772207,-0.29220703,1.097793,1.717793,0.107792966,-0.99220705,-1.752207,-2.1522071,-2.812207,-1.392207,-1.502207,-1.2122071,-1.562207,-1.902207,-2.9122071,-2.4122071,-2.772207,-3.502207,-3.202207,-5.462207,-6.142207,-6.602207,-7.2922072,-8.322207,-10.012207,-10.992207,-12.572207,-11.402207,-10.812207,-11.0322075,-12.152207,-12.012207,-11.212207,-10.252207,-9.722207,-9.132207,-9.312207,-7.7722073,-6.452207,-5.262207,-3.372207,-1.902207,-1.2122071,-0.15220703,1.1677929,1.7877929,2.077793,3.147793,4.257793,4.827793,5.817793,5.307793,4.297793,5.157793,5.177793,4.067793,5.587793,6.817793
0.33779296,-0.46220702,1.1577929,0.977793,1.497793,1.7977929,1.1677929,-0.99220705,-2.122207,-2.032207,-1.492207,-1.262207,-0.81220704,-2.122207,-2.562207,-0.842207,-3.002207,-2.362207,-5.312207,-6.662207,-6.442207,-2.952207,-6.572207,-8.372207,-9.572207,-9.892207,-13.482207,-12.792207,-13.7822075,-10.222207,-11.892207,-15.092207,-14.702207,-12.0322075,-11.512207,-11.842207,-12.742207,-11.192207,-11.652207,-10.442207,-8.912207,-7.132207,-6.922207,-4.742207,-2.752207,-1.662207,-0.82220703,0.20779297,0.15779297,0.06779297,2.0877929,3.177793,3.147793,3.3477929,2.177793,2.8477929,1.947793,2.997793,2.507793
-0.75220704,1.637793,0.007792969,2.207793,1.437793,1.467793,1.007793,2.027793,0.27779296,-1.922207,1.137793,-0.782207,-0.28220704,-1.122207,-1.4822071,-1.2022071,-3.172207,-2.582207,-3.372207,-4.322207,-5.592207,-3.962207,-6.0422072,-4.402207,-7.112207,-6.712207,-10.882207,-11.5322075,-10.432207,-10.562207,-9.442207,-15.572207,-12.992207,-12.572207,-9.122207,-13.272207,-15.422207,-15.832207,-13.922207,-14.962207,-13.432207,-11.982207,-10.5322075,-9.232207,-7.532207,-4.942207,-3.372207,-1.3422071,0.17779297,0.63779294,0.24779297,0.39779297,1.507793,1.387793,1.807793,2.007793,2.247793,2.367793,2.737793
0.12779297,1.007793,-0.09220703,1.347793,0.63779294,1.327793,1.487793,0.73779297,1.357793,-0.962207,-0.39220703,0.43779296,0.907793,0.26779297,0.15779297,-0.23220703,-0.32220703,1.867793,1.7877929,2.727793,-1.772207,-2.582207,-3.282207,-2.102207,-1.792207,-1.432207,-2.042207,-7.982207,-6.692207,-6.352207,-6.492207,-14.762207,-6.552207,-6.192207,-14.522207,-16.002207,-14.362207,-14.502207,-13.202207,-15.482207,-13.812207,-13.232207,-11.432207,-9.092207,-6.982207,-3.612207,-1.782207,-1.7022071,-1.172207,0.797793,-2.282207,-0.69220704,1.197793,1.9177929,0.22779296,3.557793,1.447793,2.137793,2.917793
1.187793,1.137793,0.957793,0.22779296,2.017793,1.487793,1.0377929,1.0477929,-0.50220704,0.92779297,-0.962207,1.7677929,1.757793,2.8477929,3.577793,3.717793,2.547793,1.957793,1.937793,2.937793,2.067793,-0.712207,-1.372207,-0.80220705,0.75779295,3.907793,1.097793,-2.512207,-2.442207,1.737793,-9.472207,-9.892207,1.1477929,-5.432207,-11.362207,-15.042207,-14.592207,-12.122207,-11.632207,-11.352207,-12.2822075,-10.922207,-10.962207,-11.772207,-9.912207,-8.122207,-7.242207,-5.2722073,-3.012207,-3.442207,-1.992207,0.69779295,0.787793,0.40779296,2.717793,2.167793,1.317793,3.797793,4.067793
-2.022207,2.657793,2.437793,-0.18220703,0.05779297,1.2977929,0.56779295,0.18779297,0.027792968,1.107793,0.847793,-0.22220702,1.077793,3.507793,4.9777927,4.247793,4.567793,4.947793,4.127793,4.107793,3.797793,4.067793,0.727793,1.807793,0.797793,2.627793,3.027793,2.317793,2.287793,3.637793,-9.482207,-2.992207,1.137793,-5.472207,-5.572207,-5.752207,-11.382207,-8.992207,-9.012207,-9.512207,-8.742207,-10.732207,-11.122207,-11.352207,-11.172207,-10.392207,-9.072207,-7.842207,-6.982207,-6.342207,-4.892207,-3.352207,-1.782207,-0.39220703,3.747793,4.2277927,3.467793,5.827793,1.7877929
-0.712207,0.667793,3.507793,0.15779297,-0.92220706,0.76779294,-0.24220704,-0.48220703,-0.782207,0.847793,1.847793,-0.26220703,0.837793,2.897793,4.007793,3.417793,6.367793,6.677793,6.827793,6.327793,5.217793,4.767793,4.987793,3.757793,6.597793,6.267793,5.067793,3.647793,5.297793,3.147793,0.55779296,2.967793,-0.902207,-1.7022071,-2.972207,-6.852207,-4.712207,-4.892207,-8.592207,-7.752207,-6.2722073,-8.932207,-9.472207,-9.122207,-11.312207,-12.302207,-9.692207,-7.192207,-7.492207,-6.382207,-4.682207,-6.202207,-4.452207,-0.57220703,2.387793,1.867793,2.967793,4.167793,4.527793
1.477793,-1.822207,0.597793,-0.67220706,-2.792207,-0.98220706,-0.042207032,0.94779295,-0.102207035,-0.99220705,-0.62220705,1.187793,0.46779296,1.437793,1.357793,4.397793,5.067793,4.437793,3.0877929,4.597793,4.597793,5.2277927,4.137793,3.547793,5.317793,4.827793,5.947793,6.467793,6.2077928,3.007793,5.2077928,1.947793,-3.1422071,-0.40220702,2.257793,4.127793,6.277793,6.287793,5.9777927,3.367793,-2.1422071,-3.502207,-3.872207,-1.932207,-3.702207,-9.052207,-4.982207,-5.642207,-3.512207,-3.8922071,-3.942207,-4.002207,-1.442207,-1.112207,-2.122207,-3.072207,0.31779298,2.637793,3.517793
-3.052207,-2.1422071,-3.742207,-2.6622071,-1.5922071,-0.13220704,0.87779295,1.077793,0.797793,-0.042207032,1.207793,-1.4822071,-0.542207,1.107793,-1.7322071,1.9177929,-3.242207,0.047792967,2.447793,2.5977929,3.287793,4.547793,3.617793,3.527793,3.627793,4.987793,4.2077928,7.367793,6.277793,7.077793,7.917793,8.7177925,3.027793,1.337793,0.87779295,2.767793,3.037793,4.007793,7.907793,7.097793,4.027793,3.527793,0.88779294,-3.312207,-4.412207,-2.212207,-5.2922072,-4.2722073,-5.192207,-4.962207,-6.802207,-2.452207,-3.082207,-4.482207,-3.062207,-2.962207,-2.452207,-1.0822071,1.207793
0.05779297,-0.012207031,-2.442207,-2.472207,-1.4622071,-0.662207,3.147793,0.007792969,1.387793,-0.73220706,-1.062207,-0.772207,-0.05220703,0.48779297,1.577793,1.747793,-1.642207,-0.86220706,-1.0822071,0.19779296,1.697793,3.177793,4.027793,2.457793,2.487793,4.247793,2.6077929,4.667793,7.067793,6.277793,8.197793,6.237793,4.377793,2.907793,2.927793,4.277793,8.317793,10.997793,12.917793,7.597793,6.797793,6.567793,4.637793,1.097793,-4.192207,-3.862207,-2.962207,-3.612207,-3.322207,0.92779297,-0.42220703,1.707793,-0.40220702,-1.4822071,-0.962207,-1.4722071,-1.882207,-1.112207,0.67779297
1.857793,1.687793,1.7677929,0.857793,-0.15220703,0.647793,-1.9822071,-0.712207,0.74779296,0.99779296,-1.2122071,-1.7122071,0.43779296,0.56779295,1.477793,-0.38220704,2.257793,-2.082207,-2.822207,-1.5922071,-0.012207031,1.827793,1.6477929,0.787793,1.7777929,2.147793,2.517793,5.557793,5.257793,8.237793,3.937793,4.577793,4.357793,6.277793,4.177793,4.337793,7.887793,11.907793,8.307793,8.987793,9.617793,8.4677925,4.857793,-1.542207,-1.9822071,-2.432207,-0.26220703,0.55779296,3.617793,-0.852207,-0.642207,-0.602207,-1.682207,2.707793,1.497793,-0.43220702,-0.81220704,-2.112207,0.45779297
2.527793,1.117793,0.67779297,-2.072207,0.41779298,-3.132207,-0.782207,-0.74220705,-0.03220703,0.73779297,-2.072207,0.43779296,1.747793,1.6677929,2.917793,-0.38220704,2.477793,-7.122207,-7.822207,-6.992207,-2.842207,-5.862207,-2.772207,-1.532207,0.17779297,2.247793,4.327793,5.007793,5.587793,-1.022207,3.577793,6.777793,6.657793,3.827793,3.527793,4.587793,7.447793,9.767793,9.477793,9.897793,8.987793,5.877793,5.527793,-0.45220703,-0.14220703,2.957793,5.337793,5.697793,3.657793,-1.072207,-0.07220703,-0.49220702,0.86779296,3.507793,2.397793,-0.0022070312,-1.022207,-0.022207031,0.86779296
1.347793,-0.29220703,2.707793,2.617793,3.537793,1.597793,1.957793,3.027793,7.267793,5.2277927,1.347793,-0.33220702,2.307793,4.967793,5.997793,4.2277927,5.687793,7.687793,-8.252207,-8.262207,-6.732207,-5.432207,-5.372207,-3.982207,-2.132207,-0.0022070312,1.377793,2.247793,-0.29220703,2.147793,4.397793,5.637793,5.677793,4.567793,4.067793,5.7077928,6.837793,7.497793,7.297793,6.897793,6.7077928,3.237793,4.2077928,0.907793,1.307793,1.1477929,-0.042207032,2.397793,0.81779295,-0.772207,1.577793,2.387793,1.237793,2.367793,0.547793,-1.3322071,-2.062207,-1.992207,-2.562207
1.807793,0.787793,1.207793,2.917793,3.637793,1.5277929,0.86779296,1.5177929,4.677793,1.8977929,-1.382207,0.777793,3.317793,4.757793,-0.28220704,3.507793,6.237793,4.257793,4.187793,-6.182207,-6.312207,-5.152207,-4.942207,-5.322207,-3.452207,-1.312207,0.047792967,0.15779297,1.747793,2.147793,2.997793,4.4577928,5.517793,5.597793,7.057793,6.057793,7.917793,8.537793,7.357793,7.677793,5.297793,2.467793,0.727793,-1.0822071,1.067793,0.717793,-1.802207,-0.50220704,-3.612207,-2.932207,-1.242207,-2.182207,-4.062207,-5.582207,-5.562207,-5.762207,-4.732207,-4.422207,-4.482207
3.537793,1.4177929,1.947793,1.747793,2.817793,4.567793,2.877793,5.287793,5.307793,4.867793,-3.452207,-0.11220703,2.317793,-1.2222071,-0.11220703,4.417793,5.127793,5.9777927,3.897793,-5.092207,-3.762207,-3.812207,-6.462207,0.14779297,-2.082207,-1.252207,-1.062207,0.11779297,1.857793,2.047793,0.597793,3.317793,4.187793,5.857793,6.2077928,5.197793,7.567793,5.417793,5.557793,6.7077928,5.767793,1.587793,1.257793,0.527793,2.217793,-2.552207,-1.4822071,-0.49220702,-2.952207,-1.442207,-2.852207,-5.712207,-7.692207,-7.222207,-7.092207,-6.232207,-5.7922072,-6.122207,-6.342207
3.767793,4.877793,-2.802207,2.517793,4.827793,3.987793,5.067793,4.157793,5.857793,2.867793,1.2977929,-2.782207,1.957793,-1.402207,2.137793,5.067793,4.897793,5.347793,2.187793,1.867793,2.307793,1.7777929,-0.602207,-0.46220702,-0.99220705,0.17779297,-1.152207,-0.45220703,1.127793,1.1577929,2.217793,4.247793,4.4777927,3.277793,2.147793,4.387793,6.797793,6.367793,4.657793,2.817793,4.657793,2.257793,3.737793,-0.81220704,-1.862207,-1.662207,-2.792207,-1.7322071,-2.962207,-4.302207,-5.072207,-7.342207,-7.232207,-7.822207,-6.922207,-6.502207,-6.762207,-7.662207,-7.932207
