views/data/weather/2019/10/01/0000-wind-isobaric-250hPa-gfs-1.0.json
{"header": { "discipline":0, "disciplineName":"Meteorological products", "gribEdition":2, "gribLength":49972, "center":7, "centerName":"US National Weather Service - NCEP(WMC)", "subcenter":0, "refTime":"2019-10-01T00:00:00.000Z", "significanceOfRT":1, "significanceOfRTName":"Start of forecast", "productStatus":0, "productStatusName":"Operational products", "productType":1, "productTypeName":"Forecast products", "productDefinitionTemplate":0, "productDefinitionTemplateName":"Analysis/forecast at horizontal level/layer at a point in time", "parameterCategory":2, "parameterCategoryName":"Momentum", "parameterNumber":2, "parameterNumberName":"U-component_of_wind", "parameterUnit":"m.s-1", "genProcessType":2, "genProcessTypeName":"Forecast", "forecastTime":0, "surface1Type":100, "surface1TypeName":"Isobaric surface", "surface1Value":25000.0, "surface2Type":255, "surface2TypeName":"Missing", "surface2Value":0.0, "gridDefinitionTemplate":0, "gridDefinitionTemplateName":"Latitude_Longitude", "numberPoints":65160, "shape":6, "shapeName":"Earth spherical with radius of 6,371,229.0 m", "gridUnits":"degrees", "resolution":48, "winds":"true", "scanMode":0, "nx":360, "ny":181, "basicAngle":0, "lo1":0.0, "la1":90.0, "lo2":359.0, "la2":-90.0, "dx":1.0, "dy":1.0 }, "data":
[rows 50 to 74 of 181, columns 0 to 57 of 360]
11.764257,13.064258,13.264257,10.964258,7.164258,3.764258,1.4642578,-3.3357422,-7.835742,-10.335742,-12.935742,-12.635742,-10.935742,-8.535742,-7.0357423,-5.835742,-4.735742,-4.835742,-3.9357421,-3.0357423,-0.7357422,0.4642578,1.3642578,1.5642579,3.4642577,4.264258,5.0642576,7.864258,11.164258,13.864258,14.864258,16.264257,16.964258,17.764257,18.464258,19.864258,20.164257,20.064259,20.764257,20.864258,20.264257,18.564259,16.864258,17.164257,17.864258,18.164257,18.264257,19.264257,19.564259,18.764257,17.564259,20.164257,23.464258,24.964258,25.464258,26.064259,28.564259,31.664257
10.264257,13.064258,12.664258,9.464258,6.664258,1.7642578,-0.53574216,-4.5357423,-6.635742,-8.435742,-11.335742,-9.235743,-7.835742,-5.635742,-3.8357422,-3.8357422,-4.335742,-3.735742,-2.8357422,-1.7357422,-2.1357422,-2.8357422,-2.5357423,-0.33574218,1.2642578,2.764258,4.164258,4.664258,6.264258,8.164258,10.164258,12.264257,13.964258,15.964258,17.864258,17.464258,17.764257,17.664257,16.564259,16.064259,18.264257,17.564259,15.564258,14.464258,14.564258,15.964258,16.164257,16.464258,15.864258,15.164258,15.264257,19.564259,22.564259,24.564259,26.364258,27.164257,26.964258,29.064259
11.764257,12.964258,12.964258,9.764257,7.264258,2.0642579,-2.1357422,-3.5357423,-2.5357423,-3.235742,-3.8357422,-8.935742,-8.635742,-6.4357424,-4.5357423,-4.335742,-4.0357423,-4.335742,-4.135742,-3.9357421,-4.5357423,-4.4357424,-4.5357423,-3.8357422,-3.3357422,-2.1357422,0.064257815,3.8642578,7.364258,10.964258,13.164258,16.964258,17.464258,19.464258,20.964258,20.064259,20.964258,21.364258,21.264257,19.464258,17.364258,16.364258,16.564259,15.864258,13.664258,13.364258,13.264257,14.064258,14.164258,13.864258,15.864258,18.964258,22.364258,23.464258,24.464258,25.964258,27.664257,29.964258
14.964258,14.064258,14.564258,12.764257,9.064258,6.164258,-1.1357422,-1.9357421,-1.2357422,0.16425781,1.0642579,-3.235742,-6.4357424,-8.435742,-7.5357423,-6.635742,-6.5357423,-6.735742,-7.9357424,-8.535742,-7.735742,-5.135742,-3.0357423,-0.6357422,2.1642578,3.4642577,5.164258,8.864258,12.664258,14.964258,18.264257,23.164257,24.464258,25.564259,26.464258,28.964258,28.964258,28.564259,27.764257,24.064259,23.164257,21.064259,18.364258,17.564259,16.664257,13.964258,12.664258,13.064258,14.764257,15.264257,18.764257,21.264257,21.364258,21.864258,23.264257,24.264257,26.364258,27.164257
15.064258,14.864258,14.064258,15.164258,11.064258,8.564258,8.664258,3.5642579,1.0642579,2.764258,3.5642579,3.8642578,-0.53574216,-4.235742,-8.535742,-7.835742,-8.035742,-7.4357424,-6.4357424,-4.0357423,-1.7357422,0.064257815,2.8642578,6.0642576,9.964258,13.364258,16.064259,20.264257,22.864258,25.364258,26.764257,29.164257,31.864258,33.06426,32.864258,32.164257,32.364258,33.06426,32.664257,31.664257,29.964258,27.264257,23.664257,20.964258,19.264257,17.964258,16.764257,14.664258,15.564258,16.864258,18.864258,20.964258,23.264257,23.764257,24.464258,24.664257,25.964258,25.564259
19.264257,17.964258,17.464258,16.464258,14.564258,11.064258,10.564258,12.064258,12.664258,6.864258,5.864258,7.864258,3.3642578,-0.53574216,-2.3357422,-4.9357424,-4.735742,-3.4357421,-1.8357422,1.6642578,4.664258,8.764257,11.864258,15.764257,20.864258,24.564259,27.764257,29.264257,31.064259,30.664257,31.464258,32.26426,32.464256,32.864258,32.464256,31.664257,33.06426,34.364258,33.964256,32.76426,31.864258,31.664257,31.064259,29.664257,26.064259,23.464258,20.764257,19.164257,19.564259,20.364258,22.164257,23.164257,23.564259,25.164257,25.864258,25.664257,25.664257,24.864258
21.964258,20.864258,18.264257,18.264257,17.764257,14.364258,12.664258,11.264257,11.564258,10.864258,8.364258,6.764258,5.664258,2.3642578,3.1642578,4.5642576,5.4642577,5.764258,7.0642576,8.964258,12.464258,15.964258,22.264257,24.964258,27.064259,28.964258,28.464258,29.064259,29.964258,30.664257,30.564259,32.464256,32.464256,30.864258,30.864258,30.764257,31.864258,32.06426,32.964256,32.56426,33.76426,34.364258,34.76426,33.964256,32.864258,29.464258,28.964258,26.264257,22.364258,20.964258,23.064259,22.964258,23.864258,24.364258,24.664257,24.664257,24.764257,24.664257
22.164257,21.064259,19.164257,19.164257,18.164257,16.764257,14.764257,12.364258,11.064258,10.364258,10.564258,9.764257,8.664258,8.164258,6.664258,8.164258,9.664258,11.264257,14.164258,18.364258,21.364258,21.164257,22.964258,24.764257,25.964258,27.364258,27.964258,28.464258,28.164257,26.964258,26.964258,27.564259,28.364258,27.464258,27.464258,27.664257,27.064259,27.364258,27.864258,27.964258,30.264257,32.76426,33.26426,33.364258,33.26426,32.964256,31.964258,31.064259,28.564259,25.464258,23.864258,23.264257,23.564259,21.264257,18.864258,19.664257,19.264257,20.064259
23.764257,23.464258,21.864258,19.864258,19.764257,18.364258,15.864258,13.864258,12.264257,12.864258,12.064258,12.564258,11.764257,13.664258,12.864258,14.064258,16.364258,18.564259,20.764257,20.564259,19.864258,20.064259,22.264257,23.864258,25.664257,24.664257,24.364258,24.764257,25.064259,23.964258,23.564259,22.064259,22.264257,24.564259,25.964258,27.364258,26.664257,26.464258,27.364258,28.064259,29.464258,31.364258,30.364258,29.864258,29.764257,30.964258,31.064259,31.264257,31.864258,30.564259,29.264257,30.164257,28.564259,27.464258,25.364258,22.864258,23.064259,23.564259
22.364258,20.964258,19.964258,22.764257,23.064259,18.964258,18.364258,15.364258,15.364258,13.964258,14.464258,15.564258,17.564259,19.664257,20.464258,21.864258,22.364258,22.264257,21.964258,20.164257,20.864258,22.064259,22.364258,23.664257,22.864258,22.964258,22.764257,20.864258,21.064259,20.264257,20.064259,21.164257,22.964258,23.664257,24.364258,24.664257,26.764257,26.564259,25.964258,26.464258,28.464258,29.664257,28.964258,28.264257,26.064259,26.564259,27.664257,28.664257,29.564259,31.264257,31.864258,34.364258,33.464256,32.364258,32.364258,30.864258,30.564259,27.864258
23.964258,22.064259,20.564259,22.864258,23.964258,21.064259,21.064259,20.764257,19.364258,19.064259,18.864258,20.264257,22.264257,22.464258,24.564259,24.464258,25.164257,23.764257,21.864258,21.464258,21.764257,21.664257,23.564259,24.664257,23.364258,21.164257,19.964258,18.164257,17.364258,15.864258,18.664257,20.664257,21.364258,21.064259,22.064259,22.764257,23.764257,23.564259,23.664257,22.864258,23.964258,25.164257,25.564259,25.164257,24.364258,24.864258,25.964258,26.364258,27.264257,29.264257,30.464258,31.764257,33.26426,33.964256,33.76426,33.56426,33.664257,33.56426
21.164257,20.664257,20.864258,22.164257,23.764257,24.064259,24.364258,24.764257,24.064259,23.664257,23.764257,25.864258,26.164257,27.564259,27.164257,27.464258,26.364258,25.464258,24.164257,22.164257,20.464258,23.064259,23.564259,21.264257,18.064259,17.164257,14.964258,13.264257,12.364258,16.964258,18.264257,18.464258,17.264257,18.064259,17.864258,18.464258,18.664257,19.064259,19.164257,20.264257,18.064259,19.064259,20.264257,21.664257,22.664257,23.564259,24.564259,25.164257,26.064259,26.364258,27.364258,28.064259,28.564259,29.564259,30.164257,29.664257,29.564259,28.664257
20.564259,20.664257,20.164257,20.264257,22.064259,24.264257,26.364258,26.564259,27.864258,29.064259,30.864258,31.164257,30.364258,30.264257,28.464258,27.164257,25.164257,22.164257,20.564259,19.464258,21.564259,22.264257,19.664257,16.464258,13.764257,11.164258,11.964258,10.164258,15.164258,15.164258,14.864258,14.164258,13.464258,13.364258,14.664258,13.964258,12.964258,13.864258,15.164258,14.064258,14.464258,15.364258,16.564259,17.064259,18.164257,19.364258,20.164257,20.364258,21.264257,21.864258,23.764257,24.464258,24.964258,25.164257,25.164257,25.664257,24.764257,24.464258
20.964258,20.464258,19.664257,20.664257,21.564259,23.364258,24.764257,26.164257,28.964258,30.364258,29.164257,30.064259,27.864258,28.264257,27.564259,24.864258,22.264257,18.764257,18.664257,20.264257,20.664257,17.764257,14.464258,11.964258,9.264257,7.9642577,10.164258,11.564258,12.264257,9.864258,9.764257,10.264257,10.564258,9.964258,11.164258,9.964258,8.764257,8.964258,8.264257,10.664258,11.564258,11.464258,13.564258,14.464258,15.264257,15.964258,16.164257,17.164257,17.864258,18.064259,17.864258,18.864258,19.464258,19.364258,19.664257,18.864258,19.064259,18.864258
22.564259,21.164257,21.964258,21.964258,22.664257,24.164257,24.064259,24.664257,26.364258,26.064259,27.164257,26.764257,26.964258,24.464258,21.164257,16.664257,15.764257,17.664257,17.964258,17.464258,14.264257,12.064258,10.264257,6.864258,6.164258,8.964258,9.764257,8.864258,7.5642576,6.764258,6.164258,6.864258,7.664258,6.864258,5.0642576,2.6642578,2.6642578,4.4642577,3.9642577,5.4642577,7.0642576,8.264257,9.764257,10.464258,10.964258,12.464258,13.264257,13.764257,14.464258,14.664258,14.564258,13.764257,13.264257,13.764257,13.364258,13.264257,13.764257,14.264257
18.864258,20.364258,20.364258,20.364258,21.264257,21.264257,20.964258,21.964258,22.864258,23.164257,22.064259,21.764257,19.564259,17.664257,17.064259,14.464258,14.764257,15.464258,14.964258,11.464258,10.964258,8.164258,5.664258,3.8642578,6.864258,10.164258,5.4642577,6.0642576,4.0642576,4.5642576,4.5642576,4.0642576,3.264258,0.7642578,-0.23574218,-0.8357422,-1.7357422,1.8642578,1.3642578,1.8642578,3.264258,3.1642578,4.0642576,5.0642576,6.5642576,8.164258,9.364258,9.564258,10.364258,10.864258,10.664258,10.564258,9.864258,9.764257,9.864258,9.964258,11.164258,10.964258
13.864258,14.564258,15.364258,16.364258,15.964258,16.064259,17.364258,17.164257,17.264257,16.864258,16.364258,17.564259,17.464258,16.864258,16.664257,16.264257,14.664258,11.564258,8.364258,8.964258,6.264258,4.264258,1.8642578,5.4642577,8.564258,6.4642577,2.8642578,3.264258,3.1642578,2.8642578,2.6642578,0.6642578,-0.7357422,-2.5357423,-3.5357423,-2.8357422,-1.8357422,-2.0357423,-1.5357422,-0.53574216,-0.7357422,-1.1357422,-0.035742186,1.5642579,1.8642578,4.364258,5.0642576,5.4642577,5.864258,6.164258,6.364258,6.4642577,6.764258,6.864258,7.264258,7.4642577,7.4642577,8.264257
10.764257,11.664258,11.364258,11.964258,11.264257,13.264257,12.564258,12.764257,13.064258,15.064258,15.364258,16.464258,16.164257,15.564258,13.064258,11.964258,9.764257,6.664258,5.864258,6.864258,2.1642578,1.7642578,5.764258,5.364258,2.8642578,3.5642579,2.4642577,0.7642578,2.3642578,0.16425781,0.064257815,-0.53574216,-2.1357422,-3.8357422,-2.9357421,-2.3357422,-2.4357421,-0.53574216,-2.235742,-2.3357422,-3.3357422,-3.5357423,-3.6357422,-3.0357423,-1.9357421,-0.13574219,1.4642578,1.5642579,1.3642578,1.7642578,1.7642578,1.8642578,2.3642578,3.0642579,3.4642577,3.8642578,3.764258,4.364258
7.4642577,8.164258,8.364258,10.264257,9.464258,9.364258,9.564258,10.164258,12.564258,12.364258,12.164258,11.764257,11.364258,8.564258,7.4642577,7.264258,4.264258,2.8642578,2.6642578,-0.6357422,1.6642578,4.264258,5.5642576,1.3642578,-2.5357423,-0.035742186,-1.5357422,0.3642578,-0.4357422,-1.1357422,-1.8357422,-1.8357422,-3.0357423,-3.235742,-1.7357422,-1.1357422,-0.7357422,-0.9357422,-1.9357421,-1.8357422,-4.835742,-5.0357423,-5.335742,-4.0357423,-4.135742,-3.0357423,-2.3357422,-2.0357423,-1.2357422,-2.235742,-2.1357422,-2.4357421,-1.4357421,-0.7357422,0.96425784,1.3642578,1.4642578,1.6642578
5.364258,6.0642576,7.4642577,6.5642576,6.5642576,7.264258,7.864258,7.164258,7.664258,6.9642577,6.364258,6.4642577,6.364258,5.364258,4.5642576,3.6642578,2.3642578,1.9642578,1.7642578,0.4642578,1.8642578,2.8642578,0.26425782,-2.1357422,-3.9357421,-2.0357423,-2.8357422,-2.235742,-1.4357421,-3.1357422,-3.4357421,-3.8357422,-1.3357422,-0.9357422,-2.6357422,-3.0357423,-3.5357423,-2.3357422,-5.135742,-1.3357422,-2.0357423,-2.235742,-5.235742,-5.235742,-5.235742,-5.5357423,-4.9357424,-4.635742,-4.135742,-5.0357423,-3.8357422,-3.8357422,-1.7357422,-0.23574218,2.6642578,1.0642579,1.1642578,1.2642578
2.0642579,3.9642577,4.9642577,3.9642577,3.8642578,3.8642578,2.8642578,2.8642578,3.3642578,2.764258,2.4642577,4.164258,2.8642578,1.7642578,1.9642578,3.264258,2.764258,1.1642578,1.8642578,1.8642578,1.2642578,-1.3357422,-0.53574216,0.16425781,-2.735742,-2.235742,-2.5357423,-4.335742,-4.235742,-4.835742,-5.4357424,-3.3357422,-2.735742,-3.8357422,-4.4357424,-5.0357423,-3.735742,-2.0357423,-2.3357422,-2.3357422,-1.2357422,-3.5357423,-5.5357423,-5.235742,-5.335742,-7.335742,-7.5357423,-5.9357424,-4.635742,-3.9357421,-2.6357422,-2.9357421,0.96425784,1.6642578,0.8642578,2.5642579,2.5642579,3.764258
1.6642578,1.0642579,-0.23574218,0.8642578,0.7642578,0.16425781,0.3642578,-0.33574218,0.4642578,0.5642578,0.96425784,1.4642578,2.9642577,2.764258,4.764258,5.764258,5.9642577,4.764258,4.264258,-2.235742,-1.7357422,-1.3357422,-1.1357422,-0.4357422,-1.1357422,-5.135742,-5.835742,-6.235742,-5.9357424,-6.335742,-5.0357423,-3.735742,-5.235742,-6.0357423,-5.735742,-5.135742,-3.9357421,-4.135742,-4.835742,-3.0357423,-2.8357422,-4.235742,-4.835742,-6.4357424,-6.235742,-5.835742,-6.0357423,-4.835742,-5.235742,-2.735742,-1.5357422,-0.23574218,0.26425782,-0.7357422,-0.9357422,0.3642578,0.5642578,1.3642578
-1.1357422,-2.6357422,-3.8357422,-3.1357422,-2.3357422,-2.8357422,-0.6357422,2.3642578,0.6642578,0.96425784,0.8642578,-0.53574216,0.4642578,0.26425782,-0.23574218,-1.7357422,-1.1357422,-1.2357422,-1.8357422,-3.235742,-2.235742,-1.9357421,-2.0357423,-3.4357421,-3.4357421,-5.635742,-9.335742,-7.235742,-5.835742,-7.235742,-7.735742,-8.735743,-7.235742,-6.335742,-5.0357423,-5.835742,-4.835742,-6.0357423,-6.235742,-5.835742,-8.335742,-7.235742,-7.9357424,-8.635742,-8.235743,-8.135742,-7.5357423,-6.235742,-5.4357424,-5.635742,-5.9357424,-5.235742,-4.5357423,-4.235742,-4.135742,-5.0357423,-4.835742,-3.5357423
-3.8357422,-4.835742,-3.5357423,-3.4357421,-3.735742,0.064257815,-0.8357422,-1.9357421,-0.4357422,0.16425781,-0.23574218,-2.1357422,-1.7357422,-2.235742,-3.0357423,-5.335742,-5.0357423,-4.735742,-1.6357422,-2.1357422,-1.8357422,0.3642578,-1.9357421,-2.6357422,-2.3357422,-4.735742,-5.9357424,-6.135742,-5.135742,-5.135742,-6.835742,-11.835742,-13.335742,-7.5357423,-6.335742,-2.4357421,-3.6357422,-6.0357423,-8.835742,-8.835742,-10.635742,-11.635742,-11.335742,-11.735743,-11.835742,-13.235743,-11.535742,-10.635742,-11.035742,-11.235743,-10.435742,-7.5357423,-6.735742,-7.735742,-7.9357424,-9.035742,-9.535742,-7.735742
-3.8357422,-5.835742,-4.735742,-5.735742,-4.5357423,-3.5357423,-2.3357422,-2.3357422,-2.9357421,-1.9357421,-0.8357422,-1.9357421,-1.9357421,-3.3357422,-3.0357423,-2.735742,-1.9357421,-1.0357422,-0.33574218,-0.9357422,-1.3357422,-1.1357422,-3.8357422,-0.9357422,-2.9357421,-4.135742,-3.1357422,-5.635742,-4.235742,-5.0357423,-5.635742,-5.835742,-8.235743,-9.535742,-1.8357422,0.3642578,-1.9357421,-7.135742,-10.035742,-11.035742,-13.235743,-13.335742,-13.435742,-14.035742,-15.435742,-15.635742,-15.335742,-15.835742,-13.935742,-12.735743,-11.535742,-11.535742,-10.735743,-11.435742,-11.235743,-11.035742,-10.935742,-10.735743
