views/data/weather/2019/10/01/0000-wind-isobaric-10hPa-gfs-1.0.json
{"header": { "discipline":0, "disciplineName":"Meteorological products", "gribEdition":2, "gribLength":43906, "center":7, "centerName":"US National Weather Service - NCEP(WMC)", "subcenter":0, "refTime":"2019-10-01T00:00:00.000Z", "significanceOfRT":1, "significanceOfRTName":"Start of forecast", "productStatus":0, "productStatusName":"Operational products", "productType":1, "productTypeName":"Forecast products", "productDefinitionTemplate":0, "productDefinitionTemplateName":"Analysis/forecast at horizontal level/layer at a point in time", "parameterCategory":2, "parameterCategoryName":"Momentum", "parameterNumber":2, "parameterNumberName":"U-component_of_wind", "parameterUnit":"m.s-1", "genProcessType":2, "genProcessTypeName":"Forecast", "forecastTime":0, "surface1Type":100, "surface1TypeName":"Isobaric surface", "surface1Value":1000.0, "surface2Type":255, "surface2TypeName":"Missing", "surface2Value":0.0, "gridDefinitionTemplate":0, "gridDefinitionTemplateName":"Latitude_Longitude", "numberPoints":65160, "shape":6, "shapeName":"Earth spherical with radius of 6,371,229.0 m", "gridUnits":"degrees", "resolution":48, "winds":"true", "scanMode":0, "nx":360, "ny":181, "basicAngle":0, "lo1":0.0, "la1":90.0, "lo2":359.0, "la2":-90.0, "dx":1.0, "dy":1.0 }, "data":
[rows 75 to 99 of 181, columns 285 to 341 of 360]
-40.985706,-41.685707,-41.485706,-41.885704,-42.885704,-42.085705,-43.385704,-43.285706,-40.385704,-40.885704,-40.185707,-40.185707,-40.785706,-41.485706,-42.485706,-42.085705,-41.085705,-40.585705,-41.285706,-41.685707,-41.285706,-41.085705,-43.385704,-44.485706,-44.385704,-43.485706,-42.785706,-42.185707,-41.485706,-40.785706,-38.985706,-37.885704,-37.985706,-38.185707,-37.885704,-38.285706,-38.285706,-39.285706,-39.885704,-41.485706,-41.585705,-41.085705,-39.985706,-40.385704,-39.885704,-39.085705,-37.385704,-36.685707,-36.585705,-36.385704,-37.885704,-38.085705,-37.985706,-37.885704,-38.285706,-37.885704,-36.485706
-41.385704,-41.185707,-41.185707,-42.285706,-43.985706,-44.285706,-43.385704,-41.285706,-40.185707,-41.685707,-42.285706,-40.885704,-40.385704,-40.385704,-41.885704,-42.285706,-41.285706,-40.885704,-42.185707,-42.285706,-41.985706,-41.985706,-42.685707,-44.685707,-44.085705,-43.085705,-43.285706,-43.085705,-42.485706,-41.485706,-39.985706,-38.285706,-37.485706,-37.685707,-38.085705,-38.785706,-39.485706,-39.685707,-40.185707,-41.485706,-42.585705,-42.585705,-41.485706,-41.385704,-40.385704,-38.785706,-38.985706,-36.885704,-37.685707,-38.085705,-38.085705,-38.285706,-38.385704,-37.785706,-38.685707,-37.285706,-37.085705
-40.985706,-40.985706,-40.285706,-41.685707,-44.085705,-44.685707,-43.285706,-40.585705,-41.085705,-40.485706,-42.185707,-42.085705,-41.185707,-40.685707,-39.885704,-41.385704,-40.885704,-41.785706,-42.885704,-42.585705,-42.385704,-41.785706,-42.485706,-43.685707,-43.385704,-42.385704,-42.485706,-42.585705,-42.585705,-41.485706,-39.785706,-38.385704,-37.585705,-38.385704,-38.785706,-38.985706,-39.885704,-40.085705,-40.785706,-40.885704,-42.185707,-43.185707,-42.685707,-41.985706,-40.985706,-39.585705,-39.085705,-38.685707,-39.585705,-39.085705,-38.085705,-38.485706,-38.685707,-37.385704,-37.685707,-36.685707,-38.085705
-41.185707,-41.185707,-39.785706,-39.985706,-42.285706,-44.085705,-41.385704,-41.185707,-40.085705,-40.685707,-40.785706,-42.285706,-41.785706,-40.985706,-40.585705,-40.585705,-40.285706,-42.285706,-42.685707,-43.685707,-43.385704,-41.885704,-41.485706,-42.685707,-41.985706,-41.285706,-40.685707,-41.285706,-41.585705,-40.885704,-39.785706,-38.385704,-38.285706,-38.185707,-38.885704,-40.085705,-40.285706,-40.985706,-41.385704,-41.585705,-41.885704,-42.085705,-41.985706,-40.885704,-41.085705,-39.585705,-40.385704,-40.185707,-39.685707,-40.285706,-38.485706,-38.385704,-38.285706,-37.685707,-36.985706,-37.185707,-36.685707
-39.985706,-41.085705,-40.485706,-40.085705,-40.985706,-41.585705,-40.785706,-41.485706,-40.385704,-42.085705,-42.185707,-41.485706,-41.885704,-41.285706,-40.185707,-39.885704,-40.485706,-41.485706,-43.485706,-43.685707,-43.085705,-42.785706,-42.285706,-42.485706,-42.385704,-40.185707,-39.585705,-40.585705,-40.785706,-39.885704,-39.985706,-38.785706,-37.885704,-37.785706,-38.685707,-39.485706,-40.485706,-41.385704,-41.785706,-41.885704,-42.085705,-42.285706,-41.385704,-40.385704,-39.785706,-40.385704,-40.885704,-40.785706,-40.285706,-40.185707,-38.985706,-38.385704,-37.685707,-38.185707,-38.085705,-36.585705,-35.585705
-38.385704,-39.885704,-40.585705,-40.285706,-39.085705,-38.985706,-39.585705,-40.385704,-40.585705,-40.585705,-41.985706,-41.385704,-40.085705,-39.685707,-40.785706,-40.485706,-39.885704,-40.985706,-41.485706,-40.385704,-40.785706,-41.485706,-42.085705,-42.285706,-41.285706,-39.385704,-39.585705,-39.385704,-39.185707,-38.585705,-38.485706,-37.385704,-36.885704,-36.685707,-37.385704,-37.785706,-39.785706,-40.985706,-41.385704,-42.785706,-42.985706,-41.385704,-41.185707,-40.285706,-40.385704,-40.285706,-41.085705,-41.085705,-40.285706,-39.885704,-39.285706,-37.785706,-38.085705,-37.785706,-38.685707,-37.485706,-35.685707
-37.685707,-37.685707,-39.285706,-39.885704,-39.585705,-40.185707,-38.885704,-38.885704,-39.185707,-40.085705,-40.085705,-40.685707,-40.185707,-39.885704,-39.385704,-40.585705,-38.485706,-39.485706,-40.485706,-39.885704,-39.585705,-39.285706,-39.985706,-40.585705,-39.885704,-39.585705,-39.785706,-38.685707,-37.385704,-36.585705,-36.585705,-37.185707,-36.985706,-36.385704,-35.585705,-35.585705,-38.885704,-40.785706,-41.385704,-41.485706,-41.585705,-40.885704,-40.285706,-40.985706,-41.385704,-40.585705,-41.085705,-41.785706,-41.185707,-40.185707,-38.685707,-38.385704,-37.285706,-37.885704,-36.085705,-36.585705,-35.985706
-35.985706,-36.385704,-36.785706,-38.085705,-38.785706,-38.085705,-37.685707,-37.585705,-38.185707,-39.085705,-39.685707,-39.585705,-38.085705,-38.485706,-38.885704,-38.085705,-37.885704,-38.585705,-39.185707,-40.385704,-40.185707,-40.185707,-40.185707,-39.085705,-38.685707,-39.985706,-39.685707,-38.185707,-37.185707,-35.685707,-35.185707,-35.285706,-36.085705,-36.385704,-35.885704,-34.585705,-36.285706,-39.485706,-40.585705,-40.085705,-39.885704,-40.185707,-40.885704,-41.085705,-40.785706,-41.885704,-42.585705,-41.785706,-41.285706,-40.185707,-40.085705,-38.585705,-38.285706,-37.585705,-35.685707,-35.285706,-34.685707
-35.285706,-34.785706,-36.185707,-37.485706,-37.685707,-37.385704,-36.685707,-35.885704,-36.485706,-38.385704,-38.385704,-38.085705,-37.085705,-37.185707,-37.785706,-37.485706,-37.285706,-37.685707,-37.985706,-39.385704,-40.585705,-40.285706,-40.085705,-39.485706,-38.385704,-39.285706,-39.685707,-38.385704,-37.285706,-35.585705,-35.185707,-34.885704,-35.185707,-35.985706,-34.885704,-34.585705,-35.085705,-35.785706,-37.185707,-38.285706,-38.585705,-38.485706,-39.785706,-40.485706,-40.285706,-40.685707,-41.585705,-41.685707,-41.285706,-40.485706,-40.385704,-38.285706,-38.285706,-35.985706,-35.785706,-34.285706,-34.885704
-34.885704,-35.485706,-35.685707,-37.885704,-37.085705,-36.885704,-36.085705,-35.785706,-35.685707,-35.885704,-36.885704,-36.085705,-36.385704,-36.885704,-37.985706,-36.885704,-36.185707,-36.585705,-37.985706,-38.985706,-39.085705,-38.685707,-38.885704,-38.585705,-38.385704,-39.485706,-39.585705,-38.785706,-37.385704,-35.685707,-34.985706,-33.985706,-34.885704,-34.285706,-33.285706,-34.185707,-35.085705,-35.285706,-35.485706,-36.385704,-37.085705,-36.785706,-36.885704,-39.285706,-39.585705,-39.585705,-40.285706,-40.585705,-40.585705,-40.685707,-39.785706,-39.685707,-37.685707,-36.485706,-34.185707,-34.185707,-33.485706
-32.785706,-33.985706,-34.785706,-36.285706,-36.185707,-36.585705,-35.485706,-35.485706,-35.385704,-35.985706,-35.685707,-34.785706,-35.185707,-35.985706,-36.185707,-34.685707,-34.385704,-35.685707,-36.885704,-37.885704,-37.385704,-37.185707,-37.785706,-38.385704,-39.385704,-38.385704,-37.985706,-38.585705,-37.685707,-36.285706,-34.985706,-34.985706,-34.185707,-34.185707,-32.685707,-33.385704,-34.485706,-34.785706,-35.685707,-36.185707,-36.585705,-36.985706,-36.785706,-37.185707,-38.185707,-38.885704,-39.085705,-39.385704,-39.885704,-39.785706,-40.085705,-38.785706,-37.585705,-36.185707,-34.285706,-33.985706,-33.185707
-31.485706,-31.385706,-34.085705,-34.485706,-34.585705,-35.385704,-35.785706,-34.785706,-35.885704,-36.685707,-36.485706,-35.385704,-34.985706,-35.585705,-35.285706,-33.485706,-33.185707,-33.385704,-34.885704,-35.885704,-35.585705,-35.385704,-36.085705,-37.185707,-37.785706,-37.685707,-37.085705,-37.285706,-35.785706,-35.185707,-34.885704,-33.685707,-34.385704,-34.685707,-34.485706,-33.585705,-34.885704,-34.685707,-35.185707,-36.085705,-36.085705,-35.485706,-36.085705,-35.885704,-35.685707,-36.685707,-37.685707,-37.985706,-37.285706,-37.585705,-38.285706,-38.885704,-37.385704,-35.285706,-35.185707,-35.185707,-33.785706
-29.685705,-30.685705,-30.785706,-31.585705,-33.085705,-33.985706,-35.285706,-35.385704,-35.385704,-36.485706,-36.985706,-36.585705,-34.985706,-34.785706,-34.285706,-32.885704,-32.485706,-33.185707,-34.185707,-34.585705,-34.285706,-33.785706,-34.485706,-34.885704,-35.285706,-35.785706,-36.085705,-36.785706,-36.385704,-34.685707,-33.785706,-33.685707,-32.885704,-33.185707,-33.885704,-34.885704,-34.585705,-35.585705,-35.185707,-35.185707,-34.985706,-35.085705,-35.285706,-35.485706,-34.785706,-35.985706,-35.485706,-34.685707,-36.485706,-36.685707,-36.585705,-37.785706,-37.285706,-35.785706,-34.885704,-34.985706,-33.485706
-29.185705,-29.485706,-30.085705,-30.885706,-31.985706,-32.585705,-33.885704,-34.385704,-34.985706,-35.985706,-35.985706,-35.285706,-33.285706,-32.085705,-31.885706,-32.385704,-33.485706,-33.185707,-34.085705,-33.785706,-33.085705,-32.385704,-32.685707,-33.285706,-33.485706,-32.885704,-32.985706,-32.885704,-34.985706,-34.585705,-34.285706,-33.685707,-33.285706,-32.885704,-32.285706,-32.585705,-34.785706,-34.885704,-35.585705,-36.085705,-35.785706,-35.285706,-34.385704,-34.485706,-34.185707,-34.885704,-34.285706,-33.985706,-33.085705,-32.485706,-33.585705,-35.485706,-37.085705,-35.585705,-34.085705,-33.285706,-33.485706
-28.385706,-28.385706,-30.085705,-28.685705,-29.985706,-31.385706,-31.085705,-31.385706,-32.485706,-33.785706,-34.085705,-32.185707,-30.985706,-29.985706,-28.685705,-29.585705,-30.685705,-31.385706,-31.885706,-31.885706,-31.085705,-31.285706,-32.085705,-31.985706,-32.085705,-31.985706,-31.185705,-30.485706,-30.485706,-31.985706,-33.285706,-33.185707,-32.585705,-32.285706,-31.585705,-30.985706,-31.485706,-33.285706,-34.185707,-35.785706,-35.985706,-35.185707,-34.285706,-33.685707,-33.185707,-33.585705,-33.585705,-33.985706,-33.185707,-31.285706,-31.585705,-32.285706,-34.185707,-34.985706,-33.885704,-32.585705,-32.585705
-27.885706,-27.285706,-28.085705,-28.185705,-28.885706,-28.885706,-28.985706,-28.585705,-28.485706,-30.985706,-30.685705,-30.485706,-28.985706,-29.685705,-27.985706,-26.985706,-28.285706,-30.385706,-30.085705,-29.685705,-28.685705,-27.785706,-28.785706,-29.285706,-30.285706,-30.185705,-30.185705,-29.085705,-29.685705,-29.285706,-29.785706,-30.085705,-30.685705,-30.885706,-30.885706,-29.485706,-28.885706,-31.085705,-31.985706,-32.685707,-33.385704,-33.485706,-32.985706,-33.785706,-33.185707,-32.385704,-32.885704,-32.785706,-33.085705,-32.385704,-31.985706,-32.585705,-33.485706,-34.985706,-33.685707,-32.185707,-31.485706
-25.385706,-25.685705,-26.585705,-26.485706,-26.085705,-26.785706,-26.285706,-26.585705,-26.285706,-27.685705,-28.385706,-28.185705,-27.985706,-27.285706,-26.585705,-27.085705,-26.485706,-26.485706,-27.785706,-27.985706,-27.085705,-27.085705,-26.285706,-25.485706,-26.085705,-27.485706,-27.285706,-27.785706,-27.485706,-27.985706,-27.785706,-28.485706,-29.185705,-29.585705,-29.385706,-29.385706,-28.185705,-28.385706,-29.585705,-30.385706,-29.585705,-29.985706,-29.885706,-31.885706,-32.785706,-31.985706,-31.685705,-31.585705,-32.085705,-31.485706,-30.785706,-30.485706,-31.585705,-32.985706,-31.885706,-29.285706,-29.785706
-21.985706,-22.485706,-24.785706,-24.785706,-23.785706,-25.285706,-25.185705,-25.885706,-25.485706,-26.685705,-26.985706,-26.785706,-27.085705,-25.185705,-25.885706,-25.785706,-23.685705,-23.585705,-24.485706,-25.785706,-24.885706,-24.285706,-24.285706,-23.985706,-24.785706,-24.885706,-25.185705,-24.485706,-23.785706,-25.385706,-26.385706,-25.985706,-26.985706,-27.985706,-27.285706,-27.285706,-27.685705,-27.585705,-27.685705,-28.185705,-28.085705,-27.985706,-27.785706,-28.985706,-29.785706,-30.485706,-29.985706,-29.885706,-29.785706,-30.285706,-29.985706,-29.885706,-29.685705,-31.185705,-31.685705,-30.085705,-29.385706
-21.385706,-20.785706,-21.585705,-21.785706,-22.985706,-22.985706,-24.485706,-24.885706,-25.985706,-27.085705,-27.085705,-25.985706,-24.585705,-23.285706,-22.785706,-22.285706,-20.885706,-21.585705,-22.485706,-23.885706,-22.085705,-22.385706,-23.985706,-23.985706,-24.985706,-26.085705,-24.685705,-24.985706,-23.785706,-24.185705,-25.385706,-25.385706,-25.785706,-26.985706,-26.385706,-25.985706,-26.885706,-26.385706,-26.185705,-25.385706,-26.185705,-26.885706,-26.885706,-27.985706,-28.285706,-27.885706,-28.685705,-29.485706,-29.385706,-27.585705,-27.685705,-28.185705,-29.085705,-29.885706,-30.885706,-30.085705,-28.885706
-20.985706,-20.185705,-21.085705,-22.085705,-21.885706,-23.485706,-24.085705,-24.885706,-24.385706,-27.485706,-25.185705,-26.685705,-23.785706,-22.285706,-22.685705,-21.385706,-20.385706,-20.485706,-21.985706,-21.685705,-20.385706,-19.585705,-21.685705,-23.085705,-23.885706,-25.285706,-24.685705,-24.385706,-23.685705,-23.985706,-25.285706,-26.085705,-25.685705,-25.385706,-26.685705,-26.385706,-25.685705,-25.485706,-24.785706,-23.685705,-24.685705,-25.685705,-25.485706,-26.185705,-26.985706,-27.785706,-26.985706,-27.585705,-28.485706,-26.885706,-26.485706,-27.285706,-27.985706,-28.685705,-29.085705,-29.285706,-28.085705
-20.285706,-18.885706,-21.585705,-21.885706,-21.885706,-22.785706,-21.985706,-23.885706,-23.785706,-26.785706,-24.985706,-24.585705,-22.285706,-22.585705,-21.785706,-20.585705,-19.185705,-20.385706,-21.385706,-20.585705,-19.385706,-20.785706,-21.385706,-20.885706,-22.285706,-22.985706,-24.485706,-23.785706,-23.485706,-23.785706,-23.385706,-23.885706,-25.585705,-24.785706,-24.485706,-25.385706,-24.985706,-24.885706,-23.585705,-23.585705,-23.785706,-24.285706,-25.385706,-25.685705,-26.185705,-26.885706,-25.885706,-25.185705,-26.385706,-26.985706,-26.885706,-27.185705,-27.685705,-27.885706,-27.585705,-28.185705,-26.385706
-19.485706,-17.985706,-20.385706,-21.585705,-22.985706,-23.185705,-22.085705,-22.685705,-22.385706,-24.985706,-23.585705,-23.485706,-20.685705,-21.285706,-20.085705,-18.685705,-18.885706,-18.985706,-19.485706,-17.985706,-18.885706,-21.685705,-21.085705,-19.685705,-20.885706,-22.185705,-23.185705,-23.285706,-23.085705,-22.185705,-23.485706,-23.085705,-23.685705,-23.785706,-23.285706,-24.985706,-25.585705,-26.485706,-25.185705,-24.785706,-24.285706,-24.585705,-24.885706,-25.885706,-25.685705,-25.985706,-25.485706,-24.585705,-24.985706,-25.685705,-26.785706,-26.885706,-26.485706,-26.185705,-26.585705,-26.585705,-26.885706
-18.785706,-18.885706,-19.785706,-20.785706,-23.485706,-23.485706,-22.685705,-21.585705,-21.385706,-22.885706,-22.785706,-21.885706,-19.885706,-19.485706,-18.485706,-18.085705,-18.385706,-17.785706,-17.385706,-17.085705,-19.485706,-20.285706,-20.685705,-19.385706,-21.185705,-21.885706,-22.485706,-22.485706,-21.985706,-22.085705,-22.085705,-22.385706,-22.485706,-22.085705,-22.185705,-22.585705,-24.485706,-25.085705,-24.885706,-25.285706,-24.885706,-23.985706,-23.885706,-24.485706,-24.385706,-25.385706,-24.385706,-23.685705,-23.785706,-25.185705,-25.985706,-26.085705,-25.085705,-25.085705,-25.485706,-26.085705,-25.785706
-19.085705,-19.385706,-20.785706,-21.585705,-22.585705,-21.985706,-22.185705,-21.585705,-22.285706,-21.485706,-21.485706,-19.685705,-18.385706,-17.685705,-16.385706,-17.385706,-16.785706,-17.485706,-16.085705,-16.285706,-18.285706,-19.085705,-18.885706,-19.185705,-21.585705,-23.085705,-22.985706,-21.785706,-20.785706,-20.585705,-19.085705,-19.285706,-19.885706,-21.085705,-20.785706,-21.785706,-22.185705,-22.985706,-23.385706,-23.185705,-21.685705,-21.285706,-21.285706,-22.785706,-23.285706,-23.785706,-23.385706,-22.885706,-23.085705,-23.485706,-23.685705,-23.785706,-24.485706,-24.585705,-24.485706,-24.785706,-25.385706
-19.885706,-20.285706,-20.985706,-18.985706,-21.585705,-19.385706,-22.385706,-20.885706,-22.285706,-20.985706,-19.685705,-20.285706,-16.585705,-15.785706,-16.585705,-15.485705,-17.085705,-17.785706,-16.485706,-16.685705,-18.085705,-17.185705,-16.885706,-18.885706,-20.485706,-21.685705,-21.385706,-21.885706,-19.985706,-18.585705,-18.185705,-18.785706,-18.685705,-19.685705,-19.585705,-21.685705,-22.785706,-23.285706,-23.585705,-23.585705,-22.385706,-21.885706,-21.585705,-22.085705,-23.485706,-23.085705,-22.785706,-21.785706,-23.085705,-23.685705,-23.785706,-23.285706,-23.485706,-23.885706,-24.385706,-24.185705,-24.385706
