views/data/weather/2019/09/30/0000-wind-isobaric-700hPa-gfs-1.0.json
{"header": { "discipline":0, "disciplineName":"Meteorological products", "gribEdition":2, "gribLength":77693, "center":7, "centerName":"US National Weather Service - NCEP(WMC)", "subcenter":0, "refTime":"2019-09-30T00:00:00.000Z", "significanceOfRT":1, "significanceOfRTName":"Start of forecast", "productStatus":0, "productStatusName":"Operational products", "productType":1, "productTypeName":"Forecast products", "productDefinitionTemplate":0, "productDefinitionTemplateName":"Analysis/forecast at horizontal level/layer at a point in time", "parameterCategory":2, "parameterCategoryName":"Momentum", "parameterNumber":2, "parameterNumberName":"U-component_of_wind", "parameterUnit":"m.s-1", "genProcessType":2, "genProcessTypeName":"Forecast", "forecastTime":0, "surface1Type":100, "surface1TypeName":"Isobaric surface", "surface1Value":70000.0, "surface2Type":255, "surface2TypeName":"Missing", "surface2Value":0.0, "gridDefinitionTemplate":0, "gridDefinitionTemplateName":"Latitude_Longitude", "numberPoints":65160, "shape":6, "shapeName":"Earth spherical with radius of 6,371,229.0 m", "gridUnits":"degrees", "resolution":48, "winds":"true", "scanMode":0, "nx":360, "ny":181, "basicAngle":0, "lo1":0.0, "la1":90.0, "lo2":359.0, "la2":-90.0, "dx":1.0, "dy":1.0 }, "data":
[rows 26 to 51 of 181, columns 232 to 289 of 360]
13.241494,10.1714945,7.731494,7.3714943,6.941494,6.491494,5.731494,5.591494,6.071494,6.521494,6.3714943,6.0614944,6.701494,6.771494,7.401494,8.301495,9.061494,9.591495,9.681494,8.591495,9.221494,9.341495,8.481494,7.881494,8.201494,7.8314943,8.251494,7.671494,8.041494,7.671494,7.261494,6.6014943,6.431494,5.881494,3.4214942,2.561494,1.9014941,0.57149416,0.41149414,0.90149415,4.0814943,2.561494,-0.72850585,-0.85850585,-0.99850583,-0.98850584,-1.1085058,-1.1285058,-1.8285059,-2.2085059,-2.118506,-3.368506,-4.618506,-5.258506,-5.998506,-5.758506,-3.7785058,-2.8285058
13.621494,13.891494,10.091495,8.081494,7.021494,6.011494,5.531494,5.681494,6.011494,6.841494,6.961494,7.091494,7.841494,7.441494,7.771494,8.981494,9.241494,10.4214945,10.661494,10.281494,10.201494,9.241494,8.781494,8.371494,7.9114943,7.421494,7.6614943,8.411494,8.141494,7.781494,7.521494,7.7914944,7.741494,7.341494,4.781494,4.5614944,3.5214942,4.5614944,5.1414943,5.6014943,6.1414943,6.751494,9.121494,9.1314945,6.701494,6.441494,5.681494,5.1014943,4.771494,4.3714943,3.2714942,2.0314941,3.081494,4.781494,5.111494,2.651494,1.9014941,0.47149414
9.471494,9.811494,8.911494,6.671494,6.4114943,6.471494,6.971494,7.5614944,7.5414944,7.941494,8.201494,8.061494,9.451494,10.031494,10.471494,10.791494,10.541494,10.781494,10.621494,10.211494,9.1714945,8.6314945,7.6214943,7.461494,6.611494,6.941494,7.7914944,7.6614943,7.861494,7.591494,7.9114943,7.8714943,8.061494,8.1714945,7.421494,8.181494,7.5814943,6.6214943,6.321494,7.181494,6.861494,6.931494,7.511494,9.561494,10.821494,10.311494,9.551495,9.281494,8.821494,8.551495,10.071494,11.781494,10.971494,10.831494,10.411494,7.6214943,6.631494,5.8314943
11.581494,8.711494,6.671494,7.301494,6.8114944,7.5414944,8.041494,8.6314945,9.211494,9.3814945,10.451494,11.651494,10.661494,10.611494,9.401494,8.361494,8.651494,9.141494,9.141494,8.341495,8.031494,7.201494,5.711494,5.731494,6.1014943,6.191494,6.551494,7.281494,7.751494,8.001494,8.311494,8.361494,8.591495,8.8814945,9.321494,9.651494,10.301495,10.241494,9.961494,9.401494,9.211494,9.981494,10.8814945,11.091495,11.141494,11.851494,12.451494,12.601494,12.481494,12.401494,11.941494,10.991494,11.231494,10.821494,10.321494,10.871494,9.891494,8.501494
6.901494,6.721494,8.041494,8.681494,7.231494,8.1314945,8.991494,9.441494,8.771494,9.781494,9.591495,8.181494,7.881494,8.361494,7.781494,6.3114944,7.051494,6.981494,6.8314943,6.501494,6.0614944,5.691494,5.091494,5.031494,5.051494,5.771494,6.781494,7.281494,8.151494,9.201494,9.651494,9.9214945,10.471494,11.311494,12.251494,13.061494,13.181494,13.111494,12.691494,12.371494,11.931494,11.581494,10.781494,10.911494,11.541494,12.021494,12.341495,12.351494,11.871494,10.941494,10.601494,11.581494,11.781494,10.761494,9.821494,9.991494,9.551495,9.711494
3.7614942,4.821494,4.951494,6.1014943,6.841494,7.0414944,7.701494,7.721494,7.901494,7.481494,6.521494,5.821494,4.7914944,4.6614943,4.741494,4.8514943,4.781494,4.401494,4.1014943,4.451494,4.731494,4.6014943,4.761494,4.991494,5.3314943,5.751494,6.111494,6.741494,7.801494,8.771494,9.821494,10.961494,11.451494,12.311494,13.391494,13.611494,13.681494,13.551495,13.431494,13.911494,14.271494,14.041494,13.541494,12.551495,11.941494,11.751494,11.791494,11.211494,10.771494,10.541494,10.341495,10.011494,10.071494,9.321494,9.141494,9.341495,9.761494,9.831494
2.4414942,1.7114941,3.2414942,2.9814942,3.371494,3.5014942,3.9114943,3.561494,3.0014942,2.311494,1.3514942,0.79149413,0.7314941,0.5614941,0.43149415,0.63149416,0.45149413,0.76149416,1.4114941,1.9714942,2.621494,3.4514942,3.8014941,4.591494,5.421494,5.781494,6.571494,6.861494,7.381494,7.901494,8.771494,9.711494,10.991494,12.521494,13.701494,14.041494,14.431494,14.511494,14.591495,14.6314945,14.931494,15.871494,15.951494,15.181494,15.071494,14.641494,14.051495,12.591495,11.901494,11.401494,10.791494,11.1314945,11.061494,9.831494,9.181494,8.861494,7.771494,8.011494
-0.01850586,1.1414942,2.5014942,3.081494,4.0614944,2.0314941,1.0614941,0.45149413,-0.52850586,-1.1185058,-2.0285058,-1.8785058,-1.6285058,-2.128506,-2.5885057,-2.658506,-2.7485058,-2.628506,-2.098506,-1.5385059,-0.8885059,0.24149413,1.1614941,2.2214942,3.2414942,4.1614943,5.221494,5.7914944,6.431494,6.521494,6.941494,8.1314945,8.991494,9.551495,10.6314945,11.611494,12.511494,13.571494,14.1714945,14.441494,14.601494,15.291494,15.951494,15.991494,15.6714945,15.871494,16.441494,16.441494,15.841495,15.551495,14.641494,14.121494,14.271494,12.141494,10.331494,8.9214945,8.781494,9.241494
-1.7885059,-0.71850586,-0.36850587,-0.79850584,-1.1785059,-2.188506,-2.5485058,-2.668506,-2.0385058,-1.5985059,-1.1285058,-1.3085059,-1.1885059,-1.4185059,-1.7985059,-2.0485058,-2.408506,-2.8285058,-2.9585059,-2.9985058,-2.888506,-2.7385058,-2.2485058,-1.5385059,-0.58850586,0.54149413,1.7614942,3.311494,5.1014943,6.3914943,7.521494,8.451494,9.281494,9.991494,10.681494,11.001494,11.491494,12.541494,13.751494,14.821494,15.121494,15.651494,15.741494,15.801495,15.841495,16.301495,16.591494,16.511494,16.541494,16.181494,16.111494,16.881495,16.821495,15.841495,15.121494,14.571494,13.101494,12.481494
-3.7485058,-4.5885057,-3.608506,-4.8785057,-5.558506,-6.3785057,-5.488506,-7.9385056,-6.548506,-6.028506,-5.318506,-4.508506,-3.598506,-3.0585058,-2.9685059,-2.7085059,-2.6985059,-2.4985058,-2.648506,-2.5585058,-1.9685059,-1.4785058,-1.1385058,-1.1385058,-0.46850586,-0.06850586,0.49149415,1.0714941,1.4314941,2.081494,3.1714942,4.441494,5.8514943,7.1214943,8.431494,9.521494,10.331494,11.371494,12.261494,13.521494,14.401494,15.111494,16.041494,17.131495,17.741493,17.901495,17.711494,17.581493,17.441494,16.461494,16.531494,16.101494,15.741494,15.611494,15.311494,14.341495,13.611494,13.321494
-10.098506,-7.6085057,-6.978506,-8.228506,-8.978506,-6.268506,-3.9485059,-4.868506,-8.158505,-8.488506,-6.678506,-5.028506,-3.9985058,-4.568506,-4.778506,-5.448506,-5.998506,-6.1485057,-6.6685057,-6.248506,-6.4585056,-6.3985057,-5.998506,-5.6085057,-4.778506,-3.5285058,-2.398506,-1.2785058,0.24149413,1.6914941,3.111494,4.551494,6.1214943,7.381494,9.001494,10.441494,11.741494,12.991494,14.111494,15.361494,16.451494,17.141495,17.611494,18.011494,18.311495,17.991493,17.841494,17.281494,16.521494,16.641495,16.401495,15.571494,14.9214945,14.891494,14.941494,14.1714945,13.4214945,13.471494
-9.908505,-8.5785055,-9.778506,-8.398506,-7.388506,-1.1185058,0.7314941,-0.18850586,-1.2785058,-1.8585058,-5.078506,-6.598506,-5.1285057,-5.118506,-6.758506,-7.8585057,-9.108506,-10.008506,-10.628506,-11.238506,-10.478506,-10.398506,-10.058506,-9.3285055,-8.728506,-8.058506,-7.768506,-5.948506,-5.998506,-5.6685057,-4.2085056,-2.598506,-1.2785058,-0.08850586,1.5114942,3.6714942,5.481494,7.071494,8.721494,10.751494,12.901494,14.491494,15.941494,17.391495,18.391495,19.341494,19.641495,19.281494,18.261494,17.791494,16.601494,15.521494,15.041494,14.391494,15.011494,14.281494,13.6714945,12.471494
-8.658505,-9.508506,-5.978506,-7.068506,-6.498506,-7.558506,-5.6685057,-6.118506,-2.868506,-2.628506,-2.638506,-2.628506,-2.848506,-4.8785057,-4.318506,-4.6885056,-6.9185057,-10.468506,-10.688506,-10.668506,-11.678506,-11.158505,-10.008506,-8.918506,-9.378506,-8.178506,-5.928506,-5.178506,-4.9185057,-3.7385058,-3.188506,-1.6085058,-0.73850584,1.0414941,1.8014941,3.081494,3.9714942,4.201494,4.181494,5.2914944,6.681494,9.041494,10.791494,11.591495,13.031494,14.201494,15.481494,17.421494,19.131495,20.361494,20.001493,18.241493,17.791494,16.991493,15.641494,14.681494,13.811494,12.141494
-4.498506,-8.778506,-7.138506,-5.368506,-4.118506,-6.288506,-6.198506,-6.1285057,-10.0785055,-9.798506,-4.638506,-4.868506,-3.2185059,-4.928506,-7.9385056,-10.348506,-10.878506,-12.068506,-14.558506,-16.258507,-15.528506,-14.278506,-12.918506,-9.348506,-10.5785055,-11.818506,-5.978506,-3.2285058,-4.248506,-5.8985057,-4.1285057,-3.0385058,-2.3285058,-0.12850586,1.1514941,3.4914942,4.521494,5.491494,5.8114944,5.841494,6.341494,8.481494,6.961494,7.151494,8.541494,11.1714945,12.351494,13.231494,14.701494,16.771494,19.311495,20.671494,22.101494,21.541494,18.721495,17.091494,14.611494,13.251494
-5.468506,-8.598506,-7.658506,-6.538506,-5.1485057,-5.698506,-8.708506,-11.858506,-9.688506,-12.158505,-7.6685057,-4.4585056,-7.4385056,-11.848506,-13.438506,-14.728506,-15.718506,-16.188505,-13.208506,-8.378506,-3.908506,-5.1485057,-5.328506,-5.738506,-4.258506,-1.8185059,0.121494144,1.9714942,1.6614941,2.7014942,5.471494,5.8914943,7.981494,6.5414944,7.211494,8.861494,11.271494,11.871494,11.981494,10.3814945,8.011494,8.731494,10.681494,13.681494,12.891494,11.831494,9.891494,10.831494,13.551495,15.621494,15.571494,16.881495,18.231495,20.291494,21.531494,21.901495,19.881495,17.741493
-5.478506,-6.3385057,-9.038506,-10.518506,-10.018506,-9.568506,-11.468506,-9.738506,-6.9385056,-14.648506,-20.118505,-20.148506,-17.808506,-16.098505,-13.408505,-8.918506,-9.138506,-6.328506,-6.198506,-3.378506,1.7214942,2.4414942,2.5514941,-0.47850585,-1.1285058,-0.78850585,-0.70850587,-0.79850584,3.881494,6.741494,4.501494,6.5414944,7.1014943,8.821494,10.1314945,11.021494,10.1714945,8.851494,11.951494,13.541494,14.051495,17.081493,16.981495,15.401494,12.111494,12.211494,12.541494,10.6714945,12.201494,12.821494,13.211494,13.371494,14.571494,15.271494,17.281494,19.071495,20.331493,21.631495
-2.848506,-5.478506,-9.858506,-10.308506,-10.388506,-5.6885056,-4.9585056,-4.968506,-5.038506,-4.778506,-8.158505,-11.308506,-15.908505,-12.528506,-13.608506,-10.838506,-2.678506,-4.1285057,-1.6485058,-3.928506,0.36149415,2.2214942,1.6114942,0.84149414,1.5814941,4.631494,1.3814942,1.7114941,4.251494,5.0814943,8.701494,7.0614944,6.271494,8.641494,10.811494,9.051495,11.031494,13.411494,10.611494,11.331494,13.831494,13.321494,15.591495,15.121494,15.271494,14.061494,12.471494,12.231494,12.8814945,12.731494,13.351494,13.031494,12.491494,12.551495,13.391494,15.531494,16.861494,18.021494
0.50149417,-2.4685059,-5.228506,-3.428506,-8.798506,-6.968506,-5.408506,-9.048506,-5.568506,-2.4585059,-1.1085058,4.0614944,0.07149414,-6.488506,-7.448506,-5.778506,-1.1285058,5.361494,1.8014941,2.2414942,6.9114943,4.211494,6.751494,11.091495,12.271494,15.4214945,12.761494,7.0414944,3.1614943,4.5414944,5.221494,7.421494,7.861494,11.911494,13.951494,12.231494,12.431494,10.701494,8.281494,7.7914944,10.191494,10.281494,11.301495,11.861494,11.281494,13.091495,13.291494,13.151494,12.551495,13.741494,12.331494,13.091495,12.801495,12.521494,11.071494,11.431494,11.401494,11.4214945
1.5614941,-1.9085059,-1.6185058,-0.65850586,-1.7185059,-2.5785058,-1.2785058,0.46149415,-3.7985058,-3.388506,-3.658506,1.3614942,4.8514943,0.54149413,-1.3485059,2.1614943,7.6614943,7.961494,7.7914944,4.3914943,6.461494,9.271494,5.9114943,11.931494,11.371494,10.841495,12.351494,7.301494,6.421494,5.781494,5.771494,8.701494,8.521494,10.341495,9.851494,8.991494,9.431494,8.441494,7.151494,7.971494,6.3314943,7.991494,4.821494,6.921494,7.821494,9.071494,10.241494,11.701494,12.021494,13.101494,12.061494,12.341495,12.791494,12.601494,10.841495,10.201494,9.681494,9.441494
2.2814941,0.59149414,-0.40850586,1.0414941,3.401494,2.9114943,3.881494,5.461494,7.131494,7.471494,4.231494,2.871494,4.201494,3.9614942,-0.22850586,3.0314941,1.6214942,3.2014942,3.0114942,6.2914944,6.191494,6.401494,4.991494,11.161494,4.931494,6.9114943,7.591494,5.111494,12.491494,15.251494,17.621494,14.041494,8.411494,10.1314945,11.461494,6.781494,6.2914944,7.8714943,6.7914944,6.1414943,6.8314943,3.7114942,2.4314942,3.651494,5.191494,7.381494,6.861494,4.941494,9.241494,13.111494,15.211494,14.091495,12.291494,11.211494,10.051495,9.301495,9.461494,8.511494
3.601494,2.0014942,3.151494,5.281494,2.581494,1.5214942,5.451494,1.6014942,1.9714942,4.1414943,3.0114942,4.241494,1.8814942,3.0114942,1.8814942,1.4914942,4.861494,5.9114943,5.031494,6.1414943,8.821494,11.021494,6.381494,3.1914942,6.381494,1.0514941,9.211494,8.481494,11.251494,15.401494,15.831494,13.481494,11.3814945,11.721494,11.641494,12.111494,7.761494,5.111494,7.441494,8.651494,9.281494,10.111494,5.3514943,5.1614943,5.721494,4.6014943,9.741494,10.731494,9.511494,7.801494,8.871494,11.771494,12.361494,12.351494,11.221494,8.831494,8.981494,8.451494
5.821494,4.461494,3.4814942,1.8614942,-0.86850584,-1.1585059,2.831494,3.331494,0.6714941,4.0414944,3.5114942,5.491494,7.6214943,9.051495,6.6614943,3.0414941,2.0414941,3.2314942,10.941494,8.201494,7.701494,7.051494,12.641494,8.841495,-0.24850586,0.13149413,1.9214941,4.051494,10.481494,15.161494,16.921494,15.6314945,10.581494,10.821494,11.711494,12.621494,11.771494,10.971494,8.981494,8.361494,8.6714945,10.601494,13.841495,14.291494,11.6314945,7.691494,4.201494,10.481494,16.201494,13.861494,9.4214945,8.761494,10.471494,11.301495,10.6314945,11.061494,11.441494,10.211494
7.091494,5.821494,3.9914942,4.281494,4.5414944,4.721494,3.131494,4.9114943,4.761494,3.8014941,2.6614943,4.671494,4.031494,5.511494,2.3014941,1.9014941,7.3514943,9.201494,18.401495,12.341495,3.591494,13.151494,10.031494,9.231494,3.5014942,-1.5085058,5.781494,10.691494,11.661494,12.051495,16.671494,14.341495,12.911494,11.291494,10.591495,11.051495,12.371494,15.291494,17.471495,15.911494,14.511494,11.151494,15.031494,13.901494,15.741494,18.081493,13.811494,9.821494,7.021494,11.941494,13.461494,10.261494,9.231494,9.551495,8.261494,9.781494,11.191494,11.361494
5.8114944,7.191494,6.941494,7.501494,8.051495,6.451494,7.8114944,5.531494,5.221494,4.611494,5.361494,4.751494,8.531494,7.471494,9.471494,12.111494,8.051495,6.611494,8.831494,8.701494,13.301495,12.481494,7.5614944,-0.10850586,1.9714942,4.781494,8.741494,10.9214945,13.281494,15.741494,16.081493,14.091495,13.411494,10.191494,10.461494,10.831494,8.721494,8.701494,14.6714945,17.601494,16.171494,11.051495,12.031494,13.721494,13.191494,13.801495,13.481494,12.271494,9.271494,10.661494,11.251494,10.811494,9.861494,8.6714945,8.121494,7.171494,6.6414943,8.041494
7.521494,6.6014943,8.431494,13.011494,12.451494,10.6314945,0.06149414,5.3714943,8.191494,6.741494,4.8114944,7.521494,7.4114943,8.861494,8.031494,10.1714945,5.921494,10.311494,7.591494,11.351494,8.461494,7.941494,9.621494,9.551495,11.591495,9.931494,10.961494,11.651494,12.961494,18.081493,13.821494,14.091495,11.241494,10.491494,10.351494,10.491494,11.4214945,12.1314945,13.261494,11.151494,10.931494,10.681494,10.441494,9.701494,13.111494,10.801495,9.811494,10.891494,7.8514943,8.401494,9.271494,8.851494,7.6014943,6.071494,7.8714943,6.651494,5.051494,3.9914942
11.791494,13.681494,14.811494,13.191494,11.8814945,10.191494,4.431494,5.091494,8.191494,5.931494,4.341494,3.321494,4.261494,5.191494,5.211494,10.191494,11.1714945,8.981494,9.411494,10.691494,10.001494,6.281494,6.751494,15.501494,11.441494,7.201494,12.401494,12.461494,15.361494,17.171494,14.311494,13.551495,10.481494,10.4214945,11.271494,10.681494,10.901494,9.351494,8.481494,9.811494,9.761494,8.301495,7.281494,7.1214943,9.221494,12.091495,9.051495,9.411494,8.271494,6.6614943,9.311494,7.1214943,5.9114943,3.7514942,4.6414943,5.431494,3.9114943,2.131494
