views/data/weather/2019/09/30/0000-wind-isobaric-500hPa-gfs-1.0.json
{"header": { "discipline":0, "disciplineName":"Meteorological products", "gribEdition":2, "gribLength":78665, "center":7, "centerName":"US National Weather Service - NCEP(WMC)", "subcenter":0, "refTime":"2019-09-30T00:00:00.000Z", "significanceOfRT":1, "significanceOfRTName":"Start of forecast", "productStatus":0, "productStatusName":"Operational products", "productType":1, "productTypeName":"Forecast products", "productDefinitionTemplate":0, "productDefinitionTemplateName":"Analysis/forecast at horizontal level/layer at a point in time", "parameterCategory":2, "parameterCategoryName":"Momentum", "parameterNumber":3, "parameterNumberName":"V-component_of_wind", "parameterUnit":"m.s-1", "genProcessType":2, "genProcessTypeName":"Forecast", "forecastTime":0, "surface1Type":100, "surface1TypeName":"Isobaric surface", "surface1Value":50000.0, "surface2Type":255, "surface2TypeName":"Missing", "surface2Value":0.0, "gridDefinitionTemplate":0, "gridDefinitionTemplateName":"Latitude_Longitude", "numberPoints":65160, "shape":6, "shapeName":"Earth spherical with radius of 6,371,229.0 m", "gridUnits":"degrees", "resolution":48, "winds":"true", "scanMode":0, "nx":360, "ny":181, "basicAngle":0, "lo1":0.0, "la1":90.0, "lo2":359.0, "la2":-90.0, "dx":1.0, "dy":1.0 }, "data":
[rows 26 to 51 of 181, columns 58 to 115 of 360]
-10.523779,-12.493779,-9.76378,-10.153779,-12.13378,-12.14378,-10.93378,-12.59378,-15.713779,-19.48378,-19.083778,-17.193779,-14.43378,-12.913779,-10.563779,-8.943779,-10.373779,-9.13378,-9.823779,-8.573779,-6.323779,-4.2337794,-2.6837792,-1.7937793,-2.0837793,-1.6437793,-1.7237793,-1.4937793,-1.4337792,-1.1937793,-1.4737793,-2.2537794,-2.3437793,-2.0537794,-1.1137793,-0.9137793,-1.0137793,0.16622071,0.5862207,-0.8837793,-2.6237793,-4.5437794,-3.5437794,-2.4737792,-1.9637793,-0.8937793,0.84622073,0.8262207,0.7362207,1.3462207,1.5462207,1.0562207,1.0562207,-0.4937793,-0.6237793,1.0662208,1.2862207,-0.4837793
-10.26378,-10.873779,-11.59378,-11.913779,-12.273779,-13.733779,-11.463779,-12.693779,-16.73378,-20.29378,-21.21378,-18.99378,-16.71378,-14.113779,-11.333779,-11.123779,-10.753779,-10.783779,-9.493779,-6.3137794,-3.5037794,-2.9637792,-3.4437792,-2.9737792,-2.0337794,-1.5337793,-0.7237793,-0.9737793,-1.3037792,-1.2537793,-1.3637793,-1.9737793,-3.1937792,-2.5737793,-1.6837792,-1.0037793,-0.8837793,-0.9837793,-0.5237793,-0.6437793,-2.1837792,-3.9037793,-3.7837794,-2.6937792,-2.5237794,-2.1037793,-0.3037793,1.0662208,1.1062207,1.2362207,1.4262207,0.1862207,-1.0837793,-0.8737793,-0.4037793,1.1462207,1.3562207,1.4862207
-9.943779,-11.14378,-11.4237795,-13.09378,-13.663779,-13.983779,-12.51378,-13.483779,-16.99378,-20.40378,-22.13378,-20.49378,-17.05378,-13.573779,-12.233779,-13.18378,-12.273779,-11.09378,-7.1437793,-4.343779,-5.6637793,-4.7537794,-4.5437794,-1.8137794,0.7762207,1.2462207,0.7262207,-0.3137793,-1.4637793,-2.2937794,-2.9137793,-3.5937793,-4.0837793,-3.5037794,-2.6237793,-1.7237793,-1.1337793,-0.9337793,-1.0437793,-1.1737792,-1.2637793,-0.9837793,-1.4537793,-1.5437793,-1.5137793,-0.3837793,-0.2137793,0.6762207,0.6962207,0.6262207,-0.093779296,-0.1637793,0.7462207,1.6862206,1.8162208,1.7562207,2.4162207,2.9562206
-10.623779,-9.903779,-11.193779,-13.443779,-14.373779,-13.573779,-13.323779,-14.953779,-17.73378,-20.49378,-22.79378,-21.21378,-16.683779,-13.813779,-13.64378,-13.583779,-12.963779,-8.64378,-6.4237795,-6.4337792,-5.9837794,-1.1437793,1.5962207,1.5662208,0.6862207,0.42622072,-0.7937793,-0.9637793,-1.4437793,-1.8337793,-1.6037793,-2.3437793,-3.0537794,-2.2337792,-1.3437793,-0.3937793,-0.033779297,-0.3537793,-0.22377929,-0.2337793,-0.0037792968,0.5462207,0.9362207,1.2662207,1.8762207,2.0762208,2.1062207,2.1362207,2.0762208,2.0462208,2.1362207,2.1862206,2.0062208,1.3862207,1.1162207,0.9162207,0.7462207,0.7062207
-8.953779,-9.653779,-11.6737795,-12.813779,-14.68378,-15.18378,-14.813779,-15.613779,-19.06378,-21.253778,-23.07378,-20.943779,-16.72378,-14.563779,-15.333779,-14.43378,-11.603779,-8.63378,-8.43378,-4.743779,0.4462207,2.1662207,1.5262207,-0.0037792968,-0.3737793,-1.4137793,-3.4537792,-4.223779,-3.0437794,-1.7637793,-1.9137793,-1.8237793,-1.6837792,-1.8637793,-1.6037793,-1.1537793,-0.7137793,0.016220704,0.7262207,1.9962207,3.5262208,4.7462206,5.6662207,6.1462207,6.1162205,6.0962205,6.3562207,6.3362207,5.736221,5.4562206,5.9162207,5.3462205,4.0862207,3.0562208,2.1462207,1.7062207,1.7062207,2.7562208
-8.733779,-10.853779,-12.123779,-13.023779,-13.913779,-13.943779,-13.953779,-16.61378,-19.55378,-21.41378,-22.22378,-20.13378,-17.023779,-15.793779,-16.603779,-15.503779,-11.01378,-11.14378,-3.9937792,0.0962207,0.7362207,0.6962207,0.4762207,-2.3937793,-3.4137793,-7.3137794,-8.603779,-5.1637793,-3.3437793,-2.0437794,-1.0437793,-0.6337793,-0.8837793,-0.8637793,-0.4637793,0.9362207,1.6262207,2.1962206,2.8462207,2.9462206,2.6562207,4.1062207,6.8162208,6.7462206,9.466221,7.776221,6.966221,6.776221,5.906221,5.656221,5.0362206,3.6362207,2.9562206,2.8662207,2.8962207,4.0162206,4.8062205,4.4762206
-7.8837795,-9.84378,-10.72378,-11.023779,-12.483779,-12.72378,-13.503779,-16.423779,-18.933779,-20.083778,-20.21378,-18.57378,-17.32378,-16.91378,-17.73378,-15.023779,-14.003779,-10.753779,-1.7637793,0.0662207,-0.9137793,-0.7737793,-3.8637793,-7.263779,-9.743779,-8.063779,-5.3737793,-2.7237792,-1.8037792,-1.4037793,0.2262207,1.2862207,0.1462207,2.0062208,2.7062206,0.9862207,2.2562208,3.0462208,3.1562207,4.256221,10.426221,11.546221,8.27622,6.5762205,5.796221,6.0162206,5.6662207,7.2262206,8.246221,7.5162206,5.2062206,2.0462208,1.6362207,0.9662207,1.5662208,3.0762208,4.0662208,3.1162207
-7.533779,-8.693779,-9.483779,-10.853779,-11.663779,-13.403779,-14.943779,-16.39378,-17.333778,-17.273779,-17.80378,-17.513779,-16.62378,-17.62378,-18.183779,-15.26378,-16.47378,-11.033779,-2.0337794,-1.4237792,-2.7237792,-4.4137793,-8.193779,-7.263779,-6.6237793,-5.953779,-7.243779,-4.3137794,-4.1737795,-4.3737793,0.026220703,3.4562206,5.506221,6.3462205,6.6462207,7.526221,7.8062205,7.696221,8.23622,9.016221,10.006221,9.69622,10.746221,9.846221,8.286221,6.526221,4.4162207,4.3562207,5.196221,5.156221,3.8662207,2.4562206,-0.9337793,-4.4637794,-7.033779,-5.2737794,1.2862207,3.3362207
-7.723779,-7.6937795,-8.453779,-10.05378,-11.26378,-12.88378,-14.59378,-15.84378,-16.48378,-17.173779,-16.73378,-16.343779,-15.93378,-17.49378,-18.24378,-15.84378,-16.91378,-15.583779,-6.4137793,-0.4237793,-4.593779,-5.973779,-8.713779,-7.6537795,-6.2137794,-7.4137793,-5.533779,-3.5037794,-2.6637793,-0.2437793,3.0762208,6.2662206,7.4562206,10.756221,13.44622,12.766221,11.896221,12.36622,12.86622,14.036221,16.476221,14.286221,12.40622,9.466221,7.466221,8.476221,7.236221,5.486221,4.6062207,5.906221,4.7462206,1.8362207,0.3262207,-1.4237792,-4.593779,-10.64378,-6.9837794,-1.4337792
-6.5037794,-7.4337792,-8.993779,-9.853779,-10.813779,-11.983779,-13.59378,-14.063779,-13.853779,-14.353779,-15.43378,-14.083779,-15.233779,-15.773779,-17.73378,-15.653779,-15.26378,-18.333778,-13.733779,-8.233779,-4.053779,-3.7837794,-6.093779,-5.763779,-4.573779,-2.0737793,-1.0537792,-3.4337792,-3.8137794,0.3362207,4.736221,3.2062206,6.276221,13.19622,16.35622,17.726221,17.10622,16.69622,18.45622,17.476221,14.27622,10.146221,9.15622,13.336221,11.516221,6.9562206,7.8062205,6.756221,5.0362206,4.3062205,2.9762206,1.6262207,-0.0837793,-1.4537793,-2.7137792,-6.4137793,-9.533779,-7.6237793
-7.3837795,-7.8137794,-8.283779,-9.033779,-10.043779,-10.64378,-10.93378,-11.43378,-11.97378,-13.873779,-12.283779,-11.773779,-12.63378,-12.363779,-14.34378,-14.603779,-12.363779,-13.613779,-15.403779,-13.193779,-9.34378,-6.1437793,-3.8937793,-0.4037793,1.9962207,2.4362206,1.8762207,-0.1837793,-1.1037793,0.6562207,3.9462206,8.806221,11.65622,14.456221,17.08622,17.576221,17.62622,17.25622,16.656221,14.586221,8.02622,7.6462207,6.8262205,4.9962206,5.8362207,7.386221,6.4762206,4.7462206,3.3062208,3.2862208,0.8562207,1.0762208,0.6662207,-0.29377928,-2.9937792,-4.1237793,-5.2737794,-4.9337792
-7.4637794,-7.4337792,-7.493779,-8.453779,-9.213779,-9.80378,-10.47378,-10.9237795,-11.34378,-11.033779,-10.353779,-9.983779,-10.493779,-10.023779,-9.463779,-10.953779,-11.443779,-11.1737795,-10.083779,-9.253779,-8.613779,-6.533779,-4.4837794,-2.5537794,-0.3937793,1.0962207,1.6762207,2.5862207,4.6262207,7.156221,8.806221,10.916221,14.11622,14.916221,15.11622,14.346221,16.17622,15.836221,11.306221,17.066221,17.976221,16.29622,10.19622,10.846221,9.0762205,10.52622,8.846221,4.7262206,0.046220705,0.8762207,1.1462207,1.4662207,0.7962207,-0.3137793,-1.2337793,-2.7237792,-3.9937792,-2.7637794
-6.6537795,-7.4137793,-7.953779,-8.463779,-8.64378,-8.813779,-8.783779,-9.01378,-9.39378,-9.84378,-8.93378,-7.9437795,-7.4337792,-6.783779,-6.7537794,-7.2737794,-7.6837792,-8.533779,-8.943779,-8.463779,-6.9337792,-4.5637794,-1.8937793,0.2062207,1.3462207,2.5462208,3.6862206,5.4562206,6.656221,8.466221,10.15622,10.8262205,11.15622,11.966221,11.426221,10.3262205,11.5762205,17.76622,15.536221,13.90622,13.8262205,7.3262205,18.916222,17.156221,13.206221,8.176221,5.7862206,4.3162208,0.7762207,-0.8837793,-1.1837792,-0.5037793,-0.3637793,-0.5337793,-1.0637794,-4.363779,-4.8337793,-2.5137794
-6.1537795,-7.1637793,-7.743779,-8.363779,-8.663779,-8.51378,-8.363779,-8.023779,-7.863779,-7.1237793,-6.553779,-5.9637794,-5.4637794,-5.1337795,-4.8837795,-4.7537794,-4.4637794,-4.243779,-3.9637792,-3.5337794,-2.6537793,-1.3437793,0.2162207,1.1762207,2.2862208,3.7462206,5.216221,6.2462206,7.026221,7.466221,8.136221,8.786221,8.44622,6.6162205,5.6062207,9.396221,9.56622,6.006221,4.4762206,1.4162207,5.216221,4.5862207,11.556221,13.016221,10.94622,8.716221,3.1662207,0.8762207,0.026220703,-0.2037793,-1.5437793,-2.1437793,-1.3737793,-1.1837792,-1.5137793,-4.4037795,-6.1737795,-1.8737793
-4.323779,-5.363779,-6.323779,-6.783779,-7.2337794,-7.343779,-7.6537795,-7.6437793,-7.013779,-6.4337792,-5.723779,-5.1037793,-4.5437794,-3.9737792,-3.1037793,-2.3737793,-1.8937793,-1.3037792,-0.7637793,-0.5737793,-0.4537793,0.2362207,1.2262207,1.5862207,2.0362208,3.0862207,3.8062208,3.4462206,4.7462206,6.1862206,5.5962205,7.4362206,9.98622,13.556221,14.31622,12.036221,11.386221,8.456221,5.9362206,6.236221,2.0462208,2.9262207,6.176221,8.786221,6.696221,4.176221,2.7762208,2.7262206,1.3762207,0.6362207,-0.2037793,-1.5737793,-1.5137793,-1.6837792,-2.3837793,-6.4037795,-8.93378,-7.093779
-3.6437793,-3.5737793,-3.4537792,-3.6737792,-4.2337794,-5.1237793,-6.0237794,-6.743779,-7.093779,-6.7337794,-6.0437794,-5.2937794,-4.6637793,-3.7437792,-2.9437792,-2.3637793,-1.4537793,-0.053779297,0.3362207,0.42622072,0.8862207,1.1962208,2.3562207,3.0862207,3.0662208,1.8462207,2.3662207,2.6062207,5.386221,10.126221,8.536221,10.886221,12.596221,8.676221,11.966221,12.52622,6.1062207,4.2462206,5.3562207,6.8762207,6.0362206,3.3762207,2.8462207,3.2962208,5.176221,5.0962205,5.2662206,4.2262206,3.4862206,2.8062208,2.0962207,0.8862207,0.6762207,-0.8437793,-3.4837792,-5.823779,-9.14378,-10.373779
-3.1837792,-3.1637793,-1.5937793,-0.8737793,-1.9137793,-1.9837793,-2.6237793,-4.5237794,-5.6437793,-5.8837795,-5.763779,-5.1637793,-4.843779,-4.243779,-3.2537794,-2.4637792,-1.6337793,-0.8137793,0.2362207,1.6162207,2.9462206,3.2262206,2.4262207,2.4262207,3.6262207,3.5362208,4.716221,6.5862207,10.206221,14.31622,12.926221,14.546221,13.786221,9.516221,2.8262208,4.926221,1.6462207,0.6962207,6.486221,10.186221,1.7862207,0.3062207,-0.7337793,2.7662208,5.966221,7.7062206,7.796221,6.986221,6.4962206,5.2062206,2.1962206,0.006220703,-0.8037793,-1.0837793,-2.0437794,-4.9037795,-7.1637793,-9.503779
-3.8037794,-2.6037793,-0.8837793,-0.9337793,-1.0537792,-0.7037793,-0.90377927,-1.8037792,-2.6737792,-3.0237794,-3.3937793,-3.5137794,-3.4337792,-3.7737794,-3.5937793,-2.0737793,-0.8437793,-0.2837793,-0.023779297,-0.7537793,2.0762208,5.296221,5.9162207,6.7662206,6.176221,3.9162207,5.6462207,9.836221,12.786221,17.69622,14.56622,10.676221,7.9562206,7.2862206,10.046221,5.6262207,-4.053779,1.3862207,1.0162207,2.9262207,2.2662208,3.3262208,3.6062207,-1.2937793,-0.3737793,5.196221,7.2862206,5.176221,4.5562205,2.4462206,0.3162207,-0.9237793,-2.4637792,-3.6637793,-5.3537793,-7.823779,-7.8837795,-4.743779
-3.9837792,-3.6537793,-3.3237793,-2.1537793,-0.22377929,0.16622071,-0.1337793,-0.053779297,-0.4037793,-0.8737793,-0.4737793,0.3162207,0.3962207,-0.19377929,-0.9537793,-1.1037793,-0.8237793,0.0662207,1.2562207,2.9062207,2.8562207,5.5162206,7.6062207,7.3662205,4.8562207,6.2662206,3.9562206,12.916221,12.266221,10.36622,8.0762205,5.6262207,2.1062207,6.2062206,6.1062207,4.5662208,-2.4837792,-3.6737792,0.3362207,-1.0737793,2.5862207,4.3562207,4.236221,2.7962208,6.3562207,5.256221,6.0862207,4.236221,2.6562207,0.7062207,-1.6837792,-3.3637793,-3.8737793,-4.8937793,-5.9637794,-4.573779,-3.3737793,-1.0537792
-4.0237794,-4.6037793,-3.8437793,-3.7637794,-2.1537793,-0.3537793,-0.29377928,-0.3637793,0.3862207,0.4962207,0.6462207,1.3362207,1.8962207,2.4962206,2.8962207,3.4762206,3.4162207,3.1162207,3.6562207,5.5562205,5.8962207,7.1462207,1.3862207,3.4062207,8.216221,10.586221,14.926221,6.7462206,2.7962208,2.9262207,-0.4037793,2.1062207,2.0562208,3.7162206,1.9862207,0.9662207,-0.4137793,-1.3637793,-1.3137794,-0.6237793,-0.1537793,0.7362207,1.7362207,4.4162207,4.5562205,4.9562206,4.696221,3.5662208,1.8462207,-0.3837793,-2.3937793,-3.6637793,-4.973779,-1.7337793,1.2162207,0.6762207,0.6062207,1.0762208
-4.4837794,-4.6737795,-4.743779,-5.0637794,-5.363779,-2.3837793,0.5162207,-0.4537793,-1.0737793,0.016220704,1.9262207,3.6162207,4.156221,4.966221,6.8162208,8.096221,6.1862206,2.3062208,1.6562207,3.1662207,6.2262206,13.52622,5.8362207,5.0962205,5.2262206,9.5762205,6.8562207,4.7462206,1.4862207,1.4962207,0.8962207,1.2562207,2.8462207,1.4562207,1.8062207,-1.7437793,-3.2937794,1.1762207,1.0462207,0.3462207,-0.2137793,-1.1137793,-0.19377929,0.9962207,1.8862207,4.006221,3.6262207,2.7962208,1.7562207,0.006220703,-2.3237793,-1.5737793,1.5262207,1.3562207,0.6362207,-0.3137793,-1.1137793,2.7062206
-3.6337793,-4.9337792,-5.5237794,-4.823779,-5.3337793,-4.8937793,-3.4237792,-2.0937793,0.2062207,1.8062207,3.1562207,4.2662206,5.9162207,9.466221,11.146221,12.466221,8.44622,6.9962206,4.5162206,2.4062207,2.3962207,2.5362208,9.806221,5.0662208,12.546221,10.15622,6.3962207,-0.1637793,1.7762207,2.9762206,4.506221,2.8362207,1.9262207,-0.9837793,-2.9737792,-3.4037793,-1.6737792,-2.8837793,-1.0637794,0.6062207,0.84622073,0.42622072,-1.4537793,1.8562207,1.1462207,1.9362206,2.2562208,1.5562207,-0.7737793,-1.7337793,-0.4137793,-0.8437793,-1.8437793,-0.8437793,1.4062207,0.4662207,0.016220704,0.2062207
-2.0337794,-2.9537792,-4.533779,-5.6537795,-5.1837792,-4.783779,-3.9437792,-2.7537794,-0.3937793,2.0262208,4.8162208,6.2662206,9.286221,10.56622,14.926221,10.786221,9.48622,3.8362207,6.9962206,5.3962207,7.946221,8.10622,4.656221,14.3262205,13.31622,10.786221,3.8362207,1.0062207,1.1462207,0.5262207,4.006221,5.2262206,3.4662206,-1.9037793,-3.6437793,-3.3437793,-1.9237792,-0.90377927,-2.6237793,-1.8137794,2.1362207,-0.3537793,-1.6837792,1.3162208,1.1162207,-0.063779294,0.59622073,-0.4937793,-0.22377929,0.3162207,-0.9137793,-1.7637793,-2.4937792,-1.4337792,-0.4937793,-0.8137793,0.4662207,1.0062207
-1.4737793,-1.9637793,-1.9937793,-2.7537794,-3.5737793,-3.6937792,-3.4537792,-2.2737794,-0.0437793,2.5662208,5.216221,7.4962206,11.166221,16.316221,14.61622,7.966221,11.306221,6.3162208,3.3162208,2.9962206,7.4562206,3.9062207,4.5762205,6.6062207,7.256221,6.0762205,4.8262205,-0.2137793,-2.8937793,-2.1237793,2.3362207,3.9862206,2.4562206,2.7962208,0.6062207,0.4462207,1.5262207,3.8562207,2.3362207,-1.2837793,-2.5937793,-0.9937793,-0.8837793,0.6662207,-0.7637793,-0.013779297,0.4762207,-1.2737793,-0.7737793,-0.7737793,-0.7437793,-0.65377927,-1.1037793,-1.8837793,-1.9337792,-2.5137794,1.2962207,0.6662207
-1.9937793,-2.6037793,-2.5737793,-2.6037793,-1.8237793,-1.7637793,-2.0537794,-1.2337793,0.24622071,2.5862207,5.8162208,12.40622,14.586221,15.176221,11.466221,10.626221,6.0162206,4.756221,0.8662207,-2.3237793,2.7162206,2.8662207,5.6862206,7.466221,7.3062205,3.8462207,2.4462206,3.9762206,2.0562208,0.8262207,3.9662206,4.776221,3.9362206,3.3462207,3.2062206,2.3862207,1.4562207,0.036220703,-0.6637793,-2.3437793,-3.5737793,-2.2037792,-4.113779,-2.1837792,0.0662207,-0.033779297,-3.5037794,-3.0837793,0.2862207,0.9762207,0.6462207,-0.6437793,-2.0037794,-2.4237792,-2.8637793,-0.7737793,0.8062207,-0.19377929
-3.0237794,-4.783779,-5.453779,-5.9237795,-5.1937795,-3.2837794,-1.6737792,-0.7937793,-0.4937793,2.2762208,8.466221,15.206221,13.806221,11.746221,4.446221,8.036221,5.716221,4.486221,1.6262207,0.2662207,0.8562207,1.6162207,2.5262208,1.9262207,3.7262206,0.59622073,0.6262207,1.9862207,3.5162208,5.046221,4.236221,4.3762207,3.5662208,3.3262208,2.4962206,1.8862207,0.6262207,-1.7737793,-3.2437792,-4.493779,-5.303779,-3.5737793,-4.283779,-3.8237793,0.006220703,-1.4837793,-0.7937793,-2.3437793,-5.303779,0.3462207,1.3162208,-1.7937793,-3.2437792,-3.6237793,-2.8537793,-1.4837793,-0.1137793,-0.6737793
