views/data/weather/2019/09/30/0000-wind-isobaric-10hPa-gfs-1.0.json
{"header": { "discipline":0, "disciplineName":"Meteorological products", "gribEdition":2, "gribLength":40640, "center":7, "centerName":"US National Weather Service - NCEP(WMC)", "subcenter":0, "refTime":"2019-09-30T00:00:00.000Z", "significanceOfRT":1, "significanceOfRTName":"Start of forecast", "productStatus":0, "productStatusName":"Operational products", "productType":1, "productTypeName":"Forecast products", "productDefinitionTemplate":0, "productDefinitionTemplateName":"Analysis/forecast at horizontal level/layer at a point in time", "parameterCategory":2, "parameterCategoryName":"Momentum", "parameterNumber":3, "parameterNumberName":"V-component_of_wind", "parameterUnit":"m.s-1", "genProcessType":2, "genProcessTypeName":"Forecast", "forecastTime":0, "surface1Type":100, "surface1TypeName":"Isobaric surface", "surface1Value":1000.0, "surface2Type":255, "surface2TypeName":"Missing", "surface2Value":0.0, "gridDefinitionTemplate":0, "gridDefinitionTemplateName":"Latitude_Longitude", "numberPoints":65160, "shape":6, "shapeName":"Earth spherical with radius of 6,371,229.0 m", "gridUnits":"degrees", "resolution":48, "winds":"true", "scanMode":0, "nx":360, "ny":181, "basicAngle":0, "lo1":0.0, "la1":90.0, "lo2":359.0, "la2":-90.0, "dx":1.0, "dy":1.0 }, "data":
[rows 52 to 77 of 181, columns 0 to 58 of 360]
-2.9806092,-3.6806092,-4.5806093,-4.380609,-4.180609,-3.880609,-4.0806093,-4.180609,-5.180609,-5.980609,-5.680609,-5.680609,-5.0806093,-5.0806093,-5.280609,-5.5806093,-5.5806093,-5.5806093,-4.980609,-4.480609,-3.6806092,-3.9806092,-3.580609,-3.080609,-2.6806092,-1.7806091,-1.3806092,-1.0806091,-0.6806091,-0.48060912,-0.48060912,-0.38060912,-0.48060912,-0.08060913,-0.38060912,-1.1806091,-1.6806091,-2.080609,-1.8806092,-1.4806092,-1.4806092,-1.8806092,-2.7806091,-3.380609,-3.6806092,-3.580609,-2.880609,-3.4806092,-3.1806092,-2.380609,-2.6806092,-2.2806091,-2.1806092,-2.1806092,-1.8806092,-1.9806092,-1.6806091,-2.380609,-2.1806092
-3.7806091,-3.380609,-4.0806093,-5.480609,-6.480609,-7.0806093,-7.180609,-7.5806093,-7.0806093,-6.0806093,-5.5806093,-5.380609,-6.280609,-7.180609,-7.380609,-6.780609,-5.5806093,-4.880609,-4.980609,-5.380609,-5.0806093,-4.680609,-4.180609,-3.1806092,-2.2806091,-1.9806092,-1.6806091,-1.2806091,-1.1806091,-0.88060915,-0.6806091,-1.4806092,-1.8806092,-1.5806091,-1.7806091,-2.4806092,-2.6806092,-3.080609,-2.380609,-2.7806091,-3.080609,-3.380609,-3.380609,-3.6806092,-3.580609,-3.4806092,-3.7806091,-3.6806092,-2.9806092,-3.380609,-2.7806091,-2.380609,-2.880609,-1.3806092,-2.080609,-1.5806091,-2.2806091,-0.78060913,-1.4806092
-5.180609,-6.480609,-6.980609,-7.180609,-7.0806093,-6.780609,-6.880609,-6.480609,-5.980609,-5.5806093,-6.180609,-7.0806093,-6.980609,-6.180609,-5.5806093,-5.0806093,-4.5806093,-3.9806092,-3.880609,-3.7806091,-4.0806093,-4.180609,-3.580609,-1.6806091,-0.88060915,-1.1806091,-1.3806092,-1.1806091,-1.3806092,-1.5806091,-1.5806091,-1.4806092,-1.7806091,-2.7806091,-2.9806092,-3.2806091,-3.1806092,-3.7806091,-3.7806091,-3.080609,-2.7806091,-2.7806091,-2.9806092,-2.4806092,-2.380609,-3.2806091,-3.1806092,-2.9806092,-3.2806091,-3.1806092,-3.2806091,-2.880609,-3.080609,-2.380609,-1.9806092,-1.8806092,-1.0806091,-1.5806091,-1.6806091
-6.0806093,-5.780609,-5.180609,-5.5806093,-5.880609,-5.980609,-6.180609,-6.5806093,-7.380609,-7.980609,-7.5806093,-6.480609,-5.280609,-4.780609,-4.480609,-3.4806092,-2.7806091,-2.580609,-2.080609,-1.6806091,-1.4806092,-1.5806091,-1.6806091,-1.4806092,-0.78060913,-0.38060912,-0.9806091,-1.3806092,-1.7806091,-1.7806091,-2.580609,-3.580609,-4.0806093,-4.280609,-5.0806093,-4.980609,-4.880609,-3.880609,-3.580609,-2.6806092,-2.1806092,-1.5806091,-1.2806091,-1.4806092,-1.7806091,-1.7806091,-2.080609,-2.880609,-3.380609,-4.180609,-3.580609,-2.880609,-1.6806091,-1.8806092,-1.1806091,-1.4806092,-1.5806091,-1.4806092,-1.7806091
-4.380609,-5.180609,-5.5806093,-6.0806093,-6.880609,-7.680609,-7.980609,-7.780609,-7.0806093,-5.680609,-4.5806093,-3.7806091,-3.080609,-2.380609,-2.2806091,-2.7806091,-2.4806092,-1.9806092,-1.2806091,-0.78060913,-0.38060912,-0.08060913,-0.18060914,-1.3806092,-1.9806092,-1.3806092,-1.0806091,-1.1806091,-1.8806092,-2.380609,-2.580609,-2.6806092,-3.080609,-3.4806092,-3.880609,-4.380609,-4.180609,-3.4806092,-2.9806092,-2.4806092,-1.6806091,-1.1806091,-1.4806092,-1.6806091,-1.6806091,-1.7806091,-2.380609,-2.580609,-2.9806092,-2.9806092,-2.080609,-1.8806092,-2.1806092,-1.7806091,-1.8806092,-2.580609,-2.6806092,-1.9806092,-1.1806091
-6.780609,-6.980609,-7.380609,-6.980609,-6.680609,-6.180609,-5.880609,-4.980609,-3.880609,-2.880609,-2.080609,-2.2806091,-2.6806092,-2.880609,-2.2806091,-1.8806092,-1.5806091,-0.58060914,0.5193909,0.71939087,0.61939085,0.71939087,0.71939087,0.31939086,-0.08060913,0.11939087,0.41939086,0.11939087,-0.28060913,-0.6806091,-1.2806091,-2.380609,-2.9806092,-3.7806091,-4.180609,-3.9806092,-3.880609,-3.880609,-2.880609,-2.380609,-1.9806092,-1.7806091,-1.7806091,-1.8806092,-2.1806092,-2.6806092,-2.7806091,-3.080609,-2.580609,-1.9806092,-2.080609,-2.4806092,-2.1806092,-2.580609,-2.4806092,-0.9806091,-0.58060914,-0.08060913,0.5193909
-5.780609,-5.380609,-4.280609,-4.280609,-3.580609,-4.0806093,-4.280609,-3.9806092,-3.580609,-3.080609,-2.880609,-2.6806092,-1.7806091,-0.88060915,-0.18060914,0.41939086,0.5193909,0.71939087,1.3193909,1.9193909,1.3193909,1.3193909,1.0193908,0.91939086,1.1193908,1.4193909,1.3193909,1.3193909,1.1193908,0.31939086,-0.58060914,-1.2806091,-2.1806092,-2.9806092,-3.4806092,-4.0806093,-3.580609,-3.580609,-2.9806092,-2.6806092,-2.380609,-2.380609,-2.380609,-2.4806092,-2.7806091,-2.880609,-2.7806091,-1.7806091,-1.4806092,-1.8806092,-1.7806091,-2.2806091,-2.7806091,-2.1806092,-0.6806091,-0.6806091,0.01939087,0.61939085,0.71939087
-3.580609,-3.380609,-2.2806091,-1.6806091,-1.6806091,-1.5806091,-1.9806092,-2.4806092,-2.7806091,-3.080609,-2.080609,-1.0806091,-0.38060912,0.21939087,0.91939086,1.6193908,1.5193908,0.71939087,0.41939086,0.41939086,0.61939085,0.8193909,1.5193908,2.119391,2.0193908,2.0193908,1.9193909,2.0193908,1.6193908,0.71939087,-0.28060913,-1.3806092,-2.380609,-2.2806091,-2.1806092,-2.080609,-1.8806092,-2.1806092,-2.380609,-2.880609,-3.1806092,-3.4806092,-2.7806091,-2.9806092,-2.880609,-2.580609,-1.5806091,-0.78060913,-1.1806091,-1.2806091,-2.1806092,-1.5806091,-0.28060913,-0.48060912,0.5193909,0.41939086,0.8193909,0.21939087,-0.38060912
-3.2806091,-2.080609,-1.3806092,-1.3806092,-1.5806091,-1.7806091,-1.9806092,-2.4806092,-2.380609,-1.9806092,-1.6806091,-1.2806091,-0.28060913,0.31939086,1.1193908,1.7193909,1.6193908,1.2193909,1.1193908,1.4193909,1.0193908,1.0193908,1.3193909,1.5193908,1.3193909,1.4193909,1.1193908,1.4193909,0.91939086,0.5193909,-0.18060914,-0.78060913,-1.1806091,-1.1806091,-1.7806091,-1.7806091,-2.380609,-3.2806091,-3.7806091,-4.680609,-5.0806093,-4.780609,-4.280609,-3.580609,-2.7806091,-1.2806091,-0.38060912,-0.28060913,-0.58060914,-0.48060912,-0.78060913,0.21939087,0.8193909,1.1193908,0.91939086,0.21939087,-0.6806091,-0.6806091,-0.48060912
-2.2806091,-1.5806091,-0.6806091,-0.6806091,-1.1806091,-1.3806092,-1.4806092,-0.88060915,-0.48060912,0.01939087,0.11939087,0.11939087,0.91939086,0.21939087,0.8193909,1.1193908,1.2193909,1.5193908,1.8193909,2.3193908,1.7193909,1.8193909,0.8193909,0.21939087,-0.58060914,-0.78060913,-1.3806092,-0.78060913,-0.48060912,0.01939087,-0.28060913,-0.6806091,-0.78060913,-1.3806092,-1.5806091,-1.2806091,-1.3806092,-1.9806092,-2.7806091,-3.580609,-4.0806093,-3.9806092,-3.4806092,-2.6806092,-1.9806092,-0.48060912,0.5193909,-0.28060913,-0.6806091,-0.48060912,-0.18060914,0.11939087,0.5193909,0.21939087,-0.28060913,-0.38060912,-0.28060913,-0.48060912,-1.3806092
-2.2806091,-2.580609,-2.2806091,-1.8806092,-0.9806091,-0.9806091,-0.6806091,0.5193909,1.1193908,1.4193909,0.71939087,0.41939086,-0.88060915,-1.0806091,-0.78060913,-0.78060913,-0.38060912,0.31939086,1.8193909,1.2193909,1.9193909,1.6193908,0.8193909,0.21939087,-0.28060913,0.5193909,1.2193909,0.71939087,0.8193909,0.91939086,0.8193909,1.1193908,1.1193908,1.0193908,0.21939087,-0.38060912,-1.2806091,-2.580609,-3.4806092,-3.580609,-3.4806092,-2.4806092,-1.5806091,-1.9806092,-1.6806091,-1.1806091,-0.88060915,-0.48060912,0.01939087,-0.18060914,-0.88060915,-0.9806091,-1.1806091,-0.9806091,-0.28060913,-0.38060912,0.01939087,-0.28060913,-1.1806091
-2.2806091,-1.6806091,-1.6806091,-1.0806091,-0.58060914,-0.08060913,1.5193908,1.2193909,0.8193909,0.11939087,0.5193909,-0.58060914,-0.38060912,-1.0806091,-0.48060912,-0.58060914,0.61939085,2.119391,2.619391,3.7193909,4.219391,3.2193909,3.119391,2.7193909,2.2193909,2.0193908,2.0193908,2.0193908,2.119391,2.619391,2.619391,1.6193908,1.0193908,1.1193908,0.71939087,-0.38060912,-0.78060913,-1.8806092,-2.4806092,-2.6806092,-2.880609,-2.580609,-1.1806091,0.21939087,-0.28060913,-0.38060912,-0.58060914,-0.58060914,-0.78060913,-0.18060914,-0.78060913,-1.1806091,-1.2806091,-0.9806091,-0.9806091,-1.1806091,-1.3806092,-1.3806092,-0.88060915
-0.48060912,-0.18060914,0.21939087,1.3193909,1.9193909,2.5193908,1.3193909,1.0193908,-0.08060913,-0.28060913,-0.6806091,-0.6806091,-0.58060914,0.31939086,0.71939087,1.1193908,2.5193908,3.419391,4.319391,5.719391,6.119391,5.519391,5.019391,3.8193908,3.419391,3.0193908,2.8193908,2.8193908,2.7193909,2.8193908,2.2193909,1.3193909,0.8193909,-0.08060913,-1.2806091,-2.6806092,-3.380609,-4.0806093,-3.380609,-2.6806092,-1.7806091,-1.3806092,-0.88060915,-0.78060913,-0.58060914,-0.6806091,-0.48060912,-0.58060914,0.41939086,0.61939085,0.5193909,-0.48060912,-0.48060912,-0.08060913,-0.28060913,-1.3806092,-1.5806091,-0.48060912,-0.38060912
0.01939087,0.8193909,1.2193909,1.7193909,2.3193908,2.119391,1.3193909,0.61939085,0.31939086,-1.2806091,-1.9806092,-2.380609,-1.4806092,-0.18060914,0.91939086,1.0193908,1.3193909,2.619391,3.8193908,5.119391,4.9193907,6.4193907,5.819391,5.319391,4.319391,2.3193908,1.8193909,2.419391,2.2193909,1.5193908,0.71939087,1.1193908,-0.18060914,-1.1806091,-1.8806092,-3.4806092,-4.880609,-4.980609,-4.780609,-3.880609,-1.9806092,-1.3806092,-1.2806091,-1.1806091,-1.4806092,-1.6806091,-1.2806091,-1.2806091,-0.88060915,-0.28060913,-0.48060912,0.11939087,-0.18060914,-0.18060914,-0.88060915,-0.28060913,0.01939087,0.71939087,0.8193909
0.31939086,1.0193908,2.2193909,1.6193908,1.9193909,1.7193909,0.71939087,-0.88060915,-1.1806091,-0.78060913,-0.9806091,-1.2806091,-1.2806091,-0.78060913,-0.48060912,-0.08060913,-0.08060913,-0.18060914,0.8193909,1.5193908,3.0193908,3.5193908,4.019391,3.919391,2.8193908,1.5193908,1.2193909,1.3193909,1.2193909,1.0193908,0.61939085,0.21939087,-0.08060913,-1.1806091,-2.580609,-4.0806093,-4.5806093,-5.0806093,-5.780609,-4.380609,-4.5806093,-4.0806093,-3.880609,-2.6806092,-1.9806092,-2.2806091,-1.6806091,-1.2806091,-1.6806091,-1.5806091,-1.0806091,-1.1806091,-0.6806091,-0.78060913,-0.38060912,0.5193909,1.8193909,2.5193908,3.3193908
0.11939087,0.01939087,0.8193909,1.5193908,0.21939087,-0.08060913,-0.88060915,-0.88060915,-0.9806091,-1.6806091,-1.5806091,-0.88060915,-0.28060913,-0.48060912,0.61939085,1.6193908,0.91939086,0.91939086,0.8193909,1.1193908,0.91939086,1.4193909,1.4193909,1.5193908,1.8193909,1.8193909,1.4193909,0.61939085,0.21939087,0.01939087,-0.28060913,-1.2806091,-1.3806092,-2.1806092,-3.080609,-3.6806092,-3.9806092,-4.5806093,-4.880609,-6.0806093,-6.880609,-5.980609,-4.5806093,-2.7806091,-3.080609,-1.9806092,-0.88060915,-0.18060914,-0.18060914,-0.58060914,-0.6806091,0.31939086,0.91939086,0.61939085,0.61939085,1.6193908,3.5193908,4.4193907,5.119391
-0.48060912,-0.28060913,-0.08060913,-1.0806091,-1.6806091,-1.8806092,-1.4806092,-1.5806091,-1.3806092,-1.1806091,-1.2806091,-1.0806091,-0.28060913,-0.08060913,1.1193908,0.01939087,1.8193909,1.6193908,1.8193909,1.5193908,1.8193909,1.6193908,1.0193908,1.7193909,2.619391,3.619391,2.419391,1.5193908,0.91939086,0.21939087,-0.88060915,-0.58060914,-1.1806091,-1.7806091,-2.880609,-2.6806092,-3.6806092,-3.9806092,-4.180609,-3.880609,-5.280609,-5.380609,-6.280609,-4.5806093,-2.9806092,-1.8806092,-0.6806091,-0.78060913,0.31939086,0.8193909,1.2193909,0.71939087,0.5193909,0.8193909,1.6193908,3.2193909,5.519391,6.319391,5.4193907
-2.2806091,-1.2806091,-2.4806092,-3.080609,-2.6806092,-2.580609,-1.1806091,-0.78060913,-0.6806091,-0.18060914,0.41939086,0.91939086,0.91939086,2.5193908,2.8193908,3.419391,0.8193909,0.71939087,-0.38060912,-0.48060912,0.71939087,1.5193908,2.8193908,2.419391,3.0193908,3.619391,2.5193908,1.9193909,1.7193909,1.4193909,1.1193908,0.31939086,-0.6806091,-0.78060913,-1.5806091,-2.880609,-3.080609,-2.7806091,-3.080609,-2.9806092,-2.9806092,-3.6806092,-2.6806092,-4.980609,-3.4806092,-3.080609,-2.080609,-2.2806091,-0.6806091,1.2193909,0.8193909,0.91939086,2.0193908,2.0193908,2.8193908,3.619391,3.5193908,4.219391,5.019391
-3.2806091,-3.4806092,-3.6806092,-3.6806092,-3.6806092,-1.6806091,-1.0806091,-1.2806091,-1.5806091,-1.1806091,0.71939087,0.8193909,0.91939086,1.8193909,2.0193908,2.119391,3.7193909,2.7193909,3.419391,2.8193908,0.8193909,1.9193909,2.5193908,3.419391,2.5193908,2.419391,2.7193909,1.9193909,1.1193908,1.2193909,0.41939086,0.8193909,0.41939086,-2.1806092,-2.4806092,-0.78060913,-0.9806091,-0.38060912,-1.3806092,-3.580609,-2.4806092,-1.7806091,-2.380609,-3.6806092,-2.580609,-2.7806091,-1.5806091,-0.9806091,-0.48060912,0.11939087,0.61939085,-0.58060914,-1.6806091,-0.88060915,0.31939086,1.4193909,1.7193909,2.8193908,3.919391
-3.380609,-3.6806092,-4.680609,-5.180609,-4.0806093,-3.080609,-1.8806092,-2.080609,-2.880609,-2.4806092,-1.7806091,-0.6806091,0.71939087,-0.38060912,-0.6806091,-0.48060912,-0.18060914,1.6193908,2.119391,1.4193909,5.219391,2.7193909,2.8193908,2.919391,2.0193908,0.91939086,2.3193908,2.8193908,0.61939085,0.91939086,0.8193909,1.2193909,1.0193908,1.1193908,2.3193908,-0.18060914,-2.4806092,-2.4806092,-1.3806092,-0.6806091,-2.6806092,-1.7806091,0.01939087,-1.0806091,-2.080609,-1.4806092,-0.88060915,0.01939087,-0.78060913,-0.28060913,-0.48060912,-0.08060913,0.11939087,-0.28060913,-0.38060912,0.5193909,2.0193908,2.919391,2.619391
-4.180609,-3.580609,-2.4806092,-2.6806092,-2.880609,-4.0806093,-3.880609,-2.1806092,-0.78060913,-0.78060913,0.01939087,0.71939087,-0.78060913,-2.4806092,-1.2806091,-2.080609,-2.580609,-0.08060913,0.5193909,1.6193908,-0.6806091,-0.38060912,-0.48060912,0.61939085,-0.78060913,-0.88060915,-1.6806091,-0.6806091,0.5193909,1.1193908,1.1193908,-0.48060912,-0.6806091,0.8193909,1.0193908,1.0193908,2.2193909,-0.78060913,-1.6806091,-1.3806092,-1.9806092,-2.580609,-2.1806092,-1.6806091,-3.4806092,-2.1806092,-1.6806091,-0.08060913,0.01939087,-0.78060913,-0.9806091,-1.0806091,-0.58060914,-0.08060913,0.01939087,0.11939087,-0.78060913,-0.18060914,0.21939087
-2.9806092,-2.6806092,-2.6806092,-1.4806092,-2.4806092,-4.280609,-5.980609,-4.480609,-1.8806092,-0.08060913,0.21939087,-0.6806091,-1.7806091,0.21939087,-1.0806091,-1.7806091,0.5193909,-3.380609,-0.78060913,-0.6806091,-1.1806091,-1.6806091,-3.9806092,-2.1806092,0.11939087,-1.5806091,-2.7806091,-1.6806091,-2.080609,-0.48060912,0.11939087,0.41939086,1.1193908,-0.58060914,-0.58060914,1.5193908,1.0193908,-0.08060913,-3.1806092,-3.2806091,-2.7806091,-3.4806092,-5.880609,-4.780609,-2.7806091,-0.6806091,0.01939087,-2.1806092,-2.2806091,-2.580609,-1.7806091,-0.6806091,-0.18060914,0.01939087,-0.48060912,-1.6806091,-1.6806091,-2.080609,-1.5806091
-3.7806091,-2.4806092,-3.580609,-4.480609,-4.380609,-4.480609,-4.180609,-4.0806093,-3.580609,-1.6806091,-1.7806091,-1.7806091,-1.5806091,-0.78060913,1.1193908,-1.2806091,-1.7806091,-1.5806091,-4.680609,-1.4806092,-1.2806091,-1.1806091,-1.7806091,-2.4806092,-3.380609,-2.1806092,-1.8806092,-2.880609,-3.080609,-2.580609,-2.580609,-2.080609,-2.080609,-0.48060912,-0.9806091,-1.5806091,-1.1806091,-0.78060913,-1.5806091,-0.58060914,-2.6806092,-4.380609,-5.0806093,-3.6806092,-2.880609,-2.380609,-3.580609,-2.380609,-2.4806092,-2.380609,-2.7806091,-3.1806092,-1.6806091,-0.9806091,-1.2806091,-1.8806092,-1.8806092,-1.0806091,-0.48060912
-3.880609,-3.7806091,-3.380609,-4.180609,-4.680609,-4.880609,-5.180609,-5.0806093,-3.380609,-4.180609,-4.180609,-4.180609,-3.880609,-2.2806091,-1.4806092,-1.1806091,-0.6806091,-3.080609,-2.6806092,-2.1806092,-1.9806092,-4.380609,-2.7806091,-2.9806092,-1.9806092,-2.1806092,-2.880609,-3.4806092,-4.5806093,-3.1806092,-3.380609,-2.4806092,-1.9806092,-1.6806091,-0.18060914,-0.6806091,0.8193909,0.8193909,1.7193909,1.5193908,0.61939085,-1.6806091,-2.580609,-3.2806091,-2.6806092,-1.8806092,-2.9806092,-2.880609,-2.7806091,-3.2806091,-3.080609,-2.4806092,-2.6806092,-3.1806092,-2.4806092,-1.0806091,-0.08060913,0.61939085,0.71939087
-3.7806091,-4.980609,-6.280609,-5.280609,-4.5806093,-3.7806091,-4.980609,-4.980609,-4.480609,-3.7806091,-5.280609,-4.5806093,-3.080609,-3.580609,-3.9806092,-2.380609,-1.4806092,-0.58060914,-2.380609,-4.380609,-4.0806093,-3.580609,-3.1806092,-1.6806091,-1.9806092,-1.0806091,-1.9806092,-2.380609,-1.7806091,-2.880609,-1.7806091,-1.4806092,-3.4806092,-3.2806091,-1.3806092,0.8193909,1.7193909,2.7193909,2.619391,2.419391,1.8193909,1.0193908,2.2193909,0.31939086,-0.88060915,-1.6806091,-2.080609,-3.6806092,-3.1806092,-2.7806091,-3.880609,-3.7806091,-2.880609,-1.8806092,-0.58060914,0.5193909,0.21939087,0.91939086,1.9193909
-2.2806091,-3.9806092,-4.880609,-6.280609,-5.0806093,-4.380609,-3.4806092,-3.6806092,-4.880609,-6.0806093,-4.780609,-5.980609,-6.380609,-6.680609,-5.480609,-3.380609,-1.6806091,-3.1806092,-3.080609,-4.680609,-3.2806091,-2.9806092,-2.4806092,-4.380609,-4.180609,-2.380609,-0.78060913,-1.5806091,-2.2806091,0.41939086,-2.080609,-3.4806092,-2.9806092,-0.48060912,1.0193908,1.7193909,1.6193908,1.1193908,1.4193909,3.619391,2.0193908,4.819391,4.119391,4.119391,2.0193908,-0.48060912,-3.1806092,-3.2806091,-3.7806091,-3.9806092,-4.5806093,-2.9806092,-2.080609,-1.6806091,-0.9806091,0.21939087,1.3193909,1.7193909,1.9193909
