views/data/weather/2019/09/30/0000-wind-isobaric-700hPa-gfs-1.0.json
{"header": { "discipline":0, "disciplineName":"Meteorological products", "gribEdition":2, "gribLength":79334, "center":7, "centerName":"US National Weather Service - NCEP(WMC)", "subcenter":0, "refTime":"2019-09-30T00:00:00.000Z", "significanceOfRT":1, "significanceOfRTName":"Start of forecast", "productStatus":0, "productStatusName":"Operational products", "productType":1, "productTypeName":"Forecast products", "productDefinitionTemplate":0, "productDefinitionTemplateName":"Analysis/forecast at horizontal level/layer at a point in time", "parameterCategory":2, "parameterCategoryName":"Momentum", "parameterNumber":3, "parameterNumberName":"V-component_of_wind", "parameterUnit":"m.s-1", "genProcessType":2, "genProcessTypeName":"Forecast", "forecastTime":0, "surface1Type":100, "surface1TypeName":"Isobaric surface", "surface1Value":70000.0, "surface2Type":255, "surface2TypeName":"Missing", "surface2Value":0.0, "gridDefinitionTemplate":0, "gridDefinitionTemplateName":"Latitude_Longitude", "numberPoints":65160, "shape":6, "shapeName":"Earth spherical with radius of 6,371,229.0 m", "gridUnits":"degrees", "resolution":48, "winds":"true", "scanMode":0, "nx":360, "ny":181, "basicAngle":0, "lo1":0.0, "la1":90.0, "lo2":359.0, "la2":-90.0, "dx":1.0, "dy":1.0 }, "data":
[rows 26 to 51 of 181, columns 232 to 289 of 360]
0.21955079,-3.0404491,-2.7204492,-2.9904492,-2.6004493,-1.9704492,-1.2804493,-0.9704492,-0.22044922,0.6395508,0.9095508,1.5895507,2.7595508,2.9095507,2.5395508,1.6695508,0.4995508,-0.50044924,-1.7404492,-0.9004492,-1.6204492,-3.6804492,-5.370449,-6.1704493,-6.6304493,-7.770449,-8.840449,-9.320449,-10.040449,-10.420449,-10.760449,-11.280449,-11.650449,-11.900449,-11.64045,-8.870449,-8.85045,-8.910449,-9.010449,-10.050449,-12.440449,-11.330449,-7.5104494,-4.9704494,-3.0304492,-2.6204493,-2.0104492,-0.49044922,0.4695508,0.009550781,-0.05044922,1.4495507,2.2695508,3.0995507,4.109551,3.679551,3.3195508,4.059551
0.4395508,-2.2104492,-6.4704494,-5.2604494,-4.2604494,-3.3804493,-1.9304492,-0.46044922,0.25955078,0.8895508,1.0295508,1.7995508,2.6395507,3.4595509,3.5795507,2.9495509,2.0895507,0.93955076,-0.75044924,-2.4804492,-3.320449,-4.080449,-5.160449,-7.000449,-8.250449,-8.440449,-9.190449,-10.090449,-10.200449,-10.580449,-11.10045,-12.080449,-12.440449,-12.400449,-12.220449,-9.650449,-7.6704493,-7.250449,-7.7804494,-7.950449,-8.910449,-10.870449,-10.800449,-8.06045,-3.9404492,-2.6204493,-2.3904493,-2.0304492,-1.1804492,-0.4404492,-0.16044922,0.7695508,1.9995508,2.1195507,1.7895508,1.9595507,2.8995507,3.7595508
-2.6104493,-4.410449,-6.8604493,-5.640449,-4.690449,-3.3404493,-1.8404492,-0.22044922,0.6995508,1.0995507,1.8795508,2.9095507,4.319551,5.049551,4.6595507,3.5995507,2.0095508,0.3395508,-1.5404493,-2.9704492,-3.9404492,-4.4204493,-5.680449,-7.410449,-8.400449,-8.98045,-9.940449,-10.52045,-10.48045,-10.790449,-11.4304495,-11.960449,-12.720449,-12.990449,-12.360449,-11.010449,-10.35045,-8.240449,-7.980449,-8.550449,-7.9204493,-7.5504494,-6.6104493,-6.6104493,-6.3204494,-5.190449,-3.9804492,-3.1104493,-2.1004493,0.14955078,1.2895508,1.9595507,1.6695508,1.6795508,1.3995508,-0.7304492,-1.0804492,0.3695508
-6.3404493,-7.200449,-4.210449,-5.3004494,-3.9604492,-2.2504492,-0.8504492,0.23955078,0.8995508,2.2195508,3.5995507,4.979551,4.919551,3.7195508,2.419551,1.5695508,0.87955076,-0.5904492,-2.4704492,-4.3804493,-5.7804494,-6.460449,-5.8804493,-6.560449,-7.6504493,-8.300449,-9.02045,-9.820449,-10.10045,-10.220449,-10.710449,-11.250449,-11.790449,-12.040449,-11.60045,-10.9304495,-9.690449,-8.590449,-7.3804493,-6.410449,-5.560449,-5.580449,-5.700449,-5.5704494,-5.560449,-5.430449,-4.660449,-3.570449,-2.0604491,-0.5304492,-0.02044922,0.5095508,1.2195507,-0.22044922,-1.3004493,-1.7604492,-2.2804492,-2.4604492
-7.160449,-6.190449,-6.7804494,-6.080449,-3.570449,-1.3804492,0.86955076,-0.3404492,0.9195508,2.2595508,3.0795507,2.7495508,2.6195507,2.429551,0.5495508,1.1295508,-0.05044922,-1.4004493,-3.4204493,-4.8004494,-6.2204494,-7.3004494,-6.600449,-6.2404494,-6.5504494,-7.180449,-7.8604493,-8.610449,-9.050449,-9.470449,-9.52045,-9.940449,-9.960449,-10.010449,-10.010449,-9.650449,-8.98045,-8.10045,-7.410449,-7.1104493,-6.7204494,-5.870449,-5.1304493,-4.8004494,-4.640449,-4.310449,-4.3404493,-3.8904493,-2.6904492,-1.4804492,-0.5804492,0.73955077,0.07955078,0.09955078,-0.2504492,-2.3904493,-4.540449,-4.100449
-7.1704493,-4.940449,-5.700449,-4.460449,-3.4504492,-1.1104492,0.22955078,2.2195508,3.6395507,4.109551,3.4795508,2.8095508,2.0495508,1.9395508,1.5395508,1.2995508,0.37955078,-1.0004492,-2.7104492,-4.7404494,-5.540449,-6.580449,-7.0304494,-6.6704493,-6.4204493,-6.0104494,-6.1304493,-6.5504494,-7.410449,-8.10045,-8.48045,-8.700449,-8.700449,-8.460449,-8.370449,-8.340449,-8.000449,-7.5904493,-7.190449,-6.730449,-6.460449,-6.4704494,-5.690449,-4.890449,-4.0104494,-3.4204493,-3.1104493,-2.7304492,-1.9304492,-0.93044925,-0.06044922,0.5095508,-0.06044922,-0.6604492,-1.2204492,-2.0404491,-2.7904491,-2.6504493
-5.4004493,-5.1504493,-5.1504493,-1.5204492,-1.1804492,0.9095508,2.3895507,2.7195508,2.8395507,3.4695508,2.9995508,2.2695508,1.8595508,1.2695508,1.0495508,0.67955077,-0.56044924,-1.5704492,-2.6104493,-3.6204493,-4.6504493,-5.5904493,-5.480449,-5.5104494,-5.690449,-5.620449,-6.0304494,-6.020449,-6.390449,-6.870449,-7.1704493,-7.480449,-7.580449,-7.850449,-7.8804493,-7.830449,-7.7204494,-7.350449,-6.4204493,-5.710449,-5.5504494,-5.6104493,-5.8604493,-5.3204494,-5.3404493,-4.6104493,-3.5204492,-2.5604491,-2.1704493,-1.5504493,-0.8904492,-0.7304492,-1.6204492,-2.1204493,-1.8804492,-1.6004492,-2.070449,-2.9704492
-6.190449,-5.310449,-3.7804492,-2.6404493,-0.6104492,1.0795507,0.8595508,0.6995508,0.23955078,0.4695508,1.0895507,0.4995508,0.4995508,1.0195508,1.5395508,1.6195508,1.6395508,1.0395508,-0.05044922,-1.5004492,-3.0304492,-4.310449,-5.310449,-5.3804493,-5.7204494,-6.2404494,-6.960449,-7.440449,-8.090449,-8.500449,-8.220449,-8.10045,-7.8404493,-7.370449,-6.910449,-7.3004494,-7.8204494,-8.120449,-7.350449,-6.500449,-5.6704493,-5.060449,-4.9904494,-5.390449,-5.890449,-5.2804494,-4.0904493,-3.6604493,-3.330449,-2.9404492,-2.8504493,-2.580449,-3.570449,-3.5304492,-3.5004492,-3.0204492,-2.6304493,-2.9104493
-5.830449,-3.8704493,-2.5104492,-1.5704492,-1.8304492,-1.6204492,-0.8304492,0.7095508,1.3595508,1.7995508,1.6595508,1.5595508,1.2895508,0.92955077,1.0395508,0.9195508,0.35955077,0.16955078,0.11955078,-0.19044922,-0.3104492,-0.20044921,-0.50044924,-0.9604492,-1.6604493,-2.6004493,-3.2204492,-3.6804492,-4.3804493,-5.0904493,-5.640449,-5.8404493,-5.9004493,-5.9204493,-5.9204493,-6.0504494,-6.1104493,-5.7604494,-5.100449,-4.540449,-4.1304493,-4.1304493,-4.3204494,-4.560449,-5.1304493,-5.000449,-4.950449,-4.580449,-4.000449,-3.2504492,-3.4104493,-4.230449,-5.080449,-5.4004493,-5.310449,-5.5304494,-5.3204494,-4.5704494
-3.8504493,-2.9504492,-3.070449,-3.7704492,-3.0904493,-3.3104491,-1.9004493,2.6595507,3.1195507,3.7895508,4.5295506,4.129551,2.4795508,1.5595508,0.99955076,0.42955077,0.41955078,0.06955078,-0.6104492,-1.7904493,-2.5404491,-2.8104491,-2.6304493,-2.2404492,-1.8804492,-1.9604492,-2.330449,-2.7604492,-3.4804492,-4.020449,-4.4004493,-4.9204493,-5.2204494,-5.310449,-5.310449,-5.270449,-5.330449,-5.3404493,-5.020449,-4.560449,-4.2404494,-3.9704492,-3.9304492,-4.120449,-4.8604493,-5.370449,-5.3804493,-4.8804493,-4.310449,-4.2204494,-4.950449,-5.4204493,-6.060449,-6.520449,-6.430449,-5.730449,-5.6104493,-6.140449
-5.370449,-4.5904493,-3.2004492,-3.7204492,-5.2404494,-3.3904493,-0.030449219,-1.0204492,3.8895507,8.489551,7.209551,5.2195506,3.3595507,2.5695508,1.5595508,0.5195508,-0.29044923,-0.120449215,-0.30044922,-0.6704492,-0.33044922,-0.17044921,0.06955078,0.009550781,0.23955078,0.24955077,0.2795508,0.6995508,0.3695508,-0.17044921,-0.26044923,-0.81044924,-1.0004492,-1.1804492,-1.9504492,-2.2204492,-2.5404491,-2.5004492,-2.6604493,-2.7604492,-2.9204493,-3.3504493,-4.0104494,-4.6704493,-5.040449,-5.140449,-5.000449,-5.1104493,-5.060449,-5.0504494,-6.230449,-6.4704494,-7.330449,-7.440449,-7.790449,-7.700449,-6.9904494,-5.980449
-7.6704493,-3.8604493,-4.8204494,-5.0104494,-4.810449,0.7995508,-0.22044922,-0.32044923,0.5195508,0.22955078,3.1295507,6.5295506,4.439551,2.0895507,0.7195508,-0.49044922,-1.5804492,0.9195508,1.8295507,0.4695508,1.1795508,2.8395507,3.3895507,3.1295507,3.0895507,1.6695508,1.9595507,1.4595507,0.6995508,-0.45044923,-0.87044924,-1.1804492,-0.88044924,-0.32044923,0.049550783,0.6495508,0.38955078,0.20955078,-0.3404492,-0.3504492,-0.2804492,-0.9904492,-2.3504493,-2.8904493,-3.3704493,-4.190449,-4.710449,-5.160449,-5.910449,-5.9004493,-6.4004493,-6.890449,-6.770449,-7.250449,-7.370449,-7.8004494,-7.890449,-8.290449
-6.040449,-5.680449,-4.680449,-2.7504492,-0.5304492,0.55955076,-0.2804492,2.6495507,0.9795508,-0.27044922,0.38955078,-0.8604492,1.2395508,1.5995507,-0.23044921,-2.6504493,-3.1904492,-1.1004492,-1.3704492,-1.2104492,0.6095508,1.6795508,2.1295507,3.2395508,4.299551,3.5595508,2.5195508,3.1995509,3.5395508,4.059551,3.0395508,2.4095507,3.2195508,3.5695508,2.5095508,1.8395507,1.6295508,1.2195507,1.1995507,0.7195508,-0.2504492,-0.18044922,-0.080449216,-0.37044922,-0.94044924,-1.5604492,-3.1804492,-4.4004493,-5.5304494,-6.890449,-8.440449,-9.700449,-9.260449,-8.960449,-8.620449,-8.900449,-9.200449,-9.98045
-3.3604493,-3.1804492,-5.2604494,-4.310449,-1.6804492,-2.0604491,-0.5504492,-1.1604493,-1.3704492,-1.4004493,-3.0104492,-2.4604492,-3.4504492,-4.1704493,-1.7904493,-3.080449,-6.230449,-5.4704494,-2.8704493,-1.1304492,1.4095508,3.2395508,6.4695506,7.5995507,11.14955,10.999551,9.409551,9.18955,7.749551,5.0795507,5.9895506,6.1595507,6.1195507,6.5095506,6.2395506,5.689551,4.5295506,3.7695508,3.1495507,2.2595508,0.9795508,-0.39044923,0.17955078,-0.50044924,-0.6604492,-0.8404492,-1.2504492,-1.9304492,-2.6904492,-4.640449,-6.310449,-7.790449,-9.400449,-10.370449,-9.000449,-9.790449,-10.89045,-11.370449
-9.470449,-6.620449,-2.3804493,-1.8104492,-5.020449,-4.3604493,-4.1104493,1.3695508,1.2195507,1.2295508,-1.0704492,-2.1404493,-7.190449,-9.070449,-4.6104493,-4.140449,-6.370449,-6.520449,-1.6504493,1.8195508,6.299551,9.809551,14.339551,16.559551,15.529551,16.49955,15.839551,11.47955,10.489551,12.999551,15.679551,19.889551,14.409551,14.26955,14.599551,12.709551,10.409551,9.369551,7.7595506,5.269551,2.669551,0.98955077,-0.040449217,0.5095508,0.8295508,0.55955076,-0.8404492,-3.3804493,-2.1104493,-2.580449,-2.5104492,-3.4904492,-6.6504493,-9.1804495,-11.120449,-12.500449,-12.470449,-12.960449
-12.400449,-8.39045,-7.310449,-6.3804493,-4.660449,-2.8704493,2.9495509,1.3595508,-0.4704492,2.3195508,0.9095508,-3.570449,-6.1104493,-8.35045,-12.490449,-5.1704493,-2.9304492,-1.7904493,-0.7704492,3.9995508,11.029551,10.389551,13.22955,14.739551,13.869551,13.18955,14.599551,12.14955,13.3195505,18.889551,20.739552,22.09955,18.58955,14.10955,11.289551,7.129551,7.729551,7.8295507,7.999551,6.319551,3.7795508,4.4495506,4.939551,6.919551,4.649551,4.1595507,2.2995508,0.07955078,-3.0004492,-5.2204494,-3.0504491,-3.0204492,-3.4504492,-5.790449,-8.02045,-9.790449,-11.98045,-12.960449
-12.700449,-10.89045,-13.870449,-7.3404493,-2.4304492,-1.0404493,-0.56044924,-2.9404492,-4.410449,-0.8404492,5.209551,9.209551,5.399551,0.86955076,-6.6504493,-13.660449,-3.2004492,3.679551,5.359551,5.059551,5.919551,6.069551,6.5095506,7.479551,8.919551,10.849551,13.079551,14.549551,15.85955,18.36955,21.17955,22.899551,18.75955,15.009551,11.14955,9.079551,6.519551,5.789551,9.999551,10.579551,9.8195505,6.4895506,3.8295507,4.2795506,2.7895508,3.6895509,1.8395507,-0.24044922,-4.810449,-5.200449,-5.0504494,-3.7904491,-3.1004493,-3.5604491,-5.100449,-7.3204494,-9.410449,-11.370449
-14.1804495,-15.300449,-14.780449,-7.9204493,-5.8004494,1.1795508,0.29955077,-4.1104493,-3.7104492,1.8395507,0.31955078,0.7995508,4.059551,6.6195507,-0.39044923,-5.3204494,0.32955077,7.189551,6.939551,5.8495507,6.709551,4.899551,9.43955,13.709551,13.879551,10.0695505,5.1995506,10.009551,14.10955,17.50955,20.83955,18.37955,17.41955,17.92955,13.119551,12.029551,9.499551,8.449551,7.1595507,7.4695506,8.959551,7.4295506,3.3795507,1.2395508,7.069551,3.8995507,0.9495508,1.5795507,0.20955078,-3.3404493,-6.3204494,-5.770449,-4.3604493,-3.8504493,-4.0304494,-5.210449,-6.8604493,-8.06045
-16.200449,-16.520449,-15.130449,-7.8404493,-4.8804493,-0.7004492,-1.4004493,-1.0704492,-3.2604492,2.9095507,6.959551,2.6595507,3.9095507,-0.75044924,2.7895508,2.2895508,4.439551,5.7595506,7.2195506,3.429551,8.93955,11.219551,11.469551,16.10955,10.419551,8.389551,7.0995507,3.429551,12.959551,16.61955,18.239552,20.03955,16.77955,13.259551,12.199551,10.669551,9.949551,6.4495506,3.6395507,3.5495508,5.3295507,6.799551,5.609551,2.4395509,1.6495508,1.4095508,3.3895507,0.4095508,-0.5204492,-1.0804492,-3.1104493,-6.0904493,-5.8604493,-4.060449,-5.0104494,-5.0104494,-6.730449,-8.1804495
-15.460449,-13.240449,-12.420449,-7.460449,0.23955078,3.1995509,2.8495507,2.0895507,0.8495508,-0.16044922,0.29955077,2.7895508,3.6995509,2.179551,2.7495508,1.3995508,9.429551,7.209551,2.6395507,7.549551,11.0695505,9.959551,13.909551,12.409551,12.589551,8.0695505,5.419551,7.299551,15.719551,15.099551,15.509551,17.60955,15.499551,11.709551,9.119551,10.43955,7.689551,4.9095507,3.6895509,2.6395507,2.1895509,3.5795507,5.0995507,4.189551,4.0095506,6.499551,3.7395508,3.6195507,1.6995507,-0.23044921,-2.1004493,-5.640449,-7.850449,-7.620449,-6.980449,-6.770449,-7.250449,-6.6704493
-16.32045,-13.830449,-11.670449,-6.640449,-1.6704493,4.4695506,2.1895509,4.379551,1.9495507,2.669551,0.05955078,2.2995508,2.2095509,2.1395507,5.439551,3.7095509,8.079551,6.5295506,3.7995508,6.629551,6.319551,5.4295506,13.8195505,4.6595507,11.699551,8.47955,14.18955,20.569551,17.09955,17.489552,15.669551,15.279551,15.639551,11.39955,7.299551,5.589551,5.379551,3.929551,2.8495507,3.5195508,2.179551,1.1395508,1.4795508,1.5995507,4.789551,2.8395507,2.1495507,2.4095507,3.1095507,0.3695508,-2.2804492,-6.140449,-7.330449,-9.660449,-9.52045,-8.440449,-6.810449,-7.8804493
-16.15045,-12.64045,-10.950449,-7.1104493,-4.1304493,1.4195508,1.6995507,4.959551,3.7295508,2.2895508,2.9095507,2.3495507,1.3795508,3.169551,1.9995508,5.459551,4.5795507,4.4695506,4.6995506,5.819551,8.789551,9.39955,14.309551,4.7595506,9.739551,13.3195505,15.849551,12.579551,19.99955,22.399551,18.329552,14.549551,16.069551,13.22955,10.219551,6.879551,0.08955078,-0.2804492,3.5895507,5.8495507,6.249551,3.3295507,-0.14044923,-0.88044924,-0.8304492,8.419551,8.709551,7.649551,1.0595508,3.5695508,-0.8504492,-3.4904492,-5.5904493,-6.950449,-9.56045,-10.670449,-10.360449,-9.380449
-15.920449,-13.950449,-14.160449,-12.48045,-1.5304493,1.5595508,4.839551,6.8495507,3.2595508,4.2195506,2.5995507,2.8095508,2.9595509,-2.5304492,6.669551,4.669551,6.319551,4.479551,6.2595506,-2.6204493,7.6195507,14.959551,14.809551,10.01955,13.529551,12.129551,14.839551,16.66955,18.329552,19.409552,17.02955,14.139551,15.309551,12.409551,10.959551,8.599551,3.2195508,-0.3404492,-0.9904492,0.7795508,7.309551,6.069551,1.9095508,-0.51044923,-0.6704492,-0.8004492,2.0295508,5.459551,6.549551,-0.42044923,1.2195507,-3.3104491,-6.3204494,-7.540449,-8.130449,-9.830449,-11.280449,-10.790449
-13.23045,-16.260448,-14.240449,-10.380449,-5.020449,-1.5604492,10.139551,3.0095508,2.7095509,1.8395507,4.749551,3.929551,2.8895507,1.8095508,0.86955076,5.039551,6.2395506,8.199551,11.699551,15.60955,17.659552,14.22955,13.719551,5.7395506,18.70955,20.069551,16.34955,18.77955,20.02955,17.34955,12.68955,15.549551,15.529551,13.35955,10.449551,8.22955,4.559551,2.8995507,-2.5204492,2.1295507,5.339551,5.9495506,1.2495508,0.28955078,1.3995508,0.29955077,-2.3904493,5.1995506,4.899551,0.9795508,-1.9204493,-5.0904493,-6.040449,-9.700449,-10.790449,-9.860449,-8.77045,-9.820449
-14.10045,-14.190449,-14.39045,-9.6804495,-8.720449,2.8295507,6.1595507,5.1795506,5.359551,1.7295508,1.8095508,2.4395509,1.0595508,1.3295507,1.7995508,2.9095507,5.1395507,4.339551,11.029551,17.93955,17.049551,11.5695505,8.669551,12.259551,16.92955,18.27955,17.77955,17.409552,18.979551,15.799551,14.809551,13.879551,13.14955,12.97955,11.639551,7.959551,4.939551,3.6095507,4.339551,4.0795507,2.6495507,2.1195507,2.0495508,1.3495507,1.4395508,-0.030449219,1.5695508,-2.5304492,4.539551,4.559551,-1.4404492,-4.3404493,-5.870449,-8.570449,-11.330449,-10.870449,-8.27045,-7.460449
-15.690449,-14.85045,-13.98045,-10.130449,-4.4704494,-4.940449,0.92955077,-0.18044922,7.9295506,2.7695508,-0.62044924,0.42955077,-0.15044922,0.61955076,0.92955077,4.3695507,4.6395507,7.0095506,15.429551,16.26955,17.24955,8.199551,10.659551,15.679551,17.139551,13.679551,18.70955,20.35955,16.479551,13.029551,14.64955,12.419551,9.779551,12.459551,10.8195505,8.459551,4.7795506,3.7695508,2.669551,2.0795507,1.0795507,0.8495508,1.4795508,1.0695508,2.669551,0.14955078,-1.6504493,-0.82044923,0.06955078,0.7795508,-2.3004491,-6.690449,-6.910449,-6.200449,-8.910449,-13.120449,-9.620449,-6.4204493
