views/data/weather/2019/09/30/0000-wind-isobaric-500hPa-gfs-1.0.json
{"header": { "discipline":0, "disciplineName":"Meteorological products", "gribEdition":2, "gribLength":77106, "center":7, "centerName":"US National Weather Service - NCEP(WMC)", "subcenter":0, "refTime":"2019-09-30T00:00:00.000Z", "significanceOfRT":1, "significanceOfRTName":"Start of forecast", "productStatus":0, "productStatusName":"Operational products", "productType":1, "productTypeName":"Forecast products", "productDefinitionTemplate":0, "productDefinitionTemplateName":"Analysis/forecast at horizontal level/layer at a point in time", "parameterCategory":2, "parameterCategoryName":"Momentum", "parameterNumber":2, "parameterNumberName":"U-component_of_wind", "parameterUnit":"m.s-1", "genProcessType":2, "genProcessTypeName":"Forecast", "forecastTime":0, "surface1Type":100, "surface1TypeName":"Isobaric surface", "surface1Value":50000.0, "surface2Type":255, "surface2TypeName":"Missing", "surface2Value":0.0, "gridDefinitionTemplate":0, "gridDefinitionTemplateName":"Latitude_Longitude", "numberPoints":65160, "shape":6, "shapeName":"Earth spherical with radius of 6,371,229.0 m", "gridUnits":"degrees", "resolution":48, "winds":"true", "scanMode":0, "nx":360, "ny":181, "basicAngle":0, "lo1":0.0, "la1":90.0, "lo2":359.0, "la2":-90.0, "dx":1.0, "dy":1.0 }, "data":
[rows 0 to 24 of 181, columns 114 to 170 of 360]
-2.7927125,-2.9227123,-3.0627124,-3.2027123,-3.3327124,-3.4627123,-3.6027124,-3.7327125,-3.8627124,-3.9927125,-4.1127124,-4.2427125,-4.3627124,-4.4927125,-4.6127124,-4.7327123,-4.8527126,-4.9727125,-5.0927124,-5.2027125,-5.3227124,-5.4327126,-5.542712,-5.6527123,-5.7527122,-5.8627124,-5.9627123,-6.062712,-6.1627126,-6.2627125,-6.3627124,-6.4527125,-6.542712,-6.6327124,-6.7227125,-6.8027124,-6.8927126,-6.9727125,-7.0527124,-7.1327124,-7.2027125,-7.2827125,-7.3527126,-7.4227123,-7.4827123,-7.5527124,-7.6127124,-7.6727123,-7.7227125,-7.7827125,-7.832712,-7.8827124,-7.9327126,-7.9727125,-8.022713,-8.062713,-8.092712
-3.4027123,-3.5827124,-3.7627125,-3.9527123,-4.1327124,-4.312712,-4.5027122,-4.6727123,-4.8527126,-5.0327125,-5.2027125,-5.3827124,-5.5527124,-5.7127123,-5.8727126,-6.0327125,-6.1827126,-6.332712,-6.4827123,-6.6227126,-6.7627125,-6.8927126,-7.0127125,-7.1227126,-7.2127123,-7.312712,-7.4027123,-7.4827123,-7.562712,-7.6427126,-7.7127123,-7.7627125,-7.812712,-7.8627124,-7.9027123,-7.9427123,-7.9827123,-8.0127125,-8.052712,-8.082712,-8.122712,-8.142713,-8.172712,-8.202712,-8.242712,-8.272713,-8.312713,-8.342712,-8.382712,-8.422712,-8.462712,-8.502712,-8.542712,-8.592712,-8.642713,-8.692713,-8.752712
-3.3127124,-3.4627123,-3.6227124,-3.7727125,-3.9227123,-4.082712,-4.2327123,-4.3827124,-4.5327125,-4.6927123,-4.8427124,-5.0127125,-5.1727123,-5.332712,-5.4927125,-5.6527123,-5.792712,-5.9327126,-6.0527124,-6.1727123,-6.272712,-6.3727126,-6.4727125,-6.582712,-6.7127123,-6.8427124,-6.9827123,-7.1427126,-7.3227124,-7.5127125,-7.7027125,-7.8927126,-8.092712,-8.292712,-8.482713,-8.662712,-8.802712,-8.922712,-9.032712,-9.142713,-9.202712,-9.242712,-9.302712,-9.342712,-9.382712,-9.412712,-9.452712,-9.502712,-9.572712,-9.642713,-9.7227125,-9.802712,-9.892713,-9.9727125,-10.052712,-10.112713,-10.152713
-3.7627125,-3.7527125,-3.7327125,-3.7227125,-3.7327125,-3.7627125,-3.8127124,-3.8827124,-3.9827125,-4.1027126,-4.2427125,-4.3827124,-4.5027122,-4.6327124,-4.772712,-4.9327126,-5.1127124,-5.3027124,-5.4927125,-5.6727123,-5.8427124,-5.9827123,-6.082712,-6.1727123,-6.2627125,-6.3427124,-6.4227123,-6.4927125,-6.5727124,-6.6427126,-6.7027125,-6.772712,-6.8527126,-6.9027123,-6.9527125,-7.0127125,-7.0727124,-7.1327124,-7.292712,-7.4327126,-7.6127124,-7.8827124,-8.142713,-8.422712,-8.692713,-8.942713,-9.092712,-9.242712,-9.342712,-9.412712,-9.482713,-9.552712,-9.632712,-9.712712,-9.782712,-9.862713,-9.932713
-5.0527124,-5.0927124,-5.1027126,-5.0927124,-5.082712,-5.082712,-5.062712,-5.0527124,-5.0527124,-5.062712,-5.0927124,-5.1327124,-5.1927123,-5.2427125,-5.2827125,-5.292712,-5.2827125,-5.2827125,-5.3027124,-5.3427124,-5.4227123,-5.5127125,-5.6027126,-5.6927123,-5.772712,-5.8427124,-5.9227123,-6.0027122,-6.0927124,-6.1827126,-6.2427125,-6.292712,-6.3427124,-6.4027123,-6.4727125,-6.582712,-6.7327123,-6.9427123,-7.1627126,-7.3427124,-7.4727125,-7.5127125,-7.522712,-7.4827123,-7.4427123,-7.4327126,-7.4327126,-7.5127125,-7.582712,-7.6827126,-7.7527122,-7.8227124,-7.8727126,-7.9127126,-8.022713,-8.162712,-8.302712
-6.1027126,-6.3227124,-6.5327125,-6.7127123,-6.8527126,-6.9127126,-6.9227123,-6.9127126,-6.9427123,-7.022712,-7.1427126,-7.2427125,-7.292712,-7.3027124,-7.2627125,-7.2127123,-7.1527123,-7.0927124,-7.082712,-7.1027126,-7.1427126,-7.1727123,-7.2127123,-7.2627125,-7.3227124,-7.3427124,-7.3727126,-7.3527126,-7.3227124,-7.2827125,-7.272712,-7.292712,-7.3427124,-7.3827124,-7.4027123,-7.3727126,-7.3227124,-7.2227125,-7.1227126,-7.0127125,-6.9127126,-6.832712,-6.7527122,-6.7327123,-6.7327123,-6.7327123,-6.7427125,-6.7527122,-6.772712,-6.8027124,-6.8027124,-6.792712,-6.792712,-6.7627125,-6.7427125,-6.7427125,-6.8027124
-7.292712,-7.2227125,-7.1727123,-7.1327124,-7.1127124,-7.1027126,-7.1027126,-7.0927124,-7.0927124,-7.082712,-7.062712,-7.022712,-6.9727125,-6.9127126,-6.8627124,-6.812712,-6.772712,-6.7827125,-6.832712,-6.8827124,-6.9527125,-7.042712,-7.1127124,-7.1527123,-7.1327124,-7.0927124,-7.0727124,-7.0527124,-7.0127125,-6.9227123,-6.812712,-6.7227125,-6.6927123,-6.6727123,-6.6527123,-6.6427126,-6.7027125,-6.8027124,-6.9227123,-7.0027122,-7.0527124,-7.1327124,-7.2227125,-7.2827125,-7.2627125,-7.2327123,-7.1727123,-7.1027126,-7.0127125,-6.9327126,-6.8527126,-6.7627125,-6.6727123,-6.6327124,-6.6427126,-6.6527123,-6.6327124
-8.962712,-8.802712,-8.602713,-8.392713,-8.212712,-8.082712,-7.9827123,-7.9327126,-7.8827124,-7.8027124,-7.7127123,-7.6527123,-7.6227126,-7.5327125,-7.4227123,-7.272712,-7.1627126,-7.1227126,-7.082712,-7.0127125,-6.8227124,-6.5927124,-6.3427124,-6.1627126,-6.1427126,-6.1727123,-6.2327123,-6.2827125,-6.3027124,-6.292712,-6.292712,-6.3427124,-6.4127126,-6.5327125,-6.6727123,-6.812712,-6.9427123,-7.0127125,-7.042712,-7.062712,-7.042712,-6.9627123,-6.8527126,-6.7327123,-6.6227126,-6.4927125,-6.3727126,-6.2327123,-6.0527124,-5.8627124,-5.6927123,-5.582712,-5.4827123,-5.3927126,-5.3027124,-5.2427125,-5.1827126
-9.402713,-9.412712,-9.442713,-9.502712,-9.582712,-9.632712,-9.572712,-9.462712,-9.352713,-9.282712,-9.192713,-9.062713,-8.882712,-8.7227125,-8.582712,-8.412712,-8.2627125,-8.132712,-8.042712,-7.9627123,-7.8927126,-7.8027124,-7.7027125,-7.5727124,-7.3627124,-7.1427126,-6.8727126,-6.6127124,-6.3627124,-6.1327124,-5.8427124,-5.6027126,-5.4627123,-5.312712,-5.1027126,-4.8727126,-4.7827125,-4.6727123,-4.6327124,-4.6227126,-4.582712,-4.6427126,-4.832712,-4.9927125,-5.082712,-5.1727123,-5.3627124,-5.562712,-5.6227126,-5.6627126,-5.6527123,-5.582712,-5.4827123,-5.3627124,-5.272712,-5.2227125,-5.1927123
-9.802712,-9.692713,-9.632712,-9.532712,-9.2627125,-8.902713,-8.682713,-8.672712,-8.712712,-8.642713,-8.582712,-8.702712,-8.832712,-8.862713,-8.792712,-8.7227125,-8.632712,-8.502712,-8.372712,-8.232713,-8.132712,-8.0127125,-7.832712,-7.6227126,-7.4327126,-7.2227125,-7.022712,-6.8427124,-6.6427126,-6.4727125,-6.2827125,-6.0527124,-5.8027124,-5.4927125,-5.1527123,-4.772712,-4.4327126,-4.082712,-3.7327125,-3.4527123,-3.1927123,-2.9827125,-2.8527124,-2.7027123,-2.5927124,-2.4927125,-2.4027123,-2.2527125,-2.0927124,-1.9427124,-1.7727123,-1.6027124,-1.4327124,-1.2727123,-1.1127124,-0.9427124,-0.7527124
-11.922712,-11.582712,-11.212712,-10.862713,-10.582712,-10.342712,-10.002712,-9.682713,-9.4727125,-9.322712,-9.232713,-9.2227125,-9.272713,-9.382712,-9.452712,-9.392713,-9.302712,-9.272713,-9.342712,-9.542712,-9.7627125,-9.842712,-9.772713,-9.552712,-9.152713,-8.672712,-8.082712,-7.3227124,-6.4727125,-5.6527123,-4.9527125,-4.3627124,-3.9427123,-3.6727123,-3.4927125,-3.3127124,-3.1427124,-3.0227125,-2.9527123,-2.9027123,-2.9227123,-2.9327123,-2.9427123,-2.9927125,-3.0327125,-3.0727124,-3.0627124,-2.9727125,-2.7927125,-2.6127124,-2.4127123,-2.1627123,-1.8827124,-1.6327124,-1.4427124,-1.2727123,-1.0727124
-13.842712,-13.462712,-13.102713,-12.742712,-12.382712,-11.992712,-11.642713,-11.332712,-10.992712,-10.632712,-10.292712,-9.992712,-9.642713,-9.312713,-8.942713,-8.522713,-8.182713,-7.9027123,-7.6327124,-7.332712,-6.9827123,-6.542712,-6.022712,-5.4327126,-4.812712,-4.3627124,-4.1327124,-4.1227126,-4.2427125,-4.4327126,-4.8027124,-4.9427123,-4.8527126,-4.8027124,-4.8427124,-4.9227123,-5.082712,-5.2027125,-5.1927123,-5.2427125,-5.3627124,-5.4427123,-5.4227123,-5.3527126,-5.3027124,-5.3027124,-5.3627124,-5.4027123,-5.4227123,-5.4527125,-5.5127125,-5.542712,-5.6027126,-5.6027126,-5.4527125,-5.2427125,-5.0927124
-13.482713,-13.432713,-13.282712,-13.052712,-12.672712,-12.152713,-11.602713,-11.052712,-10.582712,-10.142713,-9.682713,-9.132712,-8.4727125,-7.8727126,-7.3627124,-6.8927126,-6.4227123,-6.1227126,-5.9027123,-5.772712,-5.7327123,-5.7327123,-5.8627124,-6.1727123,-6.4827123,-6.6827126,-6.9227123,-7.2027125,-7.3527126,-7.5127125,-7.6927123,-7.9027123,-8.152713,-8.5127125,-8.782712,-8.792712,-8.672712,-8.672712,-8.802712,-8.872712,-9.002712,-9.212712,-9.462712,-9.652713,-9.802712,-9.772713,-9.622712,-9.542712,-9.552712,-9.5127125,-9.352713,-9.172712,-9.042712,-8.892713,-8.682713,-8.552712,-8.442713
-14.272713,-13.802712,-13.432713,-13.192713,-13.072712,-12.952712,-12.802712,-12.532712,-12.402713,-12.382712,-12.252712,-12.072712,-11.832712,-11.4727125,-11.252712,-11.2627125,-11.482713,-11.612713,-11.562713,-11.342712,-11.032712,-10.912712,-11.142713,-11.352713,-11.362713,-11.522713,-11.602713,-11.542712,-11.392713,-11.492712,-11.522713,-11.272713,-11.172712,-11.142713,-10.932713,-10.652713,-10.412712,-10.332712,-10.372712,-10.652713,-10.902713,-10.992712,-10.892713,-10.812713,-10.402713,-9.902713,-9.902713,-10.242712,-10.452712,-10.362713,-10.392713,-10.422712,-10.392713,-10.252712,-9.862713,-9.462712,-9.202712
-12.962712,-13.0127125,-12.9727125,-13.062713,-13.252712,-13.372712,-13.192713,-12.842712,-12.662712,-12.592712,-12.642713,-12.662712,-12.7227125,-12.902713,-12.882712,-12.892713,-12.842712,-12.342712,-11.712712,-11.572712,-11.702712,-12.082712,-12.642713,-13.212712,-13.142713,-12.542712,-12.092712,-11.842712,-11.902713,-11.682713,-11.372712,-11.482713,-11.422712,-10.962712,-10.612713,-10.602713,-10.332712,-9.852713,-9.572712,-9.322712,-8.922712,-9.082712,-9.662712,-9.832712,-9.602713,-9.252712,-9.002712,-8.482713,-8.402713,-7.7627125,-7.3627124,-6.6327124,-6.5527124,-6.812712,-6.7327123,-6.8027124,-6.792712
-11.242712,-11.662712,-11.872712,-11.822712,-11.562713,-11.562713,-11.642713,-11.862713,-12.052712,-12.122712,-12.022713,-12.152713,-12.242712,-11.892713,-11.742712,-12.402713,-12.922712,-13.122712,-12.982713,-12.732713,-12.832712,-12.942713,-12.982713,-12.882712,-12.7227125,-12.952712,-13.182713,-12.962712,-12.5127125,-12.322712,-12.2227125,-12.022713,-11.692713,-11.302712,-11.082712,-11.272713,-11.5127125,-11.582712,-11.312713,-10.902713,-10.392713,-9.672712,-9.122712,-8.332712,-7.4327126,-6.4227123,-5.6327124,-5.5927124,-5.8927126,-4.9527125,-4.3427124,-5.2227125,-6.1427126,-6.1527123,-6.3427124,-7.1527123,-7.5327125
-6.4527125,-7.1627126,-7.332712,-7.5127125,-7.8827124,-8.422712,-8.992712,-9.592712,-10.062713,-10.212712,-9.912712,-9.942713,-9.882712,-9.892713,-10.062713,-10.382712,-10.622712,-10.7627125,-10.712712,-11.122712,-11.832712,-12.412712,-12.7227125,-13.162712,-13.502712,-14.022713,-14.392713,-14.492712,-14.362713,-13.892713,-13.2627125,-12.372712,-11.992712,-11.802712,-11.052712,-10.072712,-9.092712,-7.8527126,-6.6727123,-5.5327125,-4.5527124,-4.0927124,-3.7527125,-3.4027123,-3.3227124,-2.6327124,-2.5727124,-3.8227124,-4.6127124,-4.6927123,-3.8327124,-4.0127125,-4.0327125,-3.7727125,-4.1327124,-4.5027122,-4.6827126
-1.4627124,-1.4527124,-1.3427124,-1.6127124,-2.1027124,-2.7427125,-3.4227123,-3.9327123,-4.2427125,-4.8527126,-5.7327123,-6.5027122,-7.2127123,-7.7627125,-7.772712,-7.6827126,-7.4527125,-7.8627124,-8.432713,-8.432713,-7.332712,-7.332712,-9.102713,-10.462712,-10.842712,-10.582712,-11.0127125,-11.072712,-10.9727125,-10.902713,-11.242712,-10.672712,-8.882712,-6.5127125,-5.7527122,-5.3427124,-4.6427126,-4.1027126,-3.4427123,-2.9527123,-2.4527123,-1.4327124,-0.3527124,-0.1227124,-0.4827124,0.2472876,1.5572876,2.0072875,2.4272876,1.7972876,0.4572876,0.0072875977,0.4672876,0.7872876,0.9872876,0.9172876,1.5072876
2.3472877,1.8272876,1.3972876,0.7672876,0.1772876,-0.1527124,-0.3327124,-0.2127124,0.0872876,0.0872876,-0.56271243,-1.3527124,-1.9227124,-2.2327125,-2.8627124,-3.6827123,-4.0127125,-4.2827125,-4.2027125,-4.5527124,-5.3727126,-4.6027126,-4.3827124,-4.1827126,-4.1027126,-5.0127125,-4.9927125,-4.8427124,-5.0727124,-4.832712,-4.9527125,-4.3427124,-3.1827123,-3.7927125,-4.3227124,-4.3427124,-3.7327125,-2.9127123,-1.7127124,-0.5027124,0.4472876,1.3672876,2.7872877,3.6672876,3.6772876,3.7072875,3.7772875,4.457288,5.5372877,5.457288,4.7172875,5.1272874,6.1072874,6.6072874,6.727288,6.8972874,6.6972876
4.7572875,4.5372877,4.0872874,3.6672876,3.4372876,3.0472877,2.4672875,1.7372876,1.3772876,1.4372876,1.7872876,2.3472877,2.8372877,3.4372876,2.5572877,1.4772877,0.9572876,0.8072876,0.4872876,0.1172876,-0.022712402,-0.5227124,-0.8227124,-1.0427125,-1.0127124,-1.2727123,-1.4727124,-0.2727124,-0.7127124,-1.3427124,-2.0227125,-1.9627124,-2.2227125,-2.1127124,-2.1527123,-2.0427125,-2.1327124,-2.2627125,-1.9227124,-1.6127124,-1.2627124,-0.5727124,0.29728758,1.6272876,2.7772875,4.167288,5.9972878,7.8272877,7.7572875,7.4972878,7.2472878,7.4472876,8.337288,9.427288,10.657288,11.817287,12.447288
7.2372875,7.7472878,8.077288,8.317287,8.467288,8.677288,8.447288,7.8372874,7.1172876,6.2372875,5.1172876,4.4472876,4.2772875,4.8372874,5.3372874,5.8772874,6.2972875,5.687288,4.5272875,3.8772876,3.3972876,3.0872877,2.2972877,1.7472876,1.9172876,1.7772876,2.1772876,2.3472877,2.1672876,1.2772876,0.3972876,0.29728758,0.017287597,-0.3827124,-0.5027124,-0.5127124,-0.3327124,-0.0427124,0.4372876,0.5872876,0.9472876,1.4572875,1.9572875,2.4072876,2.6872876,3.2972877,3.6872876,4.4672875,5.6272874,7.5372877,9.957288,10.747288,10.557287,10.2772875,9.087288,7.7172875,6.7472878
2.8672876,3.3272877,3.8872876,4.3072877,4.937288,5.667288,6.1372876,6.4872875,6.477288,6.2672877,6.0972877,6.1972876,6.1072874,5.8572874,5.9272876,6.2572875,6.5472875,6.8372874,7.0972877,7.1372876,6.1272874,4.8972874,4.6572876,4.5772877,3.2772875,2.6672876,2.5872877,3.1272876,3.4372876,3.4172876,3.1172876,2.4372876,1.6172876,1.1872876,0.9672876,1.1472876,1.2172875,1.6972876,2.4772875,3.1972876,3.6772876,4.3872876,5.0472875,5.727288,5.8172874,6.6372876,6.9672875,6.917288,6.9972878,7.457288,7.6572876,7.957288,9.397287,11.067287,12.367288,12.7772875,12.457288
-0.7727124,-0.24271241,-0.1527124,-0.022712402,0.5372876,1.0672876,1.3272876,1.7472876,2.3972876,3.0572877,3.8772876,4.5172877,5.0072875,5.3372874,5.6472874,5.917288,6.2472878,6.3972874,6.5472875,6.6272874,6.2872877,6.1372876,5.7472878,5.4472876,5.0372877,4.5472875,4.0572877,4.0472875,3.6772876,4.0372877,4.1072874,2.8972876,2.7772875,1.9772877,2.0072875,1.7672876,2.6772876,4.7572875,5.6372876,5.8072877,5.9072876,6.6172876,7.0572877,7.8072877,8.327288,8.397287,9.497288,11.257288,13.117288,14.567287,14.617288,14.387287,13.097287,11.707288,11.427288,11.817287,13.147287
-2.2027123,-2.4327123,-2.4927125,-2.5727124,-2.7927125,-3.0027125,-2.3527124,-1.4027123,-0.5327124,0.2872876,1.2872876,2.0472877,2.9272876,3.8072877,4.4872875,5.0972877,5.3872876,5.5172877,5.8072877,5.9272876,5.8772874,5.5972877,5.3072877,4.8272877,4.6372876,4.7972875,4.6572876,3.8772876,3.6572876,2.6472876,3.2872877,3.2672875,2.5172875,1.4972876,2.1372876,3.2072875,4.0072875,4.5172877,4.3372874,5.0172877,6.227288,6.3272877,6.2972875,6.727288,8.327288,10.117288,12.417288,13.997288,14.477287,14.457288,15.057287,15.767287,16.647287,17.497288,16.957287,15.817287,13.857287
-2.2927125,-2.3827124,-1.7227124,-1.1227124,-0.4827124,0.0072875977,0.4672876,0.5272876,0.6272876,1.0972877,1.3872876,1.6572876,2.0272875,2.3772876,2.9372876,3.8172877,4.8372874,5.7372875,6.4072876,6.3472877,5.9972878,5.8372874,5.7772875,5.207288,4.5672874,4.1372876,3.8772876,3.3972876,2.7772875,2.7172875,2.1472876,1.2072875,0.5572876,1.3072876,1.5372876,2.6172876,3.5072875,4.7372875,4.917288,4.7372875,5.7172875,7.5072875,10.217288,13.467288,14.597287,16.607288,17.547287,17.927288,16.827288,15.177288,15.617288,15.867288,15.357287,16.457287,16.437288,17.177288,16.967287
