views/data/weather/2019/09/30/0000-wind-isobaric-700hPa-gfs-1.0.json
{"header": { "discipline":0, "disciplineName":"Meteorological products", "gribEdition":2, "gribLength":79334, "center":7, "centerName":"US National Weather Service - NCEP(WMC)", "subcenter":0, "refTime":"2019-09-30T00:00:00.000Z", "significanceOfRT":1, "significanceOfRTName":"Start of forecast", "productStatus":0, "productStatusName":"Operational products", "productType":1, "productTypeName":"Forecast products", "productDefinitionTemplate":0, "productDefinitionTemplateName":"Analysis/forecast at horizontal level/layer at a point in time", "parameterCategory":2, "parameterCategoryName":"Momentum", "parameterNumber":3, "parameterNumberName":"V-component_of_wind", "parameterUnit":"m.s-1", "genProcessType":2, "genProcessTypeName":"Forecast", "forecastTime":0, "surface1Type":100, "surface1TypeName":"Isobaric surface", "surface1Value":70000.0, "surface2Type":255, "surface2TypeName":"Missing", "surface2Value":0.0, "gridDefinitionTemplate":0, "gridDefinitionTemplateName":"Latitude_Longitude", "numberPoints":65160, "shape":6, "shapeName":"Earth spherical with radius of 6,371,229.0 m", "gridUnits":"degrees", "resolution":48, "winds":"true", "scanMode":0, "nx":360, "ny":181, "basicAngle":0, "lo1":0.0, "la1":90.0, "lo2":359.0, "la2":-90.0, "dx":1.0, "dy":1.0 }, "data":
[rows 52 to 77 of 181, columns 0 to 57 of 360]
-4.2204494,-4.3404493,-3.5404491,-3.4104493,-3.2804492,-4.390449,-4.430449,-6.520449,-6.690449,-5.390449,-3.3604493,-2.9204493,-2.1604493,-2.080449,-0.8904492,1.4595507,2.3295507,2.4495509,2.2195508,1.6395508,-0.63044924,-2.0204492,-3.4104493,-2.830449,-4.080449,-4.3804493,-4.180449,-3.4404492,-1.9004493,-1.1104492,-1.7504492,-1.4404492,-0.6604492,-1.1104492,-0.8904492,-0.7704492,-1.7104492,-1.1404492,-1.8404492,-2.4904492,-2.8104491,-2.2904491,-0.3504492,1.2595508,1.2495508,-0.2804492,-2.3004491,-1.5204492,0.5395508,0.7995508,0.019550782,2.0595508,3.7295508,3.7795508,4.049551,3.0795507,1.7395508,0.26955077
-2.2804492,-3.6704493,-4.640449,-4.040449,-3.6804492,-3.4904492,-4.930449,-5.9204493,-5.080449,-4.430449,-4.480449,-4.0104494,-2.6304493,-3.1204493,0.29955077,2.179551,1.1295508,1.0295508,0.6595508,-1.1604493,-2.4204493,-2.7504492,-2.6504493,-2.6004493,-2.6104493,-3.1704493,-2.830449,-2.4304492,-1.7704492,-0.5204492,0.03955078,-1.5404493,0.7795508,0.9095508,-0.9104492,0.03955078,-0.33044922,-0.5504492,-1.3504492,-1.0504493,-1.7404492,-1.5504493,-1.1704493,-0.51044923,1.4995508,0.7995508,0.3095508,-0.02044922,-0.62044924,1.2195507,4.6195507,5.039551,3.3195508,3.2895508,4.1995506,3.4595509,5.539551,3.4795508
-2.6604493,-4.960449,-5.2404494,-4.680449,-2.8404493,-1.9804492,-3.7104492,-5.2804494,-5.140449,-6.2604494,-6.620449,-6.580449,-5.520449,-2.8004491,0.8895508,-0.10044922,-0.10044922,-0.62044924,-2.8804493,-4.080449,-2.8004491,-1.4704492,-2.2804492,-2.5104492,-3.1104493,-3.0204492,-2.3604493,-1.6204492,-1.4604492,-1.8504492,-0.8304492,-0.6704492,1.2095507,-0.010449219,0.10955078,-0.030449219,1.2195507,0.41955078,0.3695508,-0.7004492,-1.2704492,-0.9704492,1.1195508,1.4595507,1.1295508,0.61955076,1.7795508,-0.39044923,-0.030449219,2.4395509,4.339551,3.6095507,3.679551,6.859551,8.8195505,5.319551,2.7395508,4.879551
-1.8504492,-5.0504494,-4.700449,-5.940449,-5.8204494,-6.4204493,-6.2604494,-8.290449,-7.980449,-8.200449,-9.720449,-10.290449,-8.250449,-3.7204492,-0.81044924,-1.6104492,-1.9404492,-3.4104493,-5.9204493,-3.5504491,-0.02044922,-1.5304493,-1.7504492,-1.5204492,-1.3404492,-1.1304492,-1.3804492,-1.2904493,-1.5604492,-1.6704493,-1.3304492,-0.2804492,0.16955078,0.35955077,1.5095508,2.2895508,3.1195507,2.9395509,2.1495507,1.5595508,1.2895508,2.4495509,2.9395509,2.1195507,0.28955078,0.049550783,2.7595508,3.8195508,5.039551,2.3495507,1.6195508,-0.9204492,-0.7704492,7.109551,3.8095508,3.3895507,-4.6704493,-1.2104492
-0.7404492,-4.460449,-5.410449,-6.7204494,-8.31045,-7.5904493,-7.850449,-8.910449,-4.2204494,-9.000449,-9.840449,-10.220449,-9.52045,-5.6504493,-2.8104491,-2.070449,-3.5304492,-4.1304493,-5.620449,-1.8004493,0.23955078,0.6595508,0.009550781,-0.32044923,-0.7804492,-1.3804492,-2.2204492,-2.1404493,-2.0404491,-2.1004493,-1.5704492,-0.5504492,-0.24044922,1.9895508,3.4995508,3.3995507,3.6595507,2.5295508,1.2995508,2.2895508,4.8495507,5.6595507,5.289551,5.7195506,4.8895507,1.8895508,2.0195508,1.8495507,4.109551,2.2295508,-1.4804492,-2.7904491,-5.190449,2.3995507,3.8595507,3.6395507,-1.3504492,-5.2804494
-0.48044923,-1.9704492,-6.9204493,-7.620449,-8.39045,-9.170449,-8.740449,-8.960449,-10.630449,-7.6304493,-8.98045,-9.330449,-8.780449,-6.140449,-5.790449,-4.1504493,-3.7904491,-5.330449,-5.100449,-2.3904493,-0.40044922,0.5495508,1.8595508,1.6495508,0.5995508,-0.19044922,-1.9904492,-3.1704493,-3.5904493,-2.9904492,-2.6304493,-0.7904492,0.3995508,2.8295507,3.1595507,3.8095508,3.6595507,2.6595507,2.4495509,2.1595507,5.269551,6.1995506,6.919551,6.999551,5.019551,2.6995509,2.0695508,1.3995508,-0.9204492,-2.8004491,0.45955077,-6.1104493,-5.9704494,-3.9704492,6.8695507,7.6595507,4.919551,1.2595508
-0.5504492,-1.3604492,-3.9404492,-5.140449,-5.310449,-8.340449,-8.660449,-8.940449,-12.500449,-13.490449,-9.210449,-7.3804493,-8.6804495,-6.6504493,-4.8604493,-4.370449,-4.5704494,-5.600449,-5.1304493,-0.7304492,3.169551,1.4995508,1.6195508,1.8995508,2.7495508,2.2595508,-0.7704492,-2.6704493,-4.1104493,-4.2804494,-2.4704492,-0.5804492,-0.4704492,1.4495507,1.4395508,3.6195507,3.6495507,3.8795507,5.2195506,7.2195506,7.209551,5.209551,5.669551,4.2795506,0.41955078,0.61955076,-0.8004492,-1.3004493,-4.100449,-6.640449,-3.2704492,0.61955076,-7.940449,3.0495508,3.6395507,10.76955,9.51955,6.9695506
-2.4004493,-2.8804493,-5.4004493,-7.160449,-9.860449,-10.250449,-10.4304495,-10.98045,-13.56045,-15.880449,-11.450449,-9.780449,-8.040449,-6.6304493,-5.700449,-4.6704493,-5.370449,-6.640449,-5.0704494,2.0595508,4.3495507,3.2495508,0.5395508,2.3795507,4.3895507,2.1095507,-0.2504492,-3.1304493,-3.2704492,-3.8104491,-2.4704492,-2.0004492,-0.19044922,1.0395508,2.8695507,3.6895509,5.899551,8.51955,7.3695507,7.6795506,7.399551,4.569551,2.8395507,-0.2504492,1.0095508,-0.24044922,-3.3604493,-3.3104491,-6.5504494,-4.390449,-6.1504493,-2.2704492,-1.3204492,0.18955079,-1.5604492,5.5795507,8.459551,9.549551
-6.3804493,-4.210449,-7.430449,-7.870449,-7.940449,-8.470449,-10.470449,-13.23045,-14.340449,-15.77045,-14.800449,-9.370449,-7.190449,-6.160449,-3.4904492,-4.1304493,-4.5904493,-2.8004491,-2.080449,0.6495508,8.589551,4.959551,0.7595508,1.5995507,3.9995508,1.3595508,0.19955078,-2.2604492,-3.4004493,-3.070449,-2.7604492,-2.2804492,-0.33044922,1.1395508,2.419551,5.1195507,9.469551,8.909551,6.769551,5.499551,5.709551,4.339551,2.1495507,0.5495508,4.439551,4.499551,-0.6704492,-3.7304492,-4.2404494,-6.410449,-3.3804493,-4.870449,2.9795508,5.249551,0.8595508,-0.14044923,7.3695507,4.359551
-2.1804492,-3.2504492,-6.160449,-7.830449,-7.8604493,-9.27045,-10.06045,-13.64045,-13.330449,-16.38045,-15.85045,-7.9204493,-5.560449,-7.290449,-7.0904493,-4.140449,-2.3104491,-0.030449219,0.55955076,2.1295507,0.7295508,3.5995507,0.8895508,1.0695508,2.2895508,2.7895508,0.5995508,-0.5404492,-2.1404493,-4.7204494,-3.3104491,-2.1104493,-1.4204493,1.2795508,1.4195508,7.899551,11.549551,9.759551,5.3495507,2.4895508,3.7695508,1.6095508,3.1295507,1.9095508,-0.4104492,1.4195508,-0.50044924,-5.0304494,-1.7604492,-4.1704493,-7.390449,-5.0904493,5.2195506,3.5195508,3.7295508,-1.7904493,1.5395508,-0.26044923
-1.4504492,-5.6504493,-7.710449,-8.320449,-8.220449,-8.160449,-9.4304495,-12.9304495,-13.750449,-17.520449,-11.110449,-5.450449,-2.6604493,-4.060449,-3.0104492,-3.5304492,-2.0504491,-4.080449,2.9695508,-0.27044922,-2.4404492,-0.29044923,-0.50044924,0.6495508,-0.11044922,1.7795508,-1.1304492,-1.5404493,-2.6104493,-3.4904492,-3.1404493,-3.2004492,-0.05044922,1.0595508,2.2995508,10.489551,11.10955,10.789551,4.7595506,2.0195508,5.2595506,3.0395508,5.379551,1.7895508,0.42955077,0.38955078,-1.1704493,-2.820449,-1.9704492,-2.1404493,-8.64045,-3.0504491,4.609551,1.1195508,0.13955078,0.32955077,0.4995508,-2.2604492
-6.480449,-7.180449,-8.760449,-8.73045,-10.06045,-10.710449,-11.040449,-12.970449,-15.330449,-12.35045,-3.8904493,1.1695508,0.25955078,-1.4904492,-1.9204493,-2.3404493,-0.94044924,1.2495508,2.5095508,-0.19044922,-2.4004493,-5.940449,-1.6204492,1.6895508,0.38955078,-1.0804492,-0.63044924,-3.3904493,-3.1804492,-4.200449,-5.290449,-2.080449,-1.5704492,1.2295508,6.669551,11.429551,8.889551,8.009551,2.2595508,4.6595507,4.2195506,5.919551,2.169551,2.2095509,1.4795508,1.0795507,-0.5804492,-1.8904492,-2.6204493,-4.480449,-5.330449,3.4895508,0.8895508,-1.5204492,-1.4304492,3.0395508,4.549551,0.93955076
-9.89045,-9.260449,-8.620449,-9.150449,-12.1804495,-11.050449,-11.73045,-13.650449,-12.280449,-0.6504492,0.18955079,-0.9104492,-2.6004493,-0.9704492,-1.2804493,-0.69044924,-1.2804493,0.8395508,-0.43044922,-0.8004492,-3.9004493,-2.6604493,1.7195507,2.7495508,-0.46044922,-2.7104492,-2.7704492,-3.9704492,-4.7804494,-3.2904491,-4.680449,-2.7404492,-0.5304492,5.339551,11.549551,10.179551,7.8295507,7.8695507,-0.6404492,1.4295508,2.4995508,3.0295508,1.7495508,1.8195508,2.2695508,1.9795508,1.0795507,-1.0404493,0.16955078,-1.8804492,-0.14044923,0.8895508,-2.6104493,-3.6804492,-3.8104491,2.9495509,1.2595508,0.86955076
-6.440449,-6.5504494,-6.0104494,-7.640449,-6.0904493,-3.2804492,-0.50044924,-2.3104491,-3.1704493,-2.9704492,-2.4204493,-2.7704492,-2.8004491,-3.4504492,-3.2804492,1.6195508,-1.0204492,-2.3804493,-3.320449,-5.350449,-2.5504491,0.4095508,1.8295507,2.7495508,-1.0404493,-3.9804492,-4.200449,-4.5104494,-4.830449,-4.5904493,-5.120449,-2.6604493,0.8295508,4.2795506,10.93955,6.3695507,6.769551,8.459551,0.7195508,-0.7004492,2.8095508,0.81955075,0.99955076,2.7995508,0.4695508,4.379551,-0.040449217,-0.81044924,2.6095507,-1.1104492,-1.7504492,-3.1604493,-3.3804493,-3.5404491,-3.6004493,-0.6004492,0.9095508,-1.6504493
-6.200449,-4.750449,-8.400449,-9.570449,-3.580449,-2.0104492,-1.0504493,0.24955077,-0.24044922,-1.2104492,-0.75044924,-5.120449,-6.0104494,-7.7404494,-0.19044922,-3.3104491,-4.3004494,-4.370449,-3.6504493,0.8595508,1.2395508,1.4495507,0.68955076,-1.1104492,-0.5404492,-1.5604492,-1.4704492,-4.580449,-6.870449,-6.690449,-3.5404491,-2.0504491,1.5095508,6.809551,6.789551,3.5595508,5.9495506,4.2795506,1.7595508,-2.1404493,0.42955077,0.9695508,2.8695507,1.1295508,1.9995508,3.3095508,1.3395507,-0.010449219,-2.8804493,1.8595508,-2.580449,-3.2704492,-1.8804492,-2.9604492,-3.1104493,0.62955076,0.18955079,-2.330449
-6.7204494,-7.560449,-9.31045,-4.6304493,1.4895508,0.7995508,-2.7804492,-2.5304492,-2.6404493,-1.6604493,-1.0504493,-2.1404493,-2.2604492,-5.7404494,-3.4904492,-5.8404493,-2.9304492,0.4395508,4.0795507,6.039551,6.539551,2.6495507,0.03955078,-0.7804492,0.87955076,0.5295508,-2.5604491,-5.1104493,-6.560449,-7.680449,-6.520449,-0.45044923,3.3395507,4.859551,1.6995507,2.6395507,3.4095507,5.3695507,2.0795507,3.2395508,1.3195508,-0.10044922,-0.22044922,-0.20044921,0.7195508,2.4395509,-1.1904492,0.09955078,-1.5004492,-2.0904493,-3.4304492,-5.1104493,-0.3804492,3.2295508,-1.7104492,-1.4504492,1.5395508,0.48955077
-6.600449,-7.2804494,-9.110449,-7.890449,-3.7404492,1.0395508,-2.6504493,-4.080449,-4.060449,0.32955077,0.4695508,-0.7304492,-2.8604493,-1.8504492,-3.2004492,-0.2504492,-0.14044923,2.679551,7.0295506,4.5795507,3.7295508,1.3795508,2.4395509,1.7895508,1.0795507,-0.9904492,-3.5404491,-5.5304494,-6.440449,-5.210449,-1.2604492,-0.17044921,0.34955078,0.3095508,0.19955078,1.8795508,1.5095508,3.7195508,2.0595508,4.4495506,3.8795507,1.2695508,0.73955077,-0.93044925,0.14955078,1.0195508,-1.0804492,-1.2004492,-1.9004493,-4.0504494,-4.4904494,-4.4004493,-4.830449,-0.39044923,3.0595508,0.55955076,1.2695508,-0.06044922
-5.700449,-7.4004493,-8.06045,-6.660449,-2.830449,-2.3904493,-5.3804493,-3.7004492,-0.4404492,0.019550782,-0.7404492,-0.48044923,-1.9204493,-3.2704492,-3.5304492,4.8295507,3.7195508,0.3695508,3.5495508,3.5895507,2.8495507,4.569551,4.3895507,2.6195507,-0.9604492,-0.42044923,-1.2204492,-1.1604493,-2.6704493,-2.1804492,-1.1904492,-2.0504491,-1.2604492,-3.070449,-1.4604492,-1.8504492,1.5395508,2.8595507,-0.5304492,0.8495508,2.679551,2.8895507,4.3495507,-0.09044922,-1.3704492,-1.5804492,-1.6104492,-3.2204492,-4.750449,-5.940449,-7.370449,-1.8204492,-5.080449,-2.2104492,2.1895509,0.9195508,1.3895508,-1.4904492
-3.0004492,-4.540449,-5.9704494,-4.480449,-5.180449,-6.160449,-7.200449,-1.4704492,-3.1704493,-1.9904492,-1.4204493,-2.9004493,-3.9404492,-0.29044923,1.4095508,2.3495507,3.6395507,3.3395507,0.56955075,3.4795508,2.8395507,3.4395509,1.0295508,-1.7004492,-0.3104492,-2.7804492,-1.6604493,-2.1704493,-2.8804493,-1.3404492,-2.0304492,-1.6004492,-2.0104492,-3.320449,-1.9904492,-1.5904492,1.6095508,3.5995507,-1.1304492,-1.5604492,2.4395509,-0.2804492,0.7895508,-2.8804493,-1.0804492,-3.4104493,-3.1804492,-3.5504491,-5.520449,-7.080449,-4.8404493,-4.6304493,-4.560449,-1.1804492,1.4395508,0.47955078,-1.1404492,-1.6904492
-3.4104493,-6.040449,-5.810449,-7.0704494,-5.3604493,-2.4804492,-5.040449,-4.3604493,-6.3404493,-1.9104493,2.9095507,-0.40044922,-0.76044923,-1.7204492,0.45955077,4.8295507,2.0395508,1.5895507,-1.4604492,2.4495509,0.80955076,0.6595508,1.2495508,-0.94044924,-3.6004493,-5.3404493,-4.6304493,-5.4204493,-1.6904492,-2.3704493,-0.6004492,-3.7304492,-4.1104493,-5.0104494,-3.330449,-2.6504493,-0.22044922,3.5695508,0.55955076,-1.0504493,0.5895508,-1.9404492,-2.1304493,-0.9904492,-1.6504493,-5.560449,-3.6004493,-1.3604492,-2.9804492,-5.8604493,-4.390449,-6.120449,-3.4804492,-0.94044924,-0.4404492,-1.0304493,-0.93044925,-1.0204492
-3.4704492,-9.02045,-5.6504493,-8.550449,-7.0904493,-1.8204492,-7.770449,0.48955077,-5.7404494,0.3695508,1.3395507,-5.270449,-2.4704492,-2.9904492,1.3495507,-1.1704493,-2.1604493,-0.6704492,1.0295508,2.4895508,-0.05044922,-1.1704493,-4.0704494,-1.0304493,-1.6404492,-2.820449,-4.3804493,-4.1504493,-2.9104493,-0.8004492,-5.4004493,-7.180449,-5.9204493,-7.8804493,-4.0504494,-3.8504493,-0.9704492,2.2295508,0.5995508,0.5395508,-0.42044923,-1.9504492,-2.8604493,-3.820449,-1.0104492,-3.2804492,-1.1904492,-3.9104493,-3.8704493,-3.9304492,-5.3004494,-7.440449,-4.0304494,-2.1904492,-0.46044922,0.22955078,0.009550781,-0.6004492
-2.6204493,-7.9004493,-6.540449,-3.9204493,-1.9104493,-1.4204493,-5.0904493,0.9495508,-3.9004493,-1.6104492,-4.000449,-5.870449,-8.050449,-5.1504493,-5.060449,-3.8804493,-8.000449,-2.330449,-6.160449,-3.6304493,-1.0404493,-0.7904492,1.8995508,-3.0204492,-2.6204493,-1.7604492,-1.3804492,-2.8004491,0.5995508,-4.680449,-1.9104493,-4.390449,-2.3004491,-1.6804492,0.38955078,-3.2004492,-0.49044922,0.2795508,0.3395508,0.29955077,-1.2204492,-1.0104492,-2.7804492,-3.3704493,-2.070449,-2.9304492,-3.070449,-4.930449,-2.5404491,-2.5304492,-4.580449,-6.120449,-4.940449,-2.3604493,-1.1204492,0.15955079,-0.30044922,-0.27044922
-4.790449,-5.950449,-6.730449,-3.4304492,-3.8004491,-4.0904493,0.62955076,-2.1704493,-3.9304492,-2.580449,-6.520449,-8.990449,-5.5304494,-5.940449,-7.2204494,-8.260449,-6.620449,-4.9204493,-5.7604494,-5.080449,-1.3004493,-0.3804492,-0.76044923,-2.8704493,-2.9904492,-3.1704493,-2.5504491,-2.4804492,-4.2604494,-5.9004493,-2.4904492,-5.3204494,-3.0604491,-2.830449,-2.2004492,-3.4104493,-5.6104493,-1.7204492,1.2895508,0.8995508,-0.46044922,-1.2404492,-2.6404493,-2.070449,-5.460449,-3.0304492,-3.3004491,-2.1204493,-4.230449,-5.950449,-6.810449,-5.520449,-3.0904493,-0.3404492,0.5795508,1.2495508,1.4395508,0.56955075
-6.4904494,-9.570449,-6.4904494,-7.290449,-4.4704494,-3.4604492,-1.2904493,-2.4204493,-3.1004493,-6.680449,-6.5704494,-8.000449,-6.690449,-8.620449,-8.150449,-7.1104493,-5.500449,-8.900449,-7.3604493,-7.8604493,-6.4004493,-3.9004493,-4.2604494,-4.270449,-4.020449,-2.3804493,-2.9904492,-5.100449,-7.830449,-7.4204493,-6.810449,-4.960449,-6.290449,-9.300449,-5.560449,-7.230449,-9.410449,-4.830449,-1.5704492,-1.6304492,1.4395508,-0.37044922,-0.51044923,-1.7504492,-3.2604492,-6.6304493,-4.870449,-4.9904494,-7.180449,-6.8804493,-7.250449,-4.1104493,-1.0704492,1.0295508,1.4695507,1.7095507,1.6595508,1.4795508
-6.200449,-9.98045,-9.110449,-9.6804495,-6.6504493,-5.830449,-6.5504494,-5.830449,-6.890449,-6.710449,-9.630449,-10.280449,-7.950449,-6.3404493,-0.5804492,-1.4504492,0.12955078,0.07955078,-0.4704492,-4.8604493,-7.8404493,-5.1704493,-7.1104493,-5.4704494,-7.350449,-5.580449,-7.6304493,-9.820449,-8.830449,-9.9304495,-8.9304495,-10.800449,-9.840449,-11.420449,-7.810449,-10.440449,-8.280449,-9.35045,-2.2004492,1.2895508,-1.0004492,-0.37044922,-1.7704492,0.34955078,-1.2704492,-4.040449,-3.0904493,-2.6604493,-5.7804494,-7.770449,-6.940449,-3.3804493,-0.7804492,0.87955076,1.2295508,0.8295508,1.0595508,1.6995507
-10.06045,-9.470449,-9.710449,-11.10045,-10.220449,-9.750449,-7.1104493,-8.98045,-11.050449,-10.340449,-8.590449,-9.220449,-5.3204494,-2.4704492,-1.8004493,1.2695508,1.7095507,2.179551,-0.26044923,-0.15044922,-3.8404493,-7.160449,-4.2604494,-10.510449,-7.790449,-8.970449,-10.030449,-10.650449,-10.6804495,-11.410449,-14.510449,-11.940449,-10.73045,-9.800449,-11.010449,-10.490449,-5.980449,-1.9104493,-0.5504492,-0.5304492,0.12955078,1.5695508,2.0795507,2.6595507,-0.9004492,-0.21044922,-1.7904493,-3.2304492,-4.460449,-6.000449,-3.1404493,-1.1804492,-0.8504492,-0.14044923,-0.26044923,-0.23044921,0.12955078,1.1795508
