views/data/weather/2019/09/30/0000-wind-isobaric-10hPa-gfs-1.0.json
{"header": { "discipline":0, "disciplineName":"Meteorological products", "gribEdition":2, "gribLength":43851, "center":7, "centerName":"US National Weather Service - NCEP(WMC)", "subcenter":0, "refTime":"2019-09-30T00:00:00.000Z", "significanceOfRT":1, "significanceOfRTName":"Start of forecast", "productStatus":0, "productStatusName":"Operational products", "productType":1, "productTypeName":"Forecast products", "productDefinitionTemplate":0, "productDefinitionTemplateName":"Analysis/forecast at horizontal level/layer at a point in time", "parameterCategory":2, "parameterCategoryName":"Momentum", "parameterNumber":2, "parameterNumberName":"U-component_of_wind", "parameterUnit":"m.s-1", "genProcessType":2, "genProcessTypeName":"Forecast", "forecastTime":0, "surface1Type":100, "surface1TypeName":"Isobaric surface", "surface1Value":1000.0, "surface2Type":255, "surface2TypeName":"Missing", "surface2Value":0.0, "gridDefinitionTemplate":0, "gridDefinitionTemplateName":"Latitude_Longitude", "numberPoints":65160, "shape":6, "shapeName":"Earth spherical with radius of 6,371,229.0 m", "gridUnits":"degrees", "resolution":48, "winds":"true", "scanMode":0, "nx":360, "ny":181, "basicAngle":0, "lo1":0.0, "la1":90.0, "lo2":359.0, "la2":-90.0, "dx":1.0, "dy":1.0 }, "data":
[rows 130 to 155 of 181, columns 118 to 176 of 360]
-12.180609,-12.480609,-12.580609,-14.3806095,-14.8806095,-14.080609,-13.3806095,-12.480609,-12.980609,-12.780609,-12.280609,-10.8806095,-10.480609,-10.780609,-10.280609,-10.080609,-11.480609,-12.180609,-11.780609,-11.680609,-12.080609,-11.980609,-12.080609,-13.080609,-13.780609,-14.180609,-14.080609,-14.3806095,-13.980609,-14.580609,-14.580609,-14.480609,-15.3806095,-15.680609,-15.780609,-16.180609,-15.480609,-15.680609,-16.28061,-16.080608,-16.38061,-15.8806095,-15.780609,-15.580609,-16.28061,-16.88061,-17.38061,-17.48061,-17.98061,-18.680609,-19.28061,-19.38061,-18.180609,-18.38061,-18.48061,-18.38061,-17.680609,-18.88061,-18.48061
-12.280609,-12.080609,-11.8806095,-13.3806095,-15.080609,-13.680609,-13.8806095,-13.280609,-13.580609,-13.580609,-12.580609,-11.980609,-10.780609,-10.8806095,-9.680609,-10.080609,-10.8806095,-11.3806095,-10.280609,-10.580609,-10.580609,-10.780609,-11.280609,-11.8806095,-13.3806095,-14.180609,-13.980609,-13.680609,-13.8806095,-13.580609,-13.780609,-14.180609,-14.680609,-15.3806095,-15.180609,-15.580609,-14.980609,-14.680609,-15.580609,-16.180609,-15.980609,-15.980609,-15.280609,-15.480609,-15.980609,-16.88061,-17.28061,-17.180609,-17.78061,-18.680609,-19.28061,-19.180609,-18.88061,-17.98061,-17.680609,-18.38061,-18.580608,-19.080608,-19.48061
-12.180609,-12.080609,-11.980609,-12.480609,-13.3806095,-14.080609,-14.280609,-13.3806095,-13.3806095,-13.3806095,-12.8806095,-12.280609,-11.480609,-10.580609,-10.980609,-10.080609,-10.480609,-10.180609,-9.3806095,-9.480609,-10.3806095,-10.980609,-11.180609,-11.8806095,-12.980609,-13.980609,-14.480609,-12.8806095,-12.980609,-12.780609,-13.3806095,-13.680609,-13.680609,-14.680609,-14.8806095,-14.680609,-14.8806095,-14.680609,-14.580609,-15.280609,-16.080608,-15.780609,-16.28061,-15.580609,-15.980609,-16.98061,-17.78061,-17.48061,-17.580608,-17.88061,-18.580608,-19.48061,-18.88061,-18.080608,-17.580608,-18.98061,-19.78061,-20.38061,-19.78061
-12.8806095,-12.980609,-12.3806095,-12.680609,-13.080609,-13.8806095,-14.080609,-14.8806095,-14.280609,-14.280609,-13.480609,-12.8806095,-11.8806095,-11.280609,-11.180609,-11.8806095,-11.280609,-10.980609,-11.080609,-11.280609,-11.780609,-12.3806095,-11.780609,-12.480609,-13.580609,-14.280609,-13.680609,-13.280609,-11.980609,-12.480609,-12.780609,-13.180609,-13.3806095,-13.980609,-15.280609,-14.780609,-14.8806095,-14.680609,-14.480609,-14.780609,-16.180609,-16.180609,-16.48061,-16.38061,-16.38061,-17.48061,-17.88061,-18.180609,-18.180609,-17.88061,-17.88061,-18.680609,-18.78061,-18.88061,-18.78061,-19.080608,-20.080608,-20.680609,-20.080608
-13.680609,-13.580609,-13.180609,-13.480609,-13.180609,-13.680609,-14.480609,-14.780609,-14.780609,-13.8806095,-13.3806095,-12.580609,-12.280609,-12.3806095,-11.980609,-12.480609,-12.080609,-12.280609,-13.480609,-13.480609,-13.480609,-12.780609,-12.680609,-13.180609,-13.8806095,-13.8806095,-13.680609,-13.3806095,-12.3806095,-12.180609,-12.780609,-13.580609,-13.3806095,-13.3806095,-13.980609,-14.680609,-14.680609,-14.780609,-14.480609,-13.780609,-15.8806095,-16.580608,-16.680609,-17.180609,-16.98061,-17.580608,-18.28061,-18.88061,-18.88061,-18.48061,-17.580608,-18.180609,-19.78061,-21.28061,-21.180609,-20.080608,-20.28061,-20.180609,-20.080608
-13.980609,-14.080609,-13.8806095,-14.180609,-13.980609,-14.580609,-15.280609,-14.780609,-15.180609,-14.280609,-14.080609,-13.680609,-13.080609,-12.580609,-12.280609,-12.280609,-12.280609,-13.080609,-14.080609,-15.180609,-13.980609,-13.3806095,-13.180609,-13.280609,-13.680609,-13.980609,-14.080609,-13.3806095,-13.180609,-12.680609,-12.580609,-12.8806095,-13.480609,-13.980609,-13.780609,-13.780609,-14.280609,-14.780609,-14.280609,-13.780609,-15.280609,-16.88061,-17.080608,-17.78061,-17.680609,-18.48061,-19.48061,-19.88061,-19.38061,-19.680609,-19.98061,-19.88061,-20.580608,-21.78061,-21.48061,-21.080608,-20.78061,-19.78061,-20.180609
-14.8806095,-14.780609,-14.580609,-14.3806095,-14.580609,-14.580609,-14.780609,-15.180609,-16.180609,-15.580609,-15.480609,-15.180609,-14.280609,-12.8806095,-12.680609,-12.180609,-12.680609,-14.180609,-15.180609,-14.980609,-14.680609,-14.080609,-13.780609,-13.8806095,-14.280609,-13.780609,-13.8806095,-13.8806095,-13.480609,-12.680609,-12.780609,-12.280609,-13.180609,-13.3806095,-13.480609,-14.180609,-13.980609,-14.8806095,-14.980609,-14.780609,-15.3806095,-17.28061,-17.78061,-18.680609,-18.28061,-19.580608,-20.78061,-21.080608,-20.98061,-20.88061,-20.78061,-21.28061,-20.78061,-21.180609,-20.580608,-19.88061,-19.580608,-19.28061,-19.28061
-15.3806095,-14.780609,-14.480609,-14.480609,-14.180609,-14.680609,-14.780609,-15.3806095,-16.28061,-16.28061,-15.980609,-15.8806095,-14.180609,-13.280609,-13.3806095,-13.580609,-13.980609,-14.3806095,-14.480609,-14.680609,-14.180609,-14.780609,-14.680609,-14.480609,-13.680609,-13.3806095,-12.780609,-12.8806095,-12.8806095,-12.780609,-12.280609,-12.280609,-12.680609,-13.580609,-13.580609,-14.180609,-14.280609,-15.280609,-16.080608,-16.080608,-16.080608,-17.180609,-17.98061,-19.48061,-18.88061,-19.180609,-20.080608,-20.88061,-20.680609,-21.28061,-20.580608,-20.48061,-20.680609,-20.28061,-18.98061,-18.48061,-18.580608,-18.580608,-19.38061
-14.680609,-14.780609,-14.180609,-13.8806095,-13.480609,-13.780609,-13.980609,-14.980609,-15.480609,-15.680609,-15.8806095,-15.280609,-14.580609,-14.180609,-14.280609,-13.780609,-14.580609,-14.480609,-13.780609,-13.680609,-13.980609,-14.280609,-14.680609,-14.580609,-13.980609,-12.680609,-12.780609,-12.580609,-12.080609,-12.280609,-11.980609,-12.3806095,-11.8806095,-13.280609,-13.280609,-14.3806095,-14.8806095,-15.080609,-16.38061,-16.080608,-16.680609,-17.680609,-18.680609,-18.98061,-18.680609,-18.580608,-18.88061,-19.78061,-20.080608,-19.580608,-19.180609,-19.28061,-18.680609,-18.680609,-18.48061,-18.180609,-18.38061,-18.78061,-19.28061
-13.680609,-13.480609,-13.580609,-13.080609,-12.980609,-13.3806095,-13.580609,-14.080609,-14.780609,-15.280609,-15.580609,-15.180609,-15.580609,-14.8806095,-14.480609,-13.780609,-13.680609,-13.280609,-13.080609,-12.3806095,-13.180609,-13.280609,-13.780609,-13.3806095,-13.180609,-12.680609,-12.480609,-12.180609,-11.680609,-11.680609,-11.8806095,-11.680609,-11.980609,-13.3806095,-13.780609,-14.8806095,-14.980609,-15.080609,-16.28061,-16.88061,-17.180609,-17.98061,-17.98061,-18.78061,-18.580608,-17.580608,-17.680609,-17.98061,-18.48061,-18.78061,-18.28061,-17.88061,-17.98061,-18.180609,-18.28061,-18.580608,-18.580608,-18.48061,-18.080608
-12.580609,-12.980609,-12.980609,-12.3806095,-12.680609,-12.8806095,-12.8806095,-13.080609,-13.580609,-14.580609,-14.480609,-15.280609,-15.580609,-14.780609,-14.280609,-13.180609,-12.780609,-12.8806095,-11.8806095,-11.980609,-11.980609,-12.8806095,-12.8806095,-12.780609,-12.080609,-11.780609,-11.8806095,-11.8806095,-11.580609,-11.8806095,-11.3806095,-11.680609,-13.080609,-13.680609,-13.8806095,-14.3806095,-15.3806095,-15.080609,-16.180609,-16.48061,-16.680609,-17.080608,-16.680609,-16.88061,-16.98061,-16.48061,-16.28061,-16.98061,-17.680609,-17.78061,-17.38061,-16.98061,-16.78061,-16.78061,-16.38061,-16.48061,-16.88061,-16.580608,-16.48061
-11.3806095,-11.980609,-12.080609,-11.8806095,-11.280609,-11.580609,-12.180609,-11.980609,-11.8806095,-12.280609,-13.480609,-13.8806095,-14.680609,-14.080609,-13.780609,-13.180609,-12.780609,-11.280609,-11.480609,-11.8806095,-11.680609,-12.180609,-11.680609,-11.680609,-11.3806095,-10.780609,-11.080609,-10.680609,-11.280609,-11.280609,-11.580609,-11.580609,-12.780609,-13.480609,-13.780609,-13.780609,-15.080609,-14.780609,-15.280609,-15.580609,-15.180609,-15.3806095,-15.480609,-15.480609,-16.48061,-16.38061,-15.980609,-15.980609,-16.680609,-17.48061,-17.38061,-16.580608,-15.8806095,-15.780609,-15.3806095,-14.980609,-14.8806095,-14.780609,-14.780609
-9.8806095,-10.580609,-10.8806095,-11.280609,-10.780609,-10.580609,-10.580609,-10.8806095,-11.280609,-11.680609,-11.580609,-12.280609,-13.180609,-13.280609,-12.780609,-12.280609,-11.580609,-11.180609,-10.980609,-10.980609,-10.980609,-11.580609,-10.780609,-10.3806095,-10.780609,-10.780609,-10.580609,-9.680609,-10.780609,-11.280609,-11.180609,-11.280609,-12.280609,-13.580609,-13.980609,-13.180609,-14.680609,-14.480609,-14.480609,-14.8806095,-14.280609,-14.8806095,-14.680609,-14.280609,-15.580609,-15.8806095,-15.280609,-14.680609,-14.680609,-15.3806095,-15.980609,-15.780609,-15.080609,-14.780609,-14.3806095,-13.980609,-12.980609,-12.780609,-13.480609
-8.280609,-9.580609,-9.980609,-9.8806095,-9.980609,-9.680609,-9.580609,-9.480609,-9.980609,-10.080609,-10.580609,-10.480609,-10.8806095,-11.480609,-11.280609,-10.780609,-10.580609,-10.180609,-10.180609,-10.180609,-9.580609,-10.180609,-9.780609,-9.8806095,-9.680609,-9.780609,-9.980609,-10.280609,-8.780609,-11.080609,-10.980609,-10.780609,-11.180609,-12.480609,-12.480609,-12.680609,-12.8806095,-13.8806095,-13.280609,-13.8806095,-13.080609,-12.980609,-13.780609,-13.280609,-13.580609,-14.180609,-13.8806095,-13.3806095,-13.280609,-13.680609,-13.980609,-13.780609,-13.580609,-13.180609,-12.780609,-12.480609,-12.080609,-12.080609,-12.480609
-7.180609,-7.980609,-8.580609,-9.080609,-9.3806095,-8.980609,-8.8806095,-9.080609,-8.980609,-9.080609,-9.180609,-8.680609,-9.280609,-9.280609,-9.580609,-9.580609,-9.280609,-8.580609,-8.8806095,-9.3806095,-9.180609,-9.580609,-9.3806095,-9.3806095,-9.3806095,-9.580609,-8.980609,-9.980609,-8.8806095,-9.180609,-9.680609,-9.680609,-9.480609,-11.8806095,-10.8806095,-11.680609,-11.580609,-12.480609,-12.180609,-12.580609,-12.080609,-11.580609,-12.280609,-12.180609,-11.980609,-12.580609,-12.680609,-12.080609,-11.3806095,-11.780609,-12.480609,-12.780609,-12.480609,-11.8806095,-11.480609,-11.480609,-11.580609,-11.3806095,-11.3806095
-6.180609,-6.780609,-7.5806093,-7.980609,-8.280609,-8.180609,-7.880609,-7.680609,-7.5806093,-7.180609,-7.280609,-7.5806093,-7.5806093,-7.5806093,-7.880609,-8.080609,-7.980609,-7.5806093,-7.880609,-7.880609,-7.980609,-7.780609,-9.480609,-8.580609,-8.680609,-8.480609,-8.180609,-8.480609,-8.280609,-8.080609,-8.180609,-7.880609,-9.580609,-9.480609,-10.180609,-10.080609,-9.780609,-10.8806095,-10.980609,-11.3806095,-10.3806095,-9.580609,-10.280609,-10.480609,-10.580609,-11.080609,-10.780609,-10.680609,-10.280609,-9.980609,-10.180609,-10.3806095,-10.180609,-9.8806095,-9.580609,-9.080609,-9.080609,-9.080609,-8.780609
-4.780609,-5.480609,-6.280609,-6.880609,-6.980609,-6.680609,-6.280609,-6.280609,-6.480609,-6.280609,-5.880609,-5.980609,-5.680609,-5.880609,-6.180609,-6.680609,-6.880609,-7.280609,-7.380609,-7.0806093,-7.0806093,-6.680609,-6.780609,-7.680609,-7.5806093,-7.680609,-7.880609,-7.480609,-7.880609,-6.980609,-6.480609,-6.5806093,-7.180609,-7.180609,-9.480609,-7.780609,-8.580609,-9.580609,-9.280609,-9.480609,-8.980609,-8.180609,-7.880609,-8.680609,-8.180609,-8.680609,-9.480609,-9.480609,-9.080609,-8.780609,-8.980609,-8.8806095,-8.3806095,-7.780609,-7.280609,-6.880609,-6.880609,-7.0806093,-7.0806093
-3.080609,-3.880609,-4.5806093,-5.180609,-5.380609,-5.180609,-4.880609,-4.480609,-4.680609,-4.980609,-4.780609,-4.380609,-4.280609,-4.180609,-4.480609,-5.0806093,-5.680609,-6.0806093,-6.280609,-6.380609,-5.880609,-5.780609,-6.0806093,-6.0806093,-6.180609,-6.380609,-6.880609,-6.280609,-6.480609,-6.480609,-5.780609,-4.980609,-5.5806093,-6.380609,-7.680609,-7.0806093,-6.680609,-7.480609,-7.0806093,-7.180609,-7.5806093,-6.780609,-6.180609,-6.680609,-6.280609,-6.0806093,-6.780609,-7.480609,-7.380609,-6.5806093,-6.0806093,-6.180609,-6.480609,-6.180609,-5.880609,-5.780609,-5.780609,-5.680609,-5.5806093
-1.2806091,-1.6806091,-2.880609,-3.7806091,-3.880609,-3.580609,-3.080609,-2.4806092,-2.380609,-2.580609,-2.880609,-3.080609,-2.9806092,-3.080609,-3.2806091,-3.7806091,-4.0806093,-4.380609,-4.880609,-4.880609,-4.980609,-4.5806093,-4.880609,-5.0806093,-4.880609,-5.380609,-5.280609,-5.380609,-5.380609,-5.5806093,-4.680609,-4.780609,-4.5806093,-5.180609,-5.780609,-5.780609,-5.0806093,-5.780609,-6.180609,-5.5806093,-6.180609,-5.280609,-4.380609,-4.480609,-4.5806093,-4.0806093,-4.280609,-5.180609,-5.5806093,-5.5806093,-4.980609,-4.0806093,-3.7806091,-4.180609,-4.280609,-3.880609,-3.6806092,-3.580609,-3.580609
0.21939087,0.11939087,-0.38060912,-1.1806091,-1.9806092,-1.9806092,-1.4806092,-1.1806091,-0.78060913,-0.58060914,-0.58060914,-1.2806091,-1.5806091,-1.5806091,-1.7806091,-2.380609,-2.9806092,-2.9806092,-3.080609,-3.080609,-3.4806092,-3.2806091,-3.580609,-3.2806091,-2.6806092,-2.7806091,-3.080609,-3.580609,-3.7806091,-3.4806092,-3.880609,-3.580609,-3.7806091,-4.480609,-4.5806093,-4.480609,-3.4806092,-3.9806092,-4.280609,-3.4806092,-3.9806092,-4.0806093,-3.080609,-2.380609,-2.6806092,-2.380609,-2.1806092,-2.4806092,-2.9806092,-3.380609,-3.4806092,-3.2806091,-2.7806091,-2.080609,-1.7806091,-1.8806092,-1.9806092,-1.4806092,-0.9806091
3.0193908,2.5193908,2.619391,2.119391,1.3193909,0.71939087,0.61939085,0.8193909,0.91939086,1.1193908,0.61939085,0.41939086,0.5193909,0.01939087,0.11939087,-0.18060914,-0.78060913,-1.0806091,-1.5806091,-1.7806091,-1.9806092,-2.080609,-1.5806091,-1.4806092,-1.2806091,-1.1806091,-1.7806091,-1.6806091,-1.6806091,-1.6806091,-2.1806092,-2.080609,-2.1806092,-2.880609,-3.080609,-2.9806092,-1.7806091,-2.1806092,-2.7806091,-1.6806091,-1.8806092,-2.080609,-1.4806092,-0.6806091,-0.6806091,-1.0806091,-0.88060915,-1.1806091,-1.1806091,-1.1806091,-1.1806091,-1.2806091,-1.3806092,-0.6806091,-0.08060913,0.5193909,0.91939086,1.3193909,1.1193908
7.019391,5.9193907,5.519391,5.019391,4.119391,4.019391,3.8193908,3.3193908,3.3193908,3.0193908,2.619391,2.5193908,2.3193908,2.3193908,1.8193909,1.4193909,1.1193908,0.91939086,0.91939086,0.61939085,0.21939087,0.31939086,0.5193909,0.11939087,0.21939087,0.11939087,0.11939087,0.5193909,0.31939086,-0.28060913,0.5193909,-0.28060913,-0.08060913,-0.48060912,-1.0806091,-0.9806091,0.11939087,-0.18060914,-1.0806091,-0.48060912,-0.48060912,-0.38060912,0.01939087,0.8193909,1.1193908,0.71939087,0.8193909,0.71939087,0.8193909,0.31939086,0.31939086,0.31939086,0.71939087,1.2193909,1.6193908,2.0193908,2.5193908,2.919391,3.419391
9.6193905,9.1193905,8.419391,8.019391,7.619391,7.019391,6.619391,6.319391,6.219391,5.719391,5.019391,5.119391,4.9193907,4.219391,4.219391,3.919391,3.5193908,3.419391,3.7193909,3.419391,3.3193908,3.0193908,3.119391,2.919391,2.7193909,2.5193908,2.419391,2.3193908,1.9193909,2.7193909,2.3193908,2.619391,2.619391,2.419391,1.4193909,1.8193909,2.419391,1.8193909,1.2193909,1.4193909,1.0193908,0.91939086,1.2193909,1.8193909,2.419391,2.2193909,1.8193909,2.3193908,2.119391,2.0193908,2.119391,2.2193909,2.419391,2.919391,3.5193908,4.119391,3.7193909,4.519391,4.819391
12.819391,12.1193905,11.719391,11.6193905,11.1193905,10.1193905,9.219391,8.719391,8.519391,8.319391,8.219391,8.1193905,7.719391,7.219391,6.519391,5.719391,5.4193907,5.619391,5.819391,5.719391,5.619391,5.9193907,6.319391,6.019391,6.019391,5.9193907,5.319391,4.819391,4.519391,4.119391,4.9193907,5.119391,4.819391,4.619391,4.219391,4.4193907,4.819391,4.319391,3.7193909,3.7193909,3.419391,2.8193908,2.5193908,2.919391,3.5193908,3.5193908,2.919391,2.8193908,2.919391,3.3193908,3.419391,3.5193908,4.219391,4.4193907,4.619391,5.219391,5.319391,6.819391,6.819391
15.919391,14.719391,14.219391,14.219391,14.219391,13.719391,12.6193905,11.519391,10.419391,10.519391,10.6193905,10.319391,9.719391,9.419391,9.219391,8.6193905,8.019391,7.719391,7.319391,7.119391,8.519391,9.6193905,9.419391,9.1193905,9.419391,8.519391,7.619391,7.319391,6.819391,7.219391,7.319391,7.219391,6.9193907,6.619391,6.519391,7.119391,6.819391,6.319391,6.4193907,6.4193907,6.4193907,5.519391,4.819391,4.519391,4.4193907,4.9193907,4.9193907,4.319391,4.519391,4.719391,5.019391,5.619391,6.119391,5.9193907,6.319391,6.519391,6.4193907,7.019391,6.719391
16.61939,17.01939,17.319391,16.919392,15.819391,15.6193905,15.1193905,13.719391,13.219391,13.1193905,13.1193905,12.919391,12.219391,11.219391,11.6193905,11.919391,10.919391,10.1193905,9.919391,10.419391,11.1193905,11.6193905,11.919391,11.819391,11.019391,10.519391,10.319391,9.819391,9.819391,9.919391,10.219391,9.6193905,9.819391,9.6193905,9.719391,9.819391,9.319391,9.1193905,9.019391,9.1193905,8.919391,8.519391,7.9193907,7.719391,7.619391,7.319391,7.4193907,7.619391,7.619391,7.719391,7.9193907,7.9193907,7.9193907,8.6193905,8.6193905,9.019391,8.519391,8.319391,8.6193905
