views/data/weather/2019/09/30/0000-wind-isobaric-10hPa-gfs-1.0.json
{"header": { "discipline":0, "disciplineName":"Meteorological products", "gribEdition":2, "gribLength":43851, "center":7, "centerName":"US National Weather Service - NCEP(WMC)", "subcenter":0, "refTime":"2019-09-30T00:00:00.000Z", "significanceOfRT":1, "significanceOfRTName":"Start of forecast", "productStatus":0, "productStatusName":"Operational products", "productType":1, "productTypeName":"Forecast products", "productDefinitionTemplate":0, "productDefinitionTemplateName":"Analysis/forecast at horizontal level/layer at a point in time", "parameterCategory":2, "parameterCategoryName":"Momentum", "parameterNumber":2, "parameterNumberName":"U-component_of_wind", "parameterUnit":"m.s-1", "genProcessType":2, "genProcessTypeName":"Forecast", "forecastTime":0, "surface1Type":100, "surface1TypeName":"Isobaric surface", "surface1Value":1000.0, "surface2Type":255, "surface2TypeName":"Missing", "surface2Value":0.0, "gridDefinitionTemplate":0, "gridDefinitionTemplateName":"Latitude_Longitude", "numberPoints":65160, "shape":6, "shapeName":"Earth spherical with radius of 6,371,229.0 m", "gridUnits":"degrees", "resolution":48, "winds":"true", "scanMode":0, "nx":360, "ny":181, "basicAngle":0, "lo1":0.0, "la1":90.0, "lo2":359.0, "la2":-90.0, "dx":1.0, "dy":1.0 }, "data":
[rows 0 to 25 of 181, columns 295 to 353 of 360]
2.3193908,2.3193908,2.2193909,2.119391,2.0193908,1.9193909,1.8193909,1.8193909,1.7193909,1.6193908,1.5193908,1.4193909,1.3193909,1.2193909,1.2193909,1.1193908,1.0193908,0.91939086,0.8193909,0.71939087,0.61939085,0.5193909,0.41939086,0.41939086,0.31939086,0.21939087,0.11939087,0.01939087,-0.08060913,-0.18060914,-0.28060913,-0.38060912,-0.48060912,-0.48060912,-0.58060914,-0.6806091,-0.78060913,-0.88060915,-0.9806091,-1.0806091,-1.1806091,-1.2806091,-1.2806091,-1.3806092,-1.4806092,-1.5806091,-1.6806091,-1.7806091,-1.8806092,-1.8806092,-1.9806092,-2.080609,-2.1806092,-2.2806091,-2.2806091,-2.380609,-2.4806092,-2.580609,-2.6806092
3.0193908,2.919391,2.8193908,2.7193909,2.619391,2.5193908,2.419391,2.3193908,2.2193909,2.2193909,2.119391,2.0193908,1.9193909,1.8193909,1.7193909,1.6193908,1.6193908,1.5193908,1.4193909,1.3193909,1.2193909,1.1193908,1.0193908,1.0193908,0.91939086,0.8193909,0.71939087,0.61939085,0.5193909,0.5193909,0.41939086,0.31939086,0.21939087,0.11939087,0.01939087,0.01939087,-0.08060913,-0.18060914,-0.18060914,-0.28060913,-0.38060912,-0.38060912,-0.48060912,-0.58060914,-0.58060914,-0.6806091,-0.78060913,-0.78060913,-0.88060915,-0.9806091,-0.9806091,-1.0806091,-1.0806091,-1.1806091,-1.1806091,-1.2806091,-1.3806092,-1.3806092,-1.4806092
3.5193908,3.419391,3.3193908,3.3193908,3.2193909,3.119391,3.0193908,3.0193908,2.919391,2.8193908,2.7193909,2.619391,2.619391,2.5193908,2.419391,2.3193908,2.2193909,2.119391,2.0193908,1.9193909,1.8193909,1.7193909,1.6193908,1.5193908,1.4193909,1.4193909,1.3193909,1.2193909,1.1193908,1.1193908,1.0193908,0.91939086,0.91939086,0.8193909,0.71939087,0.71939087,0.61939085,0.61939085,0.61939085,0.5193909,0.5193909,0.5193909,0.41939086,0.41939086,0.31939086,0.31939086,0.21939087,0.21939087,0.11939087,0.11939087,0.01939087,0.01939087,-0.08060913,-0.08060913,-0.08060913,-0.18060914,-0.18060914,-0.18060914,-0.28060913
4.619391,4.519391,4.4193907,4.4193907,4.319391,4.219391,4.119391,4.019391,4.019391,3.919391,3.919391,3.8193908,3.7193909,3.619391,3.5193908,3.419391,3.3193908,3.2193909,3.119391,3.0193908,2.919391,2.7193909,2.619391,2.5193908,2.3193908,2.2193909,2.0193908,1.9193909,1.7193909,1.6193908,1.5193908,1.4193909,1.3193909,1.2193909,1.1193908,1.0193908,0.91939086,0.8193909,0.71939087,0.71939087,0.61939085,0.61939085,0.5193909,0.41939086,0.41939086,0.31939086,0.21939087,0.21939087,0.11939087,0.11939087,0.01939087,0.01939087,0.01939087,-0.08060913,-0.08060913,-0.08060913,-0.18060914,-0.18060914,-0.28060913
5.319391,5.219391,5.119391,5.019391,5.019391,5.019391,4.9193907,4.9193907,4.9193907,4.9193907,4.9193907,4.9193907,4.9193907,4.819391,4.819391,4.719391,4.619391,4.519391,4.519391,4.4193907,4.319391,4.219391,4.119391,4.019391,3.919391,3.7193909,3.619391,3.5193908,3.419391,3.3193908,3.119391,3.0193908,2.8193908,2.7193909,2.5193908,2.419391,2.2193909,2.119391,1.9193909,1.7193909,1.6193908,1.4193909,1.3193909,1.1193908,1.0193908,0.91939086,0.8193909,0.71939087,0.71939087,0.61939085,0.61939085,0.5193909,0.5193909,0.41939086,0.41939086,0.41939086,0.31939086,0.31939086,0.21939087
6.519391,6.619391,6.619391,6.719391,6.719391,6.719391,6.719391,6.719391,6.719391,6.719391,6.719391,6.719391,6.719391,6.719391,6.619391,6.519391,6.4193907,6.219391,6.119391,6.019391,5.819391,5.719391,5.519391,5.319391,5.219391,4.9193907,4.719391,4.619391,4.4193907,4.219391,4.019391,3.919391,3.7193909,3.619391,3.419391,3.3193908,3.2193909,3.0193908,2.919391,2.8193908,2.7193909,2.619391,2.5193908,2.419391,2.3193908,2.2193909,2.119391,2.0193908,1.9193909,1.8193909,1.7193909,1.6193908,1.6193908,1.5193908,1.5193908,1.5193908,1.5193908,1.4193909,1.4193909
8.1193905,8.219391,8.219391,8.219391,8.219391,8.219391,8.319391,8.319391,8.219391,8.219391,8.019391,7.9193907,7.719391,7.519391,7.319391,7.119391,6.9193907,6.819391,6.719391,6.619391,6.519391,6.4193907,6.319391,6.119391,6.019391,5.819391,5.619391,5.4193907,5.219391,5.019391,4.819391,4.719391,4.519391,4.4193907,4.219391,4.119391,3.919391,3.7193909,3.419391,3.2193909,2.919391,2.7193909,2.5193908,2.419391,2.2193909,2.119391,2.0193908,1.9193909,1.8193909,1.8193909,1.8193909,1.8193909,1.7193909,1.7193909,1.6193908,1.6193908,1.6193908,1.6193908,1.6193908
8.919391,9.019391,9.1193905,9.1193905,9.219391,9.219391,9.219391,9.219391,9.1193905,9.019391,8.719391,8.519391,8.319391,8.219391,8.019391,7.819391,7.719391,7.519391,7.319391,7.019391,6.819391,6.519391,6.219391,5.9193907,5.719391,5.519391,5.319391,5.119391,5.019391,4.9193907,4.819391,4.719391,4.719391,4.619391,4.619391,4.619391,4.619391,4.4193907,4.4193907,4.4193907,4.219391,4.019391,3.8193908,3.7193909,3.5193908,3.3193908,3.2193909,3.0193908,2.919391,2.8193908,2.7193909,2.7193909,2.7193909,2.619391,2.5193908,2.419391,2.3193908,2.2193909,2.119391
10.519391,10.719391,10.819391,10.819391,10.819391,10.6193905,10.419391,10.219391,10.019391,9.719391,9.519391,9.1193905,8.819391,8.519391,8.1193905,7.819391,7.519391,7.219391,6.9193907,6.519391,6.319391,6.219391,6.219391,6.119391,6.019391,5.819391,5.819391,5.719391,5.719391,5.619391,5.4193907,5.319391,5.219391,5.119391,5.119391,4.9193907,4.819391,4.619391,4.519391,4.519391,4.319391,4.319391,4.219391,4.119391,3.919391,3.8193908,3.619391,3.619391,3.619391,3.5193908,3.419391,3.3193908,3.3193908,3.2193909,3.0193908,2.8193908,2.7193909,2.619391,2.5193908
12.019391,12.1193905,12.1193905,12.019391,11.6193905,11.319391,11.1193905,11.019391,10.819391,10.519391,10.1193905,9.719391,9.419391,9.019391,8.6193905,8.219391,7.819391,7.619391,7.519391,7.4193907,7.319391,7.119391,6.9193907,6.619391,6.4193907,6.319391,6.219391,6.119391,6.019391,5.9193907,5.619391,5.4193907,5.319391,5.119391,5.119391,5.119391,5.119391,5.119391,5.119391,5.019391,5.019391,5.019391,5.019391,4.9193907,5.019391,4.9193907,4.719391,4.4193907,4.219391,3.919391,3.619391,3.3193908,3.119391,2.919391,2.8193908,2.8193908,2.7193909,2.7193909,2.7193909
12.719391,12.819391,12.819391,12.519391,12.1193905,11.919391,11.519391,11.319391,11.019391,10.819391,10.519391,10.1193905,9.719391,9.219391,8.919391,8.819391,8.819391,8.719391,8.6193905,8.319391,7.819391,7.4193907,7.119391,7.119391,6.9193907,6.719391,6.4193907,6.219391,6.019391,5.719391,5.519391,5.519391,5.619391,5.819391,6.019391,6.219391,6.4193907,6.519391,6.619391,6.719391,6.619391,6.519391,6.219391,5.9193907,5.819391,5.519391,5.219391,5.019391,4.719391,4.519391,4.219391,4.119391,4.119391,4.119391,4.119391,4.219391,4.319391,4.4193907,4.619391
12.719391,12.819391,12.819391,12.819391,12.6193905,12.219391,11.6193905,11.019391,10.519391,10.319391,10.1193905,9.719391,9.419391,9.1193905,9.1193905,9.319391,9.519391,9.6193905,9.419391,9.219391,8.919391,8.719391,8.6193905,8.419391,8.1193905,7.619391,7.319391,6.9193907,6.619391,6.4193907,6.219391,6.219391,6.319391,6.4193907,6.619391,6.9193907,7.319391,7.619391,7.9193907,8.219391,8.319391,8.219391,8.019391,7.819391,7.519391,7.219391,6.9193907,6.619391,6.4193907,6.119391,5.9193907,5.819391,5.719391,5.819391,5.9193907,6.019391,5.9193907,5.819391,5.819391
12.719391,12.6193905,12.519391,12.419391,12.219391,11.819391,11.219391,10.519391,9.719391,9.019391,8.819391,8.919391,9.319391,9.719391,10.019391,10.1193905,10.219391,10.519391,10.719391,10.6193905,10.219391,9.919391,9.519391,9.219391,9.019391,8.819391,8.719391,8.6193905,8.6193905,8.519391,8.1193905,7.9193907,7.819391,7.619391,7.319391,7.319391,7.319391,7.4193907,7.819391,8.1193905,8.319391,8.419391,8.519391,8.419391,8.219391,8.019391,7.9193907,7.819391,7.719391,7.519391,7.219391,7.019391,6.819391,6.719391,6.819391,7.019391,7.219391,7.4193907,7.719391
12.519391,12.319391,12.319391,12.319391,12.1193905,11.819391,11.219391,10.6193905,10.019391,9.519391,9.319391,9.219391,9.6193905,10.019391,10.519391,11.019391,11.319391,11.219391,10.919391,10.419391,10.019391,9.819391,9.919391,10.019391,10.1193905,10.1193905,10.319391,10.419391,10.419391,10.219391,9.719391,8.919391,8.419391,8.1193905,7.819391,7.4193907,7.519391,7.619391,8.019391,8.319391,8.519391,8.6193905,8.6193905,8.6193905,8.6193905,8.719391,8.6193905,8.419391,8.1193905,7.719391,7.519391,7.319391,7.319391,7.519391,7.9193907,8.419391,8.6193905,8.719391,8.719391
13.219391,13.219391,13.019391,12.819391,12.319391,11.719391,11.219391,10.819391,10.719391,10.6193905,10.6193905,10.6193905,10.519391,10.519391,10.819391,11.319391,11.819391,12.1193905,12.019391,11.519391,10.819391,10.419391,10.419391,10.6193905,10.819391,10.919391,10.719391,10.319391,10.019391,10.019391,10.019391,10.019391,10.1193905,10.219391,10.1193905,9.919391,9.819391,9.319391,8.819391,8.519391,8.419391,8.419391,8.519391,8.6193905,8.519391,8.6193905,8.6193905,8.519391,8.419391,8.319391,8.1193905,8.1193905,8.1193905,8.019391,7.819391,7.819391,7.9193907,8.019391,8.219391
13.919391,13.519391,12.819391,12.219391,11.719391,11.519391,11.419391,11.519391,11.719391,12.019391,12.319391,12.519391,12.6193905,12.419391,12.1193905,11.919391,12.219391,12.419391,12.419391,12.219391,12.019391,11.719391,11.6193905,11.319391,11.1193905,11.1193905,10.919391,10.519391,10.1193905,9.719391,9.319391,9.219391,9.519391,9.919391,9.6193905,9.6193905,10.019391,10.019391,9.6193905,9.419391,9.219391,9.219391,9.1193905,8.919391,8.819391,8.819391,8.6193905,8.719391,8.919391,8.919391,8.519391,8.219391,7.819391,7.519391,7.4193907,7.4193907,7.619391,7.719391,7.719391
14.519391,13.919391,13.019391,12.1193905,11.6193905,11.519391,11.719391,11.919391,12.1193905,12.319391,12.719391,13.1193905,13.319391,13.519391,13.419391,13.019391,12.6193905,12.319391,12.219391,12.219391,11.919391,11.6193905,11.419391,11.419391,11.319391,11.019391,10.819391,10.819391,10.519391,9.819391,9.319391,9.519391,9.419391,9.1193905,9.1193905,9.319391,9.6193905,9.919391,10.219391,10.519391,10.319391,10.019391,9.6193905,9.319391,9.319391,9.6193905,9.519391,9.319391,9.219391,9.319391,9.019391,8.219391,8.019391,8.1193905,7.719391,7.719391,8.019391,7.719391,7.219391
15.519391,14.6193905,13.519391,12.519391,12.019391,11.819391,11.819391,12.219391,12.6193905,13.1193905,13.6193905,13.919391,14.1193905,14.019391,13.719391,13.219391,12.719391,12.319391,12.1193905,12.019391,11.919391,11.819391,11.419391,10.919391,10.419391,10.219391,10.1193905,10.019391,10.019391,9.819391,9.519391,9.219391,9.1193905,9.1193905,9.519391,9.919391,10.219391,10.419391,10.6193905,11.219391,11.919391,11.519391,11.319391,10.819391,10.6193905,10.419391,10.319391,10.019391,9.819391,9.819391,9.519391,9.019391,8.919391,8.819391,8.719391,8.919391,8.419391,7.819391,7.719391
14.919391,14.519391,14.219391,13.919391,13.6193905,13.6193905,13.919391,14.219391,14.219391,14.1193905,13.919391,13.919391,13.819391,13.519391,13.319391,12.919391,12.519391,12.319391,12.1193905,12.019391,12.019391,11.919391,11.719391,11.019391,10.219391,9.719391,9.719391,9.719391,9.719391,9.6193905,9.419391,9.1193905,9.019391,9.419391,10.219391,10.819391,11.519391,12.019391,12.1193905,12.719391,13.219391,13.019391,12.719391,12.219391,11.6193905,10.919391,10.719391,10.219391,10.019391,9.919391,10.019391,9.6193905,9.1193905,9.419391,9.519391,9.419391,9.1193905,8.6193905,8.519391
14.419391,14.319391,14.219391,14.419391,14.819391,15.219391,15.519391,15.519391,15.319391,15.019391,14.6193905,14.1193905,13.719391,13.419391,13.219391,12.819391,12.419391,12.419391,12.6193905,12.6193905,12.519391,12.419391,12.319391,11.919391,11.319391,10.719391,10.319391,10.219391,10.319391,10.419391,10.519391,10.419391,10.419391,10.519391,10.819391,11.319391,11.819391,12.419391,13.019391,13.419391,13.6193905,13.319391,12.6193905,12.219391,11.819391,11.319391,10.819391,10.819391,10.819391,10.719391,10.6193905,10.419391,9.919391,10.219391,10.019391,9.6193905,9.319391,9.319391,9.419391
14.719391,14.719391,14.919391,15.219391,15.219391,15.219391,15.219391,15.319391,15.219391,15.019391,14.719391,14.219391,13.819391,13.319391,13.1193905,12.819391,13.019391,13.219391,13.019391,12.6193905,12.6193905,12.519391,12.419391,12.519391,12.419391,12.019391,11.319391,10.819391,10.919391,11.519391,12.019391,12.219391,11.919391,11.819391,11.919391,12.019391,11.919391,12.1193905,12.6193905,13.519391,14.019391,13.6193905,13.1193905,12.519391,12.1193905,11.719391,11.219391,11.6193905,12.319391,12.419391,11.919391,11.419391,10.919391,10.419391,10.319391,9.819391,9.719391,10.1193905,9.919391
14.919391,15.019391,15.219391,15.519391,15.819391,15.819391,15.6193905,15.419391,15.019391,14.419391,14.019391,14.019391,13.819391,13.719391,13.819391,13.919391,13.519391,13.319391,13.219391,12.6193905,12.419391,12.519391,12.519391,12.519391,12.319391,11.919391,11.519391,11.019391,11.1193905,11.519391,11.919391,12.519391,12.919391,13.219391,13.319391,13.219391,13.019391,12.819391,12.719391,13.1193905,13.819391,14.1193905,14.219391,14.019391,13.319391,13.019391,12.419391,12.1193905,12.319391,12.319391,12.319391,11.719391,11.319391,10.819391,10.419391,10.1193905,10.019391,10.719391,10.819391
15.219391,14.819391,14.819391,15.019391,15.1193905,15.019391,14.919391,15.1193905,15.319391,15.1193905,15.019391,14.6193905,14.1193905,13.919391,14.1193905,13.819391,13.6193905,13.319391,13.219391,13.1193905,12.819391,12.6193905,12.419391,12.219391,11.919391,11.919391,11.819391,11.719391,11.519391,11.819391,12.419391,13.1193905,13.419391,13.719391,14.019391,14.019391,13.919391,13.919391,13.819391,14.019391,14.6193905,15.419391,15.819391,15.6193905,15.019391,14.519391,14.019391,12.819391,12.419391,12.719391,12.6193905,12.219391,11.419391,10.919391,10.819391,10.819391,10.919391,11.219391,11.319391
14.919391,14.219391,14.019391,14.019391,14.319391,14.519391,14.319391,14.219391,14.6193905,15.019391,15.1193905,15.1193905,14.719391,14.219391,13.919391,13.819391,13.919391,13.819391,13.719391,13.1193905,12.819391,12.819391,12.519391,12.419391,12.319391,12.419391,12.6193905,12.819391,13.219391,13.319391,13.219391,13.1193905,13.219391,13.419391,13.919391,14.219391,14.319391,14.419391,14.6193905,14.6193905,14.719391,15.019391,15.219391,15.519391,15.319391,14.919391,14.419391,14.219391,13.419391,13.019391,12.6193905,12.6193905,12.319391,11.919391,11.419391,11.419391,11.319391,11.419391,12.219391
14.519391,14.219391,13.919391,14.219391,14.419391,14.519391,14.519391,14.6193905,15.019391,15.1193905,14.719391,14.519391,14.519391,14.319391,13.819391,13.6193905,13.6193905,13.719391,13.6193905,13.719391,13.6193905,13.519391,13.319391,13.6193905,13.819391,13.819391,13.919391,14.019391,13.919391,14.1193905,14.319391,14.1193905,13.819391,13.6193905,13.819391,14.419391,14.819391,14.719391,14.819391,14.919391,15.019391,14.919391,14.819391,14.519391,14.6193905,14.6193905,14.219391,13.919391,13.6193905,13.319391,12.719391,12.419391,12.419391,12.319391,12.219391,12.019391,11.919391,12.1193905,12.419391
13.419391,13.919391,14.519391,14.519391,14.419391,14.419391,14.519391,15.019391,15.219391,15.019391,15.019391,14.819391,14.219391,14.019391,14.1193905,13.819391,13.219391,12.919391,13.019391,13.519391,14.1193905,14.519391,14.519391,14.719391,14.919391,14.819391,14.319391,13.519391,13.319391,13.519391,13.919391,14.419391,14.519391,14.419391,14.6193905,14.819391,15.1193905,15.219391,14.819391,14.319391,14.319391,14.219391,14.319391,14.6193905,14.519391,14.519391,14.519391,14.1193905,14.1193905,14.319391,14.1193905,13.719391,13.1193905,13.519391,13.519391,13.6193905,13.419391,13.719391,13.519391
