views/data/weather/2019/09/30/0000-wind-isobaric-700hPa-gfs-1.0.json
{"header": { "discipline":0, "disciplineName":"Meteorological products", "gribEdition":2, "gribLength":77693, "center":7, "centerName":"US National Weather Service - NCEP(WMC)", "subcenter":0, "refTime":"2019-09-30T00:00:00.000Z", "significanceOfRT":1, "significanceOfRTName":"Start of forecast", "productStatus":0, "productStatusName":"Operational products", "productType":1, "productTypeName":"Forecast products", "productDefinitionTemplate":0, "productDefinitionTemplateName":"Analysis/forecast at horizontal level/layer at a point in time", "parameterCategory":2, "parameterCategoryName":"Momentum", "parameterNumber":2, "parameterNumberName":"U-component_of_wind", "parameterUnit":"m.s-1", "genProcessType":2, "genProcessTypeName":"Forecast", "forecastTime":0, "surface1Type":100, "surface1TypeName":"Isobaric surface", "surface1Value":70000.0, "surface2Type":255, "surface2TypeName":"Missing", "surface2Value":0.0, "gridDefinitionTemplate":0, "gridDefinitionTemplateName":"Latitude_Longitude", "numberPoints":65160, "shape":6, "shapeName":"Earth spherical with radius of 6,371,229.0 m", "gridUnits":"degrees", "resolution":48, "winds":"true", "scanMode":0, "nx":360, "ny":181, "basicAngle":0, "lo1":0.0, "la1":90.0, "lo2":359.0, "la2":-90.0, "dx":1.0, "dy":1.0 }, "data":
[rows 104 to 129 of 181, columns 174 to 231 of 360]
-5.618506,-5.308506,-4.908506,-4.448506,-4.988506,-5.328506,-4.488506,-3.868506,-3.148506,-4.1285057,-4.158506,-3.9785058,-6.8385057,-8.668506,-8.418506,-7.788506,-5.348506,-5.288506,-4.778506,-3.5085058,-1.9785058,-4.968506,-6.248506,-5.928506,-6.538506,-6.1485057,-6.538506,-6.5885057,-5.7085056,-5.538506,-5.298506,-5.998506,-4.4585056,-4.388506,-4.258506,-5.038506,-5.528506,-5.4385056,-5.598506,-5.948506,-5.3985057,-5.5885057,-5.618506,-5.778506,-5.3985057,-4.238506,-3.9785058,-3.7585058,-3.848506,-4.058506,-4.4185057,-4.618506,-5.1085057,-5.538506,-6.1085057,-6.848506,-7.318506,-7.448506
-4.6885056,-5.3385057,-5.408506,-5.328506,-5.1885056,-4.698506,-5.738506,-7.198506,-9.018506,-8.888506,-9.098506,-9.348506,-9.3685055,-9.058506,-9.1185055,-8.218506,-7.578506,-6.998506,-6.9585056,-6.738506,-6.298506,-7.068506,-7.908506,-6.718506,-5.6485057,-4.928506,-4.3585057,-3.7985058,-3.9585059,-2.4885058,-2.9885058,-3.5785058,-4.368506,-2.118506,-2.408506,-2.4985058,-2.7485058,-3.428506,-3.648506,-3.348506,-2.938506,-3.138506,-3.2585058,-4.018506,-3.5785058,-3.5885057,-3.388506,-2.928506,-2.9585059,-3.2385058,-4.178506,-4.468506,-5.1285057,-5.698506,-6.228506,-6.618506,-6.488506,-6.768506
-4.3385057,-3.7485058,-2.9785058,-3.7785058,-3.598506,-3.4985058,-3.0285058,-3.9585059,-6.3585057,-7.1085057,-7.818506,-7.768506,-7.3785057,-7.138506,-6.9185057,-5.578506,-6.008506,-5.798506,-5.448506,-4.678506,-4.298506,-5.268506,-4.928506,-6.388506,-6.788506,-5.768506,-5.068506,-4.268506,-3.108506,-1.8585058,-1.3285059,-1.4185059,-0.8185059,-1.3085059,-0.7685059,-0.84850585,0.30149415,0.44149414,-0.6285059,-0.84850585,-0.5185059,-0.91850585,-0.27850586,-0.47850585,-0.97850585,-0.89850587,-1.7585058,-2.158506,-2.5185058,-2.2985058,-2.4585059,-3.1985059,-3.4785058,-4.058506,-4.258506,-4.1285057,-3.7985058,-3.7885058
-1.6985059,-1.1085058,-1.2085059,-0.55850583,-0.08850586,-0.01850586,-0.5185059,-0.41850585,-1.4785058,-3.2285058,-4.4185057,-5.3385057,-4.928506,-4.278506,-4.178506,-3.938506,-3.868506,-3.7085059,-2.9485059,-3.648506,-3.5485058,-3.2985058,-3.878506,-3.658506,-3.2785058,-2.878506,-2.7285058,-2.3385057,-1.6785059,-0.59850585,-0.10850586,0.41149414,0.8714941,1.7914941,1.9514941,1.2414942,2.141494,2.6714942,3.381494,2.4414942,2.5414941,2.8014941,2.341494,2.7214942,2.351494,1.9214941,1.2714942,0.30149415,0.05149414,-0.09850586,0.38149413,0.11149414,-0.21850586,-0.35850585,-0.98850584,-1.9585059,-2.2285058,-2.7085059
1.1514941,1.2314942,1.2814941,1.2314942,1.6214942,2.4714942,2.071494,2.621494,1.3214941,0.011494141,-1.1285058,-1.1485058,-1.6185058,-1.4285059,-1.6385058,-2.098506,-2.2485058,-1.6885059,-1.4485059,-1.9185059,-2.3185058,-1.4485059,-1.5885059,-1.7285058,-1.4785058,-1.0285058,-0.8885059,-1.1585059,-0.28850585,0.59149414,1.2314942,2.151494,3.0314941,3.641494,4.031494,4.2914944,4.321494,4.301494,5.031494,5.991494,5.991494,3.601494,4.171494,4.941494,5.6214943,5.281494,4.701494,3.561494,3.2514942,2.9514942,2.9114943,2.5014942,1.9314941,1.7414942,1.7314942,1.6014942,0.82149416,0.14149414
3.2114942,2.601494,3.7714942,3.9914942,4.361494,4.6414943,5.251494,4.151494,2.641494,2.4114943,1.4314941,1.0614941,1.0014942,0.76149416,0.89149415,1.4314941,0.76149416,0.50149417,-0.07850586,-0.71850586,-0.36850587,-1.1085058,-0.65850586,-0.33850586,-1.0985059,-1.9185059,-1.4885058,-1.3685058,-1.3585058,-0.46850586,0.45149413,2.0414941,4.191494,5.3914943,5.951494,6.491494,6.5614944,6.251494,6.361494,6.3714943,6.771494,7.321494,7.931494,7.6214943,4.5614944,0.94149417,5.741494,7.5614944,6.6414943,6.451494,5.6014943,5.821494,5.771494,5.231494,5.011494,4.681494,4.251494,3.591494
7.381494,5.381494,4.8914943,5.3714943,3.5414941,2.9314942,1.4514941,2.141494,3.631494,3.0214942,-0.48850587,1.5114942,4.671494,4.181494,3.7014942,2.5314941,2.091494,1.5414941,0.77149415,1.1614941,1.4814942,1.0114942,0.78149414,0.6114941,0.05149414,-0.29850587,-0.22850586,0.0014941406,0.63149416,1.6714941,2.4914942,3.391494,4.861494,5.0614944,5.4114943,6.501494,6.681494,7.461494,7.711494,8.201494,8.571494,8.401494,8.911494,9.461494,9.491494,8.931494,9.111494,9.991494,6.481494,10.681494,10.481494,9.441494,8.961494,8.961494,8.811494,8.341495,7.691494,7.0414944
11.731494,10.321494,8.961494,8.191494,6.1414943,5.461494,2.2614942,5.421494,3.4914942,4.461494,8.461494,8.4214945,6.461494,5.8514943,4.701494,3.0014942,2.081494,1.8914942,1.7914941,2.0514941,2.1814942,2.9714942,3.061494,2.5114942,2.121494,2.371494,3.2114942,3.7714942,4.881494,6.1614943,7.8314943,8.461494,8.551495,8.151494,7.8114944,8.141494,8.691494,8.491494,8.641494,9.011494,8.991494,9.271494,10.721494,11.731494,12.081494,12.201494,12.301495,12.231494,11.891494,10.231494,5.241494,5.6614943,12.361494,12.431494,11.8814945,11.8814945,11.851494,10.821494
11.741494,12.531494,11.261494,8.491494,9.141494,5.931494,6.5614944,10.051495,8.741494,11.231494,12.531494,10.451494,8.941494,7.191494,6.0614944,2.2014942,2.131494,2.841494,3.4214942,2.9314942,2.7614942,3.2014942,4.3914943,4.431494,4.991494,6.5814943,7.1414943,8.081494,9.331494,9.851494,10.761494,11.151494,10.661494,10.111494,9.301495,9.531494,10.181494,9.961494,9.821494,11.051495,11.351494,12.021494,12.711494,13.1314945,13.221494,13.271494,14.301495,14.871494,15.291494,14.201494,14.681494,14.251494,13.741494,10.291494,12.501494,14.441494,14.641494,14.571494
11.291494,9.471494,9.491494,10.991494,10.761494,9.9214945,10.251494,12.411494,10.1714945,10.071494,12.651494,7.8914943,6.251494,6.191494,5.511494,3.0214942,3.2614942,4.341494,5.021494,4.221494,5.271494,5.5614944,6.0614944,6.3314943,7.201494,8.551495,9.481494,11.351494,11.861494,13.591495,11.061494,10.061494,10.181494,9.6714945,10.091495,10.791494,11.621494,11.721494,12.101494,11.911494,12.721494,13.151494,14.121494,13.481494,14.541494,15.541494,15.991494,15.6714945,15.6714945,16.271494,16.381495,17.471495,17.081493,16.411493,16.311495,15.521494,13.441494,13.441494
10.601494,12.241494,14.141494,11.061494,10.471494,12.481494,12.761494,11.721494,8.691494,8.471494,8.261494,8.961494,5.901494,5.0414944,3.361494,2.9914942,4.341494,5.481494,5.181494,5.901494,6.241494,6.011494,6.801494,7.501494,8.831494,11.151494,12.141494,13.181494,12.241494,12.1714945,10.531494,9.661494,9.361494,9.6314945,9.911494,10.411494,11.221494,12.091495,12.501494,12.961494,13.181494,13.831494,14.741494,14.031494,14.431494,15.361494,15.331494,16.091494,17.061495,17.291494,17.121494,17.691494,18.731495,18.341494,17.651495,17.091494,17.201494,17.821495
10.331494,9.681494,12.8814945,16.301495,16.971495,14.811494,14.821494,14.701494,13.501494,10.301495,8.831494,7.951494,6.031494,5.341494,4.471494,6.1614943,5.7914944,6.941494,6.721494,7.091494,7.221494,7.451494,8.951494,9.591495,11.101494,12.981494,13.511494,14.281494,12.731494,10.531494,9.691494,9.691494,9.491494,9.871494,10.4214945,11.161494,11.711494,11.911494,12.621494,12.961494,13.821494,14.361494,14.781494,13.9214945,14.811494,14.731494,14.701494,15.551495,16.201494,16.741493,16.421494,16.891495,18.391495,17.941494,17.601494,19.311495,19.581493,19.111494
10.641494,11.271494,12.161494,12.841495,15.961494,17.141495,16.191494,17.431494,15.611494,14.391494,10.011494,8.101494,7.451494,6.301494,6.951494,7.211494,7.151494,7.3114944,7.451494,8.241494,8.991494,10.311494,11.871494,12.101494,13.191494,13.3814945,11.841495,11.251494,10.101494,9.791494,9.901494,9.511494,9.861494,10.191494,9.711494,9.551495,9.711494,9.9214945,10.201494,10.4214945,11.081494,11.351494,12.371494,12.721494,13.441494,14.201494,15.191494,15.521494,15.331494,15.701494,16.161493,16.491493,17.041494,17.031494,17.071495,18.161493,18.131495,19.001493
12.001494,11.991494,12.291494,11.841495,12.071494,12.091495,13.271494,13.411494,12.821494,12.871494,9.281494,8.011494,8.301495,7.731494,6.8514943,7.741494,8.361494,9.201494,10.541494,11.651494,12.571494,12.791494,12.9214945,14.6314945,14.041494,11.271494,10.041494,9.741494,9.071494,9.391494,9.811494,9.8814945,9.501494,8.931494,8.441494,8.081494,7.9114943,7.881494,8.511494,8.4214945,8.991494,9.141494,10.481494,10.931494,11.531494,11.351494,12.371494,13.931494,14.961494,15.901494,16.381495,15.641494,15.641494,16.161493,16.751493,17.341494,17.501493,16.701494
11.841495,12.461494,12.661494,14.151494,13.481494,10.471494,10.6714945,11.861494,12.541494,11.971494,10.591495,8.621494,8.001494,8.291494,8.741494,9.6314945,10.891494,11.661494,12.461494,12.601494,13.011494,13.3814945,13.051495,11.401494,10.311494,10.341495,10.501494,9.591495,9.831494,10.081494,10.161494,10.501494,9.8814945,9.401494,9.101494,8.871494,8.931494,9.511494,9.341495,8.121494,8.331494,7.531494,8.021494,7.7914944,7.6614943,7.221494,8.321494,9.861494,12.351494,14.011494,14.731494,15.111494,13.101494,12.191494,12.931494,16.891495,17.001493,16.591494
11.961494,11.401494,11.911494,13.411494,14.331494,13.811494,11.981494,10.621494,10.841495,10.941494,10.511494,9.811494,9.781494,10.241494,10.471494,11.6714945,12.431494,13.491494,13.891494,12.8814945,13.601494,13.491494,11.681494,9.851494,10.181494,9.981494,9.791494,9.801495,9.791494,9.181494,8.811494,7.961494,7.741494,8.391494,7.921494,7.1414943,5.461494,6.131494,5.951494,5.841494,6.631494,6.571494,6.701494,6.0614944,4.6014943,5.181494,4.5614944,5.071494,6.301494,8.441494,10.651494,12.021494,13.6314945,13.901494,12.571494,11.931494,13.321494,15.501494
13.991494,12.761494,11.6314945,11.3814945,12.021494,13.111494,12.981494,11.031494,11.371494,11.411494,12.391494,12.041494,12.031494,13.111494,13.071494,13.041494,13.4214945,13.891494,14.101494,13.041494,12.1714945,10.801495,10.591495,9.121494,9.221494,8.331494,8.241494,8.321494,7.941494,7.491494,5.961494,5.8514943,5.821494,5.401494,4.731494,4.181494,3.811494,4.051494,5.071494,5.221494,5.251494,4.531494,4.8314943,5.201494,5.221494,7.1214943,8.141494,8.411494,8.161494,8.431494,7.251494,7.221494,8.611494,9.211494,10.531494,10.831494,11.041494,11.221494
15.821494,14.321494,13.071494,12.351494,11.701494,11.291494,12.121494,13.031494,15.141494,14.211494,15.411494,15.531494,15.591495,15.121494,13.951494,13.351494,13.581494,12.691494,11.571494,10.831494,10.051495,9.061494,9.221494,8.691494,7.591494,7.301494,7.711494,7.501494,6.841494,6.6614943,5.8914943,5.341494,4.8314943,4.721494,4.1014943,3.9814942,4.451494,4.741494,4.801494,5.571494,6.421494,4.931494,5.2914944,7.1214943,8.731494,8.791494,8.791494,8.861494,9.281494,10.981494,11.531494,11.771494,12.1314945,12.181494,12.841495,13.341495,13.521494,13.781494
18.691494,16.241493,14.211494,14.611494,13.871494,13.341495,13.931494,13.601494,14.291494,15.101494,15.601494,15.951494,15.8814945,14.611494,13.561494,12.991494,11.221494,10.6314945,9.1714945,7.8314943,8.091495,8.471494,8.401494,7.5814943,7.3314943,7.0814943,7.0814943,7.111494,6.491494,6.271494,5.3714943,4.971494,4.861494,4.3514943,4.8514943,4.741494,4.361494,3.861494,3.851494,3.651494,4.481494,5.3914943,7.3514943,7.651494,7.671494,8.911494,9.491494,10.181494,10.601494,11.321494,12.9214945,14.101494,15.031494,15.611494,15.191494,15.261494,15.041494,14.941494
18.581493,18.251493,16.721495,17.411493,16.461494,16.691494,14.661494,15.291494,14.251494,16.001493,16.321495,15.661494,14.081494,13.071494,12.721494,10.781494,10.101494,8.021494,7.131494,7.191494,7.5414944,7.721494,7.771494,7.991494,8.361494,8.231494,7.5414944,7.631494,7.091494,6.761494,6.001494,5.771494,4.711494,4.0614944,3.7714942,3.591494,4.431494,4.7914944,4.821494,5.001494,5.921494,6.3914943,7.491494,8.1714945,8.031494,8.201494,8.581494,8.981494,9.031494,9.6714945,10.391494,11.021494,12.501494,13.9214945,14.511494,14.791494,14.821494,15.091495
17.951494,20.081493,19.941494,17.771494,17.371494,15.441494,15.8814945,15.661494,15.251494,15.831494,14.681494,14.311494,12.761494,12.041494,10.931494,9.281494,7.4114943,6.681494,6.051494,4.951494,5.501494,6.361494,7.271494,8.271494,8.501494,7.961494,8.1314945,7.461494,7.511494,7.171494,7.1214943,6.961494,6.171494,5.2914944,5.8314943,5.741494,6.171494,6.5614944,6.751494,7.461494,7.3314943,7.511494,8.261494,9.001494,8.911494,7.8314943,8.311494,8.281494,8.951494,9.561494,10.321494,10.981494,12.061494,13.781494,14.471494,14.891494,14.901494,15.761494
18.711494,20.141495,21.631495,20.501493,17.101494,17.401495,17.011494,16.431494,15.601494,13.791494,13.961494,13.021494,12.181494,11.341495,9.591495,7.511494,6.741494,4.691494,3.571494,4.241494,4.821494,6.421494,7.6614943,8.361494,8.931494,8.571494,8.201494,7.721494,7.6414943,7.9114943,8.251494,8.071494,8.411494,8.261494,7.691494,8.221494,8.791494,9.951494,10.4214945,10.571494,10.661494,9.001494,9.391494,9.411494,10.111494,9.9214945,9.641494,8.811494,9.211494,9.661494,10.701494,12.051495,12.571494,13.441494,14.821494,15.351494,16.871494,16.761494
18.681494,19.671494,21.891495,23.331493,21.501493,20.101494,17.251493,16.941494,15.051495,14.291494,14.041494,12.531494,12.001494,10.041494,8.191494,6.591494,5.241494,4.1614943,4.441494,4.051494,4.321494,5.921494,7.471494,8.371494,8.951494,9.341495,9.6314945,8.771494,8.351494,8.101494,8.871494,9.241494,9.941494,10.951494,10.861494,10.781494,10.661494,11.241494,11.611494,12.041494,12.191494,11.691494,11.681494,10.931494,11.321494,12.141494,10.611494,10.691494,9.981494,9.401494,10.601494,11.321494,11.901494,12.6314945,13.691494,15.731494,15.561494,14.991494
16.471495,20.541494,20.591494,22.391495,26.211494,17.531494,17.291494,16.841494,14.601494,15.091495,13.391494,11.711494,9.9214945,9.031494,6.971494,6.301494,5.491494,5.181494,5.531494,6.261494,7.211494,7.8114944,7.511494,9.051495,8.541494,8.431494,8.741494,8.261494,8.431494,8.781494,9.161494,9.931494,10.711494,11.431494,11.841495,12.661494,13.251494,13.371494,13.511494,13.761494,13.341495,14.391494,14.011494,12.971494,12.481494,12.431494,12.211494,12.151494,11.6714945,10.781494,10.1714945,9.801495,11.311494,12.6714945,12.871494,13.411494,14.811494,17.731495
17.671494,19.191494,21.131495,18.451494,23.451494,19.521494,16.651495,15.931494,14.331494,13.621494,11.9214945,10.571494,9.211494,7.8714943,7.0414944,7.3714943,6.6414943,7.551494,7.981494,8.511494,9.271494,7.761494,6.761494,6.701494,5.941494,5.091494,5.461494,6.4114943,7.521494,8.161494,9.261494,10.481494,11.441494,12.601494,14.041494,14.771494,15.611494,15.6714945,15.6314945,15.721494,16.251493,15.471494,15.871494,15.011494,13.851494,13.011494,12.9214945,13.551495,13.551495,12.731494,13.211494,11.511494,11.821494,11.521494,11.681494,13.301495,15.771494,17.681494
15.451494,18.701494,19.291494,18.361494,20.391495,13.191494,14.351494,14.4214945,12.801495,12.1314945,11.071494,10.1314945,9.471494,8.161494,8.241494,8.041494,8.661494,9.511494,10.281494,10.761494,9.491494,8.141494,6.721494,5.981494,5.021494,4.981494,5.611494,6.5414944,7.5614944,8.401494,9.491494,10.311494,11.091495,12.061494,13.161494,14.451494,15.971494,17.221495,18.291494,17.661493,17.301495,16.531494,16.611494,16.631495,14.991494,14.861494,13.691494,13.231494,13.591495,13.001494,13.051495,14.011494,13.621494,11.971494,12.041494,15.101494,17.321495,19.971495
