views/data/weather/2019/09/30/0000-wind-isobaric-500hPa-gfs-1.0.json
{"header": { "discipline":0, "disciplineName":"Meteorological products", "gribEdition":2, "gribLength":78665, "center":7, "centerName":"US National Weather Service - NCEP(WMC)", "subcenter":0, "refTime":"2019-09-30T00:00:00.000Z", "significanceOfRT":1, "significanceOfRTName":"Start of forecast", "productStatus":0, "productStatusName":"Operational products", "productType":1, "productTypeName":"Forecast products", "productDefinitionTemplate":0, "productDefinitionTemplateName":"Analysis/forecast at horizontal level/layer at a point in time", "parameterCategory":2, "parameterCategoryName":"Momentum", "parameterNumber":3, "parameterNumberName":"V-component_of_wind", "parameterUnit":"m.s-1", "genProcessType":2, "genProcessTypeName":"Forecast", "forecastTime":0, "surface1Type":100, "surface1TypeName":"Isobaric surface", "surface1Value":50000.0, "surface2Type":255, "surface2TypeName":"Missing", "surface2Value":0.0, "gridDefinitionTemplate":0, "gridDefinitionTemplateName":"Latitude_Longitude", "numberPoints":65160, "shape":6, "shapeName":"Earth spherical with radius of 6,371,229.0 m", "gridUnits":"degrees", "resolution":48, "winds":"true", "scanMode":0, "nx":360, "ny":181, "basicAngle":0, "lo1":0.0, "la1":90.0, "lo2":359.0, "la2":-90.0, "dx":1.0, "dy":1.0 }, "data":
[rows 52 to 77 of 181, columns 290 to 347 of 360]
-6.323779,-9.59378,-11.613779,-12.073779,-11.253779,-8.38378,-5.053779,-2.6937792,-2.2837794,-2.7237792,-4.3937793,-4.3737793,-3.0937793,-3.2437792,-4.513779,-3.9837792,-5.073779,-4.6937795,-4.283779,-3.3937793,-1.9937793,-1.4737793,-2.4737792,-2.2437792,-2.1737792,-1.9337792,-2.8037794,-2.0437794,-1.6937793,-1.7337793,-2.3937793,-3.5337794,-3.6137793,-2.9137793,-2.8137794,-2.2137792,-2.7237792,-3.1337793,-4.0237794,-3.8337793,-3.3837793,-2.1437793,0.1262207,3.4962206,2.0762208,1.6062207,3.9562206,5.8262205,5.6262207,5.966221,5.3162208,3.6962206,4.136221,4.696221,4.446221,4.966221,5.276221,5.966221
-8.993779,-9.93378,-8.993779,-7.6937795,-7.4037795,-4.843779,-3.9637792,-2.6037793,-2.1337793,-2.3337793,-2.9737792,-2.5637794,-1.3037792,-0.4237793,-1.1837792,-1.8037792,-2.5737793,-3.2737794,-3.5737793,-3.1837792,-2.0537794,-1.5037793,-1.4937793,-1.7637793,-1.9237792,-2.3537793,-2.6137793,-2.1137793,-0.2837793,0.6162207,0.3662207,-1.7837793,-2.7537794,-3.5737793,-3.7137792,-2.5137794,-3.0137794,-3.7137792,-3.5637794,-4.013779,-3.2437792,-1.1837792,0.3062207,-0.3437793,0.1762207,5.446221,6.0962205,4.026221,3.9462206,4.006221,2.1362207,1.2462207,2.4962206,1.6962208,2.7862208,4.3962207,6.946221,7.1462207
-7.1237793,-8.373779,-6.1537795,-5.343779,-5.4837794,-3.7037792,-0.6137793,0.1762207,-0.4037793,-1.0537792,-0.7137793,-1.0037793,-0.1337793,0.7762207,-0.1737793,-1.7637793,-2.0537794,-1.8837793,-2.2037792,-1.6637793,-1.5337793,-1.6337793,-1.7237793,-1.1837792,-0.6237793,-1.1637793,-2.0537794,-1.3537793,-0.4537793,-0.3137793,-0.3937793,-0.90377927,-0.9837793,-1.7237793,-2.4037793,-2.7637794,-3.0737793,-2.6737792,-3.1437793,-2.3337793,-2.1637793,-1.9837793,-1.3537793,1.2862207,3.2862208,5.7462206,2.7562208,3.7062206,2.6562207,0.6862207,-0.9437793,0.4462207,-0.5037793,-0.7437793,1.6762207,5.6062207,8.11622,8.336221
-7.0637794,-5.0837793,-4.7737794,-3.2837794,-4.013779,-1.3237793,0.6662207,-0.32377928,-1.5337793,0.026220703,1.4462208,1.1762207,-0.4237793,-0.063779294,0.7862207,-0.5737793,-1.8537793,-1.3537793,-1.8437793,-2.2437792,-2.1937792,-2.4637792,-2.5937793,-2.3437793,-2.1837792,-2.5537794,-2.6637793,-2.8837793,-2.5237794,-2.0737793,-2.0737793,-2.2437792,-2.6237793,-1.1837792,-1.4937793,-2.1437793,-2.7437792,-2.8237793,-1.8137794,-1.5637794,-2.3937793,-1.2037793,4.156221,2.6962206,1.4762207,2.1062207,2.9462206,1.6462207,0.7562207,-2.0137794,-0.6837793,-0.4237793,-3.1537793,-2.5637794,0.6862207,9.166221,12.176221,10.966221
-4.573779,-4.2937794,-3.4137793,-3.0237794,-1.3637793,-2.4437792,-0.8037793,-0.053779297,-0.033779297,1.1862206,1.7262207,0.3362207,-1.1937793,-0.7737793,-0.2837793,-1.4537793,-1.3437793,-2.9737792,-2.2037792,-3.4037793,-1.1537793,-1.3637793,-3.5037794,-3.6037793,-4.203779,-5.1937795,-4.0437794,-3.1937792,-2.2237792,-1.3937793,-0.8837793,-1.8937793,-1.9137793,-2.0937793,-2.0937793,-1.3937793,-1.9337792,-2.4637792,-2.7837794,-2.6137793,-1.3237793,2.6562207,2.6662207,2.1762207,1.2862207,0.8962207,0.4962207,0.5062207,-2.1837792,-1.9337792,0.1462207,0.16622071,-1.8137794,-0.5637793,4.6262207,11.636221,14.02622,11.69622
-5.0837793,-6.1537795,-3.7537794,-1.4837793,-1.2637793,-0.2337793,-1.4737793,0.026220703,1.5762208,1.2562207,1.2662207,1.3062207,-1.3237793,-2.8937793,-2.5737793,-1.7837793,-2.3237793,-3.0437794,-2.8337793,-2.7637794,-3.0537794,-4.6837792,-5.6637793,-5.3137794,-4.1637793,-3.9737792,-3.0037794,-2.6837792,-2.3937793,-1.5237793,-0.7637793,0.9262207,1.0262207,-0.6337793,-0.3137793,-0.7537793,-1.1437793,-2.1737792,-1.9837793,-0.7837793,-0.5337793,2.0562208,1.7762207,1.8062207,1.7162207,0.6462207,-0.8137793,-1.9537793,-1.8837793,-0.65377927,1.8462207,0.7662207,1.3262208,3.0662208,8.15622,13.40622,14.02622,13.966221
-6.1837792,-4.5037794,-1.7937793,-0.9937793,-0.6937793,-1.3137794,-1.6937793,0.59622073,0.7862207,0.4162207,-0.3437793,-1.7237793,-2.0037794,-4.513779,-3.7137792,-3.1537793,-2.0737793,-3.3137794,-3.8837793,-4.9037795,-5.3537793,-6.2137794,-5.6337795,-5.863779,-6.4837794,-5.4237795,-2.7537794,-1.9337792,-0.0737793,0.6162207,1.8762207,2.0162208,3.4562206,0.056220703,0.016220704,-0.4937793,-2.2037792,-3.2637794,-2.0037794,-0.7637793,1.4762207,1.4462208,2.1062207,1.9562207,1.5162207,-0.063779294,-1.8737793,-2.7537794,-0.7537793,0.7162207,2.0662208,1.3562207,3.7462206,7.026221,10.056221,12.52622,14.73622,11.3262205
-4.783779,-2.3737793,-0.0437793,-2.4637792,0.1862207,0.2962207,-1.1637793,-2.7337792,-0.063779294,0.7062207,1.2462207,-0.7437793,-3.8637793,-5.363779,-4.4437795,-3.1437793,-3.3637793,-4.823779,-5.533779,-6.0637794,-6.3537793,-7.4137793,-7.5637794,-7.6937795,-6.5837793,-5.513779,-4.593779,-2.0037794,-0.1537793,2.9262207,4.196221,7.236221,6.886221,3.9862206,0.016220704,-1.4037793,-2.6237793,-2.4137793,-2.8637793,-0.6637793,3.4962206,2.2562208,1.7662207,0.9562207,1.8062207,0.086220704,-2.6337793,-1.2137793,0.5162207,1.6062207,2.9262207,4.2662206,6.2062206,7.5562205,9.836221,12.176221,12.436221,13.306221
-3.0537794,-1.9637793,3.4962206,2.9362206,-1.2937793,-2.8337793,-3.1837792,-3.7437792,-2.0137794,-0.19377929,0.7262207,-1.5937793,-4.343779,-4.993779,-6.5837793,-4.4437795,-4.863779,-5.8537793,-6.6937795,-7.7937794,-7.263779,-9.743779,-9.363779,-9.753779,-9.59378,-7.0837793,-2.2337792,3.2562208,5.486221,11.15622,7.046221,8.246221,10.226221,10.536221,3.8062208,-1.0037793,-1.7437793,-1.6537793,-3.2737794,-1.5937793,1.5462207,1.2862207,0.7562207,0.7762207,2.0162208,0.2262207,-2.3037794,-0.4437793,2.4062207,4.0862207,4.8662205,4.8062205,5.7662206,7.8562207,11.846221,11.786221,12.69622,11.5762205
0.2362207,3.8762207,-0.7937793,-2.4237792,-3.2537794,-2.3837793,-3.1437793,-3.2737794,-1.3237793,-1.0037793,-1.0837793,-3.3037794,-4.613779,-6.223779,-7.303779,-5.013779,-6.013779,-6.343779,-6.4837794,-7.223779,-8.003779,-10.503779,-10.4237795,-13.523779,-17.173779,-16.683779,-2.1837792,18.59622,23.736221,20.88622,22.26622,22.92622,15.56622,11.65622,6.9162207,2.4762206,-2.4837792,-4.4837794,-3.3337793,-2.6937792,0.7262207,2.3562207,0.42622072,0.2162207,0.9562207,-0.4537793,-0.90377927,-0.013779297,4.196221,5.636221,3.9962206,7.3662205,6.5562205,10.176221,10.176221,10.98622,10.23622,10.936221
0.6662207,0.6262207,-2.3337793,-3.6037793,-2.2637794,-2.6137793,-3.3837793,-2.4737792,-2.0637794,-1.6637793,-2.2637794,-4.1737795,-5.1637793,-6.1337795,-7.203779,-6.1237793,-6.4837794,-5.9637794,-5.453779,-6.1737795,-8.043779,-10.493779,-10.783779,-18.53378,-23.693779,-19.843779,2.2362206,31.746222,36.07622,28.396221,24.09622,23.236221,23.726221,17.53622,9.056221,4.276221,-3.4237792,-4.9237795,-4.6237793,-4.1437793,-0.4837793,0.7862207,0.7162207,-0.6637793,-0.8037793,0.006220703,1.5662208,2.0062208,4.6862206,3.0562208,5.5762205,6.756221,8.746221,10.69622,10.396221,10.476221,9.796221,9.266221
-0.7937793,-1.8537793,-2.8637793,-3.1337793,-2.6437793,-2.8137794,-2.7737794,-2.1337793,-0.7037793,-1.9437793,-4.553779,-5.093779,-4.1837792,-5.2537794,-5.9037795,-6.4437795,-6.2937794,-5.3737793,-5.1837792,-5.593779,-6.6537795,-8.063779,-11.873779,-17.11378,-27.933779,-34.55378,-4.1637793,43.85622,33.28622,30.01622,24.87622,21.146221,19.46622,15.756221,13.85622,7.5962205,-2.4937792,-5.4137793,-6.0637794,-5.613779,-2.4937792,-0.7837793,0.16622071,0.8062207,1.1062207,1.6762207,1.8862207,3.3362207,3.9862206,2.8062208,6.2862206,9.506221,9.186221,11.086221,10.746221,8.90622,9.006221,5.156221
-2.5837793,-3.3137794,-3.4937792,-2.5937793,-2.0337794,-4.0037794,-2.7637794,-1.5537792,-1.3237793,-2.4837792,-4.0037794,-3.5537794,-4.1937795,-5.6937795,-6.8737793,-6.573779,-5.613779,-5.283779,-4.3337793,-5.0837793,-5.3737793,-5.9137793,-9.873779,-14.34378,-17.97378,-15.863779,-1.2437793,22.35622,24.87622,22.236221,22.166222,18.63622,17.146221,13.296221,9.846221,6.406221,-0.8437793,-3.7937794,-6.9637794,-6.323779,-5.9637794,-2.7537794,-0.9337793,0.6762207,2.0962207,5.636221,4.5162206,1.2962207,3.5062208,4.7062206,7.446221,6.1262207,8.69622,10.86622,9.096221,6.2662206,1.5562207,4.5662208
-3.8737793,-3.3837793,-0.4537793,-1.0737793,-1.8337793,-1.1737792,0.16622071,0.5462207,-0.6637793,-2.0737793,-1.4637793,-3.6837792,-4.1437793,-5.4137793,-6.0637794,-5.283779,-4.3737793,-3.9437792,-4.8137794,-4.7537794,-4.3137794,-3.5837793,-5.5437794,-8.713779,-12.373779,-9.713779,1.3562207,8.766221,14.796221,18.35622,16.27622,15.126221,14.586221,11.146221,7.6262207,3.3862207,-1.7137793,-5.323779,-7.6637793,-7.6837792,-5.9637794,-5.263779,-2.7737794,2.1062207,7.8662205,3.0862207,4.466221,2.3062208,3.0762208,5.2662206,7.6462207,6.6162205,10.06622,8.256221,4.636221,6.046221,2.7162206,3.8062208
-3.5837793,-2.7237792,-2.8337793,-0.6937793,-0.1237793,0.7562207,0.8362207,-0.5937793,-0.9537793,-1.8937793,-2.5737793,-4.2937794,-4.6437793,-5.343779,-4.1037793,-3.7637794,-1.9437793,-2.1437793,-2.4337792,-3.6437793,-4.3537793,-4.5237794,-3.1437793,-3.5337794,-1.5637794,0.9362207,4.8262205,7.0362206,10.966221,11.456221,12.716221,11.876221,12.706221,9.15622,6.1662207,2.7062206,-0.3437793,-3.6937792,-8.193779,-7.7737794,-5.0637794,-2.9737792,-1.9637793,0.3762207,5.0562205,4.4762206,4.6662207,2.7062206,2.6762207,5.9762206,5.3062205,6.8162208,8.056221,6.236221,5.656221,3.3562207,2.5262208,1.6162207
-3.3637793,-1.1837792,-0.013779297,1.7762207,1.4162207,1.7762207,1.6262207,1.0562207,-0.2137793,-1.8937793,-3.5537794,-5.3137794,-5.4037795,-4.7737794,-2.4537792,-0.0737793,-0.0037792968,-0.4137793,-0.9637793,-2.2037792,-2.3937793,-1.8837793,-1.3837793,-0.6137793,0.0962207,1.9262207,3.9162207,5.906221,8.146221,10.436221,10.0762205,11.3262205,10.136221,7.0862207,4.5762205,1.2662207,-1.5337793,-4.3537793,-6.6237793,-7.9137793,-4.6637793,-2.0637794,-2.0437794,0.3962207,4.3462205,3.1762207,3.0762208,2.2262206,4.526221,4.0962205,4.3262205,5.1262207,4.8462205,3.5662208,2.2662208,3.4062207,1.2462207,-1.1837792
-3.7437792,0.0662207,1.4562207,2.0762208,3.3762207,1.3262208,1.2862207,0.0962207,-0.29377928,-1.5137793,-2.5437794,-3.5437794,-5.1037793,-2.7137792,-0.1237793,0.2762207,0.8762207,0.006220703,-0.9237793,0.076220706,0.076220706,1.3462207,2.0762208,1.7862207,1.5162207,3.0762208,2.8562207,5.466221,6.216221,6.9962206,8.926221,9.476221,7.506221,4.7862206,3.3862207,0.2862207,-1.2637793,-4.0837793,-6.2937794,-7.9037795,-6.723779,-3.6137793,-0.7137793,0.6362207,2.2462206,0.7062207,3.4062207,3.2662208,3.3362207,2.2062206,4.236221,3.3062208,3.0962207,4.4962206,2.4062207,2.0362208,-0.5037793,0.4162207
0.4062207,1.2162207,5.0962205,4.7262206,3.7862208,3.2662208,1.9062207,0.116220705,-0.023779297,-2.9337792,-3.5637794,-3.0137794,-2.5537794,-2.5837793,-0.65377927,0.4462207,0.84622073,0.2262207,1.0162207,0.016220704,0.036220703,0.6562207,2.0562208,2.5862207,3.4762206,3.8562207,4.3662205,4.236221,4.8562207,6.446221,8.226221,6.8362207,5.216221,3.9762206,1.2762207,-0.2337793,-0.7237793,-5.3737793,-6.5037794,-7.3337793,-4.9037795,-3.7237792,-1.6537793,0.2162207,0.6762207,3.1962206,3.2262206,0.6362207,1.9662207,1.7562207,1.3062207,2.9462206,2.5962207,2.9662206,0.5562207,-1.2037793,1.5462207,-0.5737793
-0.2537793,2.4862206,6.446221,5.026221,6.1262207,3.7162206,0.3862207,2.4362206,1.9662207,-1.4137793,-1.7337793,-2.2637794,-1.2537793,-0.9837793,-0.8037793,0.2162207,1.3062207,0.9862207,0.7962207,0.7762207,1.9862207,3.1262207,4.696221,5.486221,5.9562206,5.696221,5.4562206,4.9362206,5.9562206,6.5862207,6.0562205,4.8262205,3.5862207,2.0562208,0.4162207,0.3262207,-0.8137793,-3.8637793,-5.763779,-4.9437795,-5.4037795,-4.1237793,-2.1837792,-0.6237793,2.7062206,2.6862206,1.3062207,0.2662207,-0.0037792968,-0.3137793,1.6062207,1.3262208,0.1962207,1.0162207,0.9462207,0.2762207,1.2462207,-0.3837793
0.5562207,2.0862207,6.3162208,5.386221,6.906221,3.9662206,-0.10377929,3.8262208,1.5962207,-0.5437793,-1.5437793,-1.4037793,-0.19377929,-0.4537793,0.6062207,1.0362207,-0.3437793,1.9062207,0.5862207,1.0062207,2.9662206,3.9462206,5.1462207,5.7462206,5.8462205,4.6062207,3.5562208,3.4062207,4.006221,3.9262207,4.0862207,2.6762207,1.7662207,-0.2537793,-0.7337793,0.046220705,-0.65377927,-2.3737793,-3.7837794,-3.3737793,-4.223779,-2.8137794,-1.2137793,0.4962207,1.8662207,0.16622071,0.0962207,-0.4837793,0.5862207,2.1062207,2.0062208,0.5862207,1.3062207,1.0162207,-0.9137793,0.4662207,0.9762207,0.7062207
1.8662207,3.4362206,2.9462206,4.986221,4.4362206,3.4062207,1.9462208,2.7562208,1.3162208,0.6962207,0.7262207,0.076220706,-0.32377928,-1.4537793,1.8862207,1.1562207,0.7962207,1.4762207,2.0462208,2.1262207,3.8862207,4.6062207,5.156221,4.756221,4.7262206,2.6562207,2.0762208,2.4662206,2.3262208,2.5462208,1.4462208,0.3862207,-0.3537793,-1.0837793,-1.8537793,-0.65377927,-1.3637793,-1.9537793,-3.4737792,-1.9437793,-0.4137793,-1.1237793,-0.9437793,-1.3437793,-1.9237792,-1.9437793,-1.1337793,-0.2537793,0.5362207,2.3262208,2.2662208,0.2262207,0.6562207,-0.5637793,-0.1437793,1.1162207,0.1462207,-1.1537793
0.3662207,2.5562208,3.3262208,4.506221,4.4362206,2.5962207,2.7562208,2.0062208,0.2262207,1.7362207,1.8562207,1.4662207,-0.033779297,1.3862207,2.8762207,2.7062206,3.0962207,3.6962206,4.3062205,5.9562206,5.546221,5.026221,5.1662207,5.466221,3.7262206,2.2462206,1.1662207,1.3262208,1.4562207,0.3762207,-0.9137793,-1.5537792,-1.6437793,-1.7837793,-1.2837793,-1.0937793,-0.6437793,-1.3537793,-2.1837792,-2.1737792,-2.8737793,-2.4237792,-2.5337794,-2.8137794,-3.5537794,-3.0637794,-1.5437793,0.42622072,1.0662208,1.6662207,0.056220703,1.1262207,-1.4937793,-1.0537792,-0.063779294,0.3562207,-0.9437793,-1.9037793
2.2262206,3.3062208,2.1762207,2.5562208,2.6462207,2.2962208,1.9262207,1.1062207,0.9562207,1.1462207,1.3662207,1.3262208,1.8362207,2.2562208,3.8462207,4.1162205,5.1162205,5.7862206,6.0862207,5.6462207,5.176221,5.3062205,5.5362206,4.5662208,3.2762208,2.4662206,1.4562207,0.5462207,0.4062207,-0.6937793,-1.5637794,-1.6737792,-1.4537793,-1.4837793,-1.5037793,-0.8037793,-0.033779297,-1.5837793,-2.2437792,-3.7437792,-2.6537793,-1.0737793,-1.5237793,-2.3937793,-2.6037793,-2.7237792,-1.3737793,-1.2137793,1.3562207,0.6862207,-0.5037793,-1.1537793,-2.4537792,-1.5737793,-0.1237793,-0.6637793,-2.5237794,-3.6137793
2.1862206,2.0762208,2.3262208,1.7462207,2.7362206,1.9762207,3.0062208,2.7362206,2.4462206,3.1462207,3.9862206,2.8462207,3.7262206,4.9162207,5.0862207,4.8762207,5.386221,5.8162208,5.5362206,4.8762207,5.5562205,5.2062206,3.9662206,2.2862208,2.1762207,0.8862207,-0.1437793,-0.4137793,-0.7537793,-1.4337792,-2.4837792,-3.1337793,-1.9937793,-0.9337793,-1.1737792,-0.4937793,-0.3337793,-0.6237793,-0.7237793,-0.6437793,-1.1537793,-0.8837793,-1.5837793,-2.4137793,-2.9437792,-2.0937793,-1.1637793,0.4662207,0.7662207,0.48622072,-0.3437793,-1.3837793,-2.3437793,-1.8537793,-2.2437792,-1.3337793,0.6962207,2.7562208
1.3562207,0.6962207,0.9262207,1.3762207,2.1662207,4.2862206,3.4662206,4.026221,4.4362206,4.4762206,4.196221,4.386221,4.1162205,4.6662207,5.4362206,5.506221,5.1462207,5.5362206,5.5362206,5.756221,4.986221,3.3762207,2.0662208,1.8062207,0.6262207,0.5762207,0.16622071,-0.4337793,-2.0237794,-3.5737793,-3.0737793,-4.8537793,-3.1637793,-1.0137793,-0.3837793,0.7462207,0.006220703,-0.5237793,-0.10377929,-0.9437793,-1.7137793,-1.0937793,-1.4137793,-0.8637793,-1.7437793,-1.1637793,-0.90377927,1.1062207,-0.19377929,-0.4637793,-1.5237793,-1.8437793,-2.8537793,-3.7237792,-2.8137794,-1.8037792,-1.8137794,1.1762207
0.48622072,0.3862207,1.2662207,2.3962207,3.3462207,3.9062207,5.776221,5.906221,5.0862207,5.9162207,6.8262205,6.2262206,5.1162205,5.196221,5.5762205,6.2262206,6.406221,5.986221,5.4762206,4.0862207,2.8862207,2.3662207,1.4362206,1.2762207,0.026220703,-0.8937793,-0.7137793,-2.7837794,-3.7837794,-3.9337792,-4.3937793,-3.6137793,-3.0537794,-1.7837793,-1.2337793,-0.8237793,-0.4837793,-1.1837792,-0.26377928,-0.9637793,-1.0137793,-1.9437793,-1.2537793,-0.4137793,-0.7037793,-0.5337793,0.7562207,0.3762207,-0.5337793,-1.2837793,-2.1037793,-1.2537793,-1.4337792,-1.4237792,-3.1037793,-3.6437793,-4.073779,-0.1337793
