views/data/weather/2019/09/30/0000-wind-isobaric-500hPa-gfs-1.0.json
{"header": { "discipline":0, "disciplineName":"Meteorological products", "gribEdition":2, "gribLength":77106, "center":7, "centerName":"US National Weather Service - NCEP(WMC)", "subcenter":0, "refTime":"2019-09-30T00:00:00.000Z", "significanceOfRT":1, "significanceOfRTName":"Start of forecast", "productStatus":0, "productStatusName":"Operational products", "productType":1, "productTypeName":"Forecast products", "productDefinitionTemplate":0, "productDefinitionTemplateName":"Analysis/forecast at horizontal level/layer at a point in time", "parameterCategory":2, "parameterCategoryName":"Momentum", "parameterNumber":2, "parameterNumberName":"U-component_of_wind", "parameterUnit":"m.s-1", "genProcessType":2, "genProcessTypeName":"Forecast", "forecastTime":0, "surface1Type":100, "surface1TypeName":"Isobaric surface", "surface1Value":50000.0, "surface2Type":255, "surface2TypeName":"Missing", "surface2Value":0.0, "gridDefinitionTemplate":0, "gridDefinitionTemplateName":"Latitude_Longitude", "numberPoints":65160, "shape":6, "shapeName":"Earth spherical with radius of 6,371,229.0 m", "gridUnits":"degrees", "resolution":48, "winds":"true", "scanMode":0, "nx":360, "ny":181, "basicAngle":0, "lo1":0.0, "la1":90.0, "lo2":359.0, "la2":-90.0, "dx":1.0, "dy":1.0 }, "data":
[rows 25 to 49 of 181, columns 171 to 227 of 360]
16.397287,14.517287,12.227287,11.767287,11.007288,8.667288,6.7872877,5.8972874,5.0972877,3.8172877,4.1372876,3.2372875,2.7572875,2.6272876,1.4072876,1.4172876,0.6072876,0.9472876,-0.2327124,-1.3127124,-2.1427124,-4.7127123,-4.6127124,-3.0527124,-1.5327125,-1.1627125,-0.9127124,-0.4927124,-0.3527124,1.6872876,4.7372875,6.8672876,8.597287,9.157288,9.627288,12.127288,8.217288,7.8572874,7.9472876,9.937287,11.087288,9.4872875,14.327288,17.067287,16.737288,15.397287,16.827288,19.277288,20.127287,20.107288,22.347288,21.827288,20.797287,20.467287,19.617287,20.107288,19.697289
14.107287,13.967288,12.377288,11.307287,10.647287,10.2372875,7.7772875,6.3072877,5.4972878,4.0672874,4.1372876,3.5072875,2.7472875,2.3672876,1.6672876,2.2072875,1.0172876,-0.2927124,-2.5927124,-2.7827125,-2.0527124,-3.1927123,-4.4527125,-4.0327125,-3.1227124,-4.0527124,-2.9227123,0.5472876,3.0972877,4.2472878,6.4272876,9.197288,10.547288,11.2372875,10.557287,12.0272875,7.7972875,5.0172877,5.5472875,3.4672875,8.7772875,15.947288,16.927288,19.467287,18.997288,19.237288,19.897287,20.217287,19.807287,20.417288,21.307287,20.937288,20.557287,21.347288,22.037287,22.197289,20.567287
14.047288,12.917288,11.507288,10.647287,10.637287,10.207288,8.767287,7.3272877,6.8172874,6.0272875,4.6972876,4.7172875,4.187288,4.4872875,4.3572874,4.8372874,3.9172876,3.5272875,2.2072875,0.5572876,-1.9827124,-2.5727124,-0.81271243,1.0472876,2.4172876,3.6172876,4.7472878,5.7372875,6.4972878,7.5972877,7.3572874,6.9472876,6.7672877,8.497288,10.9872875,9.177288,6.8472877,2.1972876,4.437288,8.767287,9.647287,11.067287,14.347287,16.347288,17.017288,17.957287,17.567287,17.937288,16.907288,19.577288,20.927288,21.827288,20.587288,22.027288,18.727287,19.137287,19.027288
11.927288,12.957288,12.037288,10.297288,9.917288,9.747288,8.457288,7.5272875,7.8272877,8.167288,7.5172877,7.3072877,6.5572877,5.1072874,4.7672877,5.227288,6.1372876,5.8272877,5.0472875,5.207288,8.117288,7.9072876,8.087288,7.7572875,8.547288,10.937287,10.227287,12.2772875,11.607287,9.2772875,8.087288,7.0272875,7.3272877,7.8472877,9.757288,12.767287,13.067287,4.437288,4.4872875,7.3772874,9.717288,14.877288,18.677288,16.787287,19.717287,21.367287,23.527288,20.897287,20.357288,18.717287,20.947289,23.857288,24.637287,23.777288,20.767288,18.817287,19.507288
11.187287,12.247288,11.767287,10.267287,9.577288,8.827288,6.4472876,6.7972875,8.427288,8.397287,8.167288,8.007288,8.607287,8.167288,7.457288,7.957288,8.247288,8.337288,8.667288,8.157288,7.8272877,8.617288,9.967288,10.477287,10.677288,10.207288,11.607287,12.677288,12.567287,11.067287,9.307287,8.387287,7.8372874,9.247288,10.377288,11.847287,16.417288,9.387287,8.797288,11.247288,13.547288,16.987288,19.717287,19.847288,21.387287,25.027288,22.947289,19.947289,17.587288,25.827288,18.207287,17.747288,18.227287,19.407288,21.047287,20.357288,19.437288
12.407288,11.547288,11.017287,10.087288,8.607287,7.0572877,6.0372877,6.1572876,7.2672877,8.707288,8.437287,7.2972875,6.167288,6.207288,7.8572874,8.927288,8.937287,8.717288,8.637287,9.457288,9.997288,9.997288,9.457288,9.5272875,9.047288,9.327288,9.607287,12.307287,15.007288,13.587288,9.2772875,10.177288,11.007288,13.127288,14.0272875,14.207288,14.927288,8.587288,8.337288,13.617288,10.607287,13.7772875,16.447289,17.057287,20.597288,21.247288,20.137287,19.697289,18.257288,20.387287,20.407288,18.247288,15.5272875,12.667288,13.887287,14.937287,14.917288
11.577288,11.177288,10.357287,9.247288,7.3972874,7.3972874,6.6972876,6.977288,8.347287,9.177288,9.557287,9.0272875,8.787288,8.797288,10.307287,9.437287,8.677288,8.727287,8.577288,8.997288,9.957288,9.607287,9.797288,9.857287,10.757288,12.627288,13.287288,14.177288,14.187287,15.2372875,10.297288,12.557287,13.537288,13.757288,16.037287,16.327288,16.267288,14.937287,10.177288,12.137287,13.007288,12.407288,12.367288,13.427288,12.227287,15.397287,17.887287,16.667288,16.337288,16.507288,14.607287,13.897287,11.827288,13.617288,13.2772875,11.9872875,12.367288
8.847287,9.677288,9.797288,8.917288,7.9472876,7.6072874,7.437288,7.417288,7.0972877,6.6972876,7.3572874,8.727287,9.567287,9.387287,7.707288,7.5072875,8.327288,8.157288,6.9272876,6.1172876,7.3872876,9.167288,10.047288,10.047288,11.457288,12.357287,13.857287,14.067287,16.717287,14.707288,13.137287,13.7772875,14.157288,13.647287,14.877288,14.577288,15.747288,14.217288,16.537287,15.977287,11.137287,8.107287,13.877288,13.697288,11.667288,12.387287,13.847287,13.767287,11.197288,11.387287,11.747288,11.977287,10.447288,9.187287,11.927288,12.517287,11.057287
8.717288,9.617288,8.387287,8.127288,7.8772874,8.907288,7.9872875,7.4872875,5.937288,5.957288,6.187288,7.6272874,7.4072876,6.5472875,7.3372874,6.7572875,6.5772877,7.1172876,6.8772874,8.307287,7.8072877,7.6572876,8.247288,9.227287,10.717288,13.397287,13.587288,17.007288,16.777288,16.387287,16.097288,17.097288,16.107288,15.477287,14.627288,15.137287,14.087288,14.317287,14.087288,9.247288,9.127288,10.137287,12.207288,12.077288,7.6972876,9.647287,10.887287,10.597287,8.537288,9.517287,9.177288,6.3972874,5.8872876,5.707288,6.5972877,7.2872877,6.3572874
10.0272875,10.447288,8.457288,7.457288,7.7972875,8.877288,8.7772875,7.5272875,5.8672876,5.477288,7.0572877,7.7572875,8.347287,8.327288,6.5272875,5.0772877,4.3772874,3.5872877,5.8272877,6.7372875,7.9472876,7.8572874,10.127288,12.357287,13.2372875,13.827288,17.447289,18.727287,19.967287,21.417288,21.657288,20.407288,17.687288,16.937288,16.657288,16.057287,15.337288,14.457288,12.257288,11.577288,9.9872875,7.4672875,8.477287,9.057287,7.4072876,8.367288,9.607287,9.377288,8.887287,8.477287,8.377288,6.6572876,5.3472877,4.0472875,3.4972875,2.6872876,2.2372875
12.597287,11.657288,11.637287,9.587288,8.117288,9.127288,10.817287,9.187287,7.8272877,6.937288,6.2972875,4.7672877,4.1572876,4.477288,5.0772877,5.707288,5.2772875,4.5572877,5.1972876,7.7372875,10.297288,12.207288,12.677288,14.537288,15.877288,19.307287,19.867287,20.147287,23.717287,26.707287,23.857288,20.637287,17.357288,17.557287,17.947289,16.207287,15.137287,13.967288,13.567287,11.717288,10.227287,5.8972874,8.947288,8.437287,7.5172877,7.8572874,8.337288,8.717288,8.327288,8.2372875,8.717288,7.4972878,6.2872877,3.6072876,2.5472877,0.9072876,-0.1427124
11.847287,11.587288,12.687287,12.037288,10.227287,9.747288,11.837288,13.017287,10.907288,8.747288,6.9972878,4.7872877,5.2572875,6.3872876,5.3472877,4.6372876,6.0672874,7.7472878,8.017287,9.127288,10.367288,11.847287,11.577288,16.527288,17.427288,17.247288,20.237288,20.907288,22.027288,22.757288,21.677288,19.887287,16.457287,15.927288,16.837288,16.387287,15.107287,13.2772875,14.167288,10.517287,11.307287,10.577288,13.097287,11.577288,8.447288,7.2872877,7.7572875,8.0272875,7.9072876,8.967288,7.8772874,7.4672875,5.6972876,2.8172877,1.7272877,0.5372876,-1.0127124
9.937287,10.677288,11.907288,13.417288,13.057287,12.247288,13.207288,15.727287,14.627288,11.747288,8.967288,6.1172876,6.0572877,6.6172876,7.6572876,6.687288,7.6072874,9.2772875,10.767287,11.037288,10.357287,11.327288,13.4872875,11.7372875,17.647287,17.527288,18.437288,18.627287,18.757288,19.207287,19.457287,17.937288,16.897287,15.377288,15.4872875,13.107287,13.517287,11.597287,11.967288,11.477287,8.067287,8.977287,10.667288,12.137287,10.457288,6.6172876,7.4472876,7.227288,6.9672875,7.7372875,6.6472874,6.2672877,4.6172876,1.5272876,0.5172876,-0.022712402,-1.8727124
12.597287,12.407288,11.9872875,13.847287,15.537288,15.417288,14.977287,16.867287,17.907288,15.407288,11.907288,7.9872875,5.3172874,4.6572876,4.5172877,6.0472875,8.717288,11.097287,11.187287,10.607287,11.767287,11.587288,13.647287,14.747288,16.087288,15.2372875,15.827288,15.997288,17.107288,18.107288,17.977287,16.887287,16.367287,14.787288,14.267287,12.7372875,12.607287,12.087288,7.8372874,11.607287,11.957288,11.787288,9.787288,8.607287,8.017287,4.9672875,6.2472878,5.1972876,5.8172874,6.8272877,5.977288,4.3772874,2.2872877,1.5072876,0.027287597,-0.5527124,-2.4227123
14.627288,14.927288,14.377288,14.327288,15.727287,18.207287,18.727287,17.647287,19.017288,18.997288,15.5272875,11.367288,10.227287,8.887287,8.467288,8.547288,10.397287,7.8072877,10.247288,10.727287,13.747288,12.627288,14.197288,12.907288,13.147287,13.597287,14.407288,16.577288,16.527288,17.247288,17.667288,15.767287,15.997288,14.857287,14.4872875,12.937287,11.747288,14.0272875,8.627288,11.157288,11.097287,11.617288,11.927288,9.4872875,7.7872877,3.8472877,4.2572875,4.0872874,4.1972876,5.0772877,3.4372876,3.3272877,1.8272876,0.93728757,0.3072876,-0.3427124,-2.3327124
15.397287,15.677288,14.607287,14.947288,16.357288,17.107288,18.907288,20.147287,20.107288,21.447289,20.317287,18.467287,15.347287,14.947288,14.147287,14.797288,11.857287,12.107287,11.457288,12.447288,12.797288,11.827288,16.317287,12.617288,13.477287,13.447288,14.867288,15.557287,16.027288,16.717287,16.357288,16.407288,15.287288,14.437287,14.037288,12.967288,12.577288,11.937287,11.377288,10.397287,9.677288,8.977287,11.9872875,9.147287,8.957288,3.2672875,3.0572877,3.8772876,2.8772876,3.7372875,3.9172876,2.2672875,2.1072876,1.7072875,1.5772876,-0.1027124,-1.7227124
11.477287,12.457288,13.827288,14.587288,16.067287,17.937288,19.257288,19.577288,20.767288,22.867287,23.047287,22.827288,22.487288,20.137287,19.667288,17.997288,16.447289,14.957288,13.867288,13.977287,13.2772875,14.877288,16.217287,16.387287,16.467287,16.557287,15.887287,17.017288,16.737288,15.727287,14.947288,15.317287,15.437287,14.667288,13.717288,13.787288,12.807287,11.037288,9.4872875,9.637287,9.657288,6.9472876,10.087288,9.937287,6.6472874,2.8072877,2.5472877,3.4172876,1.4772877,3.4172876,2.9872875,3.6972876,1.6272876,1.6872876,1.0672876,-0.3227124,-0.7227124
9.807287,11.337288,13.197288,14.997288,16.567287,17.757288,19.087288,20.577288,21.377287,22.567287,25.207287,25.447289,26.157288,26.197289,24.167288,22.577288,20.387287,18.677288,16.617287,17.007288,18.087288,19.167288,20.287287,20.417288,20.897287,17.437288,17.127287,16.987288,16.807287,17.137287,16.007288,13.767287,15.147287,14.247288,13.2772875,12.767287,11.287288,9.577288,8.817287,9.867288,9.2372875,7.417288,7.417288,7.727288,6.7172875,3.4572875,1.9272876,2.8972876,2.2372875,2.2672875,3.4472876,3.4172876,1.5372876,0.1072876,-0.9127124,0.057287596,-0.0627124
10.997288,11.587288,12.377288,13.357287,14.587288,16.377287,18.307287,20.107288,22.467287,23.727287,24.547287,26.367287,28.717287,28.397287,28.537287,26.417288,23.897287,22.577288,22.367287,22.217287,23.847288,25.137287,24.747288,24.147287,24.007288,20.837288,21.557287,17.477287,17.317287,16.517288,16.217287,15.437287,14.827288,13.667288,12.827288,11.637287,10.947288,9.427288,8.307287,8.2372875,8.357287,6.5272875,5.8572874,8.677288,7.2472878,4.1472874,3.6072876,2.5372877,3.3772876,1.4472876,2.5372877,2.2672875,-0.0027124023,0.3372876,-0.4927124,0.037287597,-0.0727124
10.687287,11.717288,12.147287,13.177288,13.657288,14.617288,16.337288,17.917288,20.047287,22.257288,24.057287,24.327288,27.127287,31.647287,32.097286,31.637287,31.507288,28.687288,28.007288,27.317287,29.067287,29.557287,26.947289,27.367287,24.557287,23.127287,18.647287,19.477287,16.217287,16.667288,16.517288,15.747288,16.737288,14.227287,13.327288,12.2372875,10.307287,8.587288,10.297288,8.577288,7.1772876,8.807287,8.667288,6.3672876,5.417288,5.667288,4.8872876,2.2572875,3.8372877,2.2972877,2.6272876,2.2072875,1.4972876,1.9372876,0.4172876,0.8372876,1.0072876
11.797288,11.077288,12.177288,12.617288,13.2772875,13.887287,13.957288,15.837288,17.367287,19.467287,20.727287,22.507288,25.157288,29.397287,32.85729,34.957287,36.187286,37.69729,35.577286,34.497288,34.137287,33.187286,29.217287,27.817287,25.087288,22.217287,19.027288,18.757288,17.137287,17.227287,17.697289,16.517288,16.317287,14.7772875,13.177288,13.137287,11.137287,8.407288,8.107287,8.627288,7.3172874,8.917288,9.497288,9.067287,5.5572877,6.6772876,4.5772877,3.1672876,3.2272875,3.0672877,3.0972877,3.4572875,3.7472875,3.0572877,2.9572875,2.5472877,3.2172875
9.457288,10.467288,11.0272875,10.927288,10.637287,10.907288,11.567287,12.917288,13.807287,15.157288,17.217287,19.327288,21.177288,24.537287,28.817287,31.927288,34.337288,35.637287,36.587288,36.347286,34.14729,29.577288,28.137287,26.047287,25.287287,22.677288,21.847288,20.367287,19.487288,18.287287,16.037287,16.867287,14.907288,14.057287,12.937287,13.597287,11.7372875,12.677288,10.927288,8.877288,9.177288,8.807287,10.7372875,8.727287,6.1472874,6.207288,7.5172877,4.6572876,3.1172876,4.0572877,4.4672875,4.6772876,5.7172875,5.437288,5.8372874,5.187288,5.7372875
6.5072875,7.1272874,8.087288,8.147287,8.207288,7.937288,8.447288,8.687287,10.437287,12.157288,13.997288,15.947288,16.977287,18.397287,20.237288,22.977287,25.887287,27.827288,28.947289,27.697289,24.887287,25.117287,26.857288,24.397287,22.667288,22.717287,21.037287,20.017288,18.597288,16.487288,15.157288,14.627288,13.387287,12.107287,12.067287,13.427288,13.397287,13.517287,12.5272875,10.107287,10.247288,7.8272877,6.4072876,7.5272875,7.8472877,6.6572876,6.3372874,8.427288,5.5272875,4.6372876,4.8472877,5.8172874,7.167288,7.7772875,6.5572877,6.7572875,7.5872874
2.5672877,3.8072877,5.0672874,6.207288,7.3272877,7.8572874,7.9272876,6.4672875,6.0172877,7.2372875,9.517287,12.317287,15.2772875,16.687288,16.247288,16.417288,17.507288,17.737288,18.197289,20.067287,23.277288,24.307287,23.377287,22.277288,22.457287,23.037287,20.657288,18.837288,18.167288,15.967288,13.947288,13.797288,12.497288,10.967288,10.577288,12.577288,13.167288,14.337288,15.057287,12.817287,11.947288,9.837288,9.557287,8.5272875,6.8772874,7.9872875,5.5772877,6.5272875,7.6572876,5.5172877,5.7972875,5.8672876,6.2372875,6.7572875,8.657288,8.177288,8.547288
0.037287597,0.9472876,2.0672877,2.6272876,2.0972877,1.4472876,2.0072875,2.6672876,3.5372877,3.9772875,4.167288,4.1472874,4.937288,5.3572874,7.0872874,8.347287,11.337288,14.207288,18.137287,21.787287,22.497288,20.317287,21.407288,23.247288,23.047287,22.127287,19.707287,17.927288,17.107288,15.577288,14.067287,12.357287,10.607287,11.567287,10.657288,12.2372875,13.117288,13.357287,13.567287,12.547288,11.657288,10.617288,12.597287,12.497288,9.267287,7.2772875,5.5872874,5.9872875,7.9972878,6.7572875,5.8472877,6.417288,5.5872874,6.5672874,7.5372877,9.437287,8.947288
