public/data/weather/current/current-wind-isobaric-500hPa-gfs-1.0.json
{"header": { "discipline":0, "disciplineName":"Meteorological products", "gribEdition":2, "gribLength":77715, "center":7, "centerName":"US National Weather Service - NCEP(WMC)", "subcenter":0, "refTime":"2019-10-05T00:00:00.000Z", "significanceOfRT":1, "significanceOfRTName":"Start of forecast", "productStatus":0, "productStatusName":"Operational products", "productType":1, "productTypeName":"Forecast products", "productDefinitionTemplate":0, "productDefinitionTemplateName":"Analysis/forecast at horizontal level/layer at a point in time", "parameterCategory":2, "parameterCategoryName":"Momentum", "parameterNumber":2, "parameterNumberName":"U-component_of_wind", "parameterUnit":"m.s-1", "genProcessType":2, "genProcessTypeName":"Forecast", "forecastTime":0, "surface1Type":100, "surface1TypeName":"Isobaric surface", "surface1Value":50000.0, "surface2Type":255, "surface2TypeName":"Missing", "surface2Value":0.0, "gridDefinitionTemplate":0, "gridDefinitionTemplateName":"Latitude_Longitude", "numberPoints":65160, "shape":6, "shapeName":"Earth spherical with radius of 6,371,229.0 m", "gridUnits":"degrees", "resolution":48, "winds":"true", "scanMode":0, "nx":360, "ny":181, "basicAngle":0, "lo1":0.0, "la1":90.0, "lo2":359.0, "la2":-90.0, "dx":1.0, "dy":1.0 }, "data":
[rows 104 to 129 of 181, columns 0 to 57 of 360]
0.76455325,0.20455322,-0.8154468,-2.6254468,-2.7954469,-1.5654467,-0.5654468,-0.2554468,-1.8654468,-3.8654468,-5.0754466,-6.775447,-4.8054466,-3.1754467,-1.1454468,-7.735447,-2.3554468,-6.395447,-3.5054467,-0.8254468,-0.8854468,-3.2554467,-1.2154468,-2.3054469,-2.6354468,-2.6654468,-1.3254467,-2.6454468,-2.5554469,-2.8454468,-2.6554468,-3.0654469,-5.835447,-5.3654466,-5.2054467,-5.4154468,-4.675447,-4.2854466,-3.9254467,-3.3254468,-2.9254467,-2.0154467,-1.8954468,-3.7554467,-2.035447,0.53455323,0.9245532,1.2345532,1.2045532,1.0545533,1.3045533,0.3945532,-1.1554468,-1.6954467,-2.4454467,-1.8854468,-1.7154468,-1.7754468
-0.5554468,-0.21544677,0.32455322,-1.0754467,-0.39544678,-0.31544676,-0.84544677,-0.3854468,-0.8254468,-2.8954468,-3.3054469,-4.0554466,-4.0154467,-5.2054467,-3.785447,-2.6954467,-7.2254467,-0.92544675,-0.31544676,3.1545532,0.78455323,0.9145532,-2.0454469,-1.7354468,-2.5854468,-3.2554467,-0.97544676,-0.7754468,-1.7554468,-0.7454468,-2.2654467,-2.3754468,-2.8154469,-3.8754468,-4.0754466,-4.3054466,-4.735447,-3.6454468,-3.4354467,-1.1954467,-0.85544676,-0.7654468,0.42455322,-1.1154468,-0.4454468,1.2345532,0.6045532,2.0645533,4.1145535,2.9245532,2.8745532,2.6245532,0.76455325,-0.23544678,-0.12544678,-0.42544678,-0.72544676,-1.5254468
0.19455323,-0.09544678,0.9245532,0.40455323,0.70455325,0.48455322,0.57455325,-2.3854468,-0.7054468,-1.1654468,-1.6354468,-0.24544677,-4.2254467,-3.6554468,-5.6354465,-2.0654469,-5.315447,-0.5054468,-1.8854468,1.4245533,-2.8754468,-0.13544677,-2.285447,-4.6354465,-6.005447,-5.255447,-5.0554466,-1.9054468,-0.8654468,-0.23544678,-1.2054467,-1.7454468,-1.8854468,-0.5254468,-0.8254468,-0.42544678,0.9345532,1.1045532,1.2245532,1.2045532,0.23455322,1.4345533,0.9445532,1.4445533,-0.085446775,3.2745533,3.4545531,2.4245532,3.8045533,3.2945533,2.4045532,1.7745532,2.3845532,1.6645532,1.9545532,1.6645532,1.2545532,0.3645532
1.4945532,1.3545532,1.1345532,2.2445533,1.2945533,1.7645532,1.3245533,1.1745533,0.84455323,1.1345532,-0.015446777,0.22455323,1.2245532,-1.5254468,-5.9554467,-4.775447,-6.425447,-0.29544678,0.014553223,-0.3554468,0.8845532,0.42455322,-1.8754468,-5.7454467,-5.375447,-4.5354466,-4.315447,-3.2154467,-5.585447,-4.545447,-3.5654469,-2.2254467,-0.6254468,1.0745533,1.9045532,3.1245532,3.8245533,4.604553,5.434553,4.664553,3.7645533,5.2345533,4.874553,4.9045534,3.714553,4.804553,6.594553,4.0445533,5.354553,3.8945532,3.4845533,3.4245532,3.6345532,2.7945533,2.4345531,2.6245532,3.1745532,2.5845532
-2.0454469,0.0045532226,1.8245533,2.5645533,3.5545533,3.8745532,4.1345534,3.724553,2.8945532,2.6245532,0.9145532,0.6945532,2.2845533,2.5245533,-0.36544678,-1.6254468,-2.8554468,1.1345532,1.2845532,2.8545532,1.4745532,0.3945532,0.14455323,-0.7754468,-1.2454468,-1.7354468,-1.3654468,-1.5354468,-2.6754467,-4.5754466,-6.0754466,-3.3854468,-1.0454468,-2.4354467,-1.6454468,-0.72544676,1.1545532,4.074553,6.594553,7.704553,8.164554,7.1945534,7.5845532,8.204554,5.844553,5.534553,4.344553,5.1345534,7.1345534,5.3345532,4.9245534,5.104553,5.3145533,5.724553,5.5845532,4.1545534,4.394553,4.394553
1.1045532,1.7445532,2.8545532,3.5445533,3.964553,4.784553,5.414553,5.1745534,4.824553,3.6945531,2.9445531,2.7545533,2.464553,3.8645532,1.2145532,-1.9254467,-1.7154468,2.3245533,2.8445532,1.7845532,2.8545532,1.1045532,1.7945533,-0.005446777,1.4045532,2.224553,0.9845532,1.2945533,0.6345532,-1.9854468,-2.0554469,-2.2154467,-1.1854467,-0.8654468,-0.34544677,-0.8754468,-0.8754468,0.29455322,2.0545533,5.5245533,7.744553,9.0745535,9.034554,7.824553,7.8845534,6.844553,9.934553,8.934553,6.494553,5.5845532,5.7345533,6.094553,5.8645535,5.414553,5.844553,5.494553,6.3845534,5.324553
-0.98544675,-0.045446776,1.9245533,2.9245532,3.9945533,5.9245534,7.1145535,7.454553,6.554553,6.3145533,5.1745534,4.574553,5.474553,5.4045534,2.224553,-0.5254468,-0.7754468,-0.115446776,6.1145535,5.664553,5.9845533,2.8145533,2.8745532,2.7345533,3.2045531,1.6145532,2.3445532,2.8945532,2.6045532,1.1545532,1.2145532,-0.5054468,-0.9554468,1.0445533,0.2745532,0.53455323,0.23455322,1.2045532,1.2645532,3.6145532,6.204553,7.414553,7.574553,9.094553,8.444553,7.744553,8.494554,9.854553,9.144553,7.4245534,7.474553,8.284554,8.494554,6.164553,5.244553,5.204553,5.624553,2.5045533
-4.905447,-1.8654468,3.0145533,5.414553,6.474553,10.124554,12.424553,12.624554,11.214553,10.894553,9.884553,8.424553,7.304553,7.124553,5.0045533,1.7845532,1.5645533,3.2945533,4.854553,9.274553,7.974553,7.7745533,5.474553,4.1345534,3.6945531,2.8045533,3.5345533,3.6545532,5.2545533,3.4545531,3.974553,3.474553,1.8945532,1.6345532,1.5445533,2.2745533,2.1245532,2.5545533,3.2945533,3.4045532,5.554553,7.2345533,9.144553,9.644553,11.634553,8.794553,9.684553,8.314553,9.224553,9.204554,9.084553,8.154553,6.264553,5.9445534,5.684553,5.644553,6.414553,7.494553
-0.33544677,-1.6654468,-1.0054468,-0.14544678,0.23455322,2.7045531,9.814553,12.534554,12.964553,13.714553,11.854553,11.124554,9.544553,9.044553,7.244553,2.5045533,4.324553,6.7145534,6.6745534,5.7545533,6.624553,6.644553,5.6745534,3.1045532,2.1845531,4.8345532,3.974553,5.3345532,8.504553,6.4045534,6.224553,4.854553,5.014553,4.8145533,4.344553,3.8045533,4.1945534,5.434553,5.764553,6.2145534,8.404553,8.0745535,8.754553,8.514553,9.064553,6.394553,6.2345533,6.8145533,5.804553,7.2545533,6.9445534,6.264553,4.7545533,5.4445534,7.3645535,6.8145533,7.3845534,8.144553
-1.4354467,-0.8154468,-0.4154468,-1.3254467,-0.9554468,-1.7854468,-2.6454468,-1.2954468,-0.5254468,0.6245532,1.1045532,1.9045532,6.324553,9.684553,9.114553,6.894553,7.5645533,8.514553,7.034553,7.264553,11.3245535,7.804553,7.7145534,6.8145533,6.7545533,8.694553,9.534554,10.954554,12.534554,9.454554,8.0745535,6.3145533,3.8645532,1.8045533,4.014553,6.5245533,7.144553,8.654553,10.174553,11.704554,11.534554,12.144553,11.634553,12.334553,11.944553,9.884553,7.9445534,9.754553,8.864553,8.064553,8.144553,7.4645534,6.704553,6.374553,6.394553,6.9045534,7.184553,8.294553
0.35455322,0.25455323,-0.5254468,-0.9954468,-1.5954468,-3.3654468,-4.585447,-3.035447,-1.6254468,-1.3354468,-1.2954468,-1.9454467,-0.53544676,1.7045532,4.6545534,6.574553,8.384553,9.334553,9.114553,8.524553,12.764553,12.714553,10.124554,8.754553,10.444553,10.834553,10.224553,1.6445532,-7.8654466,-9.045446,-2.0854468,1.6645532,2.964553,1.1445532,1.1045532,1.2145532,4.224553,4.7345533,7.1345534,9.164554,13.674553,16.734552,16.254553,14.104553,13.944553,12.664554,9.864553,9.844553,10.314553,9.764553,9.544553,8.744554,7.3345532,6.5245533,6.974553,6.604553,7.4245534,7.7345533
3.1245532,0.8145532,1.3945532,1.4745532,0.5445532,-0.8854468,-1.9054468,-1.6354468,-1.3054467,-0.79544675,-1.9954468,-2.4654467,-1.8854468,-2.2454467,-0.85544676,0.08455322,3.5345533,9.264553,9.784554,11.754553,11.704554,13.504553,10.404553,6.074553,2.5145533,-0.96544677,-5.005447,-4.355447,-5.1854467,-5.775447,-8.025447,-5.275447,-2.7154467,-0.65544677,0.07455322,0.25455323,-1.2954468,0.17455322,1.5345532,6.514553,10.944553,17.024553,19.304554,17.654552,15.544553,13.924553,11.914554,10.854553,10.034554,9.644553,9.224553,8.454554,6.914553,6.784553,6.1945534,6.104553,7.0645533,7.514553
5.144553,4.6945534,3.4045532,1.7145532,0.9345532,0.7545532,0.3645532,0.8845532,0.7345532,0.25455323,-0.32544678,-2.1354468,-2.8154469,-4.5754466,-4.085447,-2.9354467,-0.9354468,-1.1854467,1.6345532,3.5945532,5.224553,5.1945534,6.0045533,4.644553,2.3845532,0.35455322,-0.5054468,-0.5554468,-1.9154468,-1.7254468,-5.675447,-1.9454467,-2.0754468,-1.3454468,-0.20544678,-0.7654468,-0.5654468,0.59455323,-0.7554468,2.6945531,5.844553,9.544553,14.034554,18.354553,14.494554,13.894553,12.004553,10.604553,10.414554,9.504553,8.674553,7.8845534,7.304553,7.2545533,6.034553,6.284553,7.6145535,7.974553
10.3245535,7.8845534,6.204553,4.554553,2.214553,1.8645532,2.964553,2.714553,3.7645533,4.094553,2.5445533,1.2045532,-0.37544677,-2.2454467,-2.7354467,-3.8054469,-2.8054469,-1.1754467,0.38455322,2.9245532,4.304553,1.8745532,2.7645533,3.5945532,0.11455322,0.25455323,1.1145532,2.5845532,2.9245532,0.42455322,-1.1554468,0.17455322,0.5045532,1.7845532,0.10455322,0.014553223,-0.4754468,0.044553224,0.6645532,1.5245532,4.7145534,7.474553,7.094553,12.964553,10.604553,10.424553,10.474553,9.004553,9.594553,9.844553,9.474553,8.954554,8.034554,7.894553,6.8845534,7.514553,8.004553,7.1345534
15.294553,13.604553,10.094553,9.044553,6.6545534,4.1945534,2.6845531,4.284553,4.7345533,4.644553,3.1445532,2.5045533,0.53455323,-0.3854468,-0.5054468,-2.535447,0.3945532,-0.37544677,1.9745532,1.1145532,4.2345533,4.184553,5.994553,6.0045533,3.7345533,3.1145532,4.684553,4.894553,5.5845532,5.3845534,3.4545531,3.9245532,3.5645533,3.2645533,1.1545532,-1.3754468,1.1445532,1.8345532,1.9545532,2.5045533,4.104553,5.894553,5.644553,8.954554,8.504553,7.5045533,7.3845534,7.7545533,8.444553,8.794553,8.984553,8.664554,9.204554,7.4045534,7.764553,7.6545534,7.374553,7.264553
18.514553,18.044554,16.724554,13.614553,12.524553,10.364553,6.6545534,4.9445534,4.844553,3.464553,2.5545533,1.9645532,1.0545533,0.7445532,0.4945532,-0.07544678,0.6145532,1.3745532,2.724553,3.2445533,4.6545534,6.7145534,8.044553,7.6145535,6.494553,5.6345534,7.934553,7.6545534,7.454553,8.914554,6.224553,7.2545533,6.8645535,3.9545531,1.6645532,2.6945531,3.3545532,2.8545532,5.514553,5.2545533,5.1945534,5.3845534,4.2345533,6.074553,8.304553,6.574553,6.0245533,5.8145533,7.554553,8.504553,8.624554,8.674553,8.104553,7.7745533,7.824553,7.7745533,7.8145533,7.6745534
22.374554,20.814552,20.694553,19.234552,15.994554,15.384553,14.254553,11.184553,8.564553,7.894553,5.784553,3.8045533,3.6445532,3.974553,3.2945533,3.9045532,3.9945533,3.9045532,4.574553,5.1745534,6.594553,6.224553,6.894553,8.004553,8.454554,8.964553,9.464553,10.834553,9.964553,9.634553,9.754553,10.194553,8.964553,5.804553,5.7945533,5.4645534,6.374553,6.414553,5.954553,8.624554,8.304553,6.514553,5.5245533,5.644553,6.3645535,7.344553,6.7545533,6.744553,8.144553,8.544553,7.724553,7.394553,7.804553,7.414553,8.974553,9.214553,8.784554,8.384553
19.724554,22.234552,22.044554,22.784554,22.294554,21.954554,19.264553,17.924553,16.334553,13.234553,11.784554,10.684553,9.044553,8.684553,8.354553,8.254553,8.674553,8.414554,8.704554,9.294553,9.614553,9.854553,9.414554,8.734553,9.314553,10.984553,12.044553,12.394553,11.5745535,12.284554,12.804553,11.924553,10.834553,9.814553,8.434553,8.214553,9.194553,9.584553,9.224553,9.744554,10.914554,8.834553,10.394553,6.0045533,7.7145534,8.174553,7.1745534,6.2745533,7.094553,8.394553,7.644553,8.124554,8.594553,9.274553,10.014553,10.064553,9.284554,7.8845534
18.214554,18.694553,19.744553,19.614553,20.604553,24.244553,26.574553,25.584553,21.864553,20.414553,16.494553,15.644553,14.834553,14.244554,13.8245535,13.934553,13.154553,13.104553,13.104553,13.164554,13.864553,13.814553,11.914554,12.064553,12.504553,13.924553,14.914554,14.594553,15.434553,15.204554,15.294553,13.754553,13.404553,13.974553,13.134553,11.764553,12.684553,12.054553,11.174553,11.374554,11.254553,10.294553,10.284554,9.974553,8.204554,6.514553,6.2345533,6.594553,8.3245535,8.794553,10.254553,11.014553,11.054553,9.954554,9.954554,9.3245535,7.2945533,5.4245534
22.434553,23.164553,23.524553,24.174553,23.924553,22.404552,21.244553,27.624554,27.974554,24.774553,23.444553,21.194553,19.954554,18.254553,18.364553,18.444553,17.844553,17.164553,17.554554,17.484552,17.184553,17.634554,17.724554,17.754553,16.914553,18.324553,18.764553,19.694553,18.544554,19.224554,18.824553,16.644554,15.724553,16.684553,15.774553,15.344553,14.474553,14.554553,13.984553,12.594553,12.524553,13.144553,12.254553,13.974553,9.384553,8.854553,8.274553,9.694553,10.164554,10.904553,10.474553,9.774553,9.664554,10.804553,10.254553,9.834553,7.7945533,6.2745533
27.124554,26.574553,26.814552,27.394554,26.664553,24.084553,21.194553,22.344553,25.684553,26.424553,26.314552,26.314552,24.924553,23.284554,22.044554,22.574553,23.244553,21.074553,19.574553,20.904552,19.464554,20.554554,21.994553,23.084553,23.354553,23.404552,23.434553,23.204554,22.454554,20.794554,21.224554,22.144554,20.874554,19.234552,18.324553,18.034554,18.434553,16.624554,16.664553,15.284554,14.284554,15.374554,14.134553,13.784554,15.084553,12.134553,10.764553,9.764553,9.434553,8.434553,8.654553,9.204554,10.314553,12.744554,11.294553,10.644553,8.534554,7.9045534
30.704554,30.634554,30.424553,29.304554,28.044554,27.114553,25.294554,22.434553,25.404552,26.594553,28.194553,28.694553,28.094553,27.594553,27.034554,24.994553,23.774553,22.554554,21.874554,22.124554,22.854553,21.674553,22.134554,24.024553,24.714554,25.884554,26.354553,25.354553,26.154552,26.084553,24.634554,23.794554,24.134554,22.774553,20.944553,20.884554,19.804554,18.274553,18.444553,17.114553,16.904552,17.434553,16.874554,15.8245535,16.544554,16.074553,15.684553,11.8245535,10.994554,12.854553,13.914554,12.224553,12.764553,14.194553,11.724553,10.594553,10.394553,9.714553
34.834553,31.744553,29.924553,29.724554,30.524553,29.124554,28.484552,27.124554,24.984552,26.794554,28.764553,30.284554,31.274553,31.074553,29.444553,26.954554,25.544554,25.184553,24.634554,24.584553,24.844553,26.144554,26.474554,26.504553,27.174553,27.594553,27.614553,26.964554,26.814552,29.484552,27.784554,24.784554,26.604553,26.474554,24.674553,23.104553,24.194553,22.564552,21.774553,21.594553,20.154552,19.574553,18.304554,16.314552,17.604553,17.694553,17.794554,14.8245535,12.894553,14.164554,12.974553,13.174553,11.294553,12.114553,12.944553,10.3245535,8.284554,7.244553
40.784554,38.52455,35.04455,33.304554,31.104553,30.864553,30.524553,30.074553,29.604553,29.084553,29.024553,29.774553,31.534554,31.604553,30.844553,29.894554,29.254553,28.934553,28.974554,29.164553,29.374554,29.754553,30.864553,31.844553,32.354553,31.814552,30.614553,28.444553,28.894554,29.054554,28.334553,27.384554,27.884554,27.574553,26.964554,27.684553,27.734552,26.224554,24.324553,21.844553,21.684553,21.274553,20.034554,17.734552,17.694553,18.014553,19.424553,16.424553,13.5745535,14.674553,13.444553,12.164554,11.044553,11.364553,13.354553,12.314553,11.024553,10.994554
47.42455,46.60455,44.05455,40.79455,37.984554,36.804554,34.074554,33.264553,33.45455,33.184555,32.234554,32.11455,32.52455,32.674553,32.604553,32.484554,32.584553,33.064552,34.464554,35.224552,35.264553,35.244553,35.424553,34.554554,34.77455,34.874554,31.314552,28.844553,30.404552,30.184553,29.184553,29.784554,31.064552,32.814552,32.574554,30.094553,29.044554,28.324553,26.334553,24.484552,23.164553,22.184553,21.494553,21.644554,21.124554,18.674553,18.344553,16.504553,14.144553,14.164554,10.934553,11.784554,11.034554,10.184553,11.094553,12.294553,13.434553,14.174553
46.744553,48.12455,50.16455,49.12455,44.12455,42.42455,41.70455,40.064552,38.784554,37.514553,37.79455,37.804554,36.534554,35.884552,36.394554,37.184555,37.494553,38.20455,38.494553,37.784554,36.934555,36.744553,36.714554,33.344555,32.134552,30.114553,32.404552,32.064552,32.154552,32.344555,32.604553,33.084553,34.144554,34.944553,34.304554,32.54455,30.704554,30.154552,28.884554,27.534554,25.664553,25.974554,24.734552,20.494553,22.394554,26.724554,22.874554,18.064552,15.934553,15.314553,9.874554,12.684553,11.834553,10.114553,9.094553,12.104553,14.314553,13.214553
