public/data/weather/current/current-wind-isobaric-850hPa-gfs-1.0.json
{"header": { "discipline":0, "disciplineName":"Meteorological products", "gribEdition":2, "gribLength":79359, "center":7, "centerName":"US National Weather Service - NCEP(WMC)", "subcenter":0, "refTime":"2019-10-05T00:00:00.000Z", "significanceOfRT":1, "significanceOfRTName":"Start of forecast", "productStatus":0, "productStatusName":"Operational products", "productType":1, "productTypeName":"Forecast products", "productDefinitionTemplate":0, "productDefinitionTemplateName":"Analysis/forecast at horizontal level/layer at a point in time", "parameterCategory":2, "parameterCategoryName":"Momentum", "parameterNumber":2, "parameterNumberName":"U-component_of_wind", "parameterUnit":"m.s-1", "genProcessType":2, "genProcessTypeName":"Forecast", "forecastTime":0, "surface1Type":100, "surface1TypeName":"Isobaric surface", "surface1Value":85000.0, "surface2Type":255, "surface2TypeName":"Missing", "surface2Value":0.0, "gridDefinitionTemplate":0, "gridDefinitionTemplateName":"Latitude_Longitude", "numberPoints":65160, "shape":6, "shapeName":"Earth spherical with radius of 6,371,229.0 m", "gridUnits":"degrees", "resolution":48, "winds":"true", "scanMode":0, "nx":360, "ny":181, "basicAngle":0, "lo1":0.0, "la1":90.0, "lo2":359.0, "la2":-90.0, "dx":1.0, "dy":1.0 }, "data":
[rows 100 to 124 of 181, columns 171 to 227 of 360]
-2.1399975,-4.5399976,-5.9599977,-7.569998,-8.839997,-8.679997,-9.189998,-8.929997,-10.499997,-10.589997,-10.189998,-10.719997,-11.339997,-11.959997,-10.989998,-12.799997,-12.339997,-11.519998,-11.129997,-9.839997,-9.189998,-8.869998,-8.669997,-7.4799976,-7.2699976,-7.3299975,-6.4899974,-6.7699976,-5.7599974,-5.2699976,-4.9999976,-5.0999975,-5.9799976,-5.6299977,-6.5999975,-7.3299975,-4.9499974,-6.8799977,-8.459997,-6.7799973,-8.029998,-7.6499977,-6.6999974,-6.5299973,-7.339998,-6.6299977,-6.9799976,-7.8599977,-8.899998,-9.269998,-9.809998,-9.309998,-10.259997,-10.519998,-11.019998,-10.799997,-11.339997
-2.4299974,-5.1299977,-6.3299975,-7.3799977,-7.3999977,-7.8699975,-9.679997,-9.179997,-9.869998,-11.0999975,-11.039997,-9.5999975,-8.939998,-10.119998,-10.179997,-10.309998,-10.249997,-10.239998,-9.239998,-8.579998,-8.689998,-7.9599977,-7.0299973,-6.1499977,-5.089998,-5.0499973,-5.3799977,-5.2399974,-4.5599976,-4.4799976,-3.9799976,-4.6099977,-5.3899975,-4.6599975,-4.9499974,-7.0399976,-4.1399975,-5.7499976,-7.0399976,-6.7599974,-6.9999976,-7.1899977,-5.6599975,-6.5799975,-6.8799977,-6.1999974,-6.589998,-7.5599976,-8.559998,-9.1399975,-9.789997,-10.749997,-10.709997,-11.509997,-9.829998,-10.089997,-10.929997
-1.5999975,-4.1799974,-3.3499975,-6.6599975,-8.809998,-8.709997,-9.1399975,-9.0999975,-8.429997,-9.019998,-10.729998,-10.779998,-9.719997,-8.789997,-8.609998,-8.989998,-8.549997,-8.229998,-7.7999973,-6.6399975,-6.4799976,-5.6799974,-5.2699976,-4.9399977,-4.2999973,-4.1199975,-3.0899975,-2.0399976,-2.7099977,-2.4799976,-3.0799975,-4.1099977,-3.2399976,-4.0299973,-4.1599975,-5.8799977,-4.6599975,-3.4699976,-4.2199974,-5.3499975,-5.4399977,-5.6399975,-4.7099977,-5.0199976,-6.839998,-5.3299975,-5.4599977,-7.0799975,-8.1399975,-8.699998,-8.979998,-10.119998,-10.509997,-9.579998,-10.229998,-9.309998,-8.769998
-2.3299975,-7.1599975,-5.7099977,-5.9199977,-7.4699974,-7.9099975,-8.629997,-9.049997,-8.679997,-9.159998,-8.699998,-9.879997,-8.569998,-8.149998,-7.4999976,-7.1499977,-6.6299977,-5.9999976,-5.4899974,-5.2999973,-4.6199975,-4.9799976,-5.2699976,-4.4299974,-4.3299975,-4.4299974,-2.8899975,-1.1399976,-1.1899976,-1.8899976,-1.9699975,-3.1099975,-3.1099975,-3.7199976,-3.2999976,-4.4099975,-4.1199975,-3.6099975,-3.2599976,-3.2999976,-3.2899976,-3.9099975,-4.2599974,-4.4499974,-4.6299977,-5.7499976,-4.2599974,-5.5499973,-6.4599977,-7.4899974,-7.4899974,-7.8999977,-8.5999975,-9.489998,-9.529998,-8.909998,-7.1799974
-5.0799975,-0.82999754,-4.569998,-7.7399974,-9.049997,-12.179997,-9.969997,-9.129997,-9.829998,-9.589997,-9.0999975,-9.399998,-8.729998,-7.569998,-6.3999977,-4.4999976,-4.4799976,-5.7599974,-5.0299973,-4.4699974,-4.2799973,-3.0199976,-3.2699976,-3.2399976,-3.4599977,-3.8299975,-3.8999975,-2.7399976,-1.1999975,-1.1499976,-0.109997556,-1.2899976,-1.5999975,-2.4899976,-2.4499977,-3.3799975,-2.6299975,-2.1999977,-1.2299975,-1.3999976,-2.4599977,-2.6899977,-3.1099975,-5.2299976,-4.5199976,-4.8099976,-3.9899976,-3.9399977,-4.3599977,-5.2199974,-5.5499973,-6.9499974,-8.149998,-7.8799977,-8.409998,-7.839998,-6.9399977
-10.479998,-8.609998,-8.869998,-8.919997,-9.619998,-10.879997,-11.009997,-11.489998,-11.459997,-9.149998,-8.819998,-8.239998,-8.339997,-8.369998,-8.029998,-8.199998,-8.529998,-7.5199976,-5.069998,-4.7999973,-2.4599977,-1.2799976,-1.6899976,-2.2399976,-2.4899976,-2.1699975,-2.5399976,-4.0999975,-1.6899976,-0.22999756,-3.2399976,-0.80999756,-1.0299976,-1.5299976,-2.4099975,-1.0999975,-1.1399976,-1.4399976,-0.86999756,0.36000243,-1.6099975,-1.4999976,-2.7599976,-3.9799976,-4.1099977,-3.1499975,-2.6799974,-4.1899977,-4.5299973,-5.2799973,-5.6499977,-6.9099975,-7.2099977,-7.5799975,-7.7799973,-7.3299975,-7.5799975
-8.259997,-8.369998,-9.589997,-11.789997,-10.949998,-12.169997,-11.049997,-10.569998,-10.269998,-9.039997,-7.9199977,-8.079998,-8.229998,-7.8499975,-7.0599976,-7.2099977,-8.419997,-7.9299974,-6.7799973,-6.1299977,-5.2599974,-3.7699976,-2.0799975,-1.4699975,-1.2899976,-1.4199976,-1.3199975,-2.4399977,-2.0499976,0.87000245,0.19000244,-1.9399976,-0.03999756,-1.2199975,-0.99999756,-0.38999757,-0.09999756,-0.5399976,0.87000245,0.47000244,0.81000245,-0.009997559,-2.0399976,-1.9099976,-2.0899975,-2.3999975,-2.6999977,-2.1699975,-3.8499975,-4.6499977,-5.1499977,-6.3499975,-6.1499977,-5.9999976,-7.089998,-6.4599977,-7.1099977
-4.3599977,-5.6199975,-6.5099974,-5.1799974,-8.419997,-6.9099975,-7.1599975,-7.069998,-8.709997,-6.839998,-7.1799974,-8.249997,-7.6899977,-7.1099977,-7.5199976,-7.2499976,-6.7999973,-6.589998,-6.7199974,-5.2299976,-4.7399974,-3.9299974,-4.1299977,-2.5999975,-1.6899976,-0.8599976,-0.74999756,-0.58999753,-1.0899975,0.69000244,4.430002,2.1900024,0.92000246,2.4000025,2.7900023,2.9900024,1.8600024,2.0500023,4.0800023,1.6200024,1.1700025,1.6800025,0.43000245,-0.76999754,-1.2799976,-0.75999755,-0.8599976,-1.4999976,-2.2999976,-2.5699975,-4.7899976,-4.8299975,-5.6399975,-5.3899975,-4.8699975,-5.8499975,-5.9399977
-4.3599977,-3.2399976,-4.3699975,-4.4099975,-3.1699975,-2.3099976,-0.35999757,-4.6499977,-2.5699975,-1.9199976,-1.8999976,-2.3299975,-3.6099975,-3.7899976,-3.0599976,-2.8899975,-3.1699975,-2.9099975,-3.1799974,-2.8099976,-3.0199976,-3.6699975,-2.7599976,-1.1699976,-0.06999756,0.29000244,0.020002441,1.5900024,1.4500024,1.4900024,2.4900024,6.1100025,6.2000027,6.2900023,6.2200027,5.4500027,6.2300024,5.3800025,1.2300024,1.1900024,2.0800025,1.7800025,1.9800024,1.4100025,1.2100024,0.61000246,0.31000245,-0.09999756,-0.95999753,-2.7999976,-2.7799976,-3.3799975,-3.4299974,-3.6099975,-3.5499976,-3.8899975,-4.0299973
-3.2699976,-4.5299973,-2.8899975,-1.6199975,-3.4699976,-1.6999975,-0.81999755,-0.12999755,-0.26999757,1.5400025,0.8300024,0.93000245,1.2000024,1.3100024,1.3900025,1.6800025,1.2200024,0.99000245,2.1700025,2.6900024,2.5500023,2.0100024,2.4900024,1.0700024,-0.27999756,1.3600024,3.8100023,2.4200025,2.2000024,3.3400025,3.5300024,4.910002,6.2800026,6.7700024,7.8300023,9.460003,10.490003,8.450003,5.4800024,1.3900025,2.6000025,3.6900024,2.3300025,1.5600024,1.3700024,1.8000025,1.4800024,1.6800025,1.3000025,-0.86999756,-2.2499976,-3.2599976,-4.5999975,-2.7399976,-2.0199976,-1.3799976,-1.6099975
-2.8099976,-2.8099976,-2.5899975,-1.5499976,-1.1399976,-0.9199976,-0.34999755,0.44000244,1.2100024,1.5600024,1.2500024,0.070002444,0.32000244,0.68000245,0.57000244,0.79000247,1.0800024,1.8200024,2.8400025,4.1000023,5.8400025,6.6400023,6.9200025,8.700003,8.250003,7.7000027,4.910002,5.1500025,6.8700023,5.4400024,5.5600023,5.9400024,5.8000026,5.1100025,4.1900024,4.3000026,4.0500026,4.680002,4.2900023,2.8000023,0.8400024,1.4900024,2.4700024,2.5000024,0.87000245,1.8800025,1.6400025,1.7300024,0.09000244,-2.3599975,-2.8399975,-2.3399975,-1.1099975,-1.1099975,0.11000244,1.3500024,1.2600025
-5.1199975,-3.7799976,-4.9799976,-3.3599975,-3.5399976,-3.5399976,-1.7399975,-0.35999757,0.15000243,0.24000244,-0.6099976,-0.19999756,-0.63999754,-0.75999755,-0.63999754,-0.24999756,0.26000243,0.44000244,1.2900025,2.8300025,3.6800025,4.3700023,5.6300025,7.9400024,8.4000025,11.280003,11.350002,7.1900024,8.180002,7.7900023,8.460003,7.7500024,7.8400025,5.8900023,6.7800026,7.5800023,7.8700023,6.2000027,3.7600024,5.410002,1.8000025,2.6400025,1.8300024,0.54000247,-0.51999754,-1.1999975,-0.38999757,-1.2799976,-2.0299976,-2.6799974,-2.2799976,-2.5699975,-0.07999756,1.8300024,-0.83999753,-4.6499977,-3.4499977
-4.4099975,-3.6599975,-3.4799976,-5.1499977,-6.2399974,-2.8799975,-4.319998,-2.7999976,-1.9499975,-1.5099976,-1.4699975,-0.29999757,-0.94999754,-0.44999754,-0.49999756,-1.4499975,-0.48999757,0.48000243,0.5200024,1.5200025,2.7700024,3.9100025,5.1500025,3.0000024,5.8900023,6.5300026,10.240003,11.460003,13.080003,13.330003,9.520002,9.480002,9.960003,9.920002,10.050002,10.090002,8.590002,7.8800025,6.5300026,4.7700024,7.2200027,3.9100025,0.85000247,-1.1899976,-1.8099976,-3.3199975,-4.1499977,-1.7599976,-0.56999755,-2.0999975,-3.0599976,-3.0699975,-4.9399977,-5.8099976,-5.7199974,-5.0499973,-4.7699976
-1.2599976,-3.6299975,-5.3299975,-4.6199975,-2.3099976,-4.7499976,-4.3899975,-2.1999977,-2.9899976,-3.3799975,-2.4099975,-3.5699975,-2.2099977,-0.9699976,0.5300024,0.67000246,0.93000245,-0.16999756,0.60000247,1.2900025,3.1600025,3.5900025,1.8800025,2.4700024,4.8600025,4.3000026,6.3600025,7.5900025,12.630002,13.810002,14.760002,16.460003,11.1500025,12.490003,11.970002,10.620003,9.580003,6.6700025,5.3900023,6.930002,5.680002,5.1700025,4.3000026,2.4800024,-0.94999754,-1.9399976,-1.0699975,-1.4799975,-5.1099977,-4.5099974,-3.8999975,-5.3899975,-5.7199974,-5.2199974,-4.6599975,-2.9499977,-0.7199976
-2.5699975,-4.1999974,-1.2299975,-3.1999977,-2.8599975,-0.23999757,-2.0699975,-1.4199976,-0.12999755,1.0300025,-0.14999756,-1.9799975,1.0400025,0.030002441,1.9600024,1.9400024,2.5300024,1.5200025,2.0800025,2.7000024,3.0100024,2.9900024,3.5000024,6.180002,5.910002,6.7500024,7.5700026,7.4400024,8.430002,10.920002,14.000003,15.6100025,16.850002,16.350002,14.9000025,11.980002,7.8200026,6.1900024,6.0800023,4.180002,3.1300025,5.4900026,4.2000027,1.6600025,1.1800025,-0.61999756,-1.7299975,-1.4399976,-0.74999756,-0.25999755,-3.1999977,-2.6099975,-1.6499976,-0.46999756,-0.34999755,0.22000244,1.3800025
-1.6599976,-1.4799975,-1.8799976,-2.0199976,-1.2299975,-0.87999755,-0.14999756,-2.0099976,0.95000243,-2.3199975,-1.2499976,-1.0599976,1.0600024,0.94000244,1.7300024,2.7800024,2.5900025,1.1100024,3.2100024,3.2700024,4.3400025,3.7200024,5.5100026,5.2800026,7.4600024,9.030003,10.680002,11.9000025,14.440002,12.480002,14.340002,12.970002,16.150002,13.250003,13.630002,15.470002,7.4500027,4.9000025,-0.48999757,2.9900024,4.0600023,3.2700024,2.0200024,3.0600023,2.1300025,1.7700025,-0.64999753,-0.11999756,-1.3099976,-1.3899976,-0.68999755,-0.81999755,0.36000243,1.7400024,1.2700025,-1.1899976,-2.4899976
0.57000244,2.2400024,1.3100024,2.1600025,1.9400024,2.0200024,-0.5299976,-1.0299976,-1.9799975,-1.2099975,0.88000244,1.2200024,0.8900024,0.24000244,0.42000243,-0.39999756,-0.56999755,0.28000244,0.79000247,1.0900024,1.6200024,4.3900023,5.3400025,5.3100023,9.1100025,10.390002,10.950003,10.220002,11.760002,12.330003,14.720002,14.1500025,13.710003,13.320003,13.280003,16.500002,8.750003,1.7300024,5.5900025,5.9700027,7.2200027,2.8500025,-1.5999975,-1.8399975,-1.3899976,-2.0399976,-1.8799976,-2.2199976,-0.9699976,0.13000244,-0.7799976,-1.9699975,-2.5799975,-4.1399975,-3.6999977,-3.5799975,-2.5499976
2.8200026,3.1300025,3.8800025,3.2700024,3.1200025,6.0300026,-0.29999757,1.5300025,1.8600024,0.08000244,3.1300025,0.25000244,-0.54999757,-1.2699976,-0.6599976,-1.0399976,-2.0299976,1.8700024,1.1900024,0.5200024,1.8700024,2.1900024,4.430002,5.5600023,7.4400024,7.3600025,9.230002,10.830003,12.010002,12.520002,12.300002,13.320003,14.210003,11.520002,10.180002,10.790003,8.8600025,13.260002,13.080003,11.470002,10.120003,-0.03999756,-0.76999754,-2.1399975,-0.6599976,-1.0499976,-1.8099976,-3.0999975,-3.1199975,-3.6699975,-5.2399974,-4.4499974,-5.6899977,-5.4199977,-3.8399975,-3.0799975,-2.2999976
0.29000244,2.2500024,0.23000245,1.8800025,2.2300024,1.0200025,0.99000245,3.2400024,1.9700024,1.5900024,4.2200027,3.4400024,1.2400024,1.5500025,1.1600025,1.2300024,0.56000245,1.3600024,0.74000245,1.8700024,2.7600024,3.5300024,4.8600025,5.4500027,5.4700027,6.1500025,8.550002,9.510002,12.280003,12.390002,11.270002,12.100002,12.780003,10.550002,9.9000025,7.910002,12.710003,12.460003,11.310002,5.7400026,6.1100025,4.4900026,1.8700024,-0.64999753,0.30000246,-3.0699975,-2.1899977,-3.2199976,-4.1299977,-4.1299977,-5.7499976,-4.4499974,-4.9299974,-4.6199975,-3.7399976,-2.9999976,-1.3399975
5.430002,5.6300025,2.2800024,1.9700024,2.0700026,2.8900025,1.7800025,3.0300024,2.1200025,1.2400024,2.0200024,1.1400025,1.2500024,3.2900023,2.6000025,2.4700024,1.4700024,1.5200025,3.6400025,2.7500024,2.4100025,4.1200023,5.7900023,6.9600024,7.4000025,7.3300023,8.9000025,8.950003,10.300002,11.820003,11.520002,9.050002,10.170002,8.4000025,8.740003,6.8000026,8.930002,11.620003,8.530003,8.6100025,2.2700024,0.9000024,0.9000024,0.15000243,-0.46999756,-1.4699975,-0.36999756,-1.5399976,-2.7099977,-6.1399975,-5.3699975,-5.2499976,-4.3999977,-3.5899975,-3.1099975,-2.9299974,-2.5599976
4.6900024,2.6200025,2.8900025,2.7000024,2.4500024,4.0600023,2.6700025,3.3600025,2.9400024,3.3300025,2.4600024,2.0800025,3.7600024,3.4200025,3.2700024,3.6000025,3.3400025,3.3100023,3.5000024,3.5900025,5.2600026,7.0100026,8.940002,8.930002,8.130002,8.340002,8.720002,9.640002,8.890002,7.9900026,11.790003,9.720002,6.910002,11.670002,9.310002,5.660002,5.6700025,7.5900025,6.5500026,5.9900026,1.5400025,3.2500024,1.8700024,-0.82999754,-0.49999756,-0.16999756,-0.34999755,-0.74999756,-5.7699976,-3.9899976,-2.4099975,-2.4299974,-3.4199975,-2.7599976,-3.6399975,-2.7899976,-1.9399976
5.4600024,3.4200025,3.2800024,4.3100023,3.7500024,2.8100023,5.8500023,6.5700026,5.2700024,4.8800025,3.8500025,3.9100025,3.8400025,3.8300025,3.6300025,3.1600025,2.9700024,2.9700024,4.4000025,4.4700027,4.9700027,5.8500023,6.7600026,7.2500024,7.9000025,8.980002,9.440002,10.510002,8.480002,8.4000025,7.1500025,10.630002,7.5600023,3.3500025,9.260002,4.1300025,4.6400023,2.5100024,4.4800024,4.9400024,2.6800025,1.5700024,-0.26999757,0.10000244,0.95000243,1.3300024,0.62000245,-2.4999976,-4.6299977,-3.3899975,-4.0099974,-4.3099976,-3.1499975,-4.4499974,-4.7699976,-4.7099977,-3.4799976
1.6800025,4.2000027,7.3000026,4.8300023,5.930002,6.8900023,9.190002,5.3500023,3.8900025,4.8900023,5.3700023,4.8900023,4.4700027,4.4800024,4.3300023,3.5100024,3.8800025,4.5800023,3.9700024,3.7200024,4.8500023,3.3400025,4.0600023,7.2600026,9.920002,9.770002,9.000003,8.510002,8.350002,8.850002,5.6900024,3.8400025,6.0100026,2.9000025,1.4900024,4.6000023,3.7000024,5.2800026,3.1600025,6.2400026,1.6600025,0.79000247,0.54000247,3.3400025,2.0300024,1.0300025,0.20000245,-3.4999976,-1.4399976,-2.6899977,-5.2599974,-4.4499974,-3.5799975,-5.839998,-5.6799974,-4.8299975,-4.1499977
4.3100023,5.4400024,5.6400023,6.4700027,7.4600024,5.8500023,6.2800026,5.7100024,5.4800024,6.6500025,5.7600026,5.3100023,5.2700024,6.2900023,5.7200027,4.4700027,4.5800023,3.8700025,3.4800024,2.9100025,2.1200025,2.4700024,4.4400024,5.4900026,6.2500024,7.0200024,7.0100026,5.2800026,5.2000027,6.4900026,7.4800024,5.2600026,4.8100023,2.8100023,2.9500024,0.75000244,4.430002,3.1900024,1.8500024,2.4000025,4.5800023,2.0300024,1.9900024,2.1900024,2.0400023,-0.61999756,-2.2399976,-3.2299976,-4.0199976,-5.4299974,-4.7399974,-3.8199975,-5.2199974,-5.1099977,-4.8099976,-4.3699975,-3.3699975
6.9600024,6.0000024,5.7600026,6.4200025,7.7700024,7.8100023,7.7700024,8.690002,8.180002,8.950003,6.5800023,7.2500024,6.3600025,7.1400023,7.3500023,6.1100025,5.1300025,4.4400024,3.3500025,3.7700024,1.6100024,3.2000024,2.9400024,2.8400025,1.2600025,1.3800025,0.9000024,1.7600025,1.1400025,2.6700025,3.9500024,6.6700025,6.5600023,5.2100024,5.4600024,2.3700025,1.0400025,3.2500024,4.2600026,1.5900024,4.9800024,0.79000247,2.0100024,1.0400025,1.8400024,-0.38999757,-2.0499976,-1.2799976,-4.6299977,-4.8899975,-3.7199976,-3.7699976,-5.7499976,-4.7199974,-4.2499976,-3.7199976,-2.7299976
