public/data/weather/current/current-wind-isobaric-700hPa-gfs-1.0.json
{"header": { "discipline":0, "disciplineName":"Meteorological products", "gribEdition":2, "gribLength":79102, "center":7, "centerName":"US National Weather Service - NCEP(WMC)", "subcenter":0, "refTime":"2019-10-05T00:00:00.000Z", "significanceOfRT":1, "significanceOfRTName":"Start of forecast", "productStatus":0, "productStatusName":"Operational products", "productType":1, "productTypeName":"Forecast products", "productDefinitionTemplate":0, "productDefinitionTemplateName":"Analysis/forecast at horizontal level/layer at a point in time", "parameterCategory":2, "parameterCategoryName":"Momentum", "parameterNumber":3, "parameterNumberName":"V-component_of_wind", "parameterUnit":"m.s-1", "genProcessType":2, "genProcessTypeName":"Forecast", "forecastTime":0, "surface1Type":100, "surface1TypeName":"Isobaric surface", "surface1Value":70000.0, "surface2Type":255, "surface2TypeName":"Missing", "surface2Value":0.0, "gridDefinitionTemplate":0, "gridDefinitionTemplateName":"Latitude_Longitude", "numberPoints":65160, "shape":6, "shapeName":"Earth spherical with radius of 6,371,229.0 m", "gridUnits":"degrees", "resolution":48, "winds":"true", "scanMode":0, "nx":360, "ny":181, "basicAngle":0, "lo1":0.0, "la1":90.0, "lo2":359.0, "la2":-90.0, "dx":1.0, "dy":1.0 }, "data":
[rows 0 to 25 of 181, columns 0 to 57 of 360]
8.807642,8.957642,9.117641,9.267642,9.407641,9.557642,9.697641,9.837642,9.967642,10.107641,10.237641,10.357641,10.487641,10.607641,10.717642,10.837642,10.947641,11.047642,11.157641,11.257642,11.347642,11.447641,11.537642,11.617641,11.707642,11.777641,11.857641,11.927642,11.997642,12.057642,12.127642,12.177642,12.237641,12.287642,12.3276415,12.367641,12.407641,12.447641,12.477642,12.507642,12.527641,12.547642,12.557642,12.5776415,12.5776415,12.587642,12.587642,12.587642,12.5776415,12.567641,12.547642,12.527641,12.507642,12.477642,12.447641,12.417642,12.377642,12.337642
9.257642,9.397641,9.527641,9.657641,9.777641,9.907641,10.027641,10.137642,10.257642,10.367641,10.467642,10.567641,10.667642,10.757642,10.847642,10.927642,11.017642,11.097642,11.167642,11.247642,11.307642,11.377642,11.447641,11.497642,11.557642,11.617641,11.677642,11.727642,11.777641,11.8276415,11.877642,11.927642,11.967642,12.007642,12.047642,12.0776415,12.107641,12.137642,12.157641,12.167642,12.177642,12.187641,12.187641,12.187641,12.177642,12.167642,12.137642,12.117641,12.087642,12.047642,12.007642,11.967642,11.917642,11.867641,11.817641,11.757642,11.697641,11.627642
8.437641,8.597642,8.757642,8.917642,9.067641,9.207642,9.337642,9.467642,9.597642,9.707642,9.8276415,9.937641,10.047642,10.167642,10.267642,10.387642,10.497642,10.617641,10.717642,10.8276415,10.927642,11.017642,11.097642,11.177642,11.237641,11.287642,11.337642,11.377642,11.417642,11.447641,11.477642,11.487641,11.497642,11.507642,11.507642,11.507642,11.497642,11.487641,11.467642,11.447641,11.417642,11.387642,11.357641,11.3276415,11.287642,11.247642,11.207642,11.177642,11.137642,11.097642,11.067641,11.017642,10.977642,10.917642,10.867641,10.807642,10.747642,10.687641
6.9176416,6.9776416,7.0376415,7.1076417,7.1876416,7.2976418,7.4276414,7.5676417,7.717642,7.8676414,8.027641,8.187641,8.367641,8.537642,8.707642,8.877642,9.037642,9.197641,9.347642,9.487641,9.637642,9.767642,9.897641,10.017642,10.127642,10.227642,10.317641,10.417642,10.507642,10.587642,10.647641,10.707642,10.767642,10.8276415,10.867641,10.907641,10.937641,10.977642,10.997642,11.007642,10.997642,10.987641,10.947641,10.887642,10.817641,10.737641,10.637642,10.547642,10.437641,10.337642,10.227642,10.127642,10.047642,9.977642,9.917642,9.867641,9.8276415,9.807642
5.7676415,5.9076414,6.0476418,6.1476417,6.2076416,6.1676416,6.1076417,6.0376415,5.9776416,5.967642,5.987642,6.0776415,6.1976414,6.3576417,6.5376415,6.7476416,6.967642,7.2076416,7.4276414,7.6176414,7.777642,7.9376416,8.137642,8.357641,8.587642,8.817641,9.017642,9.197641,9.377642,9.547642,9.707642,9.857641,9.977642,10.067641,10.147641,10.237641,10.307642,10.377642,10.407641,10.407641,10.377642,10.3276415,10.247642,10.157641,10.047642,9.927642,9.817641,9.707642,9.597642,9.497642,9.397641,9.287642,9.197641,9.107641,8.997642,8.857641,8.697641,8.507642
4.4476414,4.1476417,3.8576417,3.5876417,3.3476417,3.2876415,3.3476417,3.5476415,3.7676415,3.9776416,4.0676417,4.1376414,4.2276416,4.3376417,4.4076414,4.4476414,4.5176415,4.6076417,4.737642,4.8976417,5.0676417,5.3076415,5.5776415,5.8276415,6.0876417,6.3276415,6.5576415,6.7876415,7.007642,7.277642,7.5776415,7.8676414,8.177642,8.477642,8.697641,8.897641,9.057642,9.217642,9.357641,9.497642,9.597642,9.667642,9.707642,9.717642,9.707642,9.647641,9.557642,9.397641,9.207642,8.957642,8.687641,8.417642,8.167642,7.9276414,7.6776414,7.4476414,7.257642,7.1276417
6.4076414,5.8476415,5.3176417,4.8176417,4.3476415,3.8576417,3.3076415,2.7176416,2.1076417,1.5276417,1.0376416,0.6376416,0.3776416,0.3376416,0.4276416,0.5776416,0.7976416,1.1076416,1.5376416,2.0476415,2.5476415,2.9876416,3.3276415,3.5876417,3.7676415,3.9276416,4.1076417,4.3076415,4.5376415,4.7876415,5.027642,5.2976418,5.6276417,6.007642,6.3876414,6.7476416,7.0176415,7.2476416,7.4076414,7.527642,7.6176414,7.7276416,7.8676414,8.047642,8.237641,8.377642,8.437641,8.397641,8.297642,8.167642,8.007642,7.7476416,7.4176416,7.027642,6.6476417,6.3276415,6.1076417,5.9276414
8.5776415,7.9376416,7.2876415,6.6976414,6.1776414,5.6576414,5.0876417,4.4376416,3.7676415,3.1376417,2.5976417,2.0676415,1.4576416,0.8476416,0.24764161,-0.2823584,-0.7623584,-1.1823584,-1.5123584,-1.6523584,-1.4923584,-1.1623584,-0.7323584,-0.3023584,0.1576416,0.6376416,1.1776416,1.7576416,2.2676415,2.6076417,2.8976417,3.2176416,3.6676416,4.1876416,4.6976414,5.0976415,5.4576416,5.6876416,5.8176417,5.9776416,6.0876417,6.1976414,6.2276416,6.0976415,5.9576416,5.8976417,5.9776416,6.1676416,6.527642,6.9376416,7.1576414,7.1176414,6.8476415,6.3676414,5.777642,5.217642,4.7976418,4.507642
8.377642,8.357641,8.247642,7.9276414,7.4076414,6.8076415,6.1976414,5.5576415,4.8476415,4.1476417,3.6276417,3.2676415,2.8176415,2.2076416,1.6776416,1.3376416,0.9476416,0.4676416,-0.0723584,-0.5523584,-0.8823584,-1.0623584,-1.0923584,-1.0023584,-0.8523584,-0.7223584,-0.5823584,-0.4023584,-0.1223584,0.1976416,0.5276416,0.8276416,1.2076416,1.8276416,2.5976417,3.2476416,3.6076417,3.8576417,4.1976414,4.4476414,4.5676417,4.527642,4.5476418,4.5476418,4.3376417,4.007642,3.7076416,3.6976416,3.9476416,4.2976418,4.7676415,5.277642,5.4576416,5.0176415,4.257642,3.5376415,2.9876416,2.5876417
5.6876416,5.4476414,5.487642,5.5176415,5.4176416,5.487642,5.5576415,5.3176417,4.7976418,4.1476417,3.6376417,3.2376416,2.7776415,2.3676417,2.0376415,1.6176416,1.2576416,0.9976416,0.8376416,0.5676416,0.1076416,-0.4023584,-0.8423584,-1.0323584,-1.0423584,-0.9523584,-0.7923584,-0.4823584,-0.2623584,-0.14235839,-0.1823584,-0.2323584,-0.0823584,0.1776416,0.5176416,1.1176416,1.7776417,2.2076416,2.4176416,2.4376416,2.1776416,2.0476415,2.1076417,2.2076416,2.3676417,2.6776416,3.0276415,3.3676417,3.5976417,3.6176417,3.4176416,3.2676415,2.9976416,2.1476417,1.2076416,0.6976416,0.31764162,0.0476416
5.3876414,5.1576414,4.8076415,4.2676415,3.5176415,2.9476416,2.5776415,2.3776417,2.5276415,2.6476417,2.4776416,1.8476416,1.2776417,1.3576416,1.1976416,0.8176416,0.5376416,0.027641602,-0.3423584,-0.5523584,-0.4123584,-0.7023584,-1.1723584,-1.5023584,-1.7723584,-1.8023584,-1.6323584,-1.6123585,-1.3523583,-1.0923584,-0.82235837,-0.5223584,-0.2823584,-0.062358398,0.2076416,0.5276416,0.67764163,0.5176416,0.3376416,0.2876416,0.4776416,0.8576416,1.5376416,2.2676415,2.8276415,3.0876417,3.1776416,3.1276417,2.4976416,1.6676416,0.8776416,0.0076416014,-0.8723584,-1.3823584,-1.6123585,-1.7823584,-1.8423584,-1.8523583
5.6876416,5.2876415,4.8076415,4.217642,3.6576416,3.1276417,2.3776417,1.4176416,0.7376416,0.4876416,0.31764162,0.2576416,-0.022358399,-0.1723584,-0.6123584,-0.9523584,-1.6623584,-1.8223584,-1.6623584,-1.5323584,-1.8123584,-1.7923584,-1.6823584,-2.0723584,-2.6223583,-2.8923583,-2.9623585,-2.9423585,-2.8623583,-2.6823585,-2.4023583,-1.9123584,-1.7423584,-1.6623584,-1.1923584,-0.8423584,-0.3223584,-0.1523584,-0.1323584,0.1476416,0.7676416,1.4676416,2.0376415,2.5476415,2.8676417,2.7276416,1.9076416,1.1476417,0.3276416,-0.5923584,-1.4923584,-2.1323583,-2.3523583,-2.2123585,-2.0723584,-2.0023584,-1.9323584,-1.8323584
5.0976415,4.277642,3.6076417,2.9076416,2.0776415,1.3576416,0.6876416,0.057641603,-0.5823584,-1.3523583,-1.5823584,-1.6723584,-1.8123584,-2.0523584,-2.4623585,-2.8223584,-3.0623584,-3.0523584,-3.1223583,-3.1423583,-3.0323584,-3.2123585,-3.6523583,-4.3023586,-4.742358,-4.8523583,-4.9523582,-4.7023582,-4.6223583,-4.3223586,-3.9223585,-3.7423584,-3.5323584,-3.2723584,-3.1023583,-2.6923585,-2.0423584,-1.4723583,-1.0323584,-0.5523584,0.13764161,0.7876416,1.1676416,1.4776416,1.5176415,1.1076416,0.2276416,-0.5323584,-1.0723584,-1.6223584,-2.2023585,-2.4623585,-2.3623583,-2.2423584,-2.1323583,-2.1023583,-2.1323583,-2.1523583
4.6176414,3.5376415,2.4476416,1.4076416,0.5176416,-0.2923584,-1.2923584,-2.2123585,-2.6023583,-3.1023583,-3.3423584,-3.5023584,-3.7523584,-3.9523585,-3.8123584,-3.6023583,-3.6823585,-4.282358,-4.6723585,-4.6323586,-4.8623586,-5.1823583,-5.6123586,-6.1423583,-6.782358,-6.8823586,-6.512358,-6.282358,-6.1823583,-5.8723583,-5.4523582,-5.3723583,-5.032358,-4.512358,-3.9723585,-3.5323584,-3.1923585,-2.7123585,-2.1823585,-1.8323584,-1.3123584,-0.7923584,-0.1923584,0.3576416,0.5576416,0.1576416,-0.4823584,-1.0723584,-1.3723584,-1.6323584,-2.0623584,-2.3523583,-2.3923583,-2.3823583,-2.4923584,-2.6823585,-2.6823585,-2.3123584
3.7176416,2.2876415,1.0576416,0.2576416,-0.6323584,-1.8123584,-2.7323585,-3.4423585,-4.2923584,-4.9523582,-5.0923586,-5.1023583,-5.222358,-5.3023586,-5.1523585,-4.7923584,-4.762358,-5.3323584,-5.9123583,-6.3423586,-6.7123585,-6.9023585,-7.492358,-8.072358,-8.392359,-8.572358,-8.252358,-7.6823583,-7.1623583,-6.782358,-6.2523584,-5.9223585,-5.722358,-5.3523583,-4.6323586,-3.7823584,-3.2823584,-3.0323584,-2.8523583,-2.6723585,-2.3623583,-1.5623584,-0.4923584,0.1576416,0.1576416,-0.1923584,-0.8523584,-1.6123585,-2.1623583,-2.1023583,-2.2623584,-2.5023584,-2.7223585,-2.8923583,-3.0323584,-2.8323584,-2.4423585,-2.5123584
2.1976416,1.0176415,-0.012358398,-0.9923584,-1.8823584,-2.6923585,-3.6223583,-4.3323584,-4.8123584,-5.1823583,-5.5823584,-5.9423585,-6.2123585,-6.4523582,-6.4423585,-6.1823583,-6.242358,-6.9223585,-7.472358,-7.9223585,-8.242358,-8.522358,-8.862358,-9.312359,-9.642359,-9.632359,-9.1723585,-8.662358,-8.222359,-7.5623584,-6.8923583,-6.1923585,-5.4223585,-4.8723583,-4.262358,-3.6123583,-3.0623584,-3.0523584,-3.0223584,-2.9423585,-2.7823584,-2.3323584,-1.5123584,-1.0323584,-1.0323584,-1.3623585,-1.9623584,-2.9323585,-3.9223585,-4.0523586,-3.7123585,-3.7023585,-3.6423583,-2.9123583,-2.3623583,-3.0323584,-2.9423585,-2.7223585
1.0576416,0.0676416,-0.9423584,-1.8123584,-2.6623583,-3.4623585,-4.2323585,-4.8723583,-5.1923585,-5.7323585,-6.2323585,-6.5823584,-6.8423586,-6.762358,-6.6823583,-7.1223583,-7.9023585,-8.522358,-9.032358,-9.4223585,-9.342359,-9.342359,-9.652358,-10.042358,-10.272358,-10.032358,-9.562359,-8.952358,-8.112358,-7.0923586,-6.1123586,-5.3723583,-4.6423583,-4.1623583,-3.6323583,-3.5123584,-3.7423584,-4.0923586,-3.8623583,-3.4823585,-3.1623583,-2.3023584,-1.3723584,-1.3623585,-1.7723584,-2.5223584,-3.4223585,-4.6123586,-5.762358,-5.7923584,-5.0923586,-4.7723584,-4.4123583,-3.6923585,-3.6723585,-3.8323584,-3.5223584,-3.0223584
-0.3723584,-0.9923584,-1.6923584,-2.4623585,-3.2723584,-3.8523583,-4.532358,-5.1923585,-5.7023582,-5.8423586,-6.2323585,-6.7123585,-7.1223583,-7.5023584,-8.052359,-8.642359,-9.382359,-9.952358,-10.152358,-9.792358,-9.722359,-10.082358,-10.212358,-10.032358,-9.712358,-9.252358,-8.582358,-7.7723584,-6.9223585,-6.1023583,-5.3223586,-4.6523585,-4.3923583,-4.3123584,-4.3723583,-4.4023585,-4.4223585,-4.4623585,-4.3123584,-3.7623584,-2.9423585,-3.0823584,-3.1423583,-3.4223585,-3.6123583,-3.7523584,-4.4323583,-5.1523585,-5.6623583,-5.7323585,-5.6223583,-5.742358,-5.2723584,-4.762358,-4.8523583,-4.5923586,-3.7323585,-3.4723585
-1.2223583,-1.9723583,-2.5423584,-3.1623583,-3.8523583,-4.4423585,-4.9423585,-5.3223586,-5.722358,-6.012358,-6.5923586,-7.2323585,-7.9123583,-8.512359,-9.082358,-9.622358,-10.392359,-10.982358,-10.702358,-10.212358,-10.1723585,-10.152358,-9.802359,-9.1723585,-8.242358,-7.1923585,-6.3023586,-5.8023586,-5.4223585,-5.1523585,-4.9423585,-4.8023586,-4.722358,-4.9123583,-4.972358,-4.8423586,-4.9123583,-4.8723583,-4.6323586,-4.4023585,-4.3223586,-4.1623583,-4.242358,-4.0823584,-4.0523586,-4.1723585,-4.5223584,-4.762358,-4.8223586,-4.9323583,-4.992358,-4.9523582,-4.782358,-4.8023586,-4.6823583,-4.472358,-4.2923584,-3.8023584
-1.7323585,-2.3123584,-2.8623583,-3.0123584,-3.4023583,-3.9323585,-4.4323583,-4.9823585,-5.5023584,-6.1623583,-6.8023586,-7.3223586,-7.8923583,-8.332358,-8.882359,-9.592359,-10.602359,-11.372358,-11.182359,-10.632359,-10.182359,-9.402358,-8.222359,-7.2523584,-6.5823584,-6.3823586,-5.8723583,-5.8723583,-5.8023586,-5.6523585,-5.532358,-5.4523582,-5.3223586,-5.3223586,-5.492358,-5.7523584,-5.9223585,-5.5523586,-5.6523585,-5.7123585,-5.5823584,-5.5023584,-5.2523584,-5.1623583,-5.1523585,-4.972358,-4.7923584,-4.8923583,-4.9523582,-4.972358,-4.7923584,-4.492358,-4.2323585,-4.1323586,-4.3223586,-4.722358,-4.9623585,-4.9223585
-1.5923584,-2.0623584,-2.6723585,-3.3423584,-3.7023585,-3.9623585,-4.5623584,-5.222358,-5.7723584,-6.3023586,-6.7523584,-7.0523586,-7.4523582,-7.9023585,-8.632359,-9.502358,-10.182359,-10.462358,-10.1723585,-10.312359,-9.992358,-10.052359,-9.792358,-9.432359,-8.302359,-7.8523583,-7.1323586,-7.4523582,-7.7923584,-7.5523586,-7.722358,-7.262358,-7.0223584,-7.0823584,-6.8823586,-6.9323583,-7.5523586,-7.8223586,-7.3323584,-6.5923586,-5.742358,-4.7023582,-3.9423585,-3.4623585,-3.3323584,-3.1723585,-3.0623584,-2.9823585,-2.9823585,-2.8623583,-2.5923584,-2.6823585,-2.9023583,-3.0523584,-3.1923585,-3.4323585,-3.8623583,-4.3123584
-2.9823585,-3.2723584,-3.2523584,-3.3423584,-3.8623583,-4.532358,-5.4623585,-6.1223583,-6.1723585,-6.2723584,-6.5423584,-6.5423584,-6.4823585,-6.6723585,-7.1623583,-8.182359,-9.002358,-10.202358,-10.832358,-10.9223585,-9.292358,-8.322358,-9.292358,-10.6723585,-11.112358,-10.992358,-10.262359,-10.262359,-10.192358,-9.542358,-8.712358,-8.262359,-8.132359,-8.862358,-9.372358,-9.032358,-8.002358,-6.5723586,-5.4023585,-4.6723585,-4.0423584,-3.5623584,-3.1523583,-2.7823584,-2.5623584,-2.2723584,-1.7923584,-1.2923584,-0.8723584,-0.57235837,-0.3723584,-0.3823584,-0.4623584,-0.6023584,-1.0123584,-1.4023584,-1.7123584,-1.9023584
-3.2623584,-3.5023584,-3.9423585,-4.3623586,-4.8623586,-5.3523583,-5.5223584,-5.5823584,-5.722358,-6.222358,-6.4623585,-6.6623583,-7.1323586,-7.5223584,-7.8523583,-8.342359,-8.952358,-9.022358,-9.492358,-9.862358,-9.872358,-10.292358,-11.032358,-11.032358,-10.842359,-10.292358,-10.142359,-9.952358,-9.322358,-9.322358,-9.462358,-10.012359,-10.762359,-9.762359,-8.782358,-7.8423586,-6.9623585,-5.9023585,-5.2123585,-5.6323586,-5.9123583,-4.1423583,-2.9423585,-2.1923585,-1.5523584,-1.1223584,-0.8323584,-0.1023584,0.8076416,1.3376416,2.3476417,3.1976416,3.3276415,3.2776415,2.6876416,2.1076417,1.5476416,0.9976416
-3.9223585,-4.3623586,-4.5923586,-5.0923586,-5.492358,-5.8423586,-6.0423584,-6.3223586,-6.5423584,-6.532358,-6.5423584,-6.4423585,-6.5023584,-6.7023582,-7.242358,-7.8423586,-7.6123586,-8.022358,-8.482358,-9.072358,-9.452358,-9.812359,-9.742358,-9.972359,-10.332358,-10.632359,-10.882359,-10.852359,-10.892359,-10.732358,-10.162358,-9.352359,-9.242358,-8.792358,-8.662358,-7.722358,-7.2923584,-6.1223583,-5.1223583,-5.1623583,-4.3323584,-4.2923584,-3.8523583,-1.9023584,0.7476416,3.4176416,5.0676417,5.757642,6.237642,7.5376415,8.247642,8.747642,8.8276415,8.767642,7.6676416,6.1576414,3.6876416,2.0376415
-5.2923584,-5.6823583,-5.6823583,-5.8723583,-6.1723585,-6.222358,-6.4123583,-6.3623586,-6.2923584,-6.6323586,-6.8023586,-7.0523586,-7.0023584,-6.972358,-6.6023583,-6.8623586,-7.222358,-7.4423585,-7.9823585,-8.392359,-8.792358,-9.462358,-9.812359,-9.9223585,-10.652358,-11.552359,-11.792358,-12.232358,-12.212358,-12.022358,-11.392359,-11.312359,-10.692358,-9.562359,-9.442358,-8.9223585,-8.372358,-8.272358,-6.262358,-4.1223583,-4.3823586,-2.2823584,1.8776416,5.217642,6.8476415,9.147641,10.407641,11.0776415,11.297642,11.797642,10.847642,9.837642,9.457642,9.447641,8.837642,10.217642,10.527641,9.197641
-5.1023583,-5.6223583,-6.0623584,-6.2123585,-6.0523586,-6.1023583,-5.9823585,-6.032358,-6.282358,-6.7523584,-7.1823583,-7.3323584,-7.2923584,-7.0923586,-6.8123584,-6.5423584,-6.7923584,-7.2523584,-6.5923586,-6.7123585,-7.1723585,-7.4023585,-9.042358,-10.632359,-12.022358,-12.732358,-12.772358,-12.272358,-11.792358,-11.142359,-10.852359,-10.372358,-10.712358,-10.702358,-10.622358,-9.182359,-8.882359,-12.762359,-11.522358,-5.222358,4.2976418,5.217642,5.717642,6.8576417,9.317641,10.8276415,11.027641,10.987641,10.937641,11.547642,12.887642,13.5776415,14.517642,14.507642,12.097642,13.447641,13.357641,11.467642
