public/data/weather/current/current-wind-isobaric-850hPa-gfs-1.0.json
{"header": { "discipline":0, "disciplineName":"Meteorological products", "gribEdition":2, "gribLength":79359, "center":7, "centerName":"US National Weather Service - NCEP(WMC)", "subcenter":0, "refTime":"2019-10-05T00:00:00.000Z", "significanceOfRT":1, "significanceOfRTName":"Start of forecast", "productStatus":0, "productStatusName":"Operational products", "productType":1, "productTypeName":"Forecast products", "productDefinitionTemplate":0, "productDefinitionTemplateName":"Analysis/forecast at horizontal level/layer at a point in time", "parameterCategory":2, "parameterCategoryName":"Momentum", "parameterNumber":2, "parameterNumberName":"U-component_of_wind", "parameterUnit":"m.s-1", "genProcessType":2, "genProcessTypeName":"Forecast", "forecastTime":0, "surface1Type":100, "surface1TypeName":"Isobaric surface", "surface1Value":85000.0, "surface2Type":255, "surface2TypeName":"Missing", "surface2Value":0.0, "gridDefinitionTemplate":0, "gridDefinitionTemplateName":"Latitude_Longitude", "numberPoints":65160, "shape":6, "shapeName":"Earth spherical with radius of 6,371,229.0 m", "gridUnits":"degrees", "resolution":48, "winds":"true", "scanMode":0, "nx":360, "ny":181, "basicAngle":0, "lo1":0.0, "la1":90.0, "lo2":359.0, "la2":-90.0, "dx":1.0, "dy":1.0 }, "data":
[rows 100 to 124 of 181, columns 285 to 341 of 360]
0.91000247,1.8400024,2.2200024,2.4300025,4.1200023,2.7700024,2.5800025,2.3100023,1.7900025,3.1700025,0.5300024,3.6500025,-1.0899975,-2.9999976,-2.4599977,-0.9199976,-2.2499976,0.86000246,0.11000244,-0.51999754,-1.7599976,-2.3399975,-5.6999974,-6.0799975,-5.0599976,-5.9499974,-4.1799974,-0.95999753,-1.0799975,-5.7799973,-4.6099977,-6.9699974,-7.6399975,-4.5199976,-10.169997,-6.7299976,-3.6599975,-6.5499973,-7.5799975,-6.1799974,-6.1299977,-7.339998,-7.4299974,-8.369998,-6.8299975,-7.3999977,-7.5999975,-7.5499973,-8.239998,-8.909998,-7.1699977,-8.779998,-9.649998,-8.529998,-8.479998,-8.629997,-7.1499977
0.75000244,1.1200024,1.1300025,3.1600025,3.4600024,3.5700026,3.2100024,3.3300025,3.1100025,3.5400023,3.9500024,1.0600024,-1.8799976,-0.49999756,1.1600025,1.1900024,-0.27999756,0.6400024,0.61000246,-3.8899975,-1.6499976,-2.8399975,-3.3099976,-2.3799975,-3.9599977,-2.8499975,-5.1299977,0.21000244,-1.8899976,-4.1099977,-3.1699975,-2.7299976,-8.299997,-8.969997,-11.539997,-5.6099977,-5.7199974,-7.7799973,-6.9999976,-5.9399977,-6.2999973,-6.0799975,-7.7399974,-7.0999975,-8.909998,-7.3899975,-10.429997,-12.149998,-9.559998,-9.629997,-10.199998,-11.369998,-10.549997,-8.129997,-8.419997,-8.219997,-7.9999976
-2.4599977,1.3800025,-0.35999757,5.3300023,2.8600025,5.2400026,2.0900025,5.1200023,3.5800025,3.3100023,3.8700025,0.57000244,0.070002444,0.51000243,0.37000245,3.6200025,-1.3999976,-1.3699975,-0.86999756,-0.88999754,-2.4799976,-3.8699975,-2.0399976,-5.4099975,-5.1399975,-2.7799976,-0.70999753,-0.36999756,1.2400024,-3.5999975,-3.3199975,-6.6699977,-8.689998,-12.549997,-9.479998,-5.0299973,-6.2899976,-8.689998,-5.1099977,-6.5399976,-6.2199974,-7.1399975,-6.1299977,-6.6399975,-6.0799975,-8.019998,-8.839997,-9.799997,-12.609998,-9.209997,-10.429997,-11.809998,-9.959997,-8.8499975,-8.439998,-7.5099974,-8.249997
1.3800025,-1.7199975,-0.67999756,1.5900024,1.3000025,3.1800025,6.160002,1.6900024,4.1200023,4.5800023,5.8600025,3.5200024,1.0000024,2.7500024,5.180002,3.3100023,2.3100023,-0.99999756,1.7300024,0.94000244,-3.4299974,-4.2199974,0.41000244,-0.7199976,-1.8999976,-0.42999756,-2.1099975,1.0500025,-2.1099975,-2.9099975,-4.7899976,-6.5799975,-8.729998,-13.479998,-7.819998,-9.019998,-6.0499973,-5.7099977,-6.0999975,-7.1999974,-6.4099975,-6.6999974,-6.8699975,-6.7899976,-4.4599977,-8.439998,-8.519998,-9.669997,-10.679997,-10.149998,-12.029998,-10.919997,-11.739998,-10.379997,-9.089997,-8.999997,-8.799997
-0.16999756,1.4500024,-1.1699976,-0.39999756,-0.28999755,0.60000247,0.70000243,3.0800025,4.660002,6.0600023,6.5000024,3.6200025,-1.9999976,1.7000024,4.8000026,1.9300025,0.6400024,0.61000246,-1.7599976,-2.4999976,0.94000244,-1.9799975,-0.76999754,-2.2899976,-1.4799975,0.99000245,3.1000025,0.030002441,-4.5499973,-5.4299974,-3.0899975,-9.619998,-9.689998,-10.359998,-8.509997,-8.489998,-4.5199976,-4.4499974,-6.5199976,-7.5499973,-8.579998,-8.669997,-9.089997,-9.1399975,-10.959997,-8.3899975,-8.569998,-9.759997,-9.579998,-9.619998,-10.779998,-11.1399975,-9.5999975,-10.009997,-10.6399975,-9.489998,-9.009997
-1.0699975,1.1200024,1.3300024,3.5800025,2.4000025,-0.50999755,0.26000243,-0.94999754,1.9800024,4.5400023,4.0000024,3.4100025,5.7700024,2.5700026,1.7300024,1.4300025,-0.24999756,-0.89999753,-0.94999754,-0.7199976,-2.8899975,-0.42999756,-1.6599976,-3.0399976,2.6200025,0.63000244,3.7200024,-0.62999755,-7.3599977,-6.5199976,-5.4999976,-7.6199975,-11.969997,-9.369998,-9.899998,-7.2999973,-4.1099977,-6.3499975,-7.1499977,-8.909998,-8.409998,-11.119998,-11.329998,-13.3899975,-12.739998,-14.529998,-14.299997,-13.729998,-13.219997,-13.829998,-13.379997,-11.6399975,-10.499997,-9.439998,-8.809998,-8.869998,-9.219997
-4.5399976,-2.5399976,0.76000243,-0.98999757,3.5900025,-1.1899976,-5.0299973,1.2500024,0.29000244,2.3000023,2.0100024,3.5500023,6.0400023,4.7000027,4.930002,4.2300024,-2.8099976,1.3400024,-1.7099975,-2.9799976,-2.9199975,0.23000245,2.5500023,5.7700024,2.9800024,0.74000245,1.3200024,-11.669997,-8.499997,-6.7499976,-5.1999974,-12.079998,-9.949998,-11.299997,-9.169997,-6.4199977,-6.2899976,-8.049997,-8.859998,-8.8499975,-10.619998,-10.879997,-11.609998,-13.699998,-11.719997,-13.829998,-12.949998,-13.019998,-13.309998,-13.699998,-12.819998,-11.999997,-11.019998,-10.369998,-10.049997,-9.3899975,-8.709997
-5.6299977,-4.2499976,-3.9199975,-1.8599975,-0.76999754,2.8300025,1.0700024,-2.5699975,0.66000247,0.93000245,7.4200025,5.430002,4.4200025,6.1400023,1.5500025,4.0600023,-0.8599976,-4.8099976,-2.9799976,-0.43999755,-3.6999977,-0.5399976,2.9900024,-2.3499975,-4.2099977,-4.3099976,-3.2899976,-3.5299976,-9.179997,-5.3599977,-8.749997,-11.879997,-12.649998,-8.899998,-7.0399976,-7.2299976,-7.089998,-7.8999977,-9.509997,-10.009997,-11.899998,-10.299997,-11.769998,-12.369998,-12.769998,-12.749997,-12.0999975,-12.5999975,-12.909998,-13.669997,-12.969997,-12.509997,-10.8499975,-10.569998,-10.579998,-10.8499975,-10.309998
-6.1199975,-4.9299974,-3.6099975,-1.9699975,-2.5099976,-0.29999757,4.1500025,5.5500026,-2.5499976,-0.62999755,-1.2199975,0.8300024,3.0800025,4.0700026,-0.25999755,2.6900024,1.2300024,3.1400025,-4.6299977,-3.6899977,1.2200024,-2.2099977,-2.0799975,-2.2199976,-5.1699977,-4.2399974,-8.539997,-5.8499975,-5.7799973,-8.649998,-9.759997,-9.809998,-11.699998,-9.469997,-8.209997,-8.629997,-6.6399975,-8.119998,-10.5999975,-9.609998,-10.689998,-11.309998,-14.709997,-14.509997,-13.499997,-12.959997,-14.009997,-13.949998,-12.739998,-12.699998,-13.919997,-13.439998,-12.219997,-10.659998,-10.259997,-9.569998,-9.679997
-4.569998,-4.0299973,-4.339998,-1.6499976,-0.23999757,-0.6599976,4.4000025,5.0400023,4.6100025,0.16000244,0.08000244,1.1400025,0.41000244,2.5400023,3.1300025,1.9400024,0.6400024,0.08000244,-2.1599975,-2.0699975,1.4300025,2.1200025,-2.1799974,-3.9899976,-4.1699977,-5.2199974,-6.0199976,-7.8799977,-9.919997,-11.229998,-10.329998,-6.7699976,-10.899998,-8.809998,-10.8899975,-7.4599977,-6.0799975,-7.3699975,-10.559998,-8.869998,-10.729998,-11.819998,-11.869998,-12.689998,-13.229998,-12.3899975,-13.309998,-12.359998,-12.469997,-13.0999975,-12.3499975,-11.749997,-11.319998,-11.529998,-10.649998,-10.019998,-9.839997
-2.9999976,-2.9699976,-2.6599975,-1.3499975,1.0300025,0.040002443,3.7900023,6.7300024,7.8600025,8.590002,-2.3899975,2.2100024,-5.4699974,-0.37999755,-1.1699976,-2.3999975,0.10000244,-0.06999756,2.9700024,-1.0099976,0.68000245,-1.4199976,-2.5299976,-4.2099977,-4.839998,-5.0599976,-3.5399976,-3.8699975,-11.059998,-6.9599977,-8.969997,-13.6399975,-8.1399975,-11.539997,-8.829998,-5.3299975,-7.3599977,-8.189998,-9.069998,-9.669997,-10.229998,-9.759997,-10.979998,-11.829998,-10.369998,-12.1399975,-12.929997,-12.729998,-11.909998,-11.259997,-11.789997,-11.019998,-11.169997,-10.789997,-11.299997,-10.469997,-11.119998
-2.5999975,-2.2699976,-1.3499975,-0.70999753,0.98000246,3.1000025,0.010002442,5.2200027,9.560002,9.230002,-3.2899976,1.9900024,-1.7199975,-4.7199974,-6.4799976,-1.5999975,-1.6699976,-1.0899975,3.6700025,1.5400025,0.12000244,-4.5799975,-6.2899976,-4.4099975,-6.0799975,-7.1299977,-5.7399974,-8.579998,-8.5999975,-4.4399977,-11.039997,-13.319998,-4.3899975,-2.2699976,-5.6799974,-7.1799974,-8.019998,-7.6299977,-9.339997,-9.199998,-8.709997,-9.589997,-9.809998,-9.999997,-12.329998,-12.779998,-12.759997,-12.6399975,-13.209997,-13.039997,-12.679997,-11.739998,-10.969997,-10.269998,-9.759997,-10.249997,-10.159998
-2.7999976,-1.8599975,-0.8599976,-0.13999756,1.1800025,1.0100025,-0.06999756,4.7800026,6.1900024,7.680002,-2.3199975,1.5900024,3.6400025,-0.81999755,-4.2899976,-0.34999755,-4.069998,-1.0299976,-1.8799976,-0.76999754,0.32000244,-0.7299976,-4.2099977,-1.6299976,-3.5699975,-5.9799976,-6.8599977,-6.2699976,-5.2399974,-5.089998,-8.929997,-7.2299976,-6.9299974,-4.9999976,-7.4599977,-8.519998,-7.4299974,-7.5199976,-8.279998,-7.7899976,-7.6299977,-7.6799974,-8.869998,-8.929997,-10.809998,-11.659998,-12.009997,-12.679997,-13.549997,-13.719997,-13.509997,-12.359998,-11.319998,-10.299997,-9.039997,-8.509997,-8.799997
-2.7299976,-2.4699976,-0.30999756,0.48000243,1.1200024,-0.11999756,-0.15999755,3.0400023,6.6100025,6.8200026,-1.2499976,-2.4799976,-0.41999757,7.4200025,4.8800025,-0.70999753,-3.7299976,-2.2699976,-1.6299976,0.26000243,1.2300024,-2.7399976,-0.75999755,-2.9899976,-4.2699976,-5.5399976,-5.1199975,-4.4999976,-6.2999973,-3.9899976,-5.2499976,-2.1299975,-2.2299976,-6.2199974,-7.5399976,-7.1799974,-6.1399975,-7.2199974,-7.9499974,-8.629997,-8.239998,-7.0099974,-7.089998,-7.8699975,-9.279998,-9.729998,-9.939998,-11.219997,-11.589997,-11.379997,-11.539997,-11.469997,-11.209997,-10.809998,-10.129997,-9.399998,-8.229998
-2.1099975,-2.6699975,-1.1499976,0.80000246,0.9700024,0.79000247,-0.14999756,10.160003,3.6000025,4.2200027,-4.6499977,-2.9699976,-0.23999757,0.35000244,3.0000024,2.8800025,-3.6999977,-2.1499975,-0.63999754,-2.4199975,1.1400025,1.2300024,-3.6099975,-4.2399974,-4.8799977,-4.1999974,-3.2599976,-2.7199976,-2.3799975,-1.7299975,-2.9499977,-1.5099976,-3.4799976,-5.4999976,-6.589998,-5.4099975,-5.589998,-6.5199976,-6.9799976,-8.419997,-8.989998,-8.299997,-7.2999973,-6.6299977,-7.0499973,-7.0299973,-7.3299975,-7.8599977,-8.359998,-8.189998,-8.419997,-8.739998,-9.379997,-9.019998,-9.1399975,-9.209997,-9.209997
-1.5399976,-1.2699976,-1.3099976,0.7700024,-1.5699975,-0.81999755,3.9500024,9.120003,8.120003,-2.1499975,-7.2699976,-1.1399976,-1.7899976,1.9900024,1.5500025,2.2300024,3.2600024,0.5300024,0.74000245,0.05000244,-3.0099976,-0.70999753,-0.39999756,-0.29999757,-4.319998,-5.7699976,-4.5099974,-1.3299975,-2.0199976,-3.0499976,-3.6299975,-1.6299976,-3.5099976,-4.0599976,-4.9399977,-6.0099974,-6.8499975,-7.2199974,-7.069998,-7.4599977,-7.2999973,-7.9599977,-8.3899975,-7.3899975,-6.1999974,-5.7799973,-5.6299977,-5.8999977,-5.5799975,-5.0999975,-5.4899974,-6.3099976,-6.4999976,-6.3699975,-6.589998,-6.7499976,-7.0299973
-2.8099976,-1.5299976,-0.9699976,0.19000244,-1.8099976,-1.3399975,1.1200024,9.030003,5.7300024,-1.7099975,-1.3499975,2.1500025,4.180002,3.2600024,1.1600025,1.5300025,5.0300026,5.3300023,4.0800023,5.0700026,1.2800025,1.3500024,-0.03999756,-4.4299974,-5.1199975,-4.6599975,-2.0899975,-1.1499976,-2.3699975,-2.9799976,-4.2999973,-3.5499976,-4.9599977,-3.8199975,-3.7399976,-4.7199974,-5.2699976,-6.3099976,-6.0599976,-5.9799976,-5.0399976,-6.3099976,-6.4299974,-6.8499975,-6.4999976,-5.6199975,-4.9399977,-4.4299974,-3.8499975,-3.6399975,-3.5099976,-3.2899976,-3.6399975,-3.8999975,-3.9099975,-3.7699976,-3.7299976
-2.3999975,-1.3199975,0.40000245,-0.30999756,0.22000244,-0.39999756,0.6400024,1.4900024,5.3600025,2.1500025,-0.64999753,0.63000244,-0.11999756,-0.22999756,0.05000244,0.35000244,0.18000244,4.6500025,8.850002,6.8500023,7.7600026,4.8100023,1.0300025,2.8500025,-3.9099975,-2.2199976,-5.7799973,-2.1299975,-1.4199976,-1.6699976,-3.3099976,-3.1899977,-3.5999975,-1.6199975,-0.95999753,-1.0599976,-2.0599976,-1.7199975,-2.4199975,-2.9499977,-3.3199975,-3.3399975,-4.2199974,-4.9299974,-4.9199977,-4.4499974,-3.6199975,-2.6599975,-1.8699975,-1.4599975,-1.0499976,-0.9099976,-0.95999753,-1.0199976,-1.7299975,-2.2799976,-2.7499976
-1.7799976,-1.3099976,0.87000245,0.11000244,-0.9099976,-0.75999755,2.7000024,0.61000246,-3.7599976,-2.3699975,0.91000247,-0.11999756,-0.14999756,-1.3599975,-0.01999756,0.50000244,1.0100025,2.8800025,5.1200023,9.980002,9.940002,8.600002,9.020002,3.6000025,1.5100025,1.5300025,-2.4099975,-3.5999975,0.33000243,0.98000246,-0.9199976,-1.9899975,-0.88999754,0.23000245,1.8400024,2.0800025,1.5900024,1.1400025,1.1500025,0.26000243,-0.48999757,-1.3099976,-2.3899975,-2.5999975,-2.2099977,-2.1699975,-1.2699976,-0.80999756,-0.5399976,-0.11999756,-0.55999756,-0.30999756,0.020002441,0.73000246,0.42000243,-0.27999756,-0.18999755
-1.7199975,-1.5299976,-0.7299976,0.98000246,-1.4999976,1.4700024,4.1200023,0.30000246,-0.64999753,0.22000244,0.6400024,1.7800025,-3.1699975,-2.0799975,-0.99999756,-0.16999756,1.4400024,3.2700024,3.6200025,6.5200024,11.170002,9.730002,11.220002,10.460003,8.890002,7.910002,5.3900023,6.6100025,5.1400023,3.1700025,0.7200024,0.25000244,1.2300024,1.1200024,1.3400024,2.4700024,2.4400024,2.7200024,3.3300025,3.7100024,3.2800024,1.8100024,1.0800024,0.75000244,0.44000244,0.09000244,0.28000244,0.7100024,0.22000244,-0.27999756,-0.36999756,-0.11999756,-0.05999756,0.39000243,1.5100025,2.0900025,3.0900025
-1.5599976,-1.3899976,-1.1099975,-0.109997556,-1.0999975,-2.8599975,-3.4499977,-4.0799975,-2.8099976,-2.2899976,4.5100026,-0.68999755,0.8400024,-2.0499976,-2.1799974,-0.7799976,0.46000245,3.1400025,1.8500024,4.2800026,9.920002,10.520002,11.910003,14.060002,12.380002,12.570003,12.070003,13.220002,7.4400024,5.6100025,3.1600025,1.5900024,1.5400025,2.3000023,3.3600025,3.9100025,4.9700027,5.1100025,5.4000025,5.4700027,4.8000026,3.4500024,3.0900025,2.4100025,2.4600024,2.7900023,2.5400023,4.4900026,3.7900023,3.2300024,2.7600024,2.9800024,3.1300025,3.4900024,2.8500025,3.2700024,4.0500026
-0.98999757,-1.7999976,-1.8599975,-1.6299976,-0.95999753,0.86000246,-2.1999977,-0.13999756,0.060002442,3.2800024,3.2200024,1.6800025,0.8300024,1.3200024,-0.58999753,-0.79999757,-1.1799976,0.8900024,1.9900024,4.6000023,4.5900025,7.2900023,12.6100025,13.570003,11.180002,10.620003,8.820003,7.6700025,5.6400023,3.5800025,3.6600025,3.8500025,3.3400025,3.9100025,4.410002,5.1400023,6.3900023,7.0600023,6.6000023,5.5000024,4.6700025,5.9000025,5.4700027,4.3600025,3.6500025,6.2500024,6.3600025,4.9900026,5.8400025,6.6000023,6.660002,6.180002,5.910002,6.5200024,6.1400023,7.4000025,7.2400026
-0.16999756,-1.0499976,-0.89999753,-1.3099976,-0.54999757,5.0100026,-1.2999976,-3.5199976,0.5300024,3.0000024,-0.01999756,-0.07999756,2.0200024,2.9100025,3.3600025,1.3300024,1.9000025,-0.87999755,3.2200024,3.8400025,5.5200024,7.1900024,6.6200023,8.160003,8.470002,7.2200027,6.3500023,5.2000027,3.8700025,2.6100025,6.0300026,6.7000027,6.2300024,4.3800025,4.2100024,3.6500025,1.9600024,1.3800025,3.0000024,3.8600025,6.2500024,7.2200027,4.660002,6.1500025,8.080003,6.2100024,7.0600023,6.3500023,4.7800026,4.0800023,5.1900024,6.2400026,7.9500027,7.7200027,6.5000024,5.5800023,6.6100025
0.93000245,-0.82999754,-1.3499975,-2.1899977,-2.0699975,2.2500024,-3.1299975,-5.7599974,-4.5599976,-1.3499975,-1.5399976,3.1100025,3.1600025,5.3000026,4.8000026,5.6100025,5.8600025,1.5500025,2.1600025,3.9400024,4.3400025,3.2600024,2.5000024,3.0400023,3.9800024,-0.29999757,0.18000244,1.3400024,2.6600025,4.6300025,5.8600025,3.8400025,5.8900023,3.9400024,4.0300026,3.7700024,2.3300025,3.7700024,3.0900025,4.7900023,5.5500026,6.7600026,6.410002,6.6200023,7.7800026,6.6900024,5.8600025,6.6200023,7.5000024,6.7400026,7.2400026,6.9900026,5.8700023,6.7800026,6.9400024,5.6400023,5.8200026
1.2100024,-0.13999756,-1.5299976,-2.1199975,-1.5599976,-0.06999756,-4.4399977,-4.2999973,-3.7299976,-1.7199975,1.3100024,4.7100024,4.9000025,4.5700026,5.8300023,4.9900026,4.6500025,3.1900024,4.160002,4.5100026,0.93000245,-1.5999975,-2.0299976,-2.0799975,-1.6799976,-1.5499976,-0.39999756,0.9600024,3.0600023,3.9300025,2.7200024,-0.9099976,-1.4099976,2.3000023,4.180002,4.3100023,3.3400025,3.9200025,7.4900026,7.3800025,7.6700025,6.0100026,4.1100025,3.5900025,5.7600026,7.430002,9.1500025,10.690002,7.9000025,7.5300026,7.6400023,7.5800023,7.8300023,7.4700027,7.9700027,7.5800023,7.9800024
