public/data/weather/current/current-wind-isobaric-500hPa-gfs-1.0.json
{"header": { "discipline":0, "disciplineName":"Meteorological products", "gribEdition":2, "gribLength":79011, "center":7, "centerName":"US National Weather Service - NCEP(WMC)", "subcenter":0, "refTime":"2019-10-05T00:00:00.000Z", "significanceOfRT":1, "significanceOfRTName":"Start of forecast", "productStatus":0, "productStatusName":"Operational products", "productType":1, "productTypeName":"Forecast products", "productDefinitionTemplate":0, "productDefinitionTemplateName":"Analysis/forecast at horizontal level/layer at a point in time", "parameterCategory":2, "parameterCategoryName":"Momentum", "parameterNumber":3, "parameterNumberName":"V-component_of_wind", "parameterUnit":"m.s-1", "genProcessType":2, "genProcessTypeName":"Forecast", "forecastTime":0, "surface1Type":100, "surface1TypeName":"Isobaric surface", "surface1Value":50000.0, "surface2Type":255, "surface2TypeName":"Missing", "surface2Value":0.0, "gridDefinitionTemplate":0, "gridDefinitionTemplateName":"Latitude_Longitude", "numberPoints":65160, "shape":6, "shapeName":"Earth spherical with radius of 6,371,229.0 m", "gridUnits":"degrees", "resolution":48, "winds":"true", "scanMode":0, "nx":360, "ny":181, "basicAngle":0, "lo1":0.0, "la1":90.0, "lo2":359.0, "la2":-90.0, "dx":1.0, "dy":1.0 }, "data":
[rows 130 to 155 of 181, columns 58 to 115 of 360]
-1.7511718,-1.0411719,0.32882813,2.118828,4.9288282,7.218828,7.548828,6.508828,6.748828,6.0588284,5.268828,5.478828,6.3288283,6.858828,8.8988285,10.598828,11.3988285,12.258828,14.438828,19.058828,18.608828,15.478828,11.718828,10.778828,10.488828,6.0588284,1.3688282,1.0488281,-1.6811719,-2.5011718,-1.7811719,-2.371172,-1.3911719,-0.7611719,-0.26117188,1.4588281,1.7888281,2.128828,2.0088282,1.3388281,-0.91117185,-2.411172,-2.0311718,-2.0611718,-1.9311719,-0.5511719,-0.60117185,-1.4511719,-1.4911718,-2.5211718,-3.3211718,-3.2711718,-2.391172,-5.081172,-4.511172,-3.0611718,-1.2011719,-0.72117186
-3.2911718,-1.8811718,-0.17117187,1.5688281,4.288828,4.0788283,6.378828,3.408828,4.018828,4.688828,5.838828,7.398828,9.138828,9.698828,10.588828,11.558828,12.558828,13.198828,16.108828,20.808828,20.858828,17.888828,14.958828,12.308828,9.938828,7.528828,5.038828,0.29882812,-2.181172,-2.371172,-3.0711718,-1.7411718,-1.0511719,-0.48117188,-0.031171875,-0.48117188,0.028828125,1.6688281,1.3888282,1.3788282,0.34882814,-0.6111719,-1.2611718,-3.2611718,-1.1711719,-0.65117186,-0.71117187,-1.5911719,-1.7111719,-0.24117188,-0.65117186,-2.111172,-3.5211718,-5.251172,-5.4211717,-4.561172,-2.9911718,-3.7511718
-3.7211719,-2.131172,-0.6711719,1.1588281,3.9688282,3.078828,4.698828,0.8188281,2.2788281,3.9688282,7.398828,8.708828,10.578828,11.078828,10.678828,11.748828,13.098828,14.038828,15.908828,21.648829,23.238829,19.038828,15.298828,14.808828,16.768827,7.498828,2.158828,-0.96117187,-1.6711719,-4.061172,-3.2111719,-2.901172,-1.8311719,-0.9411719,-0.091171876,0.5588281,1.4688281,1.9288281,1.5088282,0.33882812,0.30882812,1.0188282,0.64882815,0.47882813,0.7488281,0.6888281,0.95882815,1.1888281,-0.9211719,-2.331172,-1.5711719,-0.46117187,-0.8111719,-1.7811719,-4.221172,-4.711172,-4.521172,-5.501172
-2.621172,-2.0111718,-0.34117186,0.12882812,3.2588282,0.9488281,2.358828,-0.9911719,0.71882814,2.9288282,3.4588282,6.8888283,11.748828,12.318829,11.098828,11.1488285,13.238828,13.608829,16.218828,21.668829,25.278828,23.438828,19.198828,19.428827,20.458828,12.888828,-0.65117186,-2.2611718,-3.3111718,-3.171172,-3.7911718,-3.9711719,-2.401172,-0.48117188,-0.59117186,-0.59117186,0.77882814,0.8188281,0.58882815,0.6688281,1.0288281,0.9488281,0.8688281,0.8188281,0.8888281,1.2888281,1.4288281,1.3188281,1.3388281,1.6888281,0.9288281,-1.6211718,-2.4711719,-1.0511719,-1.8911719,-1.5211719,-3.931172,-6.231172
-2.5511718,-2.4711719,-2.441172,-0.7611719,1.4088281,1.2888281,0.8188281,-3.151172,-1.0911719,-1.5111718,4.068828,8.668828,9.578828,12.128828,14.278828,13.258828,12.218828,13.558828,14.848828,18.998829,23.528828,25.408829,24.318829,24.788828,28.858828,14.078828,0.76882815,-0.30117187,-3.441172,-1.8211719,-2.7211719,-2.601172,-0.6711719,0.64882815,1.4288281,1.0388281,0.53882813,0.37882814,0.17882812,-0.14117187,0.24882813,0.8188281,0.77882814,0.76882815,1.2588282,1.9288281,2.638828,2.598828,2.418828,1.9488281,1.2488282,1.5288281,1.2288281,-1.0511719,-1.1111718,-2.4811718,-4.581172,-4.351172
-1.9911718,-0.84117186,-1.7111719,0.14882812,2.068828,0.6788281,-1.9011719,-6.481172,-3.101172,-2.2911718,2.128828,6.998828,10.288828,13.078828,13.468828,15.208828,14.818829,14.008828,16.218828,16.798828,20.338829,22.398829,25.258827,24.998829,25.558828,21.228828,7.818828,5.418828,5.198828,0.118828125,1.0888281,1.0188282,0.34882814,2.1788282,2.7988281,2.2288282,1.8988281,1.1988281,1.4188281,1.8488281,1.5488281,1.7088281,0.8888281,1.2788281,1.4088281,1.9188281,1.9188281,2.0088282,1.4888282,1.1488281,0.58882815,-0.091171876,-0.6711719,-1.7111719,-2.2211719,-2.631172,-4.331172,-5.371172
-2.5711718,-2.141172,-0.78117186,1.3388281,3.618828,0.41882813,-4.601172,-8.241172,-4.531172,-2.9911718,0.8188281,6.248828,9.678828,13.368828,13.778828,13.968828,14.888828,15.788828,15.768828,16.978828,17.508827,19.828829,21.948828,24.208828,23.188828,20.808828,16.638828,10.698828,7.6588283,7.068828,5.478828,4.538828,4.5588284,4.298828,3.898828,3.348828,3.1788282,3.348828,2.638828,2.818828,2.4888282,2.628828,2.078828,2.2288282,2.638828,2.6988282,2.898828,2.7988281,3.158828,3.828828,3.7288282,1.0188282,-1.5711719,-4.221172,-5.3811717,-6.551172,-6.781172,-6.6111717
-5.6311717,-2.391172,-1.7311718,-0.46117187,1.6588281,-0.24117188,-5.1711717,-8.021172,-5.991172,-2.2811718,-0.54117185,4.218828,9.608829,12.368828,13.888828,13.868828,12.608829,14.8988285,17.298828,17.168829,17.988829,18.188828,19.578829,20.168829,20.388828,19.848827,18.698828,16.148829,13.858829,11.288828,10.308828,9.238828,8.948828,8.258828,7.518828,6.338828,5.358828,4.698828,4.198828,4.0788283,3.6788282,2.9888282,2.4588282,2.348828,2.128828,2.138828,2.398828,2.118828,3.4788282,4.508828,3.7688282,1.9488281,0.6988281,-3.2711718,-9.161172,-12.201172,-12.441172,-11.761172
-9.681171,-6.3411717,-2.7811718,-1.3011719,-0.9411719,0.038828123,-2.5511718,-6.061172,-6.5911717,-4.971172,-0.85117185,2.658828,6.898828,10.838828,13.258828,13.038828,13.1488285,14.918828,16.508827,18.108828,19.698828,18.378828,17.298828,16.928827,17.478828,17.108828,16.538828,15.868828,16.118828,14.798828,14.888828,14.048828,13.448828,12.438828,10.988828,9.948828,8.568829,7.8288283,7.3688283,7.268828,7.018828,6.498828,4.798828,3.318828,2.9288282,2.908828,3.7888281,5.248828,5.878828,5.8688283,5.168828,4.1788282,7.3088284,4.228828,-3.111172,-11.051172,-17.751171,-17.551172
-12.061172,-10.051172,-7.681172,-2.941172,0.76882815,-1.5411719,-0.60117185,-2.7911718,-4.9411716,-4.911172,-3.341172,1.0988281,4.3488283,7.778828,9.108829,10.188828,11.868828,15.158828,17.638828,19.558828,19.108828,19.008827,17.298828,15.758828,14.518828,15.268828,15.088828,14.458828,14.578828,14.888828,15.358829,15.598828,15.638828,15.918828,15.338828,13.548828,12.768828,10.918828,10.038828,8.948828,8.268828,7.5988283,6.998828,6.5588284,6.3688283,5.968828,6.1388283,6.468828,6.5588284,5.208828,5.358828,5.978828,6.518828,8.478828,1.9988282,-0.84117186,-9.911172,-17.101171
-15.451172,-10.381172,-6.3411717,-4.351172,-1.5811719,1.1888281,-2.2411718,-2.7411718,-3.5211718,-1.9711719,-3.0011718,-0.6811719,0.6988281,3.9488282,7.1188283,9.088828,12.098828,14.118828,16.578829,19.428827,20.888828,19.738829,17.598827,18.048828,16.858828,14.988828,14.158828,15.048828,14.508828,14.358829,15.308828,15.048828,15.528828,16.078829,16.518827,15.798828,15.478828,14.128828,13.448828,12.868828,12.088828,11.888828,11.568829,10.688828,9.918828,9.388828,8.628828,8.028828,7.538828,7.3688283,5.988828,5.1388283,5.518828,6.298828,6.1388283,2.5388281,-2.0011718,-9.741172
-17.651173,-14.321172,-9.951172,-8.3511715,-1.9611719,2.568828,0.4988281,-4.001172,-3.0711718,-3.421172,-2.0611718,0.9388281,-0.21117188,1.3988281,4.6788282,8.338828,12.198828,14.768828,17.038828,18.878828,20.168829,20.868828,18.348827,16.308828,17.688828,18.898829,18.328829,16.268827,14.018828,14.438828,15.068829,16.018827,17.038828,16.908829,17.038828,16.288828,16.328829,16.208828,15.878828,15.858829,16.518827,16.138828,15.688828,13.908828,12.948828,11.768828,10.658828,9.488828,8.488828,7.278828,6.628828,5.668828,3.9388282,3.898828,5.298828,5.498828,0.39882812,-4.451172
-23.131172,-17.501171,-12.431171,-10.701172,-4.8411717,-0.14117187,-0.041171875,-2.0311718,-5.3811717,-3.681172,-3.191172,-2.4811718,1.2488282,0.8888281,3.668828,7.268828,10.048828,12.978828,15.8988285,17.788828,17.618828,18.868828,19.798828,17.748829,16.278828,17.498829,18.988829,19.838829,18.308828,16.598827,14.768828,15.018828,15.828828,16.698828,16.938828,17.418829,16.428827,15.638828,15.488828,17.038828,17.108828,17.528828,18.738829,18.538828,16.448828,13.998828,11.908828,10.678828,8.368828,6.468828,6.018828,5.278828,4.518828,2.598828,3.0188282,3.7888281,2.898828,-1.8411719
-17.991173,-15.931171,-16.241173,-12.411172,-6.1911716,-0.9911719,-1.9111719,-6.0911717,-2.2511718,-4.331172,-5.481172,-1.5311719,-2.101172,-0.14117187,3.078828,6.318828,7.778828,10.718828,14.418828,18.088829,19.738829,17.388828,18.668829,18.238829,17.938828,17.258827,17.068829,19.998829,19.668829,19.928827,18.158829,17.168829,16.168829,16.568829,16.868828,17.468828,16.768827,16.658829,16.388828,15.668828,16.418829,18.358828,19.838829,21.118828,20.428827,16.538828,13.008828,11.258828,9.408828,6.508828,5.008828,5.238828,4.218828,2.348828,0.7988281,0.9188281,1.3088281,0.36882812
-24.491173,-21.461172,-17.191172,-13.941172,-7.351172,-1.6511719,-2.351172,-7.1111717,-3.7211719,-1.5011718,-6.911172,-5.9411716,-3.0711718,0.078828126,2.0488281,3.9588282,5.3288283,11.308828,14.158828,17.188828,18.858828,18.678827,16.998829,17.898829,19.748829,19.478828,17.318829,18.258827,19.358828,19.158829,19.388828,19.748829,18.698828,17.818829,17.248829,16.368828,16.758827,17.378828,16.578829,16.848827,17.158829,17.388828,19.548828,21.288828,19.868828,15.758828,13.128828,11.3988285,9.808828,7.998828,5.028828,4.128828,3.7588282,2.4788282,-0.5711719,-1.4311719,-1.2711719,-1.8011719
-24.011171,-20.971172,-17.631172,-13.691172,-8.191172,-4.4411716,-5.311172,-7.501172,-5.541172,-0.001171875,5.088828,-2.341172,-6.981172,-3.191172,1.3688282,2.7688282,5.788828,7.918828,12.568829,17.668829,19.738829,17.518827,16.768827,19.048828,20.548828,21.548828,18.258827,19.638828,18.198828,18.748829,19.268827,19.868828,19.598827,18.788828,18.448828,18.198828,18.608828,17.408829,16.288828,16.398829,17.548828,18.828829,20.058828,19.858828,16.948828,14.008828,12.088828,10.868828,9.228828,6.918828,5.068828,2.4388282,1.6688281,0.59882814,-1.5311719,-3.5511718,-3.581172,-3.9811718
-21.211172,-20.121172,-18.781172,-14.531172,-11.501172,-8.591172,-7.1311717,-7.731172,-6.541172,-3.161172,1.5888281,5.948828,-5.481172,-5.771172,-1.7911719,1.9488281,5.3088284,9.668828,13.218828,16.268827,19.528828,16.618828,16.908829,19.198828,21.118828,22.048828,20.708828,17.478828,18.008827,19.358828,20.098827,19.648829,19.778828,20.348827,20.468828,18.998829,18.718828,17.178827,16.528828,16.608828,18.078829,20.708828,20.438828,17.878828,15.178828,13.598828,13.708828,12.158828,8.748828,5.628828,2.7788281,-0.22117187,-1.2211719,-1.4811718,-3.411172,-5.001172,-5.541172,-5.5711718
-22.791172,-19.821173,-18.111172,-14.881172,-11.841172,-9.191172,-9.271172,-7.081172,-5.741172,-3.5411718,0.40882814,5.1188283,-1.6011719,-5.721172,-3.2811718,1.2588282,5.218828,9.438828,12.478828,16.058828,17.578829,15.928828,16.538828,18.938828,21.028828,21.688828,18.458828,18.068829,18.768827,20.368828,20.358828,20.668829,22.218828,22.258827,21.678827,20.148829,19.078829,16.948828,16.568829,17.668829,19.638828,19.728828,17.558828,15.758828,15.438828,15.288828,13.248828,11.558828,9.178828,5.898828,1.0188282,-1.8011719,-2.5111718,-3.591172,-4.371172,-4.851172,-5.221172,-7.1111717
-26.301172,-24.001171,-20.051172,-15.471172,-11.871172,-7.9011717,-4.621172,-4.551172,-4.661172,-2.871172,-1.4811718,1.0588281,-1.7211719,-2.7111719,-1.1811719,1.7788281,5.128828,8.288828,11.958828,14.868828,13.038828,14.938828,16.988829,18.878828,19.778828,19.598827,18.978828,18.718828,19.808828,21.018827,22.038828,23.108828,23.908829,24.158829,23.188828,21.058828,18.568829,18.248829,18.518827,18.918829,17.958828,16.398829,16.358828,16.508827,14.378828,12.078828,11.058828,8.828828,5.238828,1.7988281,-0.2811719,-1.0411719,-1.8511719,-2.341172,-3.121172,-3.7811718,-4.061172,-4.5711718
-28.291172,-26.641172,-25.021172,-20.151173,-14.681171,-10.141171,-5.311172,-1.6311718,-0.2511719,-1.8811718,-1.7711719,-2.431172,0.038828123,2.658828,2.5088282,2.638828,5.588828,8.208828,9.748828,9.858829,11.778828,13.878828,17.278828,18.498829,19.678827,19.748829,19.268827,19.978828,21.238829,22.488829,24.238829,25.938828,25.078829,23.328829,22.598827,20.398829,19.218828,18.248829,17.318829,16.938828,16.628828,16.828829,14.968828,12.318829,9.918828,8.878828,4.8688283,3.608828,3.2288282,2.7088282,3.088828,2.358828,-0.13117188,-1.6411719,-1.9111719,-2.8011718,-3.2011719,-4.391172
-31.011171,-28.281172,-26.391172,-22.781172,-18.091171,-12.741172,-8.371172,-3.8211718,-0.38117188,0.35882813,-0.8211719,-2.4911718,-2.621172,-0.79117185,1.3288281,4.028828,6.588828,8.128828,8.918828,10.348828,12.978828,16.158829,17.848827,18.808828,19.538828,20.008827,20.578829,21.818829,24.178827,26.118828,25.978828,25.028828,24.018827,22.938828,20.998829,19.968828,19.228828,18.488829,17.488829,16.398829,14.8988285,12.568829,9.758828,7.958828,5.768828,2.0488281,0.8188281,4.8888283,6.488828,4.988828,5.018828,3.2688282,1.6788281,-1.4911718,-3.2311718,-3.7011719,-4.761172,-4.4211717
-27.211172,-28.411171,-25.931171,-23.331171,-18.811172,-14.1011715,-10.011172,-6.501172,-2.5311718,-3.121172,-2.871172,-2.7311718,-0.71117187,0.59882814,3.2588282,4.8888283,6.128828,6.478828,8.278828,11.498828,14.688828,16.658829,17.768827,18.388828,19.708828,21.108828,23.388828,25.098827,25.388828,24.328829,23.738829,23.938828,23.088829,21.658829,19.808828,18.198828,16.438828,14.828828,13.678828,12.568829,10.618828,8.298828,6.128828,2.9988282,1.3188281,0.58882815,3.0288281,7.548828,6.6188283,5.238828,5.738828,3.7688282,1.3788282,-1.1011719,-2.651172,-4.0911717,-4.281172,-3.7211719
-24.171171,-24.321173,-23.831171,-22.951172,-19.901173,-15.591172,-11.201172,-8.371172,-7.051172,-5.181172,-4.051172,-2.2211719,-0.08117188,0.6088281,2.4988282,3.7588282,6.318828,8.518828,11.198828,12.768828,14.438828,14.838828,16.878828,18.918829,21.888828,23.308828,22.778828,21.318829,21.558828,23.338829,25.348827,24.308828,22.078829,19.948828,17.098827,13.938828,11.688828,10.698828,10.458828,7.8888283,6.6588283,4.088828,0.72882813,-0.23117188,-0.23117188,2.858828,6.148828,6.038828,4.878828,5.228828,5.758828,4.588828,2.2088282,-0.9311719,-2.7011719,-4.331172,-5.041172,-4.791172
-23.481173,-26.161171,-26.931171,-26.301172,-22.801172,-18.241173,-13.711172,-9.721172,-9.861172,-6.771172,-5.451172,-3.131172,0.24882813,1.8288281,3.648828,6.048828,8.518828,10.658828,11.778828,12.318829,13.618828,15.868828,18.878828,19.158829,17.898829,17.968828,19.278828,20.528828,22.818829,25.428827,26.658829,24.168829,22.608828,20.338829,15.838828,10.248828,7.608828,6.528828,5.0788283,4.318828,1.4488281,-1.1911719,-1.5811719,-1.0711719,-0.30117187,1.2488282,3.7288282,4.3888283,5.5988283,6.468828,5.628828,5.518828,4.548828,2.4688282,0.09882812,-2.141172,-3.581172,-4.661172
-21.101171,-20.601171,-21.361172,-18.871172,-16.521172,-15.631172,-13.901172,-10.961172,-8.011172,-4.491172,-1.4911718,-0.32117188,2.2388282,4.528828,6.1788282,8.368828,9.168828,9.938828,11.438828,13.928828,15.738828,14.388828,12.688828,13.668828,16.038828,18.938828,20.848827,22.238829,24.158829,26.468828,26.288828,23.478828,21.248829,16.298828,9.808828,5.958828,3.838828,3.158828,2.078828,-0.5011719,-1.5511719,-2.111172,-0.77117187,-0.60117185,-1.8611718,-0.77117187,1.5288281,2.908828,2.578828,4.538828,6.038828,5.958828,5.8888283,5.3488283,3.2088282,1.3188281,0.16882813,-0.97117186
-17.161171,-15.721172,-14.301172,-12.151172,-9.661172,-7.761172,-5.871172,-4.791172,-3.7211719,-2.441172,-0.22117187,2.4488282,4.708828,5.4288282,6.088828,8.038828,10.528828,12.848828,12.688828,10.938828,8.858829,10.048828,12.048828,14.968828,17.948828,19.298828,20.308828,21.788828,23.748829,25.228828,22.258827,19.598827,16.858828,11.388828,5.898828,3.308828,2.108828,-0.29117188,-2.941172,-2.5511718,-1.8911719,-0.71117187,-0.45117188,-0.53117186,-0.22117187,0.118828125,0.6388281,1.2288281,1.6788281,2.1888282,2.388828,2.888828,5.018828,6.248828,5.5588284,4.1788282,3.068828,2.148828
