public/data/weather/current/current-wind-isobaric-500hPa-gfs-1.0.json
{"header": { "discipline":0, "disciplineName":"Meteorological products", "gribEdition":2, "gribLength":79011, "center":7, "centerName":"US National Weather Service - NCEP(WMC)", "subcenter":0, "refTime":"2019-10-05T00:00:00.000Z", "significanceOfRT":1, "significanceOfRTName":"Start of forecast", "productStatus":0, "productStatusName":"Operational products", "productType":1, "productTypeName":"Forecast products", "productDefinitionTemplate":0, "productDefinitionTemplateName":"Analysis/forecast at horizontal level/layer at a point in time", "parameterCategory":2, "parameterCategoryName":"Momentum", "parameterNumber":3, "parameterNumberName":"V-component_of_wind", "parameterUnit":"m.s-1", "genProcessType":2, "genProcessTypeName":"Forecast", "forecastTime":0, "surface1Type":100, "surface1TypeName":"Isobaric surface", "surface1Value":50000.0, "surface2Type":255, "surface2TypeName":"Missing", "surface2Value":0.0, "gridDefinitionTemplate":0, "gridDefinitionTemplateName":"Latitude_Longitude", "numberPoints":65160, "shape":6, "shapeName":"Earth spherical with radius of 6,371,229.0 m", "gridUnits":"degrees", "resolution":48, "winds":"true", "scanMode":0, "nx":360, "ny":181, "basicAngle":0, "lo1":0.0, "la1":90.0, "lo2":359.0, "la2":-90.0, "dx":1.0, "dy":1.0 }, "data":
[rows 104 to 129 of 181, columns 290 to 347 of 360]
1.5488281,-1.2811719,-4.8811717,-5.481172,-5.411172,-5.681172,-4.351172,-5.201172,-3.411172,-1.2111719,-0.8911719,1.6288282,0.77882814,1.6388282,3.168828,0.78882813,0.4388281,0.8888281,1.6088281,-0.49117187,2.7688282,3.6788282,3.0288281,6.4288282,5.5788283,6.188828,7.748828,8.028828,5.358828,3.828828,0.9388281,1.5988281,-3.911172,-5.871172,-8.361172,-8.271172,-6.1311717,-5.871172,-3.371172,-1.1911719,-1.3811718,0.028828125,-1.4811718,-2.2711718,-2.421172,-1.7311718,-2.2211719,-1.5111718,0.058828127,0.17882812,0.35882813,0.53882813,0.40882814,0.9988281,1.7588282,1.8588281,1.7988281,1.8888282
-0.2811719,-2.831172,-5.251172,-7.001172,-6.701172,-8.301172,-7.491172,-5.371172,-5.1111717,-3.661172,-2.881172,-2.151172,0.25882813,0.6888281,-1.7911719,1.1788281,-0.24117188,0.95882815,0.53882813,1.0988281,3.658828,4.268828,6.268828,6.258828,7.818828,8.928828,7.508828,6.9088283,2.068828,4.838828,2.338828,-1.8711718,-4.221172,-5.561172,-5.3411717,-9.931171,-7.481172,-6.001172,-4.801172,-1.3311719,-0.20117188,-0.41117188,-1.9811718,-2.5411718,-2.4811718,-1.6711719,-2.611172,-1.9711719,-0.39117187,-0.051171876,1.0088282,0.90882814,1.0888281,2.0288281,2.2188282,1.8888282,2.118828,2.2188282
0.20882812,-2.101172,-4.891172,-6.6911716,-9.381172,-9.061172,-9.681171,-8.131172,-5.4011717,-7.031172,-5.201172,-3.861172,-2.7111719,-1.8811718,-0.37117186,-1.6611719,-1.8911719,-1.1311718,-2.2311718,-0.7511719,1.5388281,3.0188282,5.338828,8.108829,7.768828,6.968828,8.548828,6.5988283,6.6188283,3.898828,1.7688282,-2.2411718,-3.941172,-4.371172,-6.851172,-7.551172,-8.531172,-7.6711717,-4.561172,-2.0511718,-0.001171875,-0.10117187,-1.5111718,-2.441172,-2.7511718,-2.7511718,-3.2211719,-2.921172,-1.1111718,0.17882812,0.018828126,-0.051171876,1.7288281,2.9988282,3.588828,3.0288281,1.9088281,2.0088282
-4.3211718,-3.891172,-6.031172,-7.511172,-10.131172,-11.511172,-9.651172,-8.231172,-6.721172,-5.411172,-5.581172,-4.021172,-1.9111719,0.14882812,-1.8311719,-3.861172,-0.5011719,-1.1211718,0.39882812,2.6988282,3.2788281,3.908828,5.588828,7.3688283,9.528828,10.668828,12.358829,12.678828,7.1588283,3.9488282,1.1488281,-4.761172,-5.3411717,-5.8611717,-8.501172,-7.511172,-8.611172,-6.541172,-4.3811717,-3.2611718,-0.17117187,-0.42117187,-1.1411719,-1.9211719,-2.5511718,-3.381172,-3.171172,-2.3011718,-2.091172,-1.0811719,-0.19117187,1.1688281,2.6888282,4.538828,5.338828,4.458828,1.9188281,0.35882813
-9.941172,-6.851172,2.078828,1.5088282,-5.231172,-9.571172,-9.651172,-7.351172,-6.761172,-7.141172,-5.981172,-4.311172,-1.1211718,-8.931171,-3.911172,-1.5411719,-3.2211719,-1.9211719,-1.1011719,-0.5111719,0.95882815,2.9488282,5.228828,8.588828,10.278828,12.1488285,11.218828,11.378828,11.698828,4.788828,2.0488281,-6.121172,-5.511172,-6.9011717,-8.451172,-8.051172,-7.4411716,-6.601172,-6.0711718,-3.3111718,-0.18117188,-0.6411719,-1.7111719,-1.6411719,-1.9511719,-2.691172,-3.141172,-1.8711718,-1.6511719,0.008828125,0.71882814,2.398828,4.688828,6.288828,6.498828,3.588828,0.058828127,-1.0811719
-12.661172,-10.331172,-9.271172,-0.5511719,-2.331172,-3.5111718,-10.641171,-10.621172,-10.361172,-6.911172,-6.311172,-4.701172,-6.291172,-5.561172,-4.051172,-3.161172,-4.311172,-1.8111719,-2.5711718,-0.061171874,-1.1011719,2.138828,3.9788282,8.138828,9.778828,11.708828,12.718828,12.438828,11.128828,6.948828,5.628828,-2.191172,-7.261172,-7.661172,-8.191172,-8.181171,-7.551172,-7.391172,-5.9411716,-4.181172,-1.6911719,-0.6411719,-1.8611718,-1.9311719,-2.7211719,-3.0011718,-2.4711719,-1.8311719,-1.1211718,-0.44117188,1.0088282,3.4588282,5.0588284,6.9088283,6.6388283,2.9988282,-1.1511719,-0.97117186
-14.781172,-12.991172,-18.141172,-9.381172,-4.991172,-4.271172,-6.411172,-13.701172,-12.121172,-10.441172,-7.551172,-7.731172,-7.451172,-8.761172,-5.741172,-6.4011717,-2.0311718,-3.581172,-2.5511718,-1.2511718,0.09882812,1.0488281,3.2288282,5.488828,8.108829,10.738828,12.758828,12.1488285,9.038828,5.4088283,1.6788281,-5.011172,-8.771172,-8.131172,-8.161172,-8.891171,-8.301172,-7.371172,-6.4211717,-4.4211717,-1.9111719,-1.7611718,-2.171172,-2.7711718,-2.621172,-2.5611718,-2.5211718,-2.411172,-1.2911719,-0.52117187,0.32882813,2.128828,3.9988282,5.018828,4.768828,2.9388282,-0.9911719,-1.2511718
-16.471172,-14.961172,-12.3511715,-16.681171,-9.531172,-7.431172,-5.4211717,-17.151173,-14.321172,-6.551172,-9.221172,-8.191172,-8.981172,-9.391171,-8.811172,-6.471172,-3.5311718,-3.921172,-4.181172,-3.141172,-1.2611718,0.89882815,2.088828,4.478828,6.288828,9.848828,11.968828,11.278828,6.748828,2.628828,-1.9611719,-5.3611717,-7.9211717,-8.751172,-8.931171,-9.251172,-8.411172,-7.771172,-6.851172,-5.551172,-3.851172,-3.131172,-2.5311718,-2.151172,-2.591172,-3.151172,-3.7711718,-2.861172,-1.4411719,0.32882813,1.2588282,2.5188282,2.628828,2.7288282,3.128828,2.628828,-0.19117187,-1.8211719
-17.271172,-15.221172,-4.3211718,-7.811172,-13.421172,-7.561172,-5.4411716,-4.5711718,-8.521172,-7.851172,-9.221172,-10.591172,-12.141171,-8.961172,-7.951172,-9.461172,-9.971172,-5.561172,-4.431172,-3.671172,-2.601172,-0.10117187,0.7488281,3.808828,5.698828,8.288828,10.208828,10.318829,6.168828,3.608828,-2.0111718,-4.5911717,-7.8211718,-8.691172,-10.411172,-10.011172,-9.251172,-8.061172,-7.781172,-6.4011717,-4.981172,-3.921172,-2.941172,-1.8311719,-1.4411719,-2.0211718,-2.8111718,-2.611172,-1.0411719,0.118828125,0.8288281,2.158828,2.058828,2.558828,2.618828,2.598828,0.83882815,-0.8311719
-17.751171,-15.881172,-15.961172,-9.881172,-15.891171,-7.031172,-10.981172,-10.951172,-7.491172,-11.241172,-10.731172,-10.721172,-13.291172,-12.081172,-10.471172,-8.921172,-8.071172,-7.6911716,-4.9211717,-4.471172,-3.7711718,-1.8411719,0.52882814,1.3888282,4.218828,6.238828,7.6588283,9.128828,4.648828,0.8188281,-2.581172,-3.931172,-5.291172,-8.981172,-11.321172,-12.291172,-11.631172,-10.041172,-9.551172,-7.6311717,-5.8611717,-4.221172,-3.8011718,-2.631172,-1.5311719,-1.7411718,-2.161172,-1.8911719,-0.7611719,0.13882813,0.20882812,0.52882814,1.0088282,1.6888281,1.6488281,1.9188281,2.058828,1.8088281
-17.761171,-15.261172,-17.991173,-13.381172,-17.381172,-7.6111717,-7.1511717,-15.571172,-12.641171,-12.501172,-11.161172,-12.811172,-14.3511715,-12.301172,-11.131172,-9.781172,-10.881172,-8.141171,-5.511172,-4.1311717,-2.3011718,-1.7711719,0.6188281,0.8888281,2.318828,4.608828,6.148828,7.088828,3.9688282,0.13882813,-2.2711718,-3.171172,-5.301172,-7.6911716,-10.911172,-12.721172,-11.951172,-10.651172,-9.901172,-9.291172,-7.771172,-5.8211718,-3.9611719,-1.8011719,-0.78117186,-1.3011719,-2.2411718,-2.3211718,-1.5911719,-1.2011719,0.09882812,0.8788281,0.8288281,1.4188281,1.5988281,1.7988281,2.828828,3.2488282
-17.611172,-18.401173,-16.961172,-10.581172,-10.421172,-7.031172,-7.521172,-8.361172,-16.391172,-15.411172,-14.111172,-12.791172,-15.071172,-14.331172,-13.541172,-10.8511715,-7.741172,-8.151172,-7.4211717,-6.021172,-0.96117187,-1.3211719,0.028828125,0.7388281,2.9388282,4.668828,4.718828,4.3088284,5.128828,0.6288281,-3.0411718,-3.5111718,-5.461172,-7.1911716,-8.831172,-10.211172,-9.971172,-9.521172,-8.011172,-6.491172,-6.761172,-5.301172,-4.1111717,-2.5111718,-1.7511718,-0.6711719,-0.90117186,-1.2911719,-1.7011719,-1.2911719,0.40882814,0.6688281,0.7588281,1.1488281,0.58882815,1.1688281,2.7088282,2.9588282
-17.541172,-12.801172,-17.051172,-8.6011715,-14.181171,-8.491172,-4.431172,-8.551172,-11.431171,-14.721172,-15.8511715,-14.811172,-14.701172,-18.081171,-16.051172,-14.991172,-12.721172,-10.981172,-10.141171,-6.3411717,-5.721172,-2.891172,-1.0711719,1.7288281,1.9388281,3.608828,2.808828,3.4888282,2.378828,2.2888281,-1.4211719,-3.9711719,-5.301172,-5.661172,-8.241172,-10.121172,-9.031172,-9.261172,-8.661172,-5.731172,-5.1511717,-4.3211718,-2.361172,-0.12117188,0.6688281,1.0388281,1.3788282,2.118828,2.4888282,3.1888282,2.808828,2.808828,4.028828,4.6788282,3.4288282,2.0388281,1.6888281,2.5388281
-15.821172,-13.771172,-9.991172,-17.991173,-9.221172,-12.581172,-8.531172,-4.811172,-8.171172,-9.021172,-15.921172,-16.571173,-15.211172,-19.771172,-17.611172,-16.221172,-13.681171,-10.751172,-9.731172,-10.581172,-9.611172,-4.711172,-2.591172,-0.14117187,0.30882812,2.2588282,1.0288281,0.53882813,0.9988281,0.39882812,0.7588281,-0.84117186,-4.961172,-6.831172,-6.711172,-7.741172,-7.581172,-7.121172,-7.601172,-5.201172,-3.4911718,-1.4711719,-1.0211719,0.09882812,1.5588281,1.6388282,1.8888282,1.9488281,2.598828,3.4688282,2.9288282,3.1988282,3.898828,4.668828,3.6788282,4.128828,3.098828,2.7988281
-12.041172,-15.321172,-11.011172,-12.031172,-10.981172,-7.5911717,-10.711172,-8.911172,-9.181171,-8.541172,-9.711172,-9.611172,-14.881172,-17.741173,-21.111172,-15.751172,-16.641172,-13.471172,-12.861172,-9.141171,-6.1111717,-4.3411717,-4.831172,-2.7111719,-0.48117188,0.42882812,-1.2211719,-1.5111718,-1.4611719,-1.4911718,-1.1111718,-0.73117185,-2.4511719,-4.3411717,-6.051172,-7.021172,-6.5711718,-5.101172,-4.8811717,-4.501172,-2.5711718,-2.7411718,-1.1711719,0.8188281,3.0388281,3.7188282,3.898828,4.3288283,4.438828,4.148828,4.0588284,3.668828,4.858828,5.208828,4.048828,5.6188283,6.278828,6.028828
-7.261172,-11.251172,-14.781172,-13.711172,-10.161172,-8.421172,-5.301172,-5.951172,-8.681171,-10.141171,-8.541172,-12.561172,-16.271172,-13.691172,-15.401172,-14.781172,-16.671171,-13.901172,-12.761172,-12.371172,-6.301172,-6.031172,-3.421172,1.8988281,-1.7411718,-3.7311718,-2.361172,-3.0311718,-2.861172,-2.0711718,-2.641172,-2.331172,-2.381172,-2.691172,-5.0911717,-6.021172,-5.9211717,-4.801172,-5.001172,-4.801172,-3.2411718,-2.2311718,-1.1411719,-0.6811719,0.36882812,2.588828,3.9888282,4.9288282,5.268828,5.458828,4.9088283,4.8888283,4.588828,4.1788282,4.378828,5.748828,6.148828,6.298828
-5.871172,-4.311172,-7.781172,-11.121172,-10.681171,-9.441172,-7.0911717,-9.291172,-11.661172,-13.781172,-12.241172,-11.8511715,-10.611172,-11.961172,-13.031172,-15.441172,-14.741172,-13.671172,-10.171172,-6.981172,-4.461172,0.118828125,-0.40117186,-0.8711719,-1.4411719,-7.761172,-4.101172,-4.261172,-5.3811717,-3.5411718,-4.911172,-3.161172,-5.3411717,-3.841172,-4.851172,-4.5911717,-5.021172,-5.4411716,-3.5411718,-3.181172,-2.0111718,-1.1911719,0.65882814,0.47882813,0.97882813,2.308828,3.9588282,5.4088283,5.948828,5.968828,6.338828,6.228828,6.3088284,6.298828,5.5588284,5.5588284,6.218828,7.198828
-1.3411719,-1.3611718,-2.3111718,-6.1111717,-6.261172,-7.481172,-6.991172,-6.6311717,-13.401172,-14.981172,-14.981172,-12.501172,-11.441172,-13.431171,-10.681171,-13.931171,-14.381172,-12.921172,-10.311172,-8.151172,-6.041172,-3.2511718,-2.3211718,1.3088281,5.838828,-5.5911717,-2.391172,-6.6111717,-8.251172,-5.5911717,-6.991172,-6.831172,-5.011172,-6.851172,-6.1711717,-6.021172,-5.271172,-3.141172,-2.7311718,-2.391172,-1.3711718,-0.40117186,-0.72117186,-0.6111719,1.1888281,1.5688281,2.1988282,4.3688283,5.088828,5.288828,5.3888283,5.778828,5.568828,5.3888283,6.768828,7.998828,8.228828,6.8688283
0.118828125,-1.7511718,-1.2211719,0.22882813,0.2788281,-3.5111718,-7.251172,-8.051172,-8.1011715,-13.921172,-13.981172,-11.751172,-12.6011715,-12.121172,-13.181171,-10.941172,-12.561172,-13.271172,-11.501172,-8.611172,-6.141172,-6.1711717,-3.5511718,0.17882812,0.28882813,1.8588281,-4.3811717,-4.241172,-5.8211718,-9.141171,-9.011172,-7.1911716,-6.6111717,-7.181172,-7.731172,-6.261172,-5.601172,-4.721172,-4.411172,-2.5211718,-0.96117187,0.09882812,0.6888281,1.6888281,2.158828,2.5288281,2.9688282,3.598828,4.968828,6.628828,6.488828,7.038828,8.058828,7.758828,7.568828,7.728828,9.558828,8.688828
0.008828125,2.0388281,0.15882812,0.18882813,1.0488281,-0.77117187,-6.1111717,-10.801172,-11.911172,-14.081172,-14.861172,-14.011172,-12.3511715,-12.541172,-11.911172,-10.441172,-10.8511715,-10.211172,-10.011172,-9.581172,-7.1711717,-6.271172,-5.951172,-2.371172,-1.5911719,-1.2511718,0.6788281,2.2788281,2.6888282,-2.5511718,-3.2711718,-4.6311717,-6.931172,-8.061172,-7.521172,-5.331172,-5.761172,-4.011172,-1.9911718,-0.6111719,-0.5111719,0.39882812,0.18882813,-0.17117187,1.6988281,5.0988283,7.0788283,7.718828,7.788828,9.658828,10.498828,10.938828,10.418828,10.928828,10.288828,8.698828,8.678828,9.358829
0.038828123,6.508828,4.3488283,4.0788283,1.6588281,-2.5311718,-5.3611717,-10.511172,-13.8511715,-14.501172,-17.651173,-16.471172,-14.311172,-12.671172,-10.841172,-11.491172,-9.841172,-10.081172,-11.261172,-11.141171,-9.251172,-7.291172,-6.5911717,-4.451172,-4.001172,-2.7311718,-1.6211718,1.3888282,0.35882813,-2.341172,-3.0211718,-5.6911716,-3.621172,-9.971172,-9.061172,-6.301172,-5.771172,-2.2511718,-0.90117186,0.8788281,-0.16117187,-0.30117187,0.24882813,2.2788281,6.5788283,7.858828,7.548828,9.508828,10.938828,10.628828,10.808828,10.008828,9.378828,8.988828,8.618828,10.258828,10.168828,10.588828
4.3688283,7.5588284,9.198828,7.978828,4.1388283,3.7388282,-1.8011719,-4.561172,-12.251172,-14.751172,-15.861172,-19.091171,-16.001171,-13.531172,-14.791172,-9.721172,-10.171172,-10.561172,-10.221172,-9.3511715,-9.841172,-6.4411716,-3.9611719,-4.051172,-5.741172,-5.431172,-3.121172,-1.7311718,-4.791172,-5.291172,-3.3011718,0.28882813,-5.521172,-7.791172,-8.521172,-7.061172,-4.051172,-2.081172,-1.0111718,-1.0111718,0.8888281,2.838828,2.9788282,7.198828,6.338828,8.948828,8.698828,9.528828,11.088828,13.438828,13.658828,12.158828,9.748828,8.608829,7.978828,8.528828,8.138828,7.8688283
5.788828,5.588828,7.948828,9.168828,6.228828,6.3088284,3.7188282,-0.59117186,-5.971172,-13.871172,-17.061172,-16.301172,-18.231173,-15.771172,-14.121172,-14.921172,-10.911172,-11.691172,-10.551172,-8.901172,-6.8611717,-5.8411717,-5.461172,-4.991172,-5.991172,-4.281172,-6.791172,-5.391172,-0.6411719,0.8088281,2.7388282,2.4588282,-0.16117187,-5.491172,-10.921172,-1.7711719,-0.52117187,0.29882812,3.9388282,3.888828,4.508828,6.0588284,5.8488283,4.198828,6.008828,10.1488285,12.278828,14.058828,13.108829,12.718828,11.948828,9.138828,8.728828,10.308828,11.448828,11.818829,11.238828,10.468828
6.128828,7.298828,7.1588283,6.998828,7.748828,9.848828,12.508828,10.238828,-6.6111717,-11.191172,-16.431171,-17.151173,-15.861172,-16.721172,-14.651172,-16.161171,-18.621172,-11.361172,-11.301172,-19.501171,-18.411171,-15.051172,-12.811172,-10.441172,-8.591172,-6.601172,-3.9511719,-3.851172,-4.301172,-4.0911717,-0.3111719,0.038828123,-0.97117186,-0.011171875,0.038828123,6.5588284,6.268828,1.9688281,3.4288282,1.7388282,2.608828,3.638828,6.218828,9.158828,8.558828,11.628828,12.328828,13.878828,12.638828,12.948828,14.338828,15.118828,18.788828,19.588829,17.948828,16.038828,13.698828,11.578828
9.028828,8.998828,7.1188283,7.898828,6.878828,9.668828,12.938828,16.358828,10.118828,-9.131172,-17.971172,-18.661171,-18.821173,-15.831172,-15.571172,-14.081172,-14.701172,-11.811172,-6.721172,-6.5911717,-6.871172,-6.1111717,-9.811172,-10.331172,-10.711172,-9.841172,-6.9411716,-6.371172,-4.6911716,-4.0711718,-3.4611719,-3.4711719,-3.361172,-1.5211719,-0.8111719,0.45882812,2.058828,1.1088281,1.5888281,3.0088282,4.068828,6.608828,9.218828,9.158828,8.378828,10.808828,11.838828,13.168828,15.058828,17.038828,19.388828,20.408829,18.008827,14.928828,12.338828,10.698828,8.598828,7.8088284
9.938828,8.958828,8.788828,8.068829,7.6388283,8.468828,10.428828,13.178828,13.748828,6.4088283,-9.001172,-19.221172,-20.051172,-20.561172,-17.231173,-12.071172,-12.821172,-9.8511715,-11.311172,-3.621172,-4.771172,-3.7411718,-7.3411717,-5.121172,-4.5711718,-7.0911717,-7.991172,-9.361172,-7.411172,-5.801172,-5.561172,-5.181172,-3.9711719,-1.2811719,0.8288281,2.0188282,3.348828,2.7088282,1.8188281,1.1588281,3.2788281,4.788828,5.858828,7.278828,9.528828,10.6488285,11.788828,14.288828,17.448828,19.138828,17.858828,13.248828,11.738828,11.918828,11.338828,10.688828,9.368828,7.728828
