public/data/weather/current/current-wind-isobaric-700hPa-gfs-1.0.json
{"header": { "discipline":0, "disciplineName":"Meteorological products", "gribEdition":2, "gribLength":79102, "center":7, "centerName":"US National Weather Service - NCEP(WMC)", "subcenter":0, "refTime":"2019-10-05T00:00:00.000Z", "significanceOfRT":1, "significanceOfRTName":"Start of forecast", "productStatus":0, "productStatusName":"Operational products", "productType":1, "productTypeName":"Forecast products", "productDefinitionTemplate":0, "productDefinitionTemplateName":"Analysis/forecast at horizontal level/layer at a point in time", "parameterCategory":2, "parameterCategoryName":"Momentum", "parameterNumber":3, "parameterNumberName":"V-component_of_wind", "parameterUnit":"m.s-1", "genProcessType":2, "genProcessTypeName":"Forecast", "forecastTime":0, "surface1Type":100, "surface1TypeName":"Isobaric surface", "surface1Value":70000.0, "surface2Type":255, "surface2TypeName":"Missing", "surface2Value":0.0, "gridDefinitionTemplate":0, "gridDefinitionTemplateName":"Latitude_Longitude", "numberPoints":65160, "shape":6, "shapeName":"Earth spherical with radius of 6,371,229.0 m", "gridUnits":"degrees", "resolution":48, "winds":"true", "scanMode":0, "nx":360, "ny":181, "basicAngle":0, "lo1":0.0, "la1":90.0, "lo2":359.0, "la2":-90.0, "dx":1.0, "dy":1.0 }, "data":
[rows 78 to 103 of 181, columns 290 to 347 of 360]
1.4576416,1.0176415,-0.2423584,-0.8623584,-0.6223584,-0.7723584,-1.4423584,-2.0423584,-1.8323584,-2.6123583,-3.2623584,-3.0323584,-2.5023584,-2.2723584,-2.2623584,-1.6523584,-0.3123584,0.4576416,0.1176416,0.3476416,0.8176416,0.4476416,-0.5923584,0.2976416,0.6276416,3.3876417,3.7676415,2.9376416,1.4076416,-0.9823584,-3.3123584,-3.1223583,-3.4923584,-4.8923583,-3.5423584,-3.1623583,-2.9223585,-2.9123583,-3.5423584,-3.7723584,-4.262358,-4.5623584,-5.1123586,-4.972358,-6.012358,-4.5723586,-4.3723583,-1.9423584,-1.6423584,-1.2323585,-1.2923584,-0.7723584,0.1876416,1.6176416,2.0876417,6.0576415,4.757642,1.9776416
1.1076416,1.4476416,0.7776416,0.4876416,-0.1023584,-1.2823584,-2.0523584,-2.5423584,-2.1123583,-3.4423585,-3.8423584,-3.7923584,-2.8723583,-2.3123584,-1.9023584,-1.5323584,-1.4523584,-0.0423584,-0.6423584,0.2076416,0.2076416,-0.4823584,0.6376416,1.7676415,2.2876415,2.4476416,1.6676416,1.4176416,0.4776416,-1.7523584,-4.1123586,-4.6123586,-4.0623584,-4.3523583,-4.5723586,-4.6923585,-3.4623585,-3.7423584,-2.9823585,-2.6323583,-2.5023584,-2.5323584,-2.4423585,-3.0923584,-4.012358,-2.4823585,-0.6323584,-0.8323584,-0.9923584,-1.6123585,-1.8423584,-1.9323584,1.0176415,3.3976417,4.1376414,6.967642,5.6076417,4.007642
3.0976417,2.4176416,0.5376416,0.4576416,-0.0023583984,-0.6123584,-1.3323584,-2.3423584,-2.1423583,-3.5723584,-4.1823583,-4.4623585,-4.1323586,-2.8123584,-2.7823584,-2.0823584,-1.7623584,-1.3123584,-0.9523584,-1.3523583,-0.8723584,-0.8323584,-0.092358395,2.4076416,2.4776416,1.6076416,0.4276416,-0.2923584,-0.4623584,-1.8823584,-3.8223584,-4.9023585,-3.8923583,-3.8423584,-3.9323585,-4.6223583,-4.972358,-4.472358,-3.9023583,-2.9823585,-1.6023583,-1.2423584,-2.4823585,-3.7823584,-4.2023582,-1.4923584,-1.4923584,-2.9023583,-3.0123584,-0.9923584,-2.0023584,-2.3723583,1.1576416,3.1376417,4.3476415,3.9076416,5.277642,4.217642
1.7576416,0.5576416,0.4576416,0.7176416,1.1076416,-0.1823584,-1.6023583,-1.9423584,-2.2723584,-1.9823585,-3.6623583,-3.6223583,-4.282358,-4.1623583,-4.2723584,-3.0123584,-1.1223584,-1.1523584,-1.7323585,-2.5323584,-2.5423584,-1.5023584,0.1976416,0.8076416,1.1976416,0.9376416,-0.3723584,-1.7623584,-1.8723584,-2.9223585,-4.222358,-4.6623583,-4.7123585,-5.032358,-4.722358,-5.0523586,-4.1723585,-2.9623585,-3.0723584,-3.4723585,-3.6723585,-4.012358,-1.6023583,-2.8623583,-3.1723585,-1.3323584,-1.0423584,-2.3523583,-2.3223584,-1.5423584,-1.7223583,-1.2723584,0.1676416,0.9476416,2.0376415,1.3476416,3.9376416,2.9876416
0.7076416,-0.8323584,0.8176416,-0.022358399,-0.4423584,0.9076416,0.9576416,0.7476416,-1.9823585,-2.2023585,-2.1123583,-2.6423583,-3.3423584,-3.3623583,-3.1123583,-3.4723585,-3.0523584,-3.6923585,-3.8623583,-3.7823584,-2.7923584,0.9876416,-0.82235837,-1.3423584,-0.2023584,0.0076416014,-1.6323584,-1.4623584,-2.4923584,-3.3523583,-4.7023582,-4.5423584,-5.722358,-5.6223583,-4.1423583,-3.3423584,-2.8523583,-2.6923585,-3.5723584,-5.6923585,-4.8323584,-3.6423583,-1.0323584,-2.9723585,-3.1023583,2.9276416,-0.82235837,-1.4923584,-0.2523584,-1.2523584,-0.5123584,-0.7523584,-0.6623584,-0.3823584,-1.2123584,-0.2423584,1.7376416,2.7576416
-2.3623583,-1.5223584,-2.6023583,-1.2223583,-0.3023584,-0.8123584,-0.8823584,-1.5423584,1.0376416,-1.0223584,-2.3223584,-2.8323584,-4.012358,-3.6523583,-3.9723585,-2.7723584,-2.1423583,-2.4923584,-3.4023583,-2.6823585,-2.1123583,-1.6223584,-1.5323584,-0.9423584,-2.0323584,-0.9123584,-0.43235838,1.3576416,0.1676416,-2.0523584,-3.6223583,-4.532358,-5.0523586,-5.8123584,-4.4423585,-5.1223583,-4.0223584,-2.0523584,-2.5023584,-5.3623586,-4.9623585,-4.4423585,-6.1623583,1.0476416,10.497642,7.467642,-2.5023584,-4.1923585,-3.3823583,-0.6523584,-1.1423584,-1.6223584,-1.5723584,-1.5123584,-5.3623586,-2.5123584,-0.7923584,1.4376416
-2.7923584,-2.4023583,-1.2623584,-4.1223583,-1.8223584,-0.5823584,-0.2323584,0.8776416,-0.3223584,-1.4223584,-2.1523583,-2.6923585,-3.6123583,-3.3723583,-4.0823584,-3.0823584,-2.5623584,-2.0523584,-0.8123584,-1.8723584,-2.3323584,-2.9923584,-1.7223583,-2.3423584,-0.1623584,-1.1423584,1.5676416,1.4876416,-0.5923584,-1.3123584,-2.7323585,-2.9723585,-2.3323584,-2.5223584,-2.0623584,-3.0023584,-0.6623584,-3.0923584,-2.3223584,-3.0323584,2.4276416,7.737642,0.5376416,3.2776415,5.1676416,2.2476416,1.5676416,2.5276415,2.8476417,-0.4923584,-2.2123585,-2.5023584,-2.0023584,-2.8823583,-3.4623585,-3.3323584,-1.9423584,-1.7023584
-2.0323584,-2.5723584,-2.2223585,-1.4723583,-1.4323584,-1.0823584,-1.5823584,0.6576416,-2.0423584,-0.7623584,-1.0023584,-3.4723585,-1.8823584,-2.6723585,-4.5723586,-3.1123583,-3.1823585,-2.9323585,-2.3223584,-2.6423583,-3.1323583,-3.1423583,-2.4823585,-3.4623585,-3.3423584,-2.2423584,3.0676415,1.1876416,-0.8623584,-1.2623584,0.5276416,-0.5223584,0.7376416,-1.0523584,-2.1923585,-0.7423584,-0.3523584,-0.3123584,-2.8623583,1.6676416,1.3976417,3.0076416,2.1276417,1.9176416,3.0776415,2.7876415,2.5276415,2.1776416,1.3076416,1.2676415,-0.1323584,-1.8923584,-1.2723584,-2.1623583,-3.6723585,-3.6623583,-5.4223585,-4.472358
-0.82235837,-2.2123585,-2.0223584,-0.8923584,-1.7523584,-1.2823584,-1.3623585,-3.0023584,-4.3623586,-3.2223585,-1.7623584,0.2276416,-0.9023584,-2.3323584,-3.0823584,-5.3923583,-3.6823585,-2.4523585,-2.2523584,-2.1823585,-2.5823584,-2.7523584,-2.2923584,-3.8823583,-4.0623584,-3.1023583,0.9676416,0.2376416,-1.9323584,-0.8323584,0.1876416,1.1576416,0.6876416,1.6776416,0.3076416,1.0776416,1.0576416,0.6376416,1.7876416,1.4376416,1.0776416,1.2776417,1.3076416,2.7876415,2.7176416,2.6276417,3.2976415,1.6376415,0.8076416,1.0576416,0.2876416,-2.0023584,-1.5523584,-1.0423584,-1.1323584,-1.3623585,2.1676416,-3.4423585
-0.3923584,-1.3623585,-0.3523584,-0.8123584,-2.2823584,-2.3423584,-1.1723584,-3.2223585,-1.4023584,-1.4523584,-1.2223583,-1.2823584,-0.2423584,-2.0523584,-2.9223585,-3.3823583,-2.3523583,-2.3423584,-2.8523583,-2.9223585,-2.7223585,-2.9523585,-3.0823584,-3.5323584,-3.2123585,-2.6923585,-0.1823584,-1.4323584,0.2176416,1.4076416,1.8176416,-0.8823584,-0.7023584,0.6876416,1.1676416,1.0576416,0.6476416,1.4376416,0.8676416,0.3476416,0.5276416,1.5976416,1.9076416,1.8776416,1.4176416,2.9976416,3.3176415,2.1276417,1.7476416,1.3876415,0.4376416,-0.1523584,-0.4423584,-1.5223584,-2.4123583,-2.0423584,-1.8323584,-3.0423584
-1.2023584,-0.1623584,-0.7823584,0.1676416,-0.2823584,-1.5323584,-1.8823584,-3.7023585,-4.2323585,-0.062358398,0.5976416,-1.6423584,-1.6823584,1.3176416,-0.3123584,-2.7423584,-2.5623584,-2.2523584,-2.3423584,-3.0823584,-2.9623585,-3.7023585,-3.1823585,-3.1023583,-1.9923584,-0.5023584,0.3476416,0.0476416,0.7476416,1.0076416,0.3876416,0.6976416,0.8276416,1.7976416,1.9776416,3.4676416,2.2776415,2.1876416,1.9176416,2.2576416,2.4076416,2.8676417,3.3376417,1.8876415,-0.032358397,1.2376416,3.2076416,2.9976416,2.6176417,2.1876416,2.1076417,1.2276416,0.3376416,-1.1723584,-2.1023583,-2.5123584,-3.6023583,-3.4323585
0.2376416,-0.3423584,-0.9423584,-0.012358398,-1.5823584,-4.3823586,-3.2523584,-3.4023583,-4.2523584,-3.6023583,-1.3323584,-1.4923584,-5.0523586,0.8776416,3.3076415,-0.5523584,-1.6423584,-2.6423583,-3.2123585,-2.7923584,-2.3523583,-2.7423584,-2.9023583,-2.2723584,-1.5723584,-0.2423584,1.3676416,1.9576416,0.13764161,1.0476416,1.9876416,2.0876417,3.3176415,2.5176415,3.0376415,3.9376416,4.257642,2.2676415,1.9976416,2.3976417,2.8776417,3.3276415,3.5076416,2.2576416,0.2576416,1.2276416,2.1376417,3.1576416,3.7676415,3.4376416,2.8976417,1.9876416,1.3576416,-0.032358397,-1.5023584,-2.1123583,-3.6623583,-4.5423584
2.1276417,1.4976416,-2.3923583,-3.1023583,-3.7623584,1.1376415,-2.7523584,-3.3323584,-3.9823585,-4.0823584,-2.9523585,-5.6623583,-2.5423584,-3.2123585,-6.3623586,-1.4523584,-2.5623584,-0.5123584,-1.6523584,-2.6023583,-2.9823585,-2.3823583,-1.6923584,-1.4923584,-1.2323585,-0.6623584,0.1876416,0.67764163,0.8176416,1.6576416,2.6076417,3.4976416,4.1776414,3.9176416,4.0576415,3.8876417,4.3276415,3.6476417,3.2476416,3.0976417,2.2876415,2.6176417,2.8576417,0.6476416,-0.8923584,1.6976416,2.8076415,3.1576416,3.8576417,3.3176415,2.5076416,2.0776415,1.5676416,0.5476416,-0.43235838,-1.3923584,-2.4423585,-3.0623584
0.4776416,-1.2923584,-2.6723585,-2.4223585,-3.2623584,-2.1423583,-3.8123584,-2.6023583,-4.3023586,-4.3723583,-4.8423586,-2.5223584,-3.5623584,-7.262358,-8.152358,-1.8723584,-4.5023584,-2.2223585,-6.2923584,-2.3023584,-2.0423584,-2.0323584,-1.1523584,-1.6823584,-1.1323584,-1.7023584,-1.5123584,0.9676416,2.3076415,2.8376417,2.8476417,3.5976417,3.8176415,4.0476418,4.3676414,4.5976415,4.737642,4.2276416,2.6076417,3.3076415,3.0476415,2.3176415,3.1276417,0.1676416,-0.6023584,1.6176416,2.4976416,3.3976417,3.7276416,3.0576415,2.2076416,1.6376415,0.6376416,-0.5823584,-1.3723584,-1.7423584,-2.5923584,-3.2823584
-1.4923584,-1.5623584,-1.2723584,-1.6823584,-2.7123585,-3.3823583,-2.4123583,-3.7223585,-2.6323583,-1.4923584,-1.3023584,-4.5723586,-4.7923584,-6.0423584,-4.0623584,-2.9323585,-0.43235838,-2.0123584,-2.1323583,-1.2523584,-2.9323585,-2.9923584,-3.0923584,-1.1023583,1.2376416,0.3876416,1.0176415,1.9476416,4.277642,3.1176417,1.9076416,3.1876416,3.5876417,3.3176415,3.3076415,4.1076417,4.1476417,4.3076415,3.6576416,3.3576417,2.2576416,2.0276415,1.3176416,0.5976416,0.7276416,1.6076416,2.2776415,2.9076416,3.9976416,3.3576417,3.0576415,2.6476417,1.6876416,0.1476416,-0.9423584,-2.2723584,-2.1223583,-1.7623584
-3.9023583,-3.3823583,-4.032358,-2.7223585,-2.9023583,-2.3523583,-1.8123584,-2.5723584,-4.9423585,-5.9323583,-2.5323584,-2.7023585,-2.9323585,-2.5223584,-3.0723584,-3.2723584,-2.4223585,-1.0323584,-1.5123584,-2.0523584,-0.8123584,-1.2723584,-0.022358399,1.1076416,0.7076416,0.5876416,0.1276416,5.8976417,6.6576414,6.0576415,0.8576416,2.6176417,2.4176416,3.4476416,3.4676416,4.3076415,3.9876416,3.5076416,3.7376416,3.6076417,2.6176417,1.4276416,0.5676416,0.6476416,-0.3723584,0.6976416,1.6476417,3.0976417,3.6376417,3.0176415,2.7576416,1.8276416,1.1876416,-0.062358398,-1.2823584,-1.5723584,-2.0223584,-2.4123583
-2.2523584,-5.3223586,-2.8123584,-4.8123584,-3.2623584,-2.4323585,-4.1223583,-3.6123583,-4.1523585,-5.2723584,-3.3823583,-3.8623583,-3.5923584,-1.2723584,-1.3823584,-1.8223584,-0.3823584,-0.57235837,-2.3123584,-2.7623584,-5.1023583,-2.8223584,-2.5223584,0.5376416,2.5676415,2.1376417,6.007642,7.1876416,4.5676417,6.0376415,6.9176416,6.7976418,4.6376414,3.3676417,4.6576414,3.9876416,3.7076416,3.0976417,2.4376416,2.1876416,2.0876417,1.2176416,-0.57235837,-1.2423584,-0.4523584,-0.8523584,1.1576416,2.4076416,2.7976415,2.1776416,1.9476416,1.5376416,-0.012358398,-0.9323584,-1.8423584,-1.2423584,-0.5423584,-1.1623584
-4.1723585,-5.2923584,-5.1623583,-4.6523585,-2.7223585,-4.7923584,-2.9423585,-3.5123584,-3.6623583,-4.2123585,-3.6723585,0.2176416,-2.7923584,-3.6723585,-2.7623584,-2.2523584,-0.2923584,-1.4023584,0.4776416,-1.9423584,0.31764162,-3.0623584,-0.9623584,-0.1023584,0.4076416,-1.6923584,3.0776415,1.5876416,3.6876416,5.4376416,7.1076417,8.847642,5.8076415,0.1876416,6.8876414,4.6076417,3.7376416,3.4476416,3.3576417,2.0176415,1.4276416,1.0276417,-1.1623584,-2.6423583,-2.9623585,-1.7023584,-0.8023584,0.9076416,1.8876415,2.0176415,1.5876416,1.2576416,0.0976416,-0.7023584,-0.8423584,-1.1423584,-0.5823584,-0.3423584
-3.6423583,-0.6723584,-5.0823584,-3.6523583,-4.6523585,-5.3223586,-2.4523585,-2.0323584,-2.4123583,-0.6623584,-2.3823583,-2.5123584,-2.8623583,-1.8423584,-1.0323584,-1.1423584,0.2576416,-0.8323584,-1.1723584,-0.8823584,-0.5823584,-1.1723584,-1.3823584,3.3876417,3.5876417,2.3976417,5.487642,4.2676415,2.4276416,6.1276417,7.0476418,6.4476414,7.257642,5.4776416,7.5376415,5.2476416,5.1176414,4.0576415,2.8076415,2.1176417,1.5076416,0.6576416,-2.6923585,-2.9423585,-3.1723585,-3.1423583,-2.2423584,-0.2023584,0.6676416,1.0676416,0.3576416,1.3476416,0.8476416,0.8076416,0.6876416,0.3676416,-0.1523584,0.8476416
0.3776416,-2.0123584,-1.8523583,-0.8523584,-3.3323584,-3.4323585,-2.3523583,-3.0523584,-3.6023583,-3.1823585,-2.1323583,-2.8023584,0.6876416,0.9576416,-0.5323584,-0.2623584,-2.8323584,1.3576416,1.6876416,0.4876416,-1.3323584,-4.222358,-0.2623584,1.0476416,6.8876414,7.9576416,4.3776417,8.787642,6.8676414,1.7676415,-0.1223584,-5.282358,1.4976416,3.0776415,3.6776416,5.7076416,5.0876417,4.3576417,2.9476416,2.0276415,1.2976416,-0.4623584,-2.3623583,-3.7223585,-5.1223583,-4.9523582,-3.1723585,-1.9023584,-0.4923584,0.9376416,0.5176416,1.1076416,1.3276416,1.0776416,0.3876416,0.3476416,0.4376416,0.7476416
-0.4923584,1.2876416,1.4576416,-0.7423584,-3.8223584,-2.6023583,-3.3623583,-0.3723584,-3.3823583,-1.6923584,-1.1523584,-1.3023584,-2.6223583,-1.1623584,-0.3223584,-0.2823584,-0.7923584,0.5276416,-0.022358399,0.6276416,2.9676416,-0.8523584,1.9276416,1.2276416,3.9376416,0.67764163,-0.7023584,2.3976417,-0.2223584,4.3876414,0.6476416,-3.4123583,-0.3123584,6.467642,5.4776416,4.1776414,3.6676416,3.2076416,3.5776415,3.0376415,2.6776416,0.9176416,-1.5723584,-4.472358,-5.7923584,-5.9023585,-4.8523583,-2.9123583,-0.8123584,1.0676416,1.1576416,1.2676415,0.6876416,0.087641604,-0.1023584,0.24764161,0.3976416,0.5476416
-0.2023584,0.0476416,0.5176416,-2.5123584,-1.9823585,-4.512358,-4.5823584,-5.1123586,-2.6623583,-2.1323583,-4.1223583,-5.7723584,-2.2823584,-2.7323585,-1.8623585,0.5076416,-0.2223584,-3.3623583,-0.5923584,-0.0523584,-3.3323584,-1.0523584,0.5976416,0.1276416,1.8976417,0.1476416,4.6976414,5.027642,4.217642,1.5576416,2.3676417,0.5676416,1.8776416,3.8976417,4.6076417,3.3076415,2.7976415,3.7476416,3.7876415,3.4776416,2.8476417,1.5576416,-0.8423584,-4.0923586,-7.262358,-7.0423584,-4.9523582,-2.8723583,-0.8523584,1.2976416,2.4676416,1.7876416,1.4576416,0.8476416,-0.8423584,-0.7923584,-0.6423584,-0.6623584
-0.1123584,0.13764161,-0.1523584,-0.6223584,-1.1323584,-1.5023584,-4.4523582,-3.5623584,-2.3323584,-4.1623583,-5.1223583,-0.6723584,-4.2323585,-3.6823585,-1.3123584,-2.8523583,-0.012358398,1.2576416,-1.1623584,-2.5823584,-3.3423584,1.9376416,0.9776416,-0.9623584,1.7976416,4.1976414,2.4576416,7.2076416,-0.9123584,4.1076417,3.9276416,5.967642,3.5576415,3.7276416,3.0076416,1.8176416,2.1276417,3.0976417,4.1876416,3.5476415,3.4776416,2.7076416,-0.012358398,-4.5623584,-8.132359,-8.082358,-5.262358,-3.5823584,-1.9423584,1.2076416,2.6676416,2.6876416,2.1276417,1.5276417,0.13764161,-0.6623584,-1.1323584,-0.5823584
-1.8923584,-1.1123585,-1.4123584,-0.7223584,-1.8223584,-1.8823584,-1.5223584,-5.3223586,-2.8723583,-2.6123583,-2.2723584,-4.8323584,-2.9923584,-3.7523584,-4.6323586,-1.5623584,-4.4423585,-3.2523584,-5.3123584,-1.4123584,0.1276416,-1.3423584,0.1876416,1.0676416,-1.1423584,2.5076416,4.4476414,1.2576416,3.7476416,7.6176414,4.7076416,3.8476417,2.8076415,2.3676417,1.9176416,1.1076416,1.4376416,2.6376417,2.6676416,3.5776415,3.3376417,4.1076417,1.0676416,-4.4623585,-6.5723586,-8.052359,-6.1123586,-3.6023583,-0.9923584,1.5676416,2.3476417,3.2376416,1.8476416,0.6876416,-0.022358399,-1.0723584,-1.6723584,-2.1223583
-1.5323584,-2.1623583,-3.5523584,-2.6523583,-1.6723584,-5.0823584,-5.722358,-3.7723584,-2.1723585,-5.6423583,-4.4023585,-4.9123583,-6.3123584,-6.5923586,-6.8223586,-4.9423585,-4.5723586,-1.1723584,-1.6323584,-0.4623584,4.717642,1.7976416,1.3676416,-0.7523584,1.9376416,2.3276415,-0.5323584,1.6876416,4.9476414,10.797642,4.2476416,0.6276416,1.6676416,2.0276415,1.0876416,0.9476416,2.2076416,1.3676416,1.7476416,2.2676415,2.9276416,2.8676417,0.3776416,-2.1023583,-4.722358,-5.5423584,-4.7023582,-1.3723584,0.8076416,2.4176416,2.4576416,2.6976416,1.5876416,-0.1223584,-0.7523584,-1.2023584,-1.5423584,-2.0323584
-1.8223584,-2.1123583,-2.9823585,-3.2123585,-1.4523584,-0.8723584,-6.242358,-6.992358,-4.6623583,-6.6323586,-7.222358,-2.8923583,-5.1523585,-7.3223586,-2.8823583,-4.8623586,-4.9523582,-3.8023584,0.4776416,4.8776417,4.3176417,-0.2423584,0.3976416,3.7076416,0.5676416,6.8776417,1.3376416,3.1976416,6.6476417,7.6076417,4.3976417,1.2876416,0.3776416,1.5176415,1.2676415,1.0676416,1.9576416,2.1676416,2.0476415,1.4676416,1.5076416,1.5176415,0.2776416,-1.4023584,-2.5323584,-3.2623584,-2.4323585,-1.1323584,1.0976416,1.8676416,2.3776417,2.2376416,1.5376416,0.1976416,-0.9323584,-1.6323584,-0.5823584,-0.2823584
