public/data/weather/current/current-wind-isobaric-500hPa-gfs-1.0.json
{"header": { "discipline":0, "disciplineName":"Meteorological products", "gribEdition":2, "gribLength":77715, "center":7, "centerName":"US National Weather Service - NCEP(WMC)", "subcenter":0, "refTime":"2019-10-05T00:00:00.000Z", "significanceOfRT":1, "significanceOfRTName":"Start of forecast", "productStatus":0, "productStatusName":"Operational products", "productType":1, "productTypeName":"Forecast products", "productDefinitionTemplate":0, "productDefinitionTemplateName":"Analysis/forecast at horizontal level/layer at a point in time", "parameterCategory":2, "parameterCategoryName":"Momentum", "parameterNumber":2, "parameterNumberName":"U-component_of_wind", "parameterUnit":"m.s-1", "genProcessType":2, "genProcessTypeName":"Forecast", "forecastTime":0, "surface1Type":100, "surface1TypeName":"Isobaric surface", "surface1Value":50000.0, "surface2Type":255, "surface2TypeName":"Missing", "surface2Value":0.0, "gridDefinitionTemplate":0, "gridDefinitionTemplateName":"Latitude_Longitude", "numberPoints":65160, "shape":6, "shapeName":"Earth spherical with radius of 6,371,229.0 m", "gridUnits":"degrees", "resolution":48, "winds":"true", "scanMode":0, "nx":360, "ny":181, "basicAngle":0, "lo1":0.0, "la1":90.0, "lo2":359.0, "la2":-90.0, "dx":1.0, "dy":1.0 }, "data":
[rows 78 to 103 of 181, columns 116 to 173 of 360]
2.5745533,1.5245532,2.1145532,3.2745533,4.434553,2.7345533,0.6145532,0.48455322,0.3045532,0.3345532,0.64455324,-0.16544677,-2.6654468,-4.655447,-6.565447,-6.4554467,-5.795447,-5.195447,-4.2254467,-3.2654467,-3.7254467,-4.0954466,-4.4754467,-2.525447,-0.60544676,0.07455322,2.2345533,1.3245533,-0.42544678,-0.36544678,-0.33544677,-0.8354468,0.31455323,-0.045446776,0.8045532,-0.015446777,0.42455322,0.10455322,-1.2654468,-0.67544675,-1.0454468,0.094553225,0.8545532,-0.055446777,-0.24544677,-2.8054469,-0.39544678,-0.17544678,-3.3554468,-2.8254468,-4.065447,-5.005447,-7.3454466,-6.875447,-6.465447,-7.6854467,-8.015447,-8.385447
1.9845532,1.9845532,2.8145533,1.8345532,2.3045533,0.65455323,0.37455323,1.1445532,0.16455323,0.40455323,0.57455325,-0.27544677,-1.3054467,-3.2354467,-3.9554467,-4.5354466,-4.875447,-4.0154467,-2.6554468,-2.1754467,-3.0754468,-5.715447,-2.5054467,-0.66544676,0.6845532,0.65455323,1.7245532,-1.1354468,-1.1054468,-1.2054467,-1.0154468,-1.3354468,-0.9454468,-0.045446776,0.41455323,0.6645532,0.15455322,0.21455322,0.5445532,1.1645532,2.2645533,1.8245533,-0.12544678,1.2345532,-1.6054468,-2.7654467,-3.9654467,-3.2054467,-2.1154468,-1.0354468,-3.8754468,-5.1654468,-7.3254466,-7.0354466,-6.295447,-6.6854467,-7.6854467,-7.7054467
2.8945532,2.3045533,1.8945532,2.1345532,0.19455323,0.014553223,-0.035446778,-0.6154468,-0.48544678,0.14455323,-0.5654468,-0.91544676,-1.7154468,-1.1854467,-1.4254467,-2.2454467,-0.5754468,-1.1954467,-1.8154467,-0.84544677,0.9745532,-0.06544678,-0.7454468,-0.54544675,-0.66544676,-1.9554467,-1.7554468,-2.2654467,-1.7554468,-2.2954469,-1.7054467,-1.5154468,-1.6154468,-2.0754468,-0.73544675,-0.66544676,-0.6954468,0.6145532,-0.4454468,0.40455323,0.41455323,1.9645532,2.3145533,2.0145533,3.7345533,1.5345532,-1.4754468,-2.1554468,-0.91544676,-2.4154468,-4.1854467,-5.215447,-6.425447,-6.715447,-6.8054466,-6.795447,-6.6654468,-7.1154466
1.1645532,0.034553222,0.4945532,0.47455323,-0.26544678,0.20455322,-0.7754468,0.054553222,0.034553222,-1.8854468,-2.3154469,-1.3954468,-1.4554467,-0.53544676,1.0245532,1.7545532,2.1045532,0.6845532,-0.24544677,1.0545533,-0.015446777,-1.1154468,-1.3454468,-2.1254468,-1.6154468,-2.1354468,-2.2154467,-3.7454467,-3.1554468,-3.0654469,-2.7054467,-1.4154468,-3.1354468,-3.9854467,-2.6154468,-1.5154468,-1.3154467,-1.8954468,-1.3354468,0.054553222,0.11455322,0.9345532,4.604553,3.2545533,1.8945532,3.5045533,2.2445533,-0.025446778,-0.7454468,-1.2254468,-4.985447,-5.8454466,-7.145447,-6.2454467,-6.9354467,-6.645447,-7.3454466,-7.2854466
0.024553223,-2.4654467,-1.5154468,-0.39544678,-0.2554468,0.6845532,-0.10544678,0.10455322,-1.9354467,-1.7954468,-1.9454467,-3.2454467,-2.3654468,-1.2954468,-0.17544678,1.3545532,0.9745532,0.3345532,-1.3354468,0.28455323,-1.8454468,-1.5054468,-1.5154468,-3.4754467,-1.8854468,-2.1354468,-1.5254468,-3.8954468,-2.6254468,-3.3554468,-2.5054467,-2.5854468,-3.8454468,-5.125447,-5.1154466,-4.0154467,-3.6454468,-2.6654468,-2.1254468,-1.0254468,-0.49544677,2.0145533,2.4045532,3.6245532,2.3245533,-1.2354468,2.5045533,2.1545532,1.6845533,-1.0854468,-2.6454468,-5.065447,-6.715447,-7.405447,-7.3254466,-8.635447,-7.7054467,-5.255447
-2.1854467,-1.4954468,-1.2854468,-1.0854468,-1.6854467,-0.79544675,-1.1254468,-0.90544677,-3.2954469,-2.7654467,-2.8854468,-2.8154469,-1.6654468,-1.0854468,-0.8354468,-0.39544678,-0.4454468,-2.0054467,-0.67544675,-0.37544677,-1.9854468,-1.6454468,-2.3454468,0.26455322,0.22455323,-0.7054468,-2.0154467,-3.3554468,-4.755447,-4.8654466,-3.1054468,-3.6854467,-3.8054469,-3.7154467,-5.005447,-5.295447,-5.695447,-4.3254466,-3.9254467,-1.9154468,-0.43544677,-0.8654468,0.95455325,2.4545531,1.7645532,1.5945532,1.7845532,1.6145532,-0.8754468,-3.7154467,-0.4754468,-1.5254468,-3.9954467,-7.355447,-8.755446,-8.255446,-6.465447,-3.6454468
-4.0754466,-2.5054467,-2.2454467,-2.1454468,-2.3554468,-1.9454467,-4.425447,-3.1554468,-2.1454468,-3.4254467,-3.3754468,-2.8054469,-2.0954468,-2.035447,-1.7554468,-1.6554468,-2.2654467,-2.4354467,-0.17544678,-1.9454467,-2.7354467,-1.9754468,-1.6954467,0.43455324,-0.73544675,0.5445532,-2.3754468,-3.0154467,-4.125447,-4.005447,-4.505447,-4.5354466,-3.4854467,-5.425447,-5.895447,-6.145447,-5.7454467,-5.695447,-6.235447,-3.1554468,-2.5454469,-1.5954468,0.51455325,1.1245532,2.9045532,2.7945533,2.3345532,2.2645533,0.9145532,-0.06544678,-4.3254466,-1.0054468,-4.605447,-3.8754468,-6.905447,-7.3454466,-9.165447,2.6445532
-5.275447,-3.4154468,-2.2954469,-3.0054467,-4.2854466,-4.2254467,-5.315447,-3.7154467,-4.4754467,-4.025447,-3.8054469,-3.2954469,-2.1554468,-2.6354468,-2.9754467,-2.3654468,-2.4954467,-2.285447,-2.4154468,-3.1654468,-2.9654467,-3.1454468,-2.2354467,-1.7454468,-1.0954468,-0.8154468,-3.3154469,-4.355447,-4.815447,-5.375447,-5.625447,-5.625447,-4.175447,-5.5754466,-5.945447,-5.6154466,-5.6354465,-5.525447,-5.125447,-5.425447,-3.4454467,-2.6454468,1.1345532,-0.9554468,0.10455322,0.26455322,1.6445532,6.5845532,1.7045532,-0.6454468,2.1245532,2.8845532,-6.6154466,-3.1454468,-6.155447,-8.825447,-0.67544675,-8.975447
-4.795447,-5.275447,-2.8254468,-3.9154468,-4.125447,-4.2854466,-4.795447,-3.9654467,-3.4354467,-3.4154468,-2.1554468,-2.8154469,-2.6854467,-2.9554467,-2.8954468,-4.105447,-2.7154467,-3.4054468,-2.7554467,-2.7654467,-2.3454468,-1.3054467,-2.7354467,-2.2454467,-2.4654467,-3.0454469,-2.9954467,-4.105447,-4.7854466,-4.9554467,-5.6354465,-5.7654467,-4.6154466,-4.5154467,-5.505447,-5.545447,-7.485447,-6.3654466,-5.465447,-5.485447,-4.215447,-4.0954466,-1.9354467,-2.9554467,-0.5754468,1.1445532,0.44455323,-0.6254468,-1.3154467,-2.0954468,-3.3654468,-2.3954468,-1.3254467,-2.5754468,2.8845532,3.3445532,3.0245533,-0.27544677
-5.945447,-4.6154466,-4.545447,-4.7054467,-3.7354467,-4.905447,-4.005447,-3.9254467,-2.1354468,-1.6154468,-1.6854467,-2.1454468,-1.9854468,-1.4254467,-2.9354467,-3.3554468,-3.9254467,-4.0154467,-2.9554467,-1.7054467,-1.7354468,-3.0554469,-2.7254467,-2.6154468,-3.025447,-3.8254468,-3.8554468,-4.0154467,-3.9654467,-5.0754466,-5.085447,-5.3254466,-4.925447,-3.3954468,-2.1554468,-6.715447,-7.3254466,-6.3854465,-7.1654468,-6.1354465,-5.4554467,-6.4554467,-5.275447,-4.505447,-1.5854468,-0.7654468,-1.6854467,-3.6354468,-5.775447,-7.4954467,-6.0954466,-2.7054467,-3.8554468,-3.0554469,-5.625447,-6.625447,-3.1154468,-0.48544678
-6.1854467,-5.7454467,-6.155447,-5.0954466,-4.235447,-4.775447,-4.105447,-3.9054468,-2.8754468,-2.7354467,-2.9954467,-1.9954468,-1.9954468,-2.4654467,-3.1554468,-3.8354468,-3.8954468,-3.3754468,-2.4954467,-2.7554467,-4.175447,-3.8454468,-3.0154467,-3.7454467,-4.175447,-3.8754468,-5.1154466,-4.445447,-3.2954469,-4.425447,-5.235447,-4.9554467,-4.1654468,-3.285447,-3.0754468,-3.8354468,-8.555447,-9.205447,-8.185447,-7.395447,-6.235447,-5.9954467,-5.8854465,-5.905447,-4.2654467,-3.285447,-3.1354468,-3.4454467,-4.795447,-4.145447,-3.0054467,-6.065447,-5.215447,-5.3254466,-5.9954467,-6.1854467,-7.485447,-6.585447
-7.4354467,-6.4754467,-6.7854466,-5.0954466,-4.315447,-4.965447,-4.675447,-4.7854466,-3.785447,-2.8954468,-2.4254467,-2.4554467,-2.9254467,-2.6654468,-3.4454467,-4.0154467,-3.9054468,-3.8254468,-2.8754468,-3.1354468,-3.2154467,-3.6754467,-3.2354467,-3.9754467,-3.3654468,-5.1854467,-3.8654468,-4.4154468,-3.4554467,-4.505447,-4.445447,-4.445447,-3.5654469,-3.035447,-1.9454467,-1.6554468,-2.5554469,-7.6354465,-8.945447,-7.4954467,-7.315447,-6.3854465,-5.235447,-4.715447,-5.0354466,-5.1154466,-4.945447,-4.775447,-4.5354466,-4.4354467,-4.965447,-3.4754467,-7.255447,-7.6354465,-6.2654467,-6.6854467,-8.105447,-7.1354465
-6.7854466,-6.965447,-7.7454467,-5.2254467,-5.3254466,-5.5354466,-4.0154467,-4.6854467,-3.6954467,-3.785447,-3.4354467,-2.8954468,-3.0554469,-3.7954469,-3.8954468,-4.465447,-4.065447,-3.785447,-3.275447,-3.0754468,-2.2354467,-3.8054469,-2.2454467,-1.7554468,-4.0554466,-4.695447,-3.7154467,-5.2054467,-4.0554466,-4.945447,-3.9454467,-4.105447,-3.9154468,-2.9554467,-3.525447,-3.8854468,-7.1354465,-6.605447,-7.8454466,-7.675447,-6.925447,-6.0154467,-5.8854465,-5.715447,-5.4754467,-6.125447,-6.7854466,-6.1854467,-6.655447,-6.0754466,-8.655447,-8.455447,-8.205447,-8.435447,-8.385447,-9.725447,-8.275447,-9.515447
-5.9354467,-6.545447,-5.815447,-5.655447,-5.675447,-5.655447,-4.4554467,-4.275447,-3.4654467,-4.4754467,-4.085447,-3.0654469,-3.5454469,-4.255447,-3.3654468,-3.035447,-3.4054468,-4.315447,-5.0154467,-3.3754468,-2.3254468,-0.085446775,-2.525447,-2.5954468,-3.4454467,-6.085447,-5.545447,-3.4154468,-5.1854467,-3.535447,-3.7254467,-3.7954469,-4.585447,-3.7154467,-4.105447,-4.395447,-6.755447,-5.0954466,-6.1654468,-6.5554466,-6.1354465,-5.4554467,-5.7854466,-5.295447,-5.9554467,-6.375447,-7.005447,-7.8454466,-8.855447,-9.405447,-8.875446,-8.935447,-8.645447,-9.595447,-10.805447,-9.795446,-10.395447,-10.4254465
-6.2654467,-6.3254466,-6.235447,-5.335447,-6.465447,-5.6654468,-3.8854468,-3.9654467,-3.4354467,-4.485447,-4.7254467,-4.6654468,-4.175447,-2.8354468,-3.1654468,-3.5554469,-3.3954468,-4.1354465,-5.335447,-4.3654466,-3.2054467,-3.2954469,-1.8554468,-4.3854465,-3.6454468,-5.1354465,-5.5554466,-4.585447,-4.6654468,-3.4354467,-2.8754468,-2.5554469,-4.215447,-4.5354466,-4.105447,-4.7254467,-5.065447,-5.295447,-5.525447,-5.7254467,-6.105447,-6.355447,-6.0754466,-5.335447,-5.4554467,-6.675447,-6.3054466,-7.275447,-8.815447,-8.545446,-8.405447,-9.495447,-10.195447,-11.265447,-11.235447,-10.615447,-10.055447,-11.585446
-6.155447,-5.795447,-5.985447,-4.155447,-5.5554466,-5.1854467,-4.735447,-4.3854465,-3.8654468,-3.8854468,-4.2654467,-3.9254467,-3.7154467,-2.3554468,-2.6554468,-2.1654468,-3.0454469,-4.195447,-5.4154468,-5.565447,-5.7654467,-3.8354468,-5.7654467,-7.0154467,-7.735447,-6.2054467,-5.2254467,-5.4954467,-5.2254467,-4.4754467,-1.1454468,-4.815447,-4.1154466,-2.5554469,-4.085447,-4.875447,-4.855447,-4.7854466,-4.4554467,-4.3054466,-5.5954466,-5.085447,-4.8054466,-4.425447,-5.2254467,-5.605447,-6.125447,-7.7454467,-8.315447,-9.595447,-11.315447,-11.825447,-11.845447,-11.845447,-12.885447,-12.075447,-11.545446,-10.595447
-5.655447,-5.505447,-4.8854465,-4.2054467,-4.085447,-4.005447,-5.4954467,-6.895447,-3.3954468,-3.7154467,-3.2654467,-5.6354465,-4.275447,-2.5554469,-1.9754468,-2.4054468,-2.8954468,-3.2254467,-5.945447,-4.3654466,-3.6354468,-4.1654468,-4.215447,-3.525447,-5.625447,-3.8954468,-5.5354466,-6.4154468,-6.775447,-6.235447,-5.105447,-4.895447,-5.1654468,-2.9454467,-2.9754467,-3.8354468,-4.2654467,-4.605447,-3.3854468,-3.0554469,-3.2154467,-3.8154469,-4.5354466,-3.5154467,-3.6354468,-4.945447,-6.145447,-8.955447,-9.905447,-11.265447,-12.275447,-12.475447,-12.615447,-13.495447,-14.555447,-13.245447,-12.9254465,-14.195447
-5.6354465,-5.4954467,-3.7054467,-4.065447,-4.2654467,-4.2054467,-3.6554468,-4.755447,-3.3354468,-3.3754468,-2.4954467,-2.6854467,-2.6054468,-1.2554468,-1.1054468,-2.2554467,-2.6754467,-3.3054469,-5.875447,-4.905447,-5.235447,-4.395447,-5.025447,-4.9954467,-4.895447,-3.1154468,-6.7854466,-3.1554468,-5.3654466,-5.1854467,-5.8254466,-2.1054468,-5.605447,-5.0554466,-3.535447,-3.5854468,-3.3654468,-3.8354468,-1.9454467,-1.9854468,-2.8654468,-3.4754467,-3.8354468,-3.5854468,-3.9454467,-5.3854465,-7.375447,-9.945447,-10.655447,-10.715446,-11.485447,-11.695447,-12.255446,-13.955447,-14.785447,-14.715446,-15.045446,-15.505446
-4.715447,-3.3654468,-3.9554467,-3.1454468,-3.6454468,-2.7554467,-1.7854468,-1.9954468,-3.0754468,-2.8954468,-1.2254468,-1.9454467,-1.6354468,-0.8254468,0.06455322,-0.92544675,-2.3754468,-2.5054467,-4.695447,-5.3254466,-4.2454467,-2.9754467,-3.7254467,-4.3654466,-4.295447,-6.905447,-8.035447,-8.855447,-5.775447,-3.6754467,-2.1354468,-7.9954467,-6.7454467,-4.4954467,-2.7054467,-1.9954468,-2.1554468,-2.6854467,-2.4354467,-2.525447,-2.2354467,-4.1354465,-3.9354467,-4.295447,-5.815447,-5.6654468,-7.3254466,-8.495447,-10.065447,-10.745447,-10.605447,-10.335446,-11.865447,-11.385447,-12.555447,-11.965446,-12.6754465,-13.625446
-3.8054469,-2.9654467,-2.6054468,-1.4954468,-1.2354468,-1.1454468,-0.6254468,-0.26544678,-0.59544677,-0.8754468,0.34455323,0.3945532,-0.22544678,0.77455324,-0.10544678,-0.13544677,-0.7454468,-1.9754468,-2.6054468,-3.1454468,-3.3354468,-3.785447,-3.7054467,-2.4154468,-4.0554466,-5.0354466,-6.395447,-6.0954466,-5.155447,-6.1154466,-5.8654466,-8.895447,-4.5154467,-4.145447,-1.0154468,-1.3654468,-1.5254468,-1.3754468,-2.4054468,-2.6154468,-2.775447,-4.6654468,-3.5054467,-4.3454466,-5.335447,-6.8454466,-6.675447,-7.3054466,-8.415447,-9.945447,-9.345447,-9.805447,-8.795446,-9.365447,-10.875446,-9.255446,-11.075447,-11.825447
-3.4254467,-2.5154467,0.17455322,-0.17544678,0.34455323,0.23455322,0.32455322,0.89455324,1.3745532,1.2645532,3.1045532,3.2445533,2.5545533,0.71455324,-0.12544678,0.57455325,-0.97544676,-1.0454468,-1.7454468,-3.035447,-4.375447,-3.3854468,-2.3954468,-2.6254468,-2.025447,-3.9554467,-5.255447,-4.895447,-5.625447,-7.775447,-7.895447,-6.545447,-6.195447,-5.5154467,-3.3254468,0.76455325,-0.46544677,-0.24544677,1.0045532,-3.7054467,-2.1054468,-2.2954469,-2.4754467,-3.5554469,-6.9354467,-6.7454467,-6.7654467,-6.085447,-6.8654466,-7.835447,-8.385447,-8.465446,-7.405447,-8.9254465,-8.1754465,-7.7654467,-8.905447,-8.845447
-1.5054468,-0.5054468,0.19455323,1.4145532,1.1345532,1.4445533,1.7545532,1.9645532,3.6345532,3.5745533,4.0845532,4.0245533,3.1145532,2.0345533,0.8045532,1.9545532,-0.025446778,-2.4354467,-1.2554468,-0.6254468,-2.6954467,-2.2554467,-3.6254468,-4.2654467,-4.125447,-2.9554467,-2.6854467,-3.5154467,-4.9154468,-4.4954467,-6.2854466,-5.7454467,-5.4754467,-6.3054466,-5.0554466,-1.4054468,2.224553,1.7845532,0.31455323,1.6345532,0.42455322,-1.3354468,-1.7054467,-1.7754468,-3.2454467,-3.5854468,-4.195447,-4.355447,-4.945447,-5.275447,-6.4354467,-6.1154466,-6.895447,-7.445447,-6.6854467,-6.005447,-6.275447,-6.445447
-1.1954467,-0.42544678,0.9845532,1.6045532,2.8945532,2.7045531,2.4345531,2.6045532,3.7345533,4.974553,5.184553,3.8545532,2.7945533,3.3345532,3.0245533,2.8345532,1.4345533,-0.40544677,-3.4654467,-2.6354468,-2.5554469,-1.5954468,-2.6254468,-3.0554469,-3.0954468,-2.775447,-1.0254468,-2.0454469,-1.8654468,-4.2254467,-5.235447,-6.0954466,-7.905447,-5.8454466,-3.8754468,-3.6754467,0.78455323,-1.7554468,-0.59544677,-3.5954468,-0.8054468,-1.6254468,-2.4854467,-0.54544675,-1.5254468,-0.54544675,-2.1754467,-2.0754468,-2.4754467,-3.1154468,-4.675447,-4.7054467,-4.7454467,-4.315447,-3.7554467,-4.3054466,-4.395447,-4.355447
-3.0654469,-2.9454467,-2.9554467,-1.8654468,-1.6354468,-1.4554467,-0.4454468,0.8045532,1.1945533,3.724553,4.3345532,4.224553,3.7945533,2.6345532,3.2945533,2.3845532,0.4945532,0.8645532,-3.3754468,-4.395447,-2.2054467,-2.1054468,-2.0954468,-1.7254468,-2.5054467,-2.3254468,-1.1154468,-0.85544676,-0.09544678,-0.12544678,-2.9254467,-4.7254467,-6.025447,-6.315447,-5.8654466,-3.9054468,-2.9854467,-1.6454468,-4.1654468,-3.1054468,0.15455322,0.15455322,0.34455323,-0.115446776,-0.7454468,-0.10544678,0.07455322,-0.8154468,-1.4054468,-1.7954468,-0.4754468,-1.6754467,-1.2554468,-0.8354468,-0.6854468,-1.8254467,-1.4654468,-3.0754468
-4.675447,-5.0554466,-5.815447,-4.6354465,-3.4154468,-2.7254467,-0.73544675,-0.22544678,-0.07544678,0.83455324,1.2545532,0.8745532,0.96455324,1.4845532,2.1345532,-0.5854468,-0.7654468,-1.8654468,-3.3854468,-2.9254467,-1.3654468,-1.5854468,-1.3254467,-0.31544676,-1.9754468,-0.53544676,-1.1454468,-1.1754467,-1.0354468,0.8145532,-0.21544677,-1.1354468,-2.3054469,-3.6554468,-4.295447,-3.285447,-1.6454468,-1.6154468,-1.9854468,0.32455322,0.2745532,0.8845532,0.65455323,0.34455323,1.6845533,3.1345532,1.9245533,0.9245532,2.1245532,0.34455323,0.51455325,0.90455323,1.8545532,1.6145532,2.2345533,4.4445534,-0.33544677,-1.7354468
-4.795447,-4.695447,-5.155447,-5.9954467,-7.425447,-5.945447,-5.5954466,-6.925447,-5.9754467,-3.8554468,-2.4254467,-1.6554468,-2.6454468,-1.1554468,-0.60544676,-1.6654468,-3.8054469,-2.4454467,-3.5854468,-2.3754468,-0.67544675,-1.6654468,-2.025447,-1.4754468,-0.71544677,0.26455322,0.29455322,-0.14544678,-0.27544677,0.77455324,1.2045532,2.1445532,1.1345532,-0.97544676,-5.565447,-1.7054467,-1.2654468,-1.3754468,-0.5254468,0.7445532,2.7845533,4.3845534,3.1945531,4.434553,3.5345533,2.974553,4.4245534,4.104553,2.7645533,2.6445532,1.1945533,2.0345533,1.7745532,3.0345533,3.0645533,3.7445533,3.3545532,-2.0054467
