public/data/weather/current/current-wind-isobaric-700hPa-gfs-1.0.json
{"header": { "discipline":0, "disciplineName":"Meteorological products", "gribEdition":2, "gribLength":78117, "center":7, "centerName":"US National Weather Service - NCEP(WMC)", "subcenter":0, "refTime":"2019-10-05T00:00:00.000Z", "significanceOfRT":1, "significanceOfRTName":"Start of forecast", "productStatus":0, "productStatusName":"Operational products", "productType":1, "productTypeName":"Forecast products", "productDefinitionTemplate":0, "productDefinitionTemplateName":"Analysis/forecast at horizontal level/layer at a point in time", "parameterCategory":2, "parameterCategoryName":"Momentum", "parameterNumber":2, "parameterNumberName":"U-component_of_wind", "parameterUnit":"m.s-1", "genProcessType":2, "genProcessTypeName":"Forecast", "forecastTime":0, "surface1Type":100, "surface1TypeName":"Isobaric surface", "surface1Value":70000.0, "surface2Type":255, "surface2TypeName":"Missing", "surface2Value":0.0, "gridDefinitionTemplate":0, "gridDefinitionTemplateName":"Latitude_Longitude", "numberPoints":65160, "shape":6, "shapeName":"Earth spherical with radius of 6,371,229.0 m", "gridUnits":"degrees", "resolution":48, "winds":"true", "scanMode":0, "nx":360, "ny":181, "basicAngle":0, "lo1":0.0, "la1":90.0, "lo2":359.0, "la2":-90.0, "dx":1.0, "dy":1.0 }, "data":
[rows 100 to 124 of 181, columns 232 to 289 of 360]
-5.5776563,-6.8576565,-6.407656,-6.6876564,-7.837656,-6.2276564,-6.3276563,-6.5976562,-7.2876563,-8.807656,-9.347656,-10.197657,-11.427656,-10.267656,-10.537656,-9.747656,-9.007656,-8.807656,-8.947657,-9.087656,-9.047656,-8.877656,-8.797656,-8.347656,-7.757656,-7.277656,-6.8576565,-6.5176563,-6.2476563,-4.677656,-2.2176561,-0.20765625,-1.6176562,-1.9776562,-1.8476562,-1.5476563,-1.2976563,-1.4176563,-1.5176562,-1.4976562,-0.82765627,-0.38765624,-0.25765625,0.12234375,0.5623438,1.2323438,0.91234374,1.1023438,0.65234375,-0.13765626,-1.8276563,1.4123437,-1.7876563,3.0223436,3.4123437,2.5723438,2.5423439,2.8523438
-5.237656,-6.1876564,-6.6876564,-6.2676563,-6.6276565,-7.717656,-6.447656,-5.867656,-6.8776565,-7.927656,-8.917656,-9.327656,-9.727656,-11.387656,-10.637656,-10.877656,-9.807656,-9.3176565,-9.497656,-9.407657,-10.117657,-10.267656,-10.087656,-8.997656,-8.337656,-7.7676563,-6.9976563,-6.0176563,-6.007656,-5.9176564,-6.067656,-5.3276563,-3.5576563,-1.9476563,-0.92765623,-0.06765625,0.36234376,0.78234375,0.89234376,0.76234376,1.0523437,1.3623438,1.8123437,2.2723436,2.6323438,3.4323437,3.3323438,2.5523438,1.8823438,1.8523438,-0.22765625,0.25234374,-1.6776563,1.0923438,3.0723438,4.2523437,3.6723437,3.7123437
-4.467656,-5.3276563,-6.117656,-5.8476562,-6.567656,-6.967656,-6.8576565,-6.737656,-6.6276565,-7.1676564,-8.127656,-8.677656,-8.417656,-9.3576565,-10.227656,-10.487657,-10.207656,-9.577656,-8.987657,-8.167656,-8.997656,-9.597656,-9.397656,-8.5676565,-8.237657,-7.677656,-7.1876564,-6.7676563,-6.527656,-6.4176564,-5.967656,-5.0976562,-4.1676564,-3.2276564,-2.1276562,-0.98765624,-0.37765625,-0.03765625,0.49234375,0.98234373,2.1523438,3.3423438,3.5723438,3.5623438,3.8923438,4.052344,4.4623437,4.5223436,3.7123437,2.9523437,1.3423438,-0.40765625,1.6423438,-2.4576561,1.4323437,2.8423438,5.112344,5.282344
-2.3176563,-3.7276564,-4.717656,-5.337656,-5.587656,-5.9376564,-6.297656,-6.3576565,-6.987656,-6.4376564,-6.3576565,-7.9776564,-7.337656,-8.007656,-8.987657,-10.1076565,-10.457656,-9.327656,-8.527657,-8.047656,-7.317656,-8.047656,-8.117657,-8.327656,-7.637656,-7.467656,-6.4576564,-5.7876563,-6.047656,-5.8576565,-5.8476562,-5.407656,-4.6676564,-3.8576562,-3.0576563,-2.2276564,-1.3576562,-0.61765623,0.07234375,0.9423438,1.6123438,2.4323437,3.4323437,4.262344,5.302344,5.722344,5.6723437,5.3123436,4.162344,2.8523438,3.1923437,1.6023438,-0.11765625,1.3723438,-1.7176563,-0.77765626,1.5923438,2.5623438
-1.4476563,-1.3176563,-2.5576563,-3.5776563,-4.4976563,-5.237656,-5.427656,-5.387656,-5.4376564,-5.7676563,-5.337656,-5.9176564,-6.2276564,-6.317656,-7.277656,-8.287656,-9.167656,-8.977656,-8.147656,-7.177656,-6.757656,-7.047656,-7.817656,-7.887656,-7.0376563,-7.087656,-7.197656,-7.657656,-7.797656,-8.077656,-7.8276563,-7.367656,-6.8276563,-6.1076565,-5.217656,-4.3276563,-3.4276562,-2.6076562,-1.5076562,-0.61765623,0.28234375,1.5323437,2.6023438,4.0223436,4.7123437,5.592344,6.3323436,7.2123437,7.1423435,4.9223437,4.612344,4.2723436,3.5323439,-0.16765624,1.4423437,-1.1676563,-0.39765626,-0.28765625
-0.00765625,0.41234374,-0.7476562,-1.3876562,-2.4776564,-3.9976563,-3.8576562,-4.1076565,-4.1276565,-5.1276565,-4.527656,-4.6676564,-4.447656,-5.3276563,-5.4376564,-6.2276564,-6.717656,-6.8076563,-6.8076563,-6.337656,-6.2876563,-6.8976564,-8.177656,-8.947657,-9.547656,-9.477656,-9.147656,-9.237657,-9.617657,-9.537656,-8.987657,-7.9376564,-6.927656,-6.2476563,-5.907656,-5.087656,-3.9276562,-3.8776562,-3.7876563,-3.3076563,-2.3176563,-0.92765623,0.6223438,1.8623438,3.2223437,4.302344,5.7723436,6.992344,7.742344,7.702344,6.8323436,5.932344,5.1723437,3.6423438,1.1223438,1.3223437,3.5823438,2.4023438
-1.0876563,-0.05765625,0.6923438,0.20234375,0.40234375,-0.89765626,-2.2076561,-2.9676561,-2.6376562,-2.3876562,-2.5376563,-3.4376562,-3.7776563,-3.8876562,-3.5276563,-3.6976562,-4.257656,-4.4376564,-5.027656,-5.527656,-6.5976562,-7.3476562,-8.557656,-9.547656,-10.147656,-10.787656,-10.367657,-10.3176565,-9.897656,-9.287656,-8.937656,-8.657657,-9.237657,-8.197657,-6.6876564,-5.9976563,-5.337656,-4.8476562,-4.4776564,-4.407656,-3.5176563,-2.4876564,-1.5676563,-0.6876562,0.6223438,1.5523437,3.0023437,4.282344,6.202344,7.6423435,8.472343,8.742344,8.052343,6.1223435,4.9023438,-1.0476563,-0.9476563,3.5923438
0.16234376,-0.01765625,0.36234376,1.1423438,1.3423438,1.1823437,0.95234376,-0.6976563,-2.1476562,-1.6776563,-1.0176562,-1.6976563,-1.8876562,-2.7776563,-3.2776563,-3.6476562,-4.3576565,-4.2276564,-3.6376562,-4.587656,-6.0176563,-7.6676564,-8.697657,-9.227656,-10.547656,-10.537656,-10.637656,-10.637656,-10.0676565,-9.037656,-8.517656,-8.967656,-9.337656,-9.057656,-7.7276564,-8.077656,-8.247656,-8.017656,-7.047656,-6.047656,-5.617656,-4.387656,-3.2776563,-1.7676562,-0.37765625,0.89234376,1.2123437,1.1323438,3.1023438,4.7723436,6.4023438,8.472343,10.722343,10.002344,7.9423437,4.282344,3.9423437,0.76234376
3.7423437,2.1523438,2.4523437,1.5023438,2.4423437,2.4523437,2.3323438,2.4723437,0.85234374,-1.0976562,-0.43765625,0.25234374,-0.8076562,-0.85765624,-1.8876562,-3.6076562,-2.7576563,-3.2376564,-3.7476563,-4.4176564,-5.6076565,-6.8576565,-7.777656,-8.907657,-9.437656,-9.797656,-9.907657,-9.747656,-9.397656,-9.1076565,-9.577656,-9.547656,-9.637656,-9.697657,-8.637656,-8.687656,-10.297656,-10.017656,-9.277657,-9.057656,-9.157657,-8.397656,-7.4376564,-5.8776565,-4.987656,-3.7876563,-1.7676562,0.14234374,0.43234375,1.3223437,4.9023438,7.282344,8.6823435,11.1823435,11.322344,8.112344,4.722344,2.6723437
8.382343,6.8123436,4.4823437,3.7323437,3.1823437,2.3723438,2.8423438,3.0523438,2.7323437,2.0123436,-0.00765625,0.85234374,1.2623438,0.59234375,0.04234375,-1.9076562,-2.0276563,-2.2176561,-3.1376562,-4.0176563,-4.567656,-6.2076564,-6.467656,-7.067656,-7.887656,-8.387656,-8.797656,-8.487657,-8.5676565,-8.827656,-8.717656,-9.387656,-9.737657,-9.587656,-9.747656,-11.727656,-12.287656,-11.837656,-10.887656,-10.3176565,-9.547656,-8.667656,-7.867656,-6.737656,-5.717656,-5.2076564,-5.0976562,-3.8376563,-2.0776563,-1.0176562,1.1623437,5.1723437,7.3723435,9.022344,9.882343,9.632343,7.132344,5.0423436
10.752344,9.972343,9.312344,10.6823435,4.8923435,4.1423435,2.4223437,2.8323438,3.9723437,3.4823437,3.1423438,1.2323438,1.7123437,1.6423438,1.7823437,0.44234374,-0.65765625,-1.0576563,-2.5476563,-3.8876562,-3.6876562,-5.387656,-5.637656,-5.427656,-6.637656,-7.257656,-7.4776564,-8.017656,-7.9976563,-7.6476564,-8.3576565,-8.737657,-9.8176565,-10.467656,-11.457656,-12.6076565,-12.827656,-11.967656,-10.247656,-9.3576565,-8.627656,-9.187656,-8.037656,-7.007656,-5.7276564,-4.297656,-3.4176562,-3.3776562,-3.1076562,-2.0276563,0.77234375,3.3123438,5.5023437,6.882344,7.7123437,7.822344,6.7723436,5.452344
9.382343,10.092343,10.442344,10.022344,11.302343,8.652344,5.1723437,4.1023436,5.5823436,4.302344,2.7523437,3.6623437,2.0923438,2.8223438,2.7023437,3.1423438,1.2423438,-0.11765625,-1.9576563,-3.1576562,-3.0776563,-3.7476563,-5.1876564,-6.3576565,-6.7676563,-6.677656,-6.7476563,-7.157656,-7.2876563,-7.2876563,-8.287656,-9.667656,-10.047656,-10.477656,-12.0676565,-12.117657,-12.087656,-11.197657,-9.257656,-9.117657,-9.727656,-9.687656,-9.207656,-8.187656,-6.117656,-4.3476562,-3.2676563,-3.2476563,-2.8376563,-2.4876564,-1.2976563,1.9323437,5.7723436,6.5223436,7.7323437,8.242344,6.9823437,6.0223436
7.9023438,8.402344,7.682344,7.4823437,8.6823435,10.792344,11.6823435,8.592343,5.0223436,5.822344,5.092344,4.032344,4.3123436,3.2723436,2.8823438,4.262344,3.8423438,1.7223438,-0.84765625,-0.83765626,-1.4376563,-3.0676563,-4.5776563,-5.7276564,-6.6876564,-6.427656,-5.8076563,-5.757656,-6.1476564,-6.4776564,-7.9576564,-8.6076565,-9.637656,-9.827656,-11.137656,-11.747656,-10.597656,-9.957656,-9.937656,-9.947657,-10.507656,-10.527657,-9.517656,-8.277657,-7.027656,-5.567656,-4.2876563,-2.4876564,-2.3376563,-2.1176562,-1.1276562,-0.9376562,2.8023438,5.5023437,6.742344,6.842344,6.3523436,6.5023437
6.5223436,6.492344,7.992344,7.5423436,8.302343,8.772344,11.162344,11.672344,9.792344,5.4823437,5.612344,5.2523437,5.862344,5.4223437,4.1023436,4.742344,4.5223436,4.3923435,2.7123437,0.10234375,0.26234376,-0.73765624,-2.8176563,-4.737656,-5.047656,-4.5776563,-4.7876563,-4.547656,-4.3476562,-6.1276565,-6.617656,-8.517656,-9.487657,-9.207656,-9.887656,-10.447657,-9.1076565,-9.987657,-10.397656,-10.667656,-10.657657,-10.787656,-9.237657,-7.697656,-7.2076564,-5.8476562,-4.367656,-2.3576562,-0.7576563,-0.28765625,0.02234375,0.64234376,1.9723438,3.8023438,5.632344,7.1023436,7.572344,6.3323436
6.762344,6.822344,7.0623436,6.2923436,7.3723435,7.862344,7.5623436,9.922344,11.302343,11.742344,10.702344,8.1823435,7.9423437,6.8123436,6.412344,4.592344,6.112344,5.592344,4.9423437,2.9923437,1.7623438,0.71234375,0.35234374,-1.4776562,-3.1476562,-3.1776562,-3.3876562,-3.6876562,-3.4776564,-5.4576564,-6.3076563,-7.277656,-8.047656,-8.037656,-8.527657,-8.787656,-8.777657,-10.227656,-10.157657,-9.537656,-9.377656,-9.137656,-8.557656,-7.3776565,-6.8976564,-4.7476563,-3.9876564,-2.0776563,-0.65765625,1.1423438,0.6823437,1.4223437,1.5923438,2.4723437,3.9023438,5.4623437,5.9823437,5.432344
5.6723437,6.552344,7.222344,7.162344,7.0023437,8.6423435,9.162344,9.042344,10.772344,13.372344,13.832344,15.062344,8.262343,7.4823437,7.552344,6.4823437,5.3523436,6.742344,5.8923435,5.182344,3.6523438,3.2623436,1.8223437,1.3223437,0.5523437,-1.5376563,-2.6476562,-3.8476562,-3.0276563,-4.157656,-4.7676563,-6.177656,-6.757656,-6.587656,-6.617656,-7.0976562,-8.517656,-8.367657,-8.557656,-8.577656,-7.5776563,-7.567656,-7.3776565,-7.237656,-6.367656,-4.7876563,-3.2076561,-1.3276563,-0.90765625,1.0323437,1.6123438,2.0523438,2.6323438,2.4523437,1.8323437,3.7123437,5.0623436,3.6823437
4.4423437,5.512344,6.2523437,6.7723436,7.802344,8.112344,7.722344,9.602344,11.192344,11.492344,14.312344,18.992344,17.252344,7.452344,8.862344,8.772344,6.722344,6.2923436,8.3923435,6.572344,5.9223437,4.8523436,4.4423437,3.3623438,3.1623437,1.4523437,-0.57765627,-2.0376563,-1.9176563,-2.5676563,-2.7176561,-4.197656,-5.4576564,-5.117656,-4.777656,-5.257656,-6.3476562,-6.5776563,-6.5976562,-6.8476562,-7.117656,-6.817656,-6.4376564,-6.0976562,-5.797656,-4.617656,-3.4276562,-1.7776562,-0.9476563,0.09234375,0.34234375,0.7523438,0.60234374,1.5923438,2.7123437,2.2123437,3.4123437,3.5923438
5.2123437,5.362344,6.1423435,7.5223436,8.662344,9.912344,9.622344,9.652344,10.702344,12.652344,12.792344,15.8923435,18.982344,20.272345,9.772344,8.082344,7.1723437,5.972344,6.802344,8.832344,7.432344,7.342344,5.842344,5.5823436,4.2323437,3.1923437,1.7623438,0.17234375,0.00234375,-0.05765625,-1.7776562,-2.6476562,-3.8476562,-4.257656,-3.9576561,-4.3976564,-4.157656,-4.5976562,-4.867656,-4.9976563,-5.217656,-5.3476562,-4.717656,-4.5176563,-4.237656,-3.9276562,-3.3176563,-2.6576562,-0.9976562,-0.61765623,0.5623438,1.1123438,1.0323437,1.8123437,3.0723438,2.9523437,2.3623438,3.6723437
5.932344,7.262344,8.172344,8.802343,9.372344,10.632343,11.362344,12.042344,11.532344,12.902344,14.1423435,15.922344,16.922344,19.352345,19.322344,21.352345,7.932344,10.262343,6.5823436,7.1723437,8.942344,8.382343,8.632343,6.722344,6.0223436,4.952344,3.4323437,2.4923437,1.0423437,1.6823437,0.01234375,-0.86765623,-1.2776562,-2.4476562,-3.6076562,-3.0276563,-3.0776563,-2.9176562,-3.4576561,-4.5176563,-3.3076563,-2.5876563,-3.3176563,-2.7376564,-2.6676562,-3.0376563,-3.4776564,-2.4176562,-0.9376562,-0.10765625,0.43234375,1.5423437,1.8523438,2.1123438,2.5423439,3.1723437,0.65234375,1.1523438
6.6523438,7.952344,8.732344,9.992344,11.042344,11.372344,11.382343,12.792344,13.902344,13.322344,13.772344,15.692344,17.532343,18.292343,18.632343,19.902344,18.462343,21.552343,12.372344,10.002344,8.342343,9.712344,8.992344,9.282344,7.6023436,6.882344,5.1423435,4.092344,2.2623436,1.9823438,1.5723437,0.77234375,1.0223438,0.41234374,-0.42765626,-0.90765625,-0.89765626,-0.60765624,-1.8676562,-2.5376563,-2.8276563,-2.2276564,-1.0476563,-1.6676563,-2.0976562,-2.1276562,-1.9276563,-2.0876563,-1.3376563,-0.5576562,0.35234374,1.0223438,1.7523438,1.6123438,1.9623437,2.5823438,0.7423437,0.8723438
6.1423435,7.742344,8.872344,9.502344,10.052343,10.852344,10.912344,12.072344,13.192344,14.382343,13.852344,13.982344,15.262343,18.312344,19.052343,15.312344,15.152344,10.872344,22.312344,14.372344,12.092343,10.912344,9.612344,9.952344,9.422344,8.482344,7.0023437,4.7323437,4.552344,3.6623437,3.5423439,2.7423437,2.3623438,2.7723436,2.4223437,1.7523438,1.4823438,1.3423438,-0.23765625,-0.12765625,-1.1976563,-1.5276562,-2.3376563,-0.60765624,-0.47765625,-0.16765624,-0.46765625,-0.37765625,-0.51765627,0.19234376,0.65234375,1.2423438,1.3123437,1.6823437,2.4523437,2.1323438,1.1323438,1.4823438
5.0623436,5.7323437,5.932344,6.1523438,8.062344,9.162344,10.272344,10.662344,11.122344,12.692344,12.942344,13.792344,13.692344,15.8923435,17.482344,19.592344,15.8923435,14.882343,14.722343,21.492344,15.512343,12.952344,11.912344,11.402344,11.772344,10.972343,9.092343,8.082344,6.9223437,6.092344,5.632344,4.3723435,2.9223437,3.0223436,3.5323439,4.262344,3.0223436,3.2323437,1.0423437,0.10234375,-0.9376562,0.44234374,-0.07765625,-0.59765625,0.8123438,1.6823437,1.8623438,1.9323437,1.8423438,1.2623438,1.9723438,2.1023438,1.4023438,0.96234375,1.7023437,1.4223437,0.57234377,0.72234374
3.9023438,4.452344,4.912344,5.382344,6.612344,6.2523437,7.6923437,8.572344,10.422344,10.622344,10.512343,11.782344,12.532344,14.502344,15.3923435,17.012344,18.312344,16.802343,17.922344,19.132343,19.492344,14.362344,14.372344,14.602344,12.482344,12.952344,13.132343,10.492344,9.4323435,8.262343,8.012343,6.282344,4.912344,4.992344,5.532344,5.032344,6.472344,7.0423436,5.722344,3.1523438,3.2423437,3.0623438,3.3823438,3.9323437,3.7423437,3.7123437,5.282344,4.4023438,4.182344,3.5723438,2.8223438,2.3923438,2.2623436,1.0623437,0.53234375,1.1223438,0.29234374,0.15234375
1.9023438,2.3523438,2.4823437,2.6123438,2.5223436,4.322344,6.3123436,7.6723437,8.372344,9.582344,10.522344,10.852344,11.732344,12.382343,14.352344,14.872344,16.222343,17.062344,18.192345,20.462343,17.952343,15.6823435,19.342344,16.312344,15.562344,14.162344,15.042344,14.602344,12.532344,11.262343,9.972343,9.072344,8.482344,7.5223436,7.052344,8.302343,8.002344,8.322344,6.472344,5.972344,6.5623436,7.612344,8.402344,7.9623437,7.1223435,7.612344,8.112344,7.1523438,6.112344,5.112344,4.1523438,3.5623438,3.0623438,1.6223438,0.71234375,0.70234376,0.10234375,2.6723437
0.72234374,0.26234376,1.3423438,1.5223438,1.0723437,1.8723438,3.4723437,5.912344,7.742344,9.162344,10.042344,10.492344,11.4323435,11.442344,13.332344,14.152344,15.902344,16.762344,16.602345,17.422344,18.912344,24.072344,16.332344,20.462343,19.752344,17.862343,15.992344,15.862344,16.012344,14.1423435,13.192344,11.622344,11.1423435,10.882343,9.732344,9.962344,9.352344,9.672344,9.882343,8.302343,10.372344,10.782344,11.872344,12.422344,11.622344,12.382343,10.262343,11.412344,7.912344,8.022344,5.7923436,4.1023436,2.4723437,1.4023438,1.2523438,0.49234375,0.71234375,2.9223437
