public/data/weather/current/current-wind-isobaric-850hPa-gfs-1.0.json
{"header": { "discipline":0, "disciplineName":"Meteorological products", "gribEdition":2, "gribLength":80573, "center":7, "centerName":"US National Weather Service - NCEP(WMC)", "subcenter":0, "refTime":"2019-10-05T00:00:00.000Z", "significanceOfRT":1, "significanceOfRTName":"Start of forecast", "productStatus":0, "productStatusName":"Operational products", "productType":1, "productTypeName":"Forecast products", "productDefinitionTemplate":0, "productDefinitionTemplateName":"Analysis/forecast at horizontal level/layer at a point in time", "parameterCategory":2, "parameterCategoryName":"Momentum", "parameterNumber":3, "parameterNumberName":"V-component_of_wind", "parameterUnit":"m.s-1", "genProcessType":2, "genProcessTypeName":"Forecast", "forecastTime":0, "surface1Type":100, "surface1TypeName":"Isobaric surface", "surface1Value":85000.0, "surface2Type":255, "surface2TypeName":"Missing", "surface2Value":0.0, "gridDefinitionTemplate":0, "gridDefinitionTemplateName":"Latitude_Longitude", "numberPoints":65160, "shape":6, "shapeName":"Earth spherical with radius of 6,371,229.0 m", "gridUnits":"degrees", "resolution":48, "winds":"true", "scanMode":0, "nx":360, "ny":181, "basicAngle":0, "lo1":0.0, "la1":90.0, "lo2":359.0, "la2":-90.0, "dx":1.0, "dy":1.0 }, "data":
[rows 104 to 129 of 181, columns 58 to 115 of 360]
2.2102637,2.9902637,4.170264,3.1502638,3.1202636,1.5102637,0.5702637,0.5102637,0.49026367,1.3702637,1.6902636,0.6402637,0.07026367,0.5002637,0.80026364,0.10026367,0.36026368,0.85026366,1.3102636,-0.44973633,-3.5197363,-5.079736,-3.7097363,-4.4397364,-3.5697362,-2.8597364,-1.6697364,-1.4397364,-2.2397363,-2.1097364,-0.64973634,-0.94973636,0.5202637,0.40026367,-0.009736328,0.5602637,0.06026367,-0.58973634,0.45026368,0.48026368,-0.42973632,-1.9497364,-2.1997364,-1.6697364,-0.49973634,1.0202637,1.6802636,2.3102636,2.7202637,3.8102636,4.7202635,5.4602637,5.880264,6.050264,6.4102635,6.8102636,8.050263,6.780264
3.9902637,0.8902637,-0.039736327,1.1502637,2.0402637,0.40026367,1.1702636,2.636719E-4,1.7902637,2.6602638,4.0002637,1.7802637,2.3702636,-0.57973635,-0.16973633,1.0602636,0.25026366,0.020263672,0.12026367,-0.7397363,-3.5197363,-3.1297364,-3.9397364,-3.9097364,-3.6097364,-3.3697364,-2.6697364,-3.8997364,-4.0297365,-2.6397364,-1.6497363,-0.84973633,-0.9897363,-0.27973634,-0.6197363,-0.6797363,-0.8797363,-0.84973633,0.5602637,0.55026364,-0.5497363,-1.5497364,-1.4297364,-0.7997363,-0.64973634,2.636719E-4,1.3502637,2.7602637,3.4902637,3.7002637,4.7402635,5.5402637,6.2002635,6.7202635,6.4502635,6.4802637,5.7502637,7.820264
2.0502636,0.110263675,0.80026364,3.4602637,2.9502637,1.6402637,1.4002637,0.6202637,1.3302636,-0.16973633,-0.3697363,2.2802637,0.5602637,2.0402637,1.2802637,-0.38973632,0.09026367,-0.22973633,-1.5997363,-1.1197363,-1.8597363,-1.7697363,-3.3697364,-3.9097364,-3.7997363,-3.5297363,-4.3397365,-4.699736,-3.0597363,-3.5197363,-3.3997364,-3.0497363,-1.6997364,-1.4497364,-1.4797363,-0.83973634,0.030263672,0.5102637,0.31026366,-0.14973633,-0.5497363,-1.5297363,-1.6197363,-1.0197363,-0.6097363,0.59026366,1.1502637,2.4102638,3.6502638,3.9802637,4.7002635,5.5002637,5.9502635,6.4302635,6.9602637,6.2002635,4.5102634,3.8802636
0.7502637,1.4202636,1.5202637,0.5802637,0.86026365,1.8702637,2.2202637,1.3402637,0.22026367,1.3402637,-0.23973633,0.71026367,-0.16973633,0.13026367,2.3502636,0.36026368,0.36026368,-1.3197364,-1.6497363,-3.1297364,-2.2997363,-4.2597365,-3.3397362,-3.3397362,-3.9697363,-5.4197364,-3.8697364,-3.2897363,-1.0797364,-1.7997364,0.59026366,-0.9997363,-1.5097363,-1.7697363,-1.8497363,-2.3297362,-0.8697363,0.46026367,0.5102637,0.34026366,0.5802637,-0.82973635,-0.18973632,0.14026368,0.29026368,1.4702637,2.4402637,2.8402636,3.0302637,3.9402637,5.0002637,5.2202635,5.400264,5.7402635,5.8702636,5.7402635,5.4902635,3.0902636
-0.77973634,0.43026367,0.90026367,1.1402637,0.23026367,1.3902637,1.5702636,1.7702637,0.13026367,0.91026366,1.2502637,0.59026366,0.010263672,0.19026367,0.78026366,-0.48973632,-1.7297363,-1.0697364,-1.7297363,-2.3497362,-2.6097364,-2.2197363,-3.1197364,-4.5297365,-4.9997363,-3.5497363,-2.8897364,-2.2597363,-0.9797363,0.6402637,2.9402637,1.0702636,-0.57973635,0.14026368,-1.2397363,-2.0997362,-1.6097363,-0.29973632,-0.17973633,-1.2097363,-1.4497364,-1.1297363,-0.83973634,0.42026368,0.85026366,1.1202637,1.7502637,2.8402636,3.4702637,5.1802635,5.0802636,5.9302635,6.6602635,5.7702637,4.550264,2.9102638,3.2802637,4.1602635
-1.7897363,-0.84973633,1.1402637,2.6202636,2.6702638,2.8702636,2.5202637,2.6502638,1.9802637,1.4502636,1.4902637,1.5502636,1.4602637,1.3302636,0.020263672,0.110263675,0.010263672,-3.0797362,-2.6397364,-2.7597363,-4.349736,-3.6297364,-3.0197363,-4.0897365,-4.079736,-4.929736,-2.4997363,-1.1597363,0.40026367,2.1202636,3.3502636,0.39026368,-1.5297363,-2.7197363,-4.219736,-3.2497363,-2.7997363,-1.0897363,0.22026367,-1.2597363,-2.1097364,-2.3797364,-1.6397363,-0.44973633,0.010263672,1.1802636,2.1402636,3.7402637,4.320264,4.3702636,5.4102635,6.280264,5.9702635,6.360264,5.3902636,1.3702637,0.60026366,3.8202636
-0.039736327,-0.53973633,0.71026367,1.8502637,1.7702637,2.6502638,2.2802637,2.5802636,2.9402637,2.5802636,0.84026366,0.85026366,1.1602637,1.3202636,0.37026367,-1.3397363,-1.3997363,-2.3197362,-2.8997364,-3.0497363,-3.8597364,-3.6297364,-4.6297364,-3.1597364,-3.0197363,-2.3997364,-0.96973634,0.45026368,1.9002637,4.030264,1.9802637,-1.0097363,-2.4497364,-1.7597363,-2.9597363,-2.3497362,-2.1097364,-1.2597363,-0.69973636,0.6302637,-0.5097363,-1.2297363,-1.4897363,-1.6097363,-0.9397363,1.1702636,1.8102636,2.8602636,3.9302638,4.0002637,4.800264,5.6602635,5.7502637,5.920264,5.1602635,2.5302637,-0.8797363,1.3702637
-0.04973633,0.04026367,-0.32973632,0.9402637,1.8402637,3.1602638,2.8002636,2.2202637,1.6002637,1.6602637,2.1102636,0.7702637,1.5402637,0.49026367,0.8202637,-0.24973632,0.91026366,0.28026366,-0.5497363,-2.2397363,-3.7897363,-2.5297363,-3.2697363,-3.8197362,-4.0197363,-3.1797364,-1.1597363,0.020263672,1.4202636,-0.42973632,-1.4797363,-0.88973635,-1.9697363,-2.6797364,-2.6197364,-0.8097363,-0.5697363,-0.12973633,0.5802637,0.42026368,0.61026365,0.73026365,0.20026368,0.40026367,0.60026366,1.6302637,3.0502636,4.570264,5.3902636,5.900264,5.9302635,5.9602637,6.7202635,5.7502637,5.9502635,3.3602636,-1.1597363,-2.1797364
0.06026367,-0.38973632,0.21026367,0.07026367,0.72026366,2.4202638,2.8802636,2.8602636,3.1302636,2.1502638,1.4602637,0.46026367,0.07026367,0.72026366,0.59026366,1.0602636,-1.1497363,-0.7497363,-1.4297364,-1.7997364,-1.7497363,-1.5797364,-0.64973634,-0.33973634,1.1102637,-4.4397364,-4.0297365,-2.5097363,-2.0797362,-1.2097363,-2.9897363,-1.0597364,-3.3197362,-4.6897364,-1.7597363,-1.6497363,-0.8597363,0.66026366,0.17026368,0.48026368,1.3002636,1.7402637,1.7502637,1.2402637,1.2802637,2.5702636,4.130264,4.9502635,6.4902635,7.1902637,7.9302635,8.670263,8.860264,6.7702637,4.900264,3.4402637,2.6002636,-2.3097363
0.5602637,0.79026365,-0.71973634,0.32026368,0.14026368,1.5402637,1.7402637,1.9302636,2.1202636,2.3002636,0.55026364,-0.58973634,-0.009736328,-0.16973633,-1.0297363,0.54026365,2.636719E-4,2.5502636,-0.12973633,-0.9197363,-0.49973634,-2.4797363,-1.8697363,-0.8097363,-1.5797364,-0.07973633,2.2402637,-3.1997364,-4.4797363,-3.6797364,-2.6197364,-3.8497362,-3.5697362,-2.8697364,-2.0997362,-1.0797364,-1.4097363,-0.28973633,0.46026367,-0.14973633,0.80026364,0.54026365,1.8802637,2.4702637,3.1202636,4.880264,5.8502636,5.8702636,5.920264,5.9702635,5.630264,5.3902636,6.3102636,7.6602635,7.7302637,4.3302636,2.3102636,1.6002637
1.3202636,0.7502637,1.0402637,0.67026365,0.8202637,0.050263673,0.41026366,0.28026366,0.7002637,1.4302636,1.2902637,0.050263673,-0.6097363,-0.9197363,-3.3997364,-2.5997362,-1.3297364,0.06026367,-1.6797364,-0.19973633,1.6102637,-0.28973633,-1.9497364,-0.7397363,-2.7597363,-2.0997362,-1.5397363,-1.3797363,-2.0497363,-4.1297364,-2.0797362,-3.4697363,-4.0297365,-2.7097363,-2.2597363,-1.1597363,-1.2097363,-0.9797363,0.29026368,0.050263673,-0.14973633,0.16026367,0.7702637,2.0402637,2.9302638,4.110264,5.900264,6.860264,7.2002635,7.150264,6.9502635,4.1002636,5.070264,6.2902637,8.010263,6.7302637,5.360264,3.4902637
0.080263674,-0.18973632,0.84026366,1.3402637,1.6802636,0.6202637,-0.26973632,0.5802637,-0.78973633,0.15026367,0.8302637,1.3302636,0.42026368,-0.5097363,-2.4597363,-2.4197364,-2.4397364,-1.7197363,-0.96973634,-0.7297363,1.0202637,-0.95973635,-0.08973633,-2.3397362,-2.1597364,-2.7197363,-3.2797363,-2.9297364,-2.6497364,-2.3797364,-2.0897362,-0.52973634,-3.3397362,-3.5297363,-2.5297363,-2.7097363,-1.0997363,-0.94973636,-1.0597364,-0.25973633,-0.19973633,-0.14973633,0.79026365,1.8502637,3.1902637,4.070264,5.0202637,6.4802637,7.320264,7.2602634,6.6802635,6.5102634,5.7602634,7.030264,7.7102637,7.900264,7.2302637,6.360264
2.1802638,0.80026364,0.5202637,0.84026366,1.0202637,1.5902637,0.16026367,-2.0397363,-3.1297364,-0.33973634,0.6902637,1.0502636,-0.3697363,0.45026368,-1.5097363,-3.4597363,-2.9597363,-1.5397363,-1.3497363,-1.2697363,0.28026366,-0.6197363,-0.04973633,-1.4997363,-3.8897364,-2.8897364,-3.6597364,-3.2697363,-3.0697362,-3.4397364,-2.9997363,-2.4097364,-1.9597363,-1.1697364,-2.4297364,-0.9897363,-1.0897363,-0.88973635,-0.31973633,-0.30973634,-0.06973633,0.61026365,1.2902637,1.5102637,2.1802638,3.0302637,4.340264,4.9802637,6.070264,6.4502635,5.400264,5.2102637,6.4402637,7.9802637,8.270264,7.530264,7.7402635,7.2902637
2.1002636,-0.13973632,0.85026366,0.050263673,0.80026364,0.20026368,-2.5597363,-2.2697363,0.30026367,0.24026367,2.3202636,-0.9397363,-1.6497363,0.30026367,0.09026367,-3.0497363,-2.2897363,-1.6197363,-1.2297363,-0.04973633,1.7402637,2.7802637,-0.6197363,0.33026367,0.65026367,-1.2797363,-1.6797364,-2.3397362,-2.3497362,-1.8997363,-3.8697364,-3.3097363,-2.5997362,-1.0497364,-0.88973635,-1.1597363,-0.84973633,-0.45973632,-0.34973633,0.18026367,0.79026365,0.97026366,1.1802636,1.3802637,1.8802637,2.5502636,4.4702635,5.3702636,5.7602634,6.030264,5.400264,6.050264,6.0102634,7.0102634,7.5602636,8.160264,8.400264,7.1802635
-1.3497363,-0.58973634,-0.90973634,-2.2697363,-1.4897363,0.030263672,-1.0397363,-1.4897363,-0.08973633,1.1402637,0.39026368,0.23026367,-0.45973632,-1.9097363,-1.4797363,-2.1297364,-1.5097363,-2.7497363,-1.5397363,-0.24973632,1.1302637,-0.37973633,1.5702636,2.0002637,0.8902637,-0.6697363,-0.9297363,-0.94973636,-1.2497363,-2.6197364,-3.4797363,-2.9797363,-1.9597363,-2.3497362,-1.6497363,-1.8097364,-1.2597363,-0.9297363,-0.49973634,0.40026367,0.60026366,-0.25973633,0.23026367,0.8702637,1.5302637,2.2702637,3.4502637,4.8302636,6.0402637,5.6202636,4.8902636,5.2002635,4.3902636,5.610264,7.2602634,6.7202635,7.9902635,8.390264
-3.3697364,-2.0697362,-1.3797363,-0.8597363,0.06026367,0.8302637,1.7502637,1.8702637,3.2802637,5.320264,2.8502636,4.420264,5.670264,-1.1497363,-1.9297364,-1.5597364,-0.30973634,-0.82973635,-0.04973633,-0.63973635,-0.5497363,-0.49973634,0.66026366,2.3102636,2.6602638,2.7402637,1.4402636,1.5402637,-1.9197364,-1.7897363,-1.3897363,0.8302637,0.16026367,-1.1197363,-2.7797363,-1.8097364,-2.0397363,-1.3897363,-0.6697363,-0.43973634,-0.52973634,-0.07973633,0.5602637,1.3902637,2.4602637,3.2202637,4.3302636,4.880264,6.0202637,5.320264,3.7602637,3.5902636,4.1902637,5.570264,7.650264,7.880264,6.650264,8.100264
-2.9897363,-2.5697362,-1.5697364,-0.34973633,0.45026368,1.0802636,1.3902637,1.1902636,1.2702637,2.1302636,3.6902637,3.6502638,4.1202636,2.6802638,3.5102637,0.42026368,-1.2497363,-0.9397363,-0.49973634,0.15026367,0.49026367,0.010263672,-2.2397363,0.8802637,0.98026365,1.7902637,1.4102637,1.7502637,3.9502637,-0.3697363,0.020263672,2.1302636,-0.24973632,-1.8097364,-1.3897363,-1.5597364,-1.3697363,-2.2197363,-2.3897364,-2.1197364,-0.59973633,0.6902637,0.90026367,0.79026365,1.9502636,3.2802637,3.8602636,4.380264,5.3702636,5.820264,6.1402636,5.590264,4.8702636,5.280264,6.340264,9.260263,7.5002637,8.770264
-2.4597363,-2.0597363,-1.1997364,-0.5697363,0.19026367,0.7002637,1.0702636,1.1902636,1.1602637,1.2602637,2.3102636,3.0702636,4.3302636,1.7102637,1.0802636,2.5802636,2.2902637,0.17026368,-0.64973634,-0.29973632,-0.18973632,-1.1597363,-0.34973633,-2.1597364,-0.009736328,2.1502638,2.3902636,2.7102637,1.6302637,3.1202636,0.5802637,0.20026368,-0.71973634,-2.2197363,-0.48973632,0.6902637,0.45026368,-0.26973632,-2.1897364,-1.4397364,-1.2897363,-0.39973632,0.5202637,1.6202637,2.6802638,2.6602638,3.4702637,4.3502636,5.2202635,6.0402637,6.3902636,6.4902635,4.4502635,5.3902636,6.0002637,8.760263,9.630263,8.890264
-1.9697363,-1.5497364,-1.2097363,-0.47973633,-0.11973633,0.5002637,0.85026366,1.5202637,1.6702636,3.0702636,4.2502637,4.7402635,4.8702636,3.6902637,1.2002636,1.1502637,2.0502636,0.53026366,-1.2497363,0.17026368,-0.029736329,-1.7197363,0.98026365,0.010263672,1.6702636,2.4202638,3.6002636,2.5802636,1.1802636,0.36026368,0.48026368,0.8702637,-1.0197363,-1.9797363,-1.5097363,-0.099736325,0.92026365,-0.9197363,-2.0297363,-2.5197363,-2.4597363,-1.2097363,-0.019736327,0.22026367,1.1502637,2.4702637,3.5002637,4.1602635,5.860264,5.9302635,6.7402635,6.900264,7.130264,5.4302635,5.6202636,6.4402637,8.9302635,10.210263
-2.5197363,-1.6997364,-1.1297363,-0.42973632,0.6802637,1.6102637,1.8602637,2.5802636,3.1102636,3.1802638,3.0402637,3.7502637,4.8302636,4.1402636,4.3702636,2.9102638,0.6802637,1.3302636,0.71026367,-1.3197364,-0.47973633,0.72026366,1.4102637,4.6202636,4.3502636,4.5602636,5.320264,4.530264,2.7902637,-0.7597363,-2.9597363,-0.63973635,-4.639736,-4.5197363,-2.1697364,-0.06973633,0.79026365,0.13026367,-0.94973636,-1.9297364,-1.9597363,-1.7397363,-0.8097363,0.49026367,2.0402637,2.1702638,2.5702636,3.4202638,4.4602637,6.0802636,6.7702637,7.050264,7.590264,6.590264,7.0202637,6.4302635,8.660264,9.7202635
-1.9597363,-2.0397363,-1.8897363,-1.1997364,-0.27973634,1.2302637,1.4102637,2.5102637,3.1102636,3.5702636,4.030264,3.5202637,4.030264,4.9302635,3.7702637,3.6702638,3.4602637,3.2202637,2.9602637,2.4902637,2.6002636,2.5302637,2.5802636,3.7902637,4.3102636,3.8402636,4.2602634,5.6002636,6.2302637,2.9602637,-3.9597363,-5.5297365,-4.1497364,-4.679736,-3.3897364,-2.8497362,0.98026365,1.5002637,0.3802637,0.46026367,-0.3697363,-0.88973635,-0.57973635,0.44026366,1.6002637,2.3702636,2.8902636,2.9402637,3.4802637,4.800264,6.590264,6.650264,7.4402637,7.8702636,6.1902637,6.320264,8.400264,9.150264
-2.5297363,-1.6597363,-1.3797363,-1.2197363,-0.69973636,0.12026367,1.4302636,1.9702637,2.7602637,3.5902636,4.300264,4.7402635,4.8502636,4.9102635,5.3302636,4.8702636,5.2202635,5.570264,5.3302636,5.0202637,5.6002636,5.670264,5.7402635,6.5602636,6.1902637,6.9902635,7.840264,8.490264,10.040264,6.800264,-1.9197364,-8.559736,-5.3097363,-5.1697364,-4.8097363,-3.2097363,-2.2697363,-0.6297363,1.0602636,1.2602637,2.1202636,1.9802637,2.2502637,2.2402637,2.4002638,2.2902637,3.7602637,4.1602635,3.0102637,3.1502638,4.2902637,5.8502636,6.9402637,7.860264,7.650264,5.9802637,7.900264,8.570264
-2.7397363,-2.2897363,-1.3997363,-1.0097363,-0.019736327,0.6302637,1.2102637,1.8702637,3.2502637,4.2902637,2.7102637,3.7502637,4.4102635,5.070264,5.6802635,7.030264,7.9102635,8.160264,8.100264,7.7102637,7.9102635,7.110264,8.160264,8.360264,8.360264,7.8102636,7.5802636,6.9402637,7.2102637,8.520264,-0.15973634,-4.1297364,-3.6897364,-7.949736,-6.099736,-3.8897364,-2.1097364,-1.5097363,-0.7397363,0.030263672,0.53026366,0.8802637,1.1102637,2.1402636,2.4102638,3.2102637,3.2702637,3.5302637,3.2302637,2.4702637,2.3302636,3.2102637,4.4702635,6.4902635,7.5802636,6.7402635,6.4502635,8.450264
-3.4397364,-2.3797364,-1.6697364,-1.2797363,-1.2997364,-0.78973633,0.44026366,1.2502637,2.0002637,2.5602636,2.9202638,3.3102636,4.3502636,4.800264,5.6902637,6.300264,6.9602637,6.590264,6.7902637,7.2002635,6.7302637,6.2202635,7.3102636,7.900264,8.230264,7.920264,7.7902637,9.1802635,4.4802637,3.5702636,2.7302637,-0.08973633,-3.9097364,-2.0197363,-1.8797363,-1.7697363,-2.3097363,-0.099736325,-0.65973634,1.1802636,-0.77973634,0.7402637,0.7502637,1.2402637,1.4802637,3.1902637,1.9702637,3.3702636,3.2702637,2.2402637,1.7402637,2.3402636,2.5102637,3.8702636,5.6602635,6.3102636,6.170264,6.420264
-4.469736,-3.1697364,-3.1697364,-2.8697364,-1.9297364,-0.9797363,-0.059736326,0.72026366,1.3202636,2.0302637,2.7802637,4.150264,4.170264,4.900264,6.130264,7.650264,8.080264,8.4302635,7.7002635,7.7202635,6.6602635,7.800264,7.130264,7.860264,7.9702635,9.420263,7.420264,7.0402637,9.850264,1.9102637,0.5602637,0.5802637,0.110263675,-0.84973633,-1.2897363,-0.029736329,0.30026367,-0.70973635,-0.59973633,-2.5397363,-2.3897364,-0.35973632,0.16026367,-0.40973634,0.3802637,1.8402637,2.4802637,2.3202636,2.9502637,2.2702637,2.1602638,1.3502637,2.3302636,2.5202637,3.1402636,4.820264,5.6002636,6.8702636
-4.719736,-2.6097364,-2.1997364,-3.6797364,-1.9497364,-1.5897363,-0.19973633,1.7702637,2.0402637,2.2002637,2.0602636,3.1802638,4.6802635,5.5402637,6.670264,7.8902636,9.320264,10.050263,9.650264,9.060264,5.8502636,5.8902636,5.2402635,5.9902635,6.0002637,6.6802635,6.4402637,5.6402636,4.840264,5.4102635,3.1902637,1.1202637,0.40026367,0.46026367,-0.22973633,-1.1297363,-0.039736327,0.7602637,1.1302637,0.41026366,-1.2397363,-1.3297364,2.636719E-4,1.1102637,-0.37973633,0.09026367,1.3402637,1.9102637,1.4202636,3.5402637,5.670264,4.400264,2.5002637,1.5302637,2.8202636,3.8902636,4.2202635,5.5102634
