public/data/weather/current/current-wind-isobaric-1000hPa-gfs-1.0.json
{"header": { "discipline":0, "disciplineName":"Meteorological products", "gribEdition":2, "gribLength":80330, "center":7, "centerName":"US National Weather Service - NCEP(WMC)", "subcenter":0, "refTime":"2019-10-05T00:00:00.000Z", "significanceOfRT":1, "significanceOfRTName":"Start of forecast", "productStatus":0, "productStatusName":"Operational products", "productType":1, "productTypeName":"Forecast products", "productDefinitionTemplate":0, "productDefinitionTemplateName":"Analysis/forecast at horizontal level/layer at a point in time", "parameterCategory":2, "parameterCategoryName":"Momentum", "parameterNumber":3, "parameterNumberName":"V-component_of_wind", "parameterUnit":"m.s-1", "genProcessType":2, "genProcessTypeName":"Forecast", "forecastTime":0, "surface1Type":100, "surface1TypeName":"Isobaric surface", "surface1Value":95000.0, "surface2Type":255, "surface2TypeName":"Missing", "surface2Value":0.0, "gridDefinitionTemplate":0, "gridDefinitionTemplateName":"Latitude_Longitude", "numberPoints":65160, "shape":6, "shapeName":"Earth spherical with radius of 6,371,229.0 m", "gridUnits":"degrees", "resolution":48, "winds":"true", "scanMode":0, "nx":360, "ny":181, "basicAngle":0, "lo1":0.0, "la1":90.0, "lo2":359.0, "la2":-90.0, "dx":1.0, "dy":1.0 }, "data":
[rows 0 to 25 of 181, columns 0 to 58 of 360]
9.65748,9.797481,9.937481,10.07748,10.20748,10.347481,10.477481,10.597481,10.717481,10.837481,10.95748,11.06748,11.177481,11.27748,11.387481,11.48748,11.57748,11.66748,11.757481,11.837481,11.927481,11.99748,12.07748,12.14748,12.20748,12.27748,12.32748,12.387481,12.437481,12.48748,12.52748,12.56748,12.60748,12.637481,12.66748,12.687481,12.70748,12.727481,12.73748,12.74748,12.757481,12.757481,12.757481,12.74748,12.73748,12.717481,12.70748,12.677481,12.65748,12.6274805,12.587481,12.557481,12.517481,12.467481,12.41748,12.36748,12.307481,12.24748,12.187481
11.03748,11.177481,11.31748,11.45748,11.587481,11.717481,11.847481,11.967481,12.087481,12.20748,12.31748,12.427481,12.517481,12.61748,12.69748,12.77748,12.86748,12.937481,12.99748,13.06748,13.11748,13.177481,13.227481,13.267481,13.297481,13.32748,13.347481,13.347481,13.35748,13.347481,13.347481,13.32748,13.307481,13.28748,13.257481,13.227481,13.187481,13.14748,13.097481,13.047481,12.99748,12.927481,12.8774805,12.807481,12.74748,12.66748,12.597481,12.52748,12.44748,12.36748,12.28748,12.20748,12.10748,12.02748,11.927481,11.837481,11.73748,11.637481,11.53748
11.66748,11.78748,11.91748,12.02748,12.137481,12.257481,12.36748,12.467481,12.57748,12.687481,12.797481,12.887481,12.98748,13.087481,13.177481,13.267481,13.36748,13.45748,13.53748,13.61748,13.69748,13.767481,13.837481,13.89748,13.94748,13.98748,14.007481,14.02748,14.03748,14.02748,14.007481,13.967481,13.927481,13.8774805,13.81748,13.74748,13.677481,13.61748,13.547481,13.467481,13.40748,13.31748,13.227481,13.1274805,13.02748,12.90748,12.78748,12.6274805,12.477481,12.307481,12.137481,11.95748,11.77748,11.60748,11.41748,11.257481,11.087481,10.937481,10.77748
10.70748,10.837481,10.977481,11.1274805,11.28748,11.467481,11.65748,11.85748,12.06748,12.28748,12.517481,12.757481,13.007481,13.24748,13.467481,13.65748,13.81748,13.95748,14.06748,14.11748,14.15748,14.177481,14.19748,14.19748,14.177481,14.14748,14.10748,14.06748,14.017481,13.977481,13.94748,13.90748,13.90748,13.91748,13.937481,13.967481,14.03748,14.10748,14.16748,14.187481,14.187481,14.15748,14.057481,13.89748,13.717481,13.48748,13.23748,12.95748,12.687481,12.41748,12.137481,11.86748,11.61748,11.35748,11.06748,10.77748,10.467481,10.14748,9.837481
9.927481,9.977481,10.047481,10.097481,10.14748,10.187481,10.23748,10.32748,10.437481,10.587481,10.74748,10.94748,11.137481,11.35748,11.587481,11.82748,12.03748,12.217481,12.387481,12.53748,12.66748,12.797481,12.927481,13.06748,13.23748,13.41748,13.6274805,13.847481,14.07748,14.297481,14.52748,14.727481,14.91748,15.03748,15.10748,15.1274805,15.07748,14.99748,14.8774805,14.727481,14.52748,14.28748,14.017481,13.757481,13.517481,13.307481,13.15748,12.99748,12.78748,12.517481,12.187481,11.807481,11.40748,11.017481,10.64748,10.27748,9.90748,9.547481,9.177481
9.27748,9.28748,9.297481,9.307481,9.32748,9.28748,9.23748,9.16748,9.10748,9.03748,8.98748,8.95748,8.927481,8.90748,8.95748,9.057481,9.217481,9.41748,9.687481,9.967481,10.267481,10.637481,11.03748,11.48748,11.90748,12.31748,12.677481,12.95748,13.16748,13.24748,13.27748,13.23748,13.20748,13.227481,13.28748,13.3774805,13.52748,13.717481,13.927481,14.14748,14.31748,14.41748,14.40748,14.27748,13.99748,13.64748,13.24748,12.89748,12.557481,12.24748,11.90748,11.507481,11.057481,10.597481,10.14748,9.717481,9.31748,8.887481,8.41748
9.977481,9.77748,9.56748,9.39748,9.267481,9.177481,9.10748,9.06748,9.02748,8.967481,8.91748,8.8774805,8.82748,8.77748,8.73748,8.717481,8.69748,8.69748,8.757481,8.8774805,8.98748,9.11748,9.267481,9.41748,9.557481,9.727481,9.94748,10.28748,10.687481,10.98748,11.047481,10.91748,10.807481,10.887481,11.137481,11.44748,11.767481,12.057481,12.337481,12.597481,12.807481,12.937481,12.967481,12.91748,12.847481,12.78748,12.637481,12.387481,12.03748,11.6274805,11.177481,10.717481,10.227481,9.74748,9.307481,8.967481,8.61748,8.15748,7.5674806
10.40748,10.187481,10.227481,10.467481,10.73748,10.937481,11.047481,11.177481,11.307481,11.02748,10.20748,9.227481,8.727481,8.3774805,8.017481,7.7574806,7.5574803,7.5074806,7.6574802,7.8774805,8.017481,8.017481,7.9074802,7.7674804,7.8174806,7.9474807,8.15748,8.347481,8.547481,8.927481,9.36748,9.69748,9.967481,10.24748,10.547481,10.717481,10.86748,11.06748,11.32748,11.56748,11.687481,11.70748,11.73748,11.85748,11.887481,11.6274805,11.16748,10.687481,10.35748,10.087481,9.727481,9.187481,8.49748,7.9574804,7.6874804,7.7974806,7.8874803,7.6074805,6.9874806
9.807481,10.27748,10.757481,11.23748,11.717481,11.98748,11.74748,11.307481,11.11748,11.07748,11.06748,11.057481,10.967481,10.74748,10.52748,10.32748,9.797481,9.047481,8.20748,7.3074803,6.8974805,7.6074805,8.48748,9.07748,9.267481,8.677481,7.5874805,6.5574803,6.1874804,6.7974806,7.8274803,8.637481,9.10748,9.437481,9.967481,10.727481,11.45748,11.797481,11.687481,11.40748,11.14748,10.937481,10.78748,10.717481,10.52748,10.14748,9.727481,9.24748,8.687481,8.14748,7.7274804,7.0774803,6.0674806,5.1074805,4.4774804,4.3974805,5.1374803,5.4874806,5.3274803
10.137481,10.517481,11.087481,11.767481,11.98748,11.73748,11.847481,12.217481,12.41748,12.717481,13.10748,13.27748,12.297481,9.007481,5.9374804,4.4974804,5.6274805,7.3074803,7.3974805,5.7874804,5.2374806,6.2874804,6.9974804,7.0074806,6.8674803,7.2674804,7.8174806,7.9174805,7.9274807,8.24748,8.977481,9.927481,10.637481,10.807481,10.727481,10.557481,10.437481,10.28748,10.02748,10.007481,10.177481,10.087481,9.807481,9.557481,9.32748,8.8774805,7.9474807,7.0674806,6.4074802,5.1674805,4.4174805,4.7574806,4.5074806,3.8974805,2.9774804,3.1574805,2.9874804,2.9474804,2.8374805
11.187481,11.86748,12.517481,12.45748,12.097481,12.36748,12.65748,13.057481,13.52748,14.19748,14.69748,12.977481,6.3374805,3.3374805,3.9774804,4.4674807,3.5574806,5.2874804,11.227481,9.307481,4.6674805,5.8874803,9.20748,9.27748,7.9774804,7.5674806,8.017481,8.06748,8.41748,9.23748,9.61748,9.74748,9.587481,9.19748,8.52748,8.07748,8.14748,8.23748,8.427481,8.64748,8.677481,8.557481,8.41748,7.9074802,6.9074802,6.2174807,5.7974806,4.9174805,3.7174804,3.3574805,3.6074805,3.4074805,2.9874804,2.3374805,1.9974805,2.0574806,2.0074804,1.3174804,1.0074805
10.66748,10.98748,11.53748,11.257481,10.99748,11.31748,11.307481,11.177481,11.06748,11.16748,11.41748,10.967481,8.007481,2.9274805,3.6774805,2.7574804,3.4374804,2.5674806,1.0774804,2.1574805,5.0974803,5.9974804,5.6874804,4.8374805,3.6974804,2.9174805,3.4074805,5.2274804,7.1674805,7.3574805,7.2374806,7.6774807,8.727481,8.69748,7.6074805,6.8274803,6.4074802,6.6874804,6.9174805,6.8874803,7.1774807,7.1574802,6.8474803,5.6374803,4.5274806,4.5774803,4.5874805,3.2474804,2.5274804,2.4574804,1.5474805,0.8974805,0.68748045,0.44748047,0.19748047,-0.012519531,-0.31251952,-0.75251955,-1.0825195
12.16748,11.347481,10.587481,9.797481,9.047481,8.427481,7.8474803,7.3174806,6.9674807,6.8374805,6.7174807,6.6074805,6.5374804,6.3074803,5.2274804,3.3674805,2.0374804,0.8374805,0.7774805,2.4974804,4.3574805,4.0974803,2.4374804,1.8274804,2.7574804,2.8374805,2.5074804,2.8774805,3.8474805,4.5974803,4.8274803,5.8074803,7.8274803,7.5974803,6.4574804,5.6874804,5.1274805,5.0874805,5.1374803,5.1974807,5.8574805,5.5374804,5.2674804,4.7174807,3.8874805,3.6374805,3.5374804,2.3574805,1.4174805,0.87748045,0.18748046,-0.5225195,-0.9225195,-1.4125196,-1.8825195,-2.1925194,-2.4425194,-2.6925194,-2.7925196
10.597481,9.52748,8.44748,7.3874803,6.4174805,5.6874804,4.9374804,4.3274803,3.9174805,3.5774806,3.3474805,3.1874804,3.1074805,2.8974805,2.6474805,1.3174804,0.86748046,0.80748045,1.9574804,2.5174804,1.7474805,1.6174805,1.4674804,0.92748046,0.69748044,0.6474805,0.75748044,1.1874804,1.9574804,2.5974805,3.1474805,3.2574804,5.3374805,6.2774806,4.9374804,4.7974806,4.4274807,3.8774805,3.7274804,3.1174805,3.3574805,3.2474804,3.2374804,3.0474806,3.0574806,2.3774805,1.4674804,0.62748045,-0.11251953,-0.7925195,-1.4525195,-1.9725195,-2.3325195,-2.6925194,-3.0325196,-3.5225196,-3.8325195,-4.0625196,-4.1425195
8.387481,7.4474807,6.5974803,5.6974807,4.7474804,3.9274805,3.0474806,2.3674805,1.9074805,1.5674804,1.2474805,0.9574805,0.75748044,0.5974805,0.35748047,0.12748046,-0.05251953,-0.17251953,-0.39251953,-0.7825195,-1.4925195,-2.6125195,-2.2425196,-1.2325195,-0.7125195,-0.34251952,-0.27251953,-0.02251953,1.1174805,1.1474805,1.1774805,0.8874805,1.2574805,1.6074805,3.5374804,4.1674805,3.6874804,3.5474806,3.0474806,2.0274804,1.3874805,1.4374804,1.4374804,1.2874805,0.68748045,0.027480468,-0.48251954,-1.2025195,-1.9125196,-2.5225196,-3.2025194,-3.8525195,-4.1425195,-4.5425196,-4.8825197,-4.9525194,-4.8725195,-4.6325197,-4.2725196
7.5174804,6.3274803,4.9374804,3.9874804,2.8874805,1.9374804,1.1074805,0.40748048,-0.13251953,-0.56251955,-0.9125195,-1.1325195,-1.2325195,-1.2825196,-1.1325195,-1.0225196,-1.0725195,-1.3225195,-1.5925195,-1.5825195,-1.6525196,-2.2325196,-2.8125196,-3.0125196,-2.2125196,-2.3325195,-2.7025194,-2.5425196,-2.1125195,-1.7225195,-1.4625195,-0.94251955,-0.74251956,-1.3125196,0.11748047,0.87748045,4.2874804,3.7574804,2.8274806,2.3674805,0.8874805,0.047480468,-0.63251954,-0.7225195,-1.0225196,-1.6825196,-2.3625195,-3.0525196,-3.8425195,-4.7625194,-5.3825197,-5.8425198,-6.1325197,-6.5625196,-5.6925197,-2.7325196,-0.56251955,0.68748045,-0.74251956
6.0374804,4.7774806,3.5474806,2.4374804,1.4074805,0.54748046,-0.5325195,-1.1625196,-1.6425195,-2.0725195,-2.2525196,-2.3925195,-2.5225196,-2.8325195,-2.7325196,-2.9025195,-2.5225196,-2.5025196,-2.9725196,-3.1025195,-3.2525196,-2.7725196,-2.7825196,-3.8525195,-3.9725196,-3.2825196,-2.9425194,-2.6225195,-2.3525195,-2.2725196,-2.3925195,-2.7425196,-2.5625196,-1.6025195,-1.1725196,0.34748048,3.1174805,2.1674805,2.2574804,1.3674805,0.13748047,-0.9225195,-1.9425195,-2.1325195,-2.9025195,-3.4525194,-4.0825195,-4.7025194,-5.5225196,-6.5525193,-7.2425194,-7.4325194,-4.9525194,-2.5825195,-0.9225195,-0.08251953,-0.5425195,-2.4725196,-8.272519
4.2274804,3.0074804,1.9474804,1.0074805,0.077480465,-0.74251956,-1.6125195,-2.2725196,-2.9325194,-3.2425196,-3.4925196,-3.7225196,-3.8625195,-3.9925196,-4.3725195,-4.2925196,-4.5025196,-4.1525197,-4.3825197,-4.0325193,-4.0625196,-4.6225195,-4.0125194,-3.4025195,-3.5225196,-3.4725196,-3.0825195,-3.1725194,-3.4025195,-3.0325196,-2.1725194,-1.5125195,-0.56251955,1.0074805,2.0074804,1.4074805,0.21748047,-1.2525195,-0.23251954,-0.58251953,-1.5125195,-2.2025194,-2.8425195,-3.2825196,-3.8525195,-4.4625196,-4.7125196,-5.2825193,-6.0125194,-6.4425197,-6.5125194,-5.6925197,-3.3725195,0.18748046,-0.18251953,-1.4925195,-7.9925194,-12.04252,-11.59252
3.0374804,1.7074804,0.5974805,-0.37251952,-1.1825196,-1.8525195,-2.2725196,-2.7025194,-3.3025196,-3.8225195,-4.3325195,-4.6925197,-4.8725195,-5.0925198,-5.7325196,-5.6225195,-5.9025197,-5.7325196,-5.4125195,-5.3525195,-5.2925196,-5.2725196,-4.8025193,-4.9125195,-5.3125196,-4.5225196,-2.8625195,-2.1025195,-2.1225195,-1.8125196,-1.1225195,-1.0125195,-1.2625195,-0.06251953,1.0174805,0.03748047,-0.56251955,-2.1925194,-3.0125196,-4.4625196,-4.6725197,-4.8225193,-5.1125197,-5.2425194,-5.4425197,-5.6125197,-6.0425196,-6.3125196,-6.6525197,-6.8225193,-6.4725194,-5.6425195,0.03748047,-0.94251955,-4.9725194,-9.01252,-11.652519,-11.30252,-8.992519
2.8374805,1.7774805,0.7074805,-0.20251954,-1.0625196,-2.1325195,-3.1025195,-3.6325195,-4.0825195,-4.5125194,-4.8525195,-5.0925198,-5.3925195,-5.7325196,-5.9425197,-5.9225197,-5.9425197,-6.1225195,-5.9525194,-5.8925195,-5.6025195,-5.7625194,-5.3825197,-4.7425194,-4.2825193,-3.7425196,-3.3425195,-3.3725195,-2.9025195,-2.4725196,-1.7425195,-1.8125196,-1.4325196,-1.4425195,-1.9925195,-2.4425194,-4.2825193,-5.9925194,-6.5525193,-6.2325196,-6.2325196,-6.2025194,-5.6625195,-5.5425196,-5.5125194,-5.5725193,-5.6025195,-5.4225197,-5.7525196,-4.9125195,-3.2025194,-0.48251954,-0.42251953,-3.1825194,-5.6825194,-7.7925196,-9.55252,-9.76252,-8.492519
3.3274806,2.2574804,1.1674805,0.05748047,-0.69251955,-1.7525195,-2.8925195,-3.8925195,-4.5625196,-4.6125197,-4.6325197,-5.3125196,-5.4425197,-5.2125196,-5.5125194,-5.9725194,-5.7725196,-5.0525193,-4.0325193,-2.4425194,-3.6825194,-1.9925195,-0.87251955,0.5374805,0.17748047,-0.38251954,0.17748047,-2.7425196,-6.0525193,-4.4125195,-3.1525195,-3.4225194,-3.3525195,-3.8425195,-6.4225197,-7.2525196,-7.8825197,-8.202519,-7.3525195,-7.4425197,-7.3825197,-7.1725197,-6.8725195,-6.5225196,-6.0325193,-5.6825194,-6.0425196,-5.8025193,-5.2125196,-1.8725195,-1.2625195,-1.3625195,-1.4825195,-2.0125196,-3.4625196,-4.9325194,-6.0025196,-7.0925198,-7.7625194
3.5974805,2.3974805,1.0474805,0.13748047,-1.3325195,-2.3325195,-2.7825196,-3.1125195,-3.8225195,-4.6825194,-5.4325194,-4.7025194,-4.4925194,-4.9925194,-5.2725196,-4.0425196,-2.0025196,-0.35251954,1.1974804,0.73748046,-0.47251952,-1.1925195,-0.22251953,-1.6925195,-2.5125196,-3.3525195,-3.4825196,-2.8425195,-4.5025196,-6.1825194,-7.4925194,-5.9125195,-7.5825195,-8.01252,-8.76252,-10.362519,-10.562519,-9.33252,-9.562519,-9.13252,-8.85252,-8.522519,-8.3725195,-8.062519,-8.01252,-7.6425195,-6.6025195,-4.7525196,-2.5025196,-1.6125195,-0.6525195,0.17748047,0.08748047,-1.7025195,-2.9725196,-3.2125196,-3.6625195,-4.2425194,-4.5325193
3.4974804,2.5074804,1.7474805,0.24748047,-0.50251955,-0.8625195,-1.6325195,-2.5825195,-2.8625195,-2.8625195,-3.3825195,-4.0125194,-4.2925196,-4.6725197,-3.9825196,-2.3825195,-0.9125195,-0.38251954,-2.5225196,-2.6425195,-2.0925195,-2.5825195,-5.4025197,-5.9325194,-5.7325196,-5.6925197,-6.0925198,-7.9525194,-8.982519,-8.30252,-8.64252,-7.6025195,-9.42252,-10.92252,-10.05252,-12.112519,-11.442519,-12.38252,-12.08252,-10.93252,-10.34252,-10.54252,-9.912519,-8.35252,-7.5725193,-7.7425194,-6.6525197,-2.9725196,-1.3925195,-0.21251953,1.6574805,1.6874804,1.2174804,0.41748047,0.06748047,0.37748048,0.19748047,-0.64251953,-1.2525195
3.8874805,3.1574805,0.91748047,2.1974804,-0.57251954,-1.2425195,-2.4225194,-3.2125196,-2.6925194,-3.4925196,-3.8025196,-5.0225196,-5.1925197,-4.4725194,-0.6125195,0.81748044,0.09748047,-3.1725194,-2.2625196,-3.3125196,-4.9225197,-7.3525195,-7.7325196,-7.3925195,-7.4125195,-8.34252,-9.54252,-10.772519,-10.692519,-10.522519,-10.25252,-10.46252,-14.952519,-9.88252,-12.3725195,-12.26252,-13.47252,-12.85252,-11.54252,-12.96252,-11.772519,-10.75252,-9.22252,-5.4125195,-3.4825196,-2.4025195,-1.0425196,0.05748047,0.86748046,1.0874804,3.0174804,4.2074804,4.1574802,3.6274805,3.5474806,2.7774804,2.0374804,1.2074804,0.5374805
3.4374804,2.7474804,2.2174804,0.98748046,-0.40251952,-1.2625195,-2.4225194,-3.2725196,-4.0825195,-2.1825194,-5.0625196,-5.5525193,-2.3825195,1.0774804,1.2374805,-0.41251954,-2.3525195,-3.2425196,-5.6425195,-7.2925196,-8.39252,-8.01252,-8.152519,-9.93252,-10.662519,-10.532519,-10.982519,-11.202519,-10.532519,-11.192519,-10.912519,-12.192519,-12.39252,-13.50252,-13.362519,-14.29252,-14.112519,-13.67252,-12.84252,-12.562519,-7.4225197,-6.2725196,-5.7325196,-5.4625196,-4.2925196,-3.2525196,-2.0525196,-0.22251953,1.0174805,2.1774805,2.3174806,1.9574804,2.7174804,4.3374805,4.1874804,4.5274806,4.1674805,2.2074804,1.1174805
1.7474805,0.92748046,0.30748045,-0.20251954,-0.88251954,-1.8025196,-2.8325195,-3.7225196,-4.1325197,-4.0825195,-2.2925196,0.15748046,0.7674805,0.39748046,-0.8625195,-1.9225196,-3.6925194,-5.9725194,-7.0725193,-7.5425196,-8.492519,-9.50252,-9.522519,-9.902519,-10.192519,-10.562519,-11.532519,-11.322519,-11.482519,-11.062519,-11.34252,-12.22252,-13.42252,-13.362519,-15.13252,-16.92252,-14.97252,-7.2425194,-9.612519,-6.6625195,-5.1225195,-4.6825194,-4.4125195,-5.0225196,-2.0825195,2.4574804,3.5474806,3.3074806,3.2474804,3.7374804,3.2074804,4.3874803,5.1374803,5.2174807,5.3674803,5.5774803,4.2774806,3.6574805,2.5874805
