public/data/weather/current/current-wind-isobaric-1000hPa-gfs-1.0.json
{"header": { "discipline":0, "disciplineName":"Meteorological products", "gribEdition":2, "gribLength":79545, "center":7, "centerName":"US National Weather Service - NCEP(WMC)", "subcenter":0, "refTime":"2019-10-05T00:00:00.000Z", "significanceOfRT":1, "significanceOfRTName":"Start of forecast", "productStatus":0, "productStatusName":"Operational products", "productType":1, "productTypeName":"Forecast products", "productDefinitionTemplate":0, "productDefinitionTemplateName":"Analysis/forecast at horizontal level/layer at a point in time", "parameterCategory":2, "parameterCategoryName":"Momentum", "parameterNumber":2, "parameterNumberName":"U-component_of_wind", "parameterUnit":"m.s-1", "genProcessType":2, "genProcessTypeName":"Forecast", "forecastTime":0, "surface1Type":100, "surface1TypeName":"Isobaric surface", "surface1Value":95000.0, "surface2Type":255, "surface2TypeName":"Missing", "surface2Value":0.0, "gridDefinitionTemplate":0, "gridDefinitionTemplateName":"Latitude_Longitude", "numberPoints":65160, "shape":6, "shapeName":"Earth spherical with radius of 6,371,229.0 m", "gridUnits":"degrees", "resolution":48, "winds":"true", "scanMode":0, "nx":360, "ny":181, "basicAngle":0, "lo1":0.0, "la1":90.0, "lo2":359.0, "la2":-90.0, "dx":1.0, "dy":1.0 }, "data":
[rows 50 to 74 of 181, columns 232 to 289 of 360]
1.6386523,1.1786523,1.2286524,0.40865234,0.85865235,1.6286523,1.7086524,0.018652344,-0.36134765,0.35865235,2.0486524,3.0686524,2.1486523,3.8286524,4.4986525,3.1586523,7.548652,10.338653,11.678653,12.538652,11.638653,8.928653,4.8986526,-5.9013476,-0.39134765,-3.6513476,-6.0713477,-4.8313475,-4.0713477,-6.6313477,-6.3713474,-7.0613475,-6.3213477,-8.781347,-10.371347,-8.401348,-8.671348,-8.2913475,-8.391348,-9.591348,-9.061348,-7.8813477,-6.8613477,-6.6513476,-6.8613477,-4.931348,-6.471348,-5.6513476,-4.9413476,0.5786523,-6.891348,-4.451348,-1.7113477,-0.71134764,-1.9413476,-3.0913477,-3.3413477,-3.6013477
1.0386523,2.0386524,2.3086524,3.0386524,3.6586523,3.8586524,2.7086523,3.4786522,1.1986524,-2.5013475,0.32865235,1.5586524,1.6286523,2.1686523,2.4986525,1.8786523,2.9686522,3.9486523,9.818652,12.808652,6.8086524,7.6386523,4.2686524,-1.0513476,-1.3313477,-2.8413477,-1.5813477,-4.5513477,-1.0313476,-3.1913476,-10.281347,-7.911348,-8.761348,-9.671348,-8.471348,-6.6113477,-7.241348,-6.931348,-4.491348,-5.7913475,-7.0013475,-7.491348,-6.5913477,-7.3013477,-6.9813476,-6.1713476,-6.7713475,-7.1313477,-2.1013477,-4.8313475,-3.1413476,-5.1113477,-3.0413477,-2.6813476,-4.011348,-4.4013476,-4.4413476,-5.761348
1.8686523,1.1786523,2.0586524,4.318652,4.3686523,4.0786524,0.5186523,3.5686524,2.0286524,-4.8613477,-1.2513477,3.8886523,7.238652,4.1286526,6.258652,7.3086524,9.588653,8.598652,11.268652,8.238652,7.028652,4.4786525,2.8386524,10.428653,1.5986524,2.1486523,0.41865236,-0.40134767,-1.9613477,-2.8313477,-6.9213476,-8.601348,-9.441348,-8.771348,-6.5013475,-6.0613475,-6.3713474,-7.0413475,-4.911348,-5.761348,-5.1713476,-6.141348,-5.3213477,-6.9413476,-5.8413477,-5.6113477,-5.1213474,-1.9313476,-1.6513476,-4.6513476,-7.241348,-5.181348,-4.4013476,-2.9613476,-4.451348,-3.2213476,-2.7513475,-3.7713478
0.16865234,1.3086524,2.7886524,3.2686524,3.0186524,0.12865235,-0.021347657,0.37865233,4.9586525,1.7286524,-2.0713477,-1.0013477,0.49865234,2.1386523,2.7586524,8.158652,11.558652,9.478652,7.5386524,8.388653,8.038652,2.4986525,9.908652,4.0586524,5.9786525,5.9286523,2.3786523,1.5086523,-4.721348,-3.9213476,-6.6713476,-7.741348,-7.8413477,-7.0613475,-6.3013477,-5.9813476,-5.411348,-6.0513477,-7.1013474,-6.9813476,-5.701348,-5.0213475,-6.2813478,-6.4413476,-3.4513476,-1.9913477,-1.5613476,-0.21134765,-5.5013475,-11.151348,-9.521348,-9.741347,-4.891348,-4.891348,-3.8113477,-2.9713476,-2.6313477,-1.1913476
-0.70134765,-0.16134766,0.5186523,1.2486523,1.3686523,0.55865234,0.81865233,2.5486524,-0.33134764,0.20865235,-2.8613477,-1.9513477,1.5586524,2.2886524,4.9286523,8.628653,7.758652,9.528652,9.2086525,8.468653,8.878653,6.3786526,1.8486524,2.3586524,0.79865235,6.778652,0.8886523,1.7286524,-3.9713476,-1.8713477,-4.6913476,-5.8513474,-5.1913476,-4.7813478,-6.6713476,-4.9213476,-4.8013477,-6.9813476,-6.6913476,-6.2713475,-5.4613476,-4.181348,-3.8413477,-1.5613476,-2.4713476,-4.3013477,-0.09134766,-4.6213474,-9.441348,-9.921348,-10.521348,-11.151348,-9.701347,-7.2813478,-5.2813478,-4.011348,-3.2613478,-2.7613478
-2.1213477,-1.5713477,-1.0113477,-1.1113477,-1.1013477,-0.35134766,0.8386524,0.24865234,-2.9413476,-0.69134766,3.1486523,2.5686524,1.5586524,3.7886524,2.1786523,5.3786526,5.6286526,6.028652,7.608652,7.8086524,8.528652,-4.891348,3.4186523,-0.16134766,5.508652,0.87865233,-3.0013475,-3.7613478,-3.0713477,-2.5113478,-3.6313477,-7.701348,-6.6113477,-5.4813476,-4.0613475,-6.1113477,-5.891348,-7.221348,-4.2713475,-3.6613476,-5.011348,-4.7913475,-0.9113476,-3.2113476,1.5386523,0.058652345,-1.9213476,-2.5513477,-11.521348,-14.311348,-13.181348,-11.921348,-9.381348,-7.5213475,-5.8313475,-4.661348,-3.8613477,-2.7413476
-2.5113478,-2.5213478,-2.2213476,-1.9513477,-1.2713476,-0.051347658,2.6286523,2.4186523,4.9686522,2.5686524,3.2186522,2.3186524,-0.29134765,1.4886523,4.6186523,2.4186523,2.7786524,3.6586523,4.1586523,4.358652,5.0986524,0.62865233,3.3186524,-0.51134765,2.3386524,-3.2013476,-3.3313477,-2.6213477,-6.511348,-3.2613478,-4.5613475,-6.911348,-5.971348,-7.1713476,-9.731348,-6.5213475,-4.5313478,-5.181348,-4.5213475,-2.4413476,-4.1513476,-1.1413476,0.56865233,-0.071347654,-2.3713477,-3.4013476,-1.1113477,-6.141348,-7.5813475,-10.281347,-13.351348,-12.0413475,-10.081347,-9.001348,-7.8413477,-7.7113476,-2.8613477,2.5986524
-2.9213476,-2.9913476,-2.9813476,-2.7113476,-1.6013477,-0.33134764,0.5886524,2.2386522,3.2186522,3.4886522,1.8886523,2.7186522,-1.4513477,1.6386523,3.9386523,4.6286526,5.4286523,2.4486523,4.6886525,4.758652,3.0786524,0.85865235,1.7286524,1.0186523,-0.26134765,-3.1513476,-3.8013477,-5.7513475,-7.0313478,-4.8213477,-3.9313476,-6.0013475,-7.951348,-6.1913476,-6.9813476,-6.471348,-6.3713474,-6.1913476,-3.2213476,-0.94134766,-0.45134765,-1.4113476,-2.0713477,-2.0113478,-0.14134766,-3.0213478,-1.7213477,0.41865236,-0.36134765,-4.181348,-1.9713477,0.14865234,1.7086524,1.6286523,1.7186524,2.1386523,2.4786522,2.5986524
-4.6013474,-4.2313476,-3.6413476,-2.6013477,-1.6013477,-0.83134764,-0.81134766,-0.50134766,0.93865234,1.9886523,1.5786524,0.32865235,3.0586524,-0.82134765,0.28865233,2.5986524,5.008652,4.4486523,5.2686524,3.1586523,-1.5013477,-0.53134763,1.2886523,-3.4213476,-4.3013477,-3.4713476,-4.5613475,-4.2913475,-9.931348,-8.671348,-5.8513474,-7.5613475,-4.0413475,-6.2113476,-5.8413477,-8.131348,-8.471348,-4.0613475,-6.9013476,-1.3113476,-1.0213476,-1.9613477,-1.1913476,-3.3413477,2.6886523,-3.8413477,-0.43134767,-2.7613478,-3.8013477,-2.8113477,-0.7413477,1.2286524,1.2286524,0.19865234,0.59865236,1.5086523,1.8086524,1.4886523
-5.7913475,-5.6013474,-4.741348,-3.7913477,-2.5813477,-1.7013477,-0.9813477,-1.3813477,0.86865234,2.5986524,2.1886523,0.7686523,1.2586523,-2.1213477,0.13865234,3.2386522,2.2486525,4.2486525,2.1786523,3.2886524,0.28865233,0.6386523,-2.5913477,-0.64134765,-3.0713477,-3.2913477,-4.141348,-4.4213476,-5.411348,-7.4013476,-2.6813476,-4.1013474,-5.511348,-4.5313478,-2.1313477,-3.6313477,-5.8213477,-2.4413476,-5.4213476,-3.2713478,2.8186524,-6.9613476,-0.33134764,-0.62134767,-7.2913475,-2.7813478,-3.5113478,-3.3713477,-1.3113476,-0.46134767,-0.17134766,0.49865234,-1.0413476,-1.7913476,-1.2013477,-1.5813477,-1.1813476,-1.0513476
-6.471348,-6.1213474,-5.1913476,-4.4613476,-3.2013476,-2.3713477,-1.9513477,-1.1713476,0.18865234,1.1186523,1.3086524,2.6986523,2.8186524,6.1386523,3.0086524,1.3086524,1.9986523,1.9286523,4.6386523,-0.90134764,1.0986524,2.0786524,-1.7113477,-3.7113476,-5.4813476,-8.381348,-5.0513477,-4.4413476,-2.8213477,-4.8513474,-4.8613477,-3.5313478,-0.72134763,-0.97134763,-3.0613477,-2.9913476,-1.6513476,-2.6213477,-0.6613476,-3.4913476,-2.7313476,0.118652344,2.0786524,0.66865236,-4.661348,-4.221348,-2.4413476,-1.7113477,-4.2113476,-3.9213476,-3.9813476,-2.7613478,-3.0013475,-4.201348,-4.0613475,-4.391348,-3.7613478,-2.6613476
-7.1013474,-6.2813478,-5.3813477,-4.6313477,-3.7813478,-2.8613477,-2.0113478,-0.90134764,-0.6013477,-0.36134765,0.55865234,2.8586524,2.7786524,3.7186522,4.9986525,-0.8613477,3.3186524,2.2186522,3.1486523,1.1886524,2.7686524,-0.13134766,-2.5013475,-2.9113476,-3.9013476,-2.3013477,-2.7413476,0.9486523,-5.511348,-3.6713476,-5.181348,-3.6613476,-5.6213474,-6.4413476,-4.7313476,-5.1913476,-4.3813477,-5.2113476,-6.1713476,-5.0613475,-3.6313477,-3.6913476,-4.6113477,-9.761348,-6.5913477,-6.0813475,-7.1313477,-5.2513475,-5.5913477,-4.7113476,-4.9813476,-5.201348,-6.2313476,-5.641348,-4.3313475,-5.5413475,-5.1513476,-4.7713475
-6.7113476,-6.1013474,-5.471348,-4.511348,-3.5313478,-2.8113477,-2.1913476,-1.8213477,-1.6713476,-1.0113477,0.43865234,0.77865237,1.4186523,1.5586524,5.2186522,2.6486523,1.1786523,1.5186523,1.6986524,1.5786524,1.7486523,-1.5413476,-3.3713477,-2.5913477,-4.991348,-6.721348,-2.5713477,-3.3713477,-4.3613477,-3.9413476,-7.3413477,-6.141348,-6.4813476,-4.911348,-5.201348,-7.9213476,-8.531347,-5.6913476,-6.4613476,-6.8813477,-6.4613476,-6.5813475,-6.3313475,-5.7513475,-4.741348,-2.3713477,-7.2513475,-7.4813476,-6.221348,-5.5013475,-6.391348,-7.6913476,-7.3713474,-6.221348,-4.9413476,-6.0313478,-3.8713477,-2.8213477
-6.721348,-6.241348,-5.8113475,-5.1113477,-4.6913476,-3.6013477,-3.0513477,-2.5713477,-1.5013477,-1.2313477,-0.7913477,-0.31134766,0.80865234,1.1586523,1.6386523,5.0986524,0.28865233,1.8986523,1.4686524,2.1386523,2.1686523,1.1486523,-4.0013475,-4.3113475,-2.6513476,-6.911348,-3.3113477,-1.4413476,-2.3713477,-7.1013474,-8.0413475,-7.1113477,-6.661348,-7.261348,-7.1913476,-7.5013475,-7.4813476,-8.411347,-9.571347,-10.051348,-8.071347,-6.201348,-5.721348,-4.911348,-6.2813478,-5.3713474,-5.2513475,-7.431348,-6.0513477,-6.4213476,-5.6913476,-5.5913477,-5.5313478,-5.451348,-6.1513476,-5.641348,-3.4413476,-1.7113477
-8.211348,-6.911348,-6.4013476,-5.6713476,-4.9013476,-4.3313475,-2.9913476,-2.1513476,-1.3313477,-0.96134764,-1.3613477,-1.1313477,-0.37134767,-0.071347654,1.2986523,3.5586524,3.6286523,0.31865233,2.0186524,4.6286526,2.0586524,1.6886524,-0.72134763,-4.681348,-5.0413475,-2.5413477,-8.311348,-6.7113476,-1.7913476,-8.131348,-6.7313476,-6.5613475,-6.5213475,-6.4613476,-7.6113477,-7.4013476,-9.181348,-10.121347,-10.801348,-10.831347,-10.741347,-8.721348,-7.5013475,-5.9813476,-4.6513476,-5.5613475,-4.0213475,-6.011348,-5.0813475,-3.6313477,-4.1713476,-4.761348,-4.4413476,-5.3113475,-3.7113476,0.87865233,0.47865236,-2.0913477
-8.061348,-6.491348,-6.011348,-5.0713477,-4.1713476,-3.3613477,-2.6913476,-1.9913477,-1.4913477,-1.5513476,-1.4213476,-0.25134766,-0.7413477,-0.6113477,0.84865236,2.2586524,4.1986523,-2.0513477,1.4586524,2.8286524,2.2586524,1.2686523,1.2586523,-3.5613477,-3.5313478,-2.8113477,-4.3113475,0.13865234,-1.4113476,-1.1013477,-4.411348,-5.721348,-6.7913475,-6.0713477,-6.0613475,-8.2913475,-9.431348,-10.851348,-10.361347,-10.701347,-11.531347,-10.741347,-9.2913475,-8.861347,-8.201347,-6.6013474,-7.491348,-7.0513477,-5.0813475,-3.9313476,-4.2113476,-4.221348,-4.3013477,-3.9313476,-2.1713476,-0.5413477,-1.4313476,1.2486523
-7.3113475,-6.431348,-6.8113475,-5.1313477,-4.141348,-3.6213477,-3.1713476,-2.3213477,-2.0113478,-1.8913476,-1.5713477,-0.78134763,0.22865234,1.4786524,2.3686523,1.8486524,1.9586524,3.6186523,1.0386523,2.4786522,1.7786523,2.4686522,1.1886524,0.44865236,-4.6213474,-2.0913477,-2.8813477,-3.6313477,-3.2313476,-4.451348,-4.8213477,-4.9013476,-5.3213477,-6.8413477,-7.511348,-6.411348,-5.7113476,-7.9613476,-9.591348,-10.101348,-8.7913475,-8.021348,-8.841348,-8.421348,-7.5013475,-5.661348,-7.1513476,-7.2113476,-6.471348,-4.761348,-3.5113478,-2.9013476,-0.09134766,4.508652,4.238652,2.6386523,3.3186524,2.5686524
-8.411347,-7.721348,-7.1313477,-6.6713476,-5.391348,-4.3013477,-3.6513476,-2.6213477,-2.1013477,-1.5613476,-1.3713477,-1.1613476,-0.0013476562,0.36865234,0.92865235,1.7086524,0.99865234,0.85865235,2.5086524,0.55865234,1.0386523,2.9186523,5.048652,1.2186524,0.17865235,-2.9613476,-6.0713477,-4.471348,-4.011348,-4.3713474,-2.7313476,-3.0613477,-2.7613478,-3.9513476,-4.1113477,-1.9413476,-1.2313477,-1.4313476,-2.1213477,-3.2313476,-4.9013476,-6.161348,-5.8713474,-5.1913476,-3.0313478,-1.3513477,1.3586524,3.8786523,3.5786524,0.37865233,3.3186524,3.2686524,2.6286523,1.5786524,8.7086525,5.798652,4.3286524,-1.1113477
-8.191348,-8.001348,-8.341348,-8.501348,-7.1513476,-5.8813477,-4.5713477,-3.1913476,-2.0713477,-1.4213476,-1.3413477,-0.58134764,-0.40134767,-0.09134766,0.16865234,0.66865236,0.27865234,1.5786524,2.0286524,1.6886524,1.0486523,1.4486524,3.1786523,3.2086523,1.8386524,0.13865234,-4.0413475,-4.2813478,-5.891348,-1.7713476,-2.8313477,-0.7313477,-0.62134767,-0.37134767,-0.08134766,0.18865234,-0.011347656,1.4086523,2.8686523,2.3386524,-0.33134764,-3.4013476,-2.7213476,-0.49134767,-0.11134765,-0.041347656,1.9586524,3.6086524,1.0386523,5.9586525,3.0786524,1.0986524,2.2286522,0.56865233,3.2586524,3.6586523,3.4286523,-1.6513476
-8.321347,-7.9013476,-7.141348,-7.8713474,-8.021348,-8.061348,-6.6513476,-4.1113477,-2.5113478,-2.0013475,-1.8713477,-1.4313476,-1.3313477,-1.2813476,-1.4113476,-1.0813477,-0.17134766,0.7686523,2.3186524,2.8786523,2.2086523,0.9586523,0.7086523,2.0186524,2.0186524,-2.2113476,2.5586524,-5.4013476,-1.7413477,-1.7913476,1.5486523,0.06865235,0.71865237,1.6286523,2.3986523,2.2186522,2.2086523,2.5586524,4.238652,2.7086523,-0.68134767,-3.6713476,-2.5413477,-1.0713477,-2.9413476,-1.5713477,-0.82134765,1.0186523,2.0186524,0.90865237,-0.20134765,3.0086524,1.1186523,2.3386524,-1.3113476,-0.84134763,-1.0613476,-0.82134765
-8.861347,-9.581347,-9.601348,-9.081347,-9.351348,-9.331347,-7.431348,-6.451348,-4.2713475,-3.2313476,-2.3813477,-2.6413476,-2.0313478,-0.96134764,-1.9113476,-1.9013476,-1.0813477,-0.68134767,0.59865236,0.46865234,0.26865235,-1.3313477,-1.1213477,4.4086523,0.35865235,0.62865233,0.30865234,-1.3213477,-1.0013477,-1.5913477,-1.5813477,0.78865236,0.99865234,1.2986523,1.4986523,2.7886524,2.0086524,2.9386523,6.5786524,4.0386524,-2.3013477,-2.0913477,-2.4813476,-1.7713476,-1.4613477,-0.08134766,0.40865234,-0.26134765,-0.11134765,1.2486523,-1.3213477,-0.8013477,-2.0813477,1.1986524,1.4886523,0.08865234,-0.52134764,-2.0313478
-10.051348,-9.911347,-10.611347,-10.921348,-10.621347,-10.621347,-8.441348,-7.1713476,-5.7513475,-4.1913476,-2.2413476,-1.7313477,-1.6313477,-2.6713476,-3.8113477,-3.0613477,-2.3513477,-0.9913477,-1.3713477,-1.3913476,-3.5613477,-1.6013477,-2.2813478,-2.5813477,0.19865234,1.7486523,-1.9613477,0.46865234,1.1686523,0.6486523,-1.0513476,-1.2513477,-2.2313476,-0.30134764,0.78865236,2.1286523,2.4286523,3.8486524,8.158652,-4.6213474,-3.6113477,-1.0613476,0.008652343,-0.9113476,0.39865234,-0.7413477,-1.5713477,-0.9113476,-1.7713476,-3.6713476,-2.2313476,-7.3313475,-2.7413476,1.0986524,2.7586524,2.1586523,0.25865233,1.0386523
-10.631348,-10.661347,-12.071347,-12.071347,-11.321347,-11.031347,-9.971348,-8.381348,-7.011348,-5.1513476,-3.2013476,-1.6213477,-1.3713477,-3.6813476,-4.1113477,-3.7313476,-2.6813476,-2.2113476,-2.2813478,-2.5913477,-1.7113477,-2.3213477,-2.7213476,-2.9213476,-2.9713476,-2.7913477,-0.59134763,1.7586523,1.2786523,0.97865236,2.4786522,-2.7213476,-1.5113477,0.22865234,2.7586524,3.0486524,1.7186524,4.028652,7.568652,0.48865235,0.20865235,-1.4713477,-0.031347655,-0.83134764,-0.37134767,-0.40134767,-1.1113477,-1.4213476,-3.7113476,-8.511348,-5.4813476,-3.8413477,-3.6513476,-4.1913476,-4.201348,-2.3613477,-0.77134764,-1.3413477
-10.691348,-11.901348,-14.121347,-12.2913475,-11.981348,-11.261348,-10.661347,-9.921348,-7.4013476,-6.0213475,-3.2913477,-1.2313477,-2.2813478,-2.1313477,-3.0913477,-3.1113477,-2.7013476,-2.7213476,-2.9013476,-2.0713477,-0.18134765,-0.84134763,-2.0313478,-2.3413477,-3.3113477,-3.5913477,-3.0413477,-1.6913476,0.08865234,0.12865235,-0.061347656,-0.76134765,-1.2213477,2.6586523,-0.12134766,-0.7413477,-0.09134766,2.8986523,2.1086524,3.6386523,-1.2513477,-0.37134767,-0.71134764,-0.9113476,-2.0013475,-1.7713476,-2.2313476,-2.6013477,-3.1513476,-7.451348,-6.8513474,-7.3213477,-5.3713474,-3.9513476,-3.8713477,-5.3313475,-5.9613476,-5.2813478
-9.101348,-11.591348,-8.001348,-7.681348,-6.6713476,-6.3413477,-6.3213477,-7.681348,-7.8313475,-6.0713477,-3.7113476,-2.9013476,-2.2013476,-1.8413477,-2.0513477,-2.7013476,-1.5113477,-0.7413477,-3.9113476,-3.7113476,-0.5413477,1.5186523,-0.45134765,-1.3413477,-3.4813476,-3.7913477,-3.7913477,-3.4213476,-2.8513477,-2.1913476,-0.96134764,-0.27134764,-0.44134766,-2.1113477,-1.4713477,0.52865237,1.0986524,-0.11134765,1.2686523,-5.3213477,-2.9913476,-2.5113478,-0.17134766,-0.21134765,-2.7813478,-4.0413475,-3.3813477,-3.5813477,-5.661348,-5.6013474,-5.431348,-6.5913477,-5.2513475,-4.0513477,-4.6313477,-5.8313475,-7.1513476,-7.0713477
