public/data/weather/current/current-wind-isobaric-1000hPa-gfs-1.0.json
{"header": { "discipline":0, "disciplineName":"Meteorological products", "gribEdition":2, "gribLength":79545, "center":7, "centerName":"US National Weather Service - NCEP(WMC)", "subcenter":0, "refTime":"2019-10-05T00:00:00.000Z", "significanceOfRT":1, "significanceOfRTName":"Start of forecast", "productStatus":0, "productStatusName":"Operational products", "productType":1, "productTypeName":"Forecast products", "productDefinitionTemplate":0, "productDefinitionTemplateName":"Analysis/forecast at horizontal level/layer at a point in time", "parameterCategory":2, "parameterCategoryName":"Momentum", "parameterNumber":2, "parameterNumberName":"U-component_of_wind", "parameterUnit":"m.s-1", "genProcessType":2, "genProcessTypeName":"Forecast", "forecastTime":0, "surface1Type":100, "surface1TypeName":"Isobaric surface", "surface1Value":95000.0, "surface2Type":255, "surface2TypeName":"Missing", "surface2Value":0.0, "gridDefinitionTemplate":0, "gridDefinitionTemplateName":"Latitude_Longitude", "numberPoints":65160, "shape":6, "shapeName":"Earth spherical with radius of 6,371,229.0 m", "gridUnits":"degrees", "resolution":48, "winds":"true", "scanMode":0, "nx":360, "ny":181, "basicAngle":0, "lo1":0.0, "la1":90.0, "lo2":359.0, "la2":-90.0, "dx":1.0, "dy":1.0 }, "data":
[rows 75 to 99 of 181, columns 116 to 173 of 360]
-0.8513477,-0.31134766,0.79865235,0.7586523,0.31865233,-0.28134766,0.9486523,0.41865236,1.2586523,1.1386523,-0.30134764,-2.9013476,-4.0313478,-3.2413476,-2.8113477,-2.6613476,-4.681348,-3.2213476,-2.7413476,-2.4913476,-1.9513477,-2.2413476,-1.9013476,-0.9913477,-1.3213477,-1.8113476,-1.7913476,-0.71134764,-0.87134767,-1.4613477,0.22865234,1.1886524,-0.51134765,-0.69134766,-0.29134765,-0.021347657,0.47865236,0.8986523,0.61865234,0.72865236,0.7686523,0.5086523,-1.7613477,-2.9813476,-1.6913476,-3.5213478,-1.6213477,0.23865235,1.7886523,0.058652345,-1.1913476,-3.0513477,-5.0713477,-5.1013474,-6.4413476,-6.4613476,-6.681348,-7.8813477
0.32865235,-0.89134765,0.20865235,-0.9913477,-1.8213477,-1.3013476,-1.9113476,0.98865235,2.8886523,3.0886524,1.3886523,-0.27134764,-2.7313476,-3.0613477,-2.3013477,-1.6813476,-1.4113476,-2.0713477,-2.6713476,-2.2113476,-2.4813476,-2.7413476,-1.6013477,-1.8613477,-2.2513475,-0.6713477,-0.69134766,-2.0313478,0.53865236,-0.40134767,-1.4513477,-0.64134765,-0.09134766,-0.071347654,-0.94134766,-0.22134766,0.78865236,0.9486523,0.7686523,-0.44134766,0.46865234,1.6586523,3.3086524,1.7386523,-0.041347656,-0.25134766,0.26865235,2.9286523,0.93865234,-1.9913477,-0.88134766,-3.2813478,-4.0813475,-4.2313476,-5.3313475,-6.141348,-6.6113477,-7.1313477
0.61865234,0.9586523,1.6386523,0.48865235,0.08865234,-0.39134765,-0.38134766,0.40865234,0.038652346,0.99865234,1.1986524,0.32865235,-0.7313477,-2.3913476,-2.1213477,-1.4413476,-1.0413476,-0.7313477,0.34865233,-2.0213478,-2.9813476,-1.8013476,-0.40134767,-1.3713477,-1.5513476,-0.52134764,-0.40134767,-1.9113476,-0.57134765,-0.9813477,-1.7513477,-0.22134766,-0.09134766,-1.1913476,-0.24134766,1.3386524,1.0986524,1.6686523,2.8286524,4.048652,3.6186523,4.7686524,6.3786526,7.0986524,7.758652,5.318652,1.8086524,-0.49134767,1.6886524,-2.3613477,-2.3013477,-1.8013476,-2.1513476,-3.9313476,-5.0613475,-5.661348,-6.0713477,-7.1513476
0.47865236,-0.071347654,1.4486524,1.8186524,1.7886523,-0.08134766,-0.041347656,1.5486523,0.09865234,0.33865234,0.25865233,0.5786523,0.54865235,0.028652344,-1.2913476,-1.7113477,-0.97134763,-0.52134764,0.80865234,0.9586523,-3.3113477,-2.0413477,-0.41134766,-2.0113478,-2.2713478,-0.6013477,-0.12134766,-1.0113477,-0.101347655,-1.7413477,-2.2813478,-0.59134763,-0.051347658,0.26865235,1.5886524,1.8986523,3.3386524,2.6486523,4.4986525,5.4086523,5.2886524,5.2186522,6.738652,6.858652,7.528652,6.9086523,3.8986523,1.4086523,4.568652,-0.09134766,-2.4813476,-2.0713477,-2.0513477,-3.2013476,-3.7913477,-5.681348,-5.4013476,-6.6713476
2.1086524,-0.27134764,0.22865234,1.6286523,0.93865234,1.2986523,0.78865236,0.35865235,1.0886524,-1.3213477,-0.7913477,0.23865235,0.52865237,1.0186523,0.48865235,-2.0313478,-1.1413476,-0.22134766,0.73865235,-0.15134765,-2.3013477,-2.4913476,-1.8213477,-2.4713476,-1.9713477,-0.75134766,-0.5413477,0.20865235,1.5486523,-0.48134765,-1.4013476,-0.50134766,0.9486523,0.8986523,1.8686523,2.6886523,4.7686524,4.7886524,4.9186525,6.1286526,7.2286525,7.3086524,7.6386523,6.7286525,8.948652,7.8686523,6.048652,2.2286522,3.4086523,2.5786524,0.038652346,-1.3513477,-1.8113476,-2.6313477,-3.5613477,-4.2113476,-5.0313478,-5.7513475
0.87865233,1.5086523,-2.4013476,0.77865237,0.87865233,1.0586524,-0.33134764,-0.68134767,-1.8013476,0.058652345,-0.33134764,-0.061347656,1.1586523,2.2286522,3.2186522,2.5886524,0.96865237,0.90865237,0.38865235,0.84865236,-1.8113476,-2.6513476,-2.9113476,-3.5413477,-1.6213477,-0.48134765,-0.021347657,1.3286524,2.0586524,1.7386523,0.43865234,1.3086524,2.0886524,3.6986523,4.298652,3.0486524,3.7186522,5.4586525,6.2186522,7.008652,7.7286525,8.218653,8.768652,5.9686522,6.2686524,8.508653,4.1686525,3.3386524,2.8286524,2.6986523,-0.09134766,-1.0013477,-2.3613477,-2.3113477,-2.5213478,-3.1413476,-4.471348,-5.011348
0.91865236,2.0986524,1.0186523,0.078652345,-1.5913477,-0.14134766,1.3286524,3.1386523,2.2786524,2.1686523,0.9486523,0.5786523,1.8886523,2.3986523,3.1786523,3.0186524,3.1186523,2.0286524,1.2086524,1.9986523,0.8386524,0.20865235,1.5486523,1.2386523,-0.14134766,-0.18134765,0.27865234,1.1786523,2.2786524,1.7886523,3.4986525,3.4886522,2.9986525,3.1886523,4.798652,6.1286526,5.4086523,4.9786525,5.798652,6.4086523,7.9186525,8.378653,8.248652,7.7086525,4.2686524,7.258652,5.508652,2.7786524,2.4986525,1.4686524,-0.64134765,-1.6813476,-1.5613476,-2.7213476,-2.7013476,-2.3513477,-2.3713477,-2.8313477
-0.38134766,1.6986524,-1.5713477,-2.9313476,-1.6813476,-0.97134763,0.49865234,0.108652346,0.19865234,-0.69134766,1.7686523,1.0986524,2.1886523,3.4186523,3.6986523,2.8286524,4.3686523,3.1286523,3.7386522,3.9586523,3.1386523,3.9986525,4.358652,1.9886523,3.2686524,2.7386522,2.9186523,2.7786524,3.8486524,3.3786523,3.3286524,3.4986525,4.1286526,4.1586523,4.5386524,5.1186523,5.6186523,5.278652,5.298652,5.8886523,6.9086523,7.3486524,7.338652,6.258652,5.3286524,4.5586524,6.108652,2.8386524,1.3686523,1.0386523,-0.37134767,-3.3113477,-1.7013477,-0.76134765,-2.9813476,-1.8013476,0.87865233,-1.2213477
4.1186523,6.6886525,0.028652344,-2.1913476,-1.2613477,-1.4213476,0.19865234,1.2986523,1.0486523,0.7086523,1.6286523,2.0086524,3.0186524,3.9486523,4.258652,3.3486524,3.8086524,3.7386522,4.738652,3.5786524,3.8286524,4.6986523,5.7086525,4.1386523,4.6486526,4.508652,4.9486523,4.608652,4.318652,3.9286523,3.1286523,3.4186523,4.1486526,4.358652,4.7186522,5.088652,4.4286523,4.9586525,5.4086523,5.8786526,6.0186524,6.9186525,6.1786523,5.7186522,3.3086524,3.3486524,4.0786524,1.1686523,0.86865234,1.0586524,0.6486523,1.5786524,1.0286523,5.048652,3.7386522,3.5586524,6.4086523,6.488652
2.6386523,1.5486523,2.5186524,0.32865235,0.37865233,0.96865237,1.6486523,2.1186523,1.6086524,-0.34134766,1.0486523,5.8686523,3.7486525,4.1686525,4.1986523,3.8486524,3.6286523,3.9986525,5.7186522,4.7186522,4.548652,5.8886523,6.6186523,5.238652,4.6386523,4.8986526,5.1386523,5.4986525,4.298652,5.048652,4.008652,4.3986526,3.8486524,4.3686523,4.568652,4.7086525,4.8286524,4.0786524,5.2086525,6.0186524,5.608652,5.838652,5.8286524,3.6886523,4.108652,2.0886524,2.0886524,0.73865235,-0.83134764,-1.3013476,5.9386525,7.9086523,4.8686523,3.7086523,5.6586523,6.238652,5.9586525,5.8286524
0.19865234,1.0286523,1.6886524,0.5886524,0.68865234,0.79865235,1.8386524,1.2986523,1.0186523,2.9386523,4.4386525,4.6486526,4.4486523,5.488652,4.5386524,4.9486523,4.778652,5.4986525,6.8986526,6.6186523,6.4486523,5.858652,6.5586524,6.1286526,5.6186523,5.1386523,5.4986525,5.1986523,5.1386523,5.238652,4.9386525,4.7186522,3.9986525,3.5586524,4.108652,5.338652,3.9986525,5.2486525,5.4486523,5.8086524,6.528652,6.4586525,4.1886525,3.5486524,3.3786523,2.2886524,0.42865235,-0.09134766,-0.58134764,-0.88134766,5.2186522,4.548652,5.3786526,3.3186524,1.9686524,7.3986526,9.758653,9.828652
-0.16134766,1.2486523,-0.25134766,0.93865234,-0.14134766,0.038652346,0.46865234,-0.41134766,-0.041347656,0.98865235,1.4286523,2.8086524,4.1986523,4.588652,4.4086523,4.528652,4.5986524,5.1786523,6.568652,6.4986525,6.3986526,6.608652,6.1786523,6.1486526,6.1386523,5.3686523,5.5386524,5.568652,5.1886525,5.5386524,5.6986523,4.508652,4.238652,3.3086524,3.7586524,4.3786526,3.4286523,3.9186523,5.5986524,5.588652,5.8486524,5.2886524,2.9786522,3.2186522,1.5986524,1.3786523,-0.65134764,-2.1413476,-1.5413476,2.9786522,4.5186524,4.0186524,2.9086523,1.4586524,1.3186524,5.2286525,7.318652,6.9986525
0.8886523,0.018652344,-0.24134766,0.30865234,0.24865234,-0.6113477,-0.29134765,-0.8513477,-0.95134765,-0.011347656,0.87865233,3.3486524,4.2186522,4.3086524,3.3286524,3.5986524,5.3786526,5.6886525,6.048652,6.2186522,5.8486524,6.2286525,6.0986524,5.608652,5.3286524,6.048652,5.318652,5.0186524,5.4986525,4.4586525,4.6686525,4.0186524,4.008652,3.7986524,3.8786523,3.3086524,2.6686523,3.9586523,5.6586523,5.2886524,5.0586524,4.5786524,3.7386522,1.9486524,0.65865237,-0.18134765,-0.90134764,-2.8013477,-2.2613478,0.16865234,2.2986524,2.9086523,2.2586524,2.2286522,1.7386523,2.4286523,4.3986526,4.6986523
0.86865234,0.85865235,1.1986524,-0.26134765,1.8386524,0.53865236,-0.87134767,-1.0013477,-0.021347657,0.25865233,2.8086524,2.6186523,-0.26134765,0.42865235,1.6586523,4.008652,5.6986523,5.8686523,5.9686522,6.1786523,5.9986525,6.2086525,5.608652,5.8886523,5.6386523,5.9386525,5.298652,5.1686525,3.9586523,3.9586523,4.588652,4.318652,3.7586524,3.0586524,3.3686523,2.7586524,3.4486523,4.338652,5.0586524,4.3986526,4.4186525,3.4086523,2.3386524,1.6286523,0.7586523,-0.15134765,-0.46134767,-0.72134763,-0.26134765,-0.43134767,0.85865235,3.1486523,1.3686523,1.5786524,0.61865234,-0.20134765,1.2786523,2.9386523
0.23865235,2.4686522,4.1486526,1.6286523,1.9786524,0.24865234,0.39865234,-2.4113476,-0.34134766,3.8886523,2.7086523,0.43865234,0.028652344,0.84865236,2.8486524,2.9586523,3.8186524,6.0386524,5.588652,5.6586523,5.8886523,5.7086525,5.778652,5.7286525,5.8286524,6.6786523,3.6986523,4.4186525,3.8886523,4.2086525,5.4086523,3.4986525,4.7886524,2.9886522,3.1386523,2.2686524,3.5186524,5.6886525,4.8686523,5.2086525,3.7286522,2.3086524,1.7686523,1.5386523,0.92865235,-0.39134765,-0.16134766,0.25865233,0.37865233,-0.33134764,0.27865234,2.1786523,0.5186523,0.87865233,-0.021347657,0.42865235,0.12865235,1.1486523
2.8886523,2.7686524,2.9086523,1.6786523,-1.5013477,-1.7213477,-2.2013476,-1.6013477,1.5586524,1.4386524,0.59865236,0.99865234,0.86865234,-0.7913477,-0.13134766,0.61865234,3.9286523,4.5986524,4.738652,4.9786525,5.588652,5.6886525,5.7086525,5.7286525,5.798652,5.6586523,3.7786524,4.278652,3.9886522,4.4386525,4.0386524,3.7186522,3.7286522,2.8586524,2.7286522,1.9386524,2.0586524,2.9186523,3.7586524,3.2786524,2.5786524,1.8186524,1.0086523,0.60865235,-0.011347656,-0.51134765,-0.75134766,-0.051347658,0.118652344,-0.22134766,-0.25134766,0.16865234,-0.27134764,-0.15134765,0.038652346,-0.051347658,0.22865234,0.71865237
-0.63134766,1.5986524,2.6686523,1.9086523,-0.41134766,0.52865237,0.058652345,3.6586523,2.1486523,-1.2713476,-1.7813476,-0.64134765,-0.39134765,-2.3913476,-2.8213477,0.118652344,-2.3013477,0.44865236,0.30865234,3.1686523,3.5986524,5.2486525,5.6886525,5.6386523,5.4086523,3.9086523,3.5586524,3.4186523,3.8186524,3.4486523,3.6986523,2.0986524,0.33865234,2.5486524,3.1086524,0.6986523,1.7786523,0.85865235,1.9186523,2.2286522,1.8286524,2.0686524,0.96865237,-0.20134765,-0.24134766,-0.40134767,-0.90134764,-0.051347658,0.058652345,-0.17134766,-0.09134766,-0.19134766,-0.41134766,-0.30134764,-0.47134766,-0.38134766,-0.031347655,0.19865234
-1.1813476,2.3086524,2.4986525,0.39865234,-1.2313477,-0.32134765,-1.6513476,-1.1813476,-0.33134764,1.9186523,-2.3413477,-2.6213477,0.91865236,-0.53134763,-4.2313476,-4.991348,-5.221348,0.038652346,4.588652,6.548652,5.4186525,2.7786524,3.1486523,3.8986523,4.3086524,2.7586524,3.3886523,2.4886522,3.2986524,3.0486524,1.8786523,4.4286523,4.4486523,2.3086524,0.81865233,-0.31134766,0.52865237,0.66865236,1.3886523,1.0186523,1.6386523,1.5886524,-0.16134766,-0.16134766,-0.20134765,-0.37134767,-0.64134765,-0.46134767,-1.2113477,-0.89134765,-0.90134764,-0.83134764,-0.6613476,-0.7313477,-0.75134766,-0.41134766,-0.061347656,-0.031347655
-1.1513476,-1.5413476,-4.3813477,-0.9913477,-0.5413477,-0.17134766,0.15865235,0.25865233,-3.5213478,-4.3813477,-0.68134767,-5.951348,-3.4513476,0.29865235,-1.6213477,-6.5013475,-2.7513475,-3.7813478,0.26865235,0.59865236,1.3086524,1.0586524,1.8386524,2.2686524,-0.11134765,0.24865234,1.5086523,1.0486523,1.3086524,1.8186524,2.9986525,2.9386523,1.4486524,-3.6213477,-2.6313477,-4.2813478,-1.2313477,-0.051347658,1.4086523,0.9486523,1.2486523,0.118652344,-0.27134764,-0.83134764,-1.1413476,-1.3613477,-1.4313476,-2.1813476,-2.3013477,-1.4713477,-1.6513476,-1.5513476,-0.39134765,-0.6113477,-0.38134766,-1.1713476,-0.46134767,0.09865234
-5.9013476,-5.8513474,-10.031347,-11.301348,-7.8413477,-2.3313477,-1.4513477,-3.2013476,-6.6313477,-8.381348,-9.201347,-6.1113477,-7.5513477,-7.991348,-7.181348,-7.911348,-9.781347,-3.3113477,-7.7913475,-0.44134766,-0.21134765,0.55865234,-0.32134765,0.78865236,-0.82134765,0.16865234,0.86865234,1.8686523,2.5786524,3.1486523,0.20865235,-0.22134766,-2.6613476,-6.2713475,-4.7813478,-4.5713477,-3.5413477,-0.39134765,1.2886523,-1.2913476,-0.39134765,-0.30134764,-0.94134766,-1.7413477,-1.7213477,-2.7313476,-2.8113477,-2.2513475,-2.5213478,-1.8613477,-1.9213476,-1.4913477,-0.40134767,-0.64134765,-0.71134764,0.118652344,-0.41134766,-1.0513476
-7.701348,-9.031347,-7.8713474,-1.0113477,-4.491348,-3.8613477,-5.6213474,-6.7513475,-8.221348,-8.061348,-8.571347,-8.881348,-8.611347,-8.7913475,-9.031347,-9.451347,-8.7913475,-9.311348,-11.301348,-13.741347,-13.431348,-10.801348,-9.271348,-7.511348,-4.1713476,-0.13134766,-0.64134765,0.7586523,0.008652343,-1.1213477,-5.2913475,-7.0013475,-2.6513476,-3.2713478,-2.6613476,-2.4213476,-2.3513477,-2.6113477,-3.4413476,-2.4113476,-0.53134763,-0.7913477,-1.2813476,-2.0913477,-2.0813477,-3.3313477,-3.4713476,-2.6513476,-2.5113478,-2.3613477,-2.0413477,-1.2213477,-0.47134766,-0.7313477,-0.63134766,0.018652344,-1.1113477,-1.1513476
-6.9813476,-7.6713476,-7.1313477,-9.821347,-8.261348,-5.681348,-5.2913475,-6.3513474,-7.7813478,-8.401348,-8.901348,-7.5913477,-8.181348,-9.311348,-9.811348,-10.631348,-10.531347,-9.961348,-9.841348,-11.661347,-12.7913475,-12.551348,-11.0413475,-8.201347,-8.261348,-6.7113476,-2.1313477,0.72865236,-1.4213476,0.34865233,-0.56134766,-0.9213477,-2.3913476,-0.40134767,-0.95134765,-2.9413476,-3.6613476,-1.2913476,2.0286524,-0.16134766,-0.88134766,-1.4413476,-2.9913476,-2.3913476,-1.9813477,-2.6113477,-3.0513477,-2.2413476,-1.8713477,-2.3013477,-1.4613477,-1.4513477,-0.65134764,-0.37134767,-1.8513477,-1.6513476,-0.95134765,-1.2213477
-2.7113476,-3.9013476,-5.471348,-4.3113475,-5.5213475,-4.241348,-3.7213476,-4.9613476,-5.6513476,-8.181348,-9.941348,-8.391348,-8.451347,-8.871347,-9.011348,-10.681348,-11.701347,-12.561348,-13.411347,-12.761348,-12.781347,-11.5413475,-11.601348,-9.501348,-8.231348,-7.391348,-6.9413476,-6.3513474,-2.1313477,1.7586523,-0.78134763,0.25865233,-2.6413476,-6.891348,-5.5013475,-4.6313477,-5.6713476,-5.7313476,-4.9013476,-5.911348,-4.681348,-2.6313477,-3.0013475,-3.2013476,-2.7613478,-2.2313476,-1.8713477,-1.3513477,-0.29134765,-1.4313476,-1.6113477,-0.25134766,-0.37134767,-0.31134766,-0.7913477,-0.45134765,-1.4313476,-2.4013476
-3.5513477,-6.2913475,-1.6913476,-3.1313477,-1.8313477,-3.4913476,-1.9213476,-3.2213476,-4.3413477,-7.991348,-8.971348,-7.3013477,-7.721348,-8.221348,-7.761348,-10.201347,-11.451347,-12.271348,-12.121347,-13.521348,-13.061348,-11.551348,-9.851348,-10.421348,-8.411347,-8.551348,-7.431348,-8.621347,-9.181348,-9.471348,0.14865234,-0.71134764,-2.9213476,-6.7713475,-10.241347,-6.4013476,-7.4813476,-6.7813478,-6.4413476,-5.2313476,-3.9013476,-1.6713476,-2.1313477,-3.0313478,-2.5213478,-1.7613477,-1.4513477,-0.8613477,-0.17134766,-0.7913477,-0.23134765,-0.11134765,-0.24134766,-0.061347656,0.038652346,-1.5913477,-2.3213477,-2.8013477
-3.3113477,-3.0713477,-2.1813476,-5.391348,-4.1913476,-1.3213477,-0.90134764,-1.7413477,-3.2313476,-0.32134765,-4.1513476,-6.161348,-7.6013474,-8.011348,-7.7913475,-8.661347,-10.431348,-12.571347,-10.781347,-10.571347,-13.331347,-12.331347,-12.621347,-13.001348,-12.711348,-11.311348,-9.871347,-10.231348,-11.021348,-11.781347,-13.131348,-1.4313476,-0.70134765,-2.9613476,-5.1713476,-8.391348,-6.6113477,-7.5713477,-7.7513475,-6.8413477,-5.4413476,-3.9313476,-2.3113477,-3.7813478,-1.5913477,-0.6713477,-1.8913476,-3.7413476,-2.7113476,-1.8413477,-1.3713477,-0.5413477,-0.71134764,-0.95134765,-0.42134765,-2.7113476,-2.7213476,-4.511348
