public/data/weather/current/current-wind-isobaric-1000hPa-gfs-1.0.json
{"header": { "discipline":0, "disciplineName":"Meteorological products", "gribEdition":2, "gribLength":80330, "center":7, "centerName":"US National Weather Service - NCEP(WMC)", "subcenter":0, "refTime":"2019-10-05T00:00:00.000Z", "significanceOfRT":1, "significanceOfRTName":"Start of forecast", "productStatus":0, "productStatusName":"Operational products", "productType":1, "productTypeName":"Forecast products", "productDefinitionTemplate":0, "productDefinitionTemplateName":"Analysis/forecast at horizontal level/layer at a point in time", "parameterCategory":2, "parameterCategoryName":"Momentum", "parameterNumber":3, "parameterNumberName":"V-component_of_wind", "parameterUnit":"m.s-1", "genProcessType":2, "genProcessTypeName":"Forecast", "forecastTime":0, "surface1Type":100, "surface1TypeName":"Isobaric surface", "surface1Value":95000.0, "surface2Type":255, "surface2TypeName":"Missing", "surface2Value":0.0, "gridDefinitionTemplate":0, "gridDefinitionTemplateName":"Latitude_Longitude", "numberPoints":65160, "shape":6, "shapeName":"Earth spherical with radius of 6,371,229.0 m", "gridUnits":"degrees", "resolution":48, "winds":"true", "scanMode":0, "nx":360, "ny":181, "basicAngle":0, "lo1":0.0, "la1":90.0, "lo2":359.0, "la2":-90.0, "dx":1.0, "dy":1.0 }, "data":
[rows 26 to 51 of 181, columns 295 to 353 of 360]
-1.9125196,-18.58252,-19.392519,-15.39252,-7.1425195,-9.10252,-15.47252,-18.24252,-19.03252,-19.31252,-19.632519,-20.542519,-18.61252,-12.272519,-4.0725193,-1.9625195,-2.0925195,-4.6525197,-5.6825194,-3.2725196,-7.1925197,-10.51252,-13.8725195,-14.702519,-15.39252,-21.392519,-20.142519,-16.99252,-8.54252,-4.7825193,-1.6025195,0.6374805,2.8474805,5.2774806,7.3474803,9.807481,12.347481,13.36748,14.20748,15.847481,15.937481,15.57748,15.35748,13.967481,7.7274804,12.16748,13.03748,7.9374804,0.42748046,2.1274805,6.9574804,8.977481,11.91748,12.19748,12.257481,11.77748,9.797481,8.23748,7.4474807
-7.3425198,-2.8425195,-14.04252,-19.67252,-17.382519,-10.96252,-13.59252,-18.69252,-19.712519,-19.59252,-18.91252,-19.08252,-20.74252,-20.50252,-9.242519,-5.5825195,-6.4525194,-7.8725195,-4.5825195,-6.9625196,-13.532519,-19.91252,-22.91252,-11.88252,-31.61252,-17.40252,-11.01252,-8.05252,-5.9425197,-3.1225195,0.027480468,3.4174805,6.3074803,8.217481,9.687481,10.99748,12.547481,13.977481,13.82748,15.637481,15.557481,16.32748,16.67748,14.677481,13.097481,10.57748,9.24748,10.507481,10.8774805,11.3774805,12.297481,13.53748,13.69748,12.41748,12.94748,11.45748,10.40748,9.36748,7.4474807
-17.44252,-12.22252,-4.3725195,-15.17252,-19.40252,-14.42252,-13.282519,-18.712519,-20.81252,-20.18252,-19.43252,-18.472519,-18.78252,-19.45252,-19.84252,-13.652519,-5.6525197,-5.6625195,-5.5225196,-14.09252,-18.12252,-20.61252,-20.70252,-33.52252,-21.95252,-16.81252,-13.952519,-10.47252,-6.7725196,-2.3725195,1.6274805,5.5174804,9.187481,12.337481,13.887481,15.477481,16.39748,17.79748,15.807481,15.23748,14.82748,13.797481,11.66748,10.66748,16.63748,15.70748,15.347481,14.53748,14.217481,14.23748,14.03748,13.91748,14.28748,13.967481,13.267481,12.11748,11.60748,10.24748,7.4774804
-10.79252,-13.59252,-12.58252,-9.04252,-17.44252,-14.72252,-14.43252,-18.74252,-20.892519,-20.06252,-19.36252,-18.57252,-17.43252,-17.60252,-17.83252,-18.07252,-18.382519,-13.152519,-4.9725194,-4.7725196,-3.9225194,-12.25252,-24.32252,-35.36252,-22.65252,-18.35252,-14.442519,-7.5725193,-1.5625196,3.0574806,7.6574802,11.847481,14.85748,17.207481,19.08748,20.037481,20.34748,20.21748,19.22748,18.46748,17.357481,14.90748,14.39748,12.14748,8.78748,14.097481,18.00748,17.027481,16.027481,15.967481,16.32748,15.8774805,14.66748,13.23748,12.77748,12.32748,11.467481,10.39748,9.19748
-8.322519,-10.35252,-10.58252,-13.652519,-13.05252,-17.44252,-15.492519,-18.49252,-19.882519,-19.16252,-18.882519,-17.91252,-16.11252,-15.8725195,-16.68252,-17.132519,-16.632519,-15.812519,-18.01252,-12.18252,-0.57251954,-1.1325195,-30.552519,-31.132519,-22.26252,-18.462519,-13.33252,-7.4825196,0.30748045,8.137481,10.837481,12.6274805,13.1274805,18.80748,22.30748,23.51748,23.05748,22.34748,21.43748,20.117481,18.46748,17.63748,15.1274805,12.94748,10.45748,7.8574805,7.5274806,19.88748,17.88748,16.46748,16.05748,15.65748,14.94748,14.27748,12.66748,11.78748,11.06748,9.977481,7.8274803
-6.0425196,0.28748047,-4.4825196,-18.03252,-17.91252,-18.06252,-19.34252,-17.59252,-18.59252,-17.972519,-17.60252,-16.82252,-15.76252,-15.412519,-15.14252,-15.652519,-16.042519,-14.92252,-10.492519,-4.3425198,-6.3625197,-4.2525196,-19.84252,-27.892519,-17.18252,-14.522519,-9.54252,-4.1225195,1.5274805,9.39748,17.00748,14.6274805,14.60748,19.24748,22.707481,25.55748,25.16748,22.75748,21.79748,21.027481,19.56748,17.537481,15.687481,13.017481,9.49748,7.1374803,4.0174804,12.187481,21.42748,19.22748,18.29748,15.95748,14.82748,13.837481,13.887481,11.98748,10.047481,8.927481,7.9074802
-5.9825196,-8.562519,-1.3625195,-8.25252,-22.06252,-21.632519,-19.62252,-18.542519,-17.142519,-16.802519,-16.69252,-16.69252,-16.06252,-15.10252,-14.71252,-14.33252,-13.282519,-11.982519,-12.67252,-10.772519,-11.39252,-10.862519,-13.08252,-18.36252,-17.16252,-8.662519,-5.3025193,-1.3425195,3.5674806,7.8774805,10.65748,13.687481,18.42748,21.09748,21.30748,24.51748,24.34748,21.867481,20.947481,20.71748,19.51748,16.867481,14.90748,12.61748,9.65748,5.8474803,3.3874805,0.7674805,23.34748,21.66748,21.367481,19.21748,17.14748,14.767481,14.61748,14.307481,13.467481,11.95748,6.2374806
-11.21252,-9.822519,-7.0025196,-5.3325195,-15.25252,-22.26252,-20.23252,-17.12252,-16.23252,-17.01252,-16.892519,-17.01252,-16.40252,-14.782519,-13.63252,-11.6225195,-10.08252,-9.09252,-8.00252,-8.09252,-8.942519,-9.64252,-9.18252,-12.46252,-13.79252,-10.25252,-6.8025193,-3.9525194,0.27748048,4.8674803,8.35748,16.82748,19.63748,20.13748,19.50748,22.90748,20.607481,19.65748,19.447481,19.08748,17.42748,14.8774805,13.20748,11.767481,9.02748,5.6074805,3.5574806,-1.7225195,18.62748,23.34748,21.91748,20.87748,19.29748,17.04748,15.337481,15.32748,15.07748,13.65748,11.86748
-11.8725195,-11.43252,-11.25252,-13.47252,-5.3725195,-13.8725195,-18.16252,-16.02252,-15.612519,-16.392519,-16.26252,-15.6225195,-14.862519,-13.84252,-11.612519,-9.532519,-7.5925198,-5.9825196,-6.0025196,-6.2625194,-5.3925195,-6.3425198,-6.9425197,-6.9025197,-7.5625196,-7.9525194,-7.0825195,-5.2025194,-3.4825196,2.6474805,12.69748,15.717481,16.957481,17.74748,19.15748,17.24748,17.277481,17.34748,17.05748,16.12748,14.23748,12.427481,10.977481,10.137481,8.39748,5.4974804,3.7974806,1.7674805,5.3874803,22.37748,21.99748,20.617481,19.51748,18.15748,14.52748,13.057481,14.06748,12.387481,10.65748
-9.18252,-10.83252,-11.152519,-10.982519,-13.062519,-5.8625197,-9.902519,-15.64252,-16.042519,-15.55252,-15.46252,-14.92252,-12.492519,-11.04252,-8.04252,-6.3525195,-6.0725193,-5.5625196,-6.7125196,-5.8725195,-4.4225197,-5.0925198,-6.4325194,-7.3825197,-6.4825196,-5.9825196,-5.0625196,-3.9325194,-0.95251954,4.1474805,8.23748,11.507481,13.39748,14.57748,14.727481,15.06748,15.57748,14.517481,14.007481,12.337481,11.28748,10.047481,9.32748,7.7174807,7.5874805,6.1274805,4.7474804,3.3574805,1.7974805,19.46748,21.117481,21.01748,19.32748,17.42748,15.20748,11.31748,12.187481,11.307481,9.547481
-12.47252,-13.05252,-9.60252,-7.7125196,-8.732519,-5.5225196,-8.96252,-10.97252,-14.1225195,-14.612519,-14.46252,-13.05252,-8.482519,-5.7825193,-5.0725193,-5.1025195,-5.7525196,-6.4525194,-5.8525195,-5.2525196,-3.3425195,-3.8625195,-4.9825196,-5.1525197,-4.5925198,-3.9625196,-3.1825194,-1.4925195,1.1074805,3.4474804,6.5174804,8.927481,10.187481,11.44748,12.637481,13.19748,12.467481,11.41748,11.087481,9.477481,7.4374804,6.4774804,6.0574803,6.0274806,8.44748,7.7774806,6.2774806,5.6374803,2.1574805,11.307481,19.67748,20.38748,18.87748,15.977481,14.48748,12.137481,9.20748,8.52748,6.4174805
-7.3325195,-6.7625194,-8.3725195,-8.22252,-6.2525196,-7.4225197,-6.6525197,-6.3625197,-7.5425196,-8.902519,-10.862519,-9.862519,-8.38252,-7.0325193,-5.9225197,-5.6125197,-5.6225195,-5.5925198,-5.3925195,-5.4425197,-4.9525194,-2.9525194,-3.7225196,-4.1825194,-4.5325193,-3.8425195,-3.0825195,-1.4925195,0.9774805,2.8774805,4.3674803,6.4474807,8.687481,9.78748,9.94748,9.797481,10.177481,9.597481,8.677481,6.1474805,4.7274804,3.1474805,3.1574805,8.297481,10.337481,10.23748,7.6374803,6.6574802,5.4774804,7.6474805,19.04748,20.57748,19.037481,16.027481,13.3774805,11.03748,6.7574806,3.6374805,3.2374804
-5.3825197,-5.0725193,-4.5325193,-8.192519,-5.2425194,-6.5425196,-6.2425194,-6.1625195,-6.0925198,-10.032519,-7.6725197,-5.4825196,-6.3625197,-7.1925197,-5.8025193,-5.3425198,-5.0425196,-4.7125196,-3.9025195,-3.6625195,-3.2725196,-3.3025196,-3.2925196,-3.8625195,-3.5525196,-3.2725196,-2.5125196,-1.1325195,0.67748046,1.9774804,3.3374805,5.4174805,7.7074804,8.297481,8.64748,8.087481,7.6774807,6.6774807,4.8374805,2.9574804,5.7674804,5.8474803,9.19748,10.1274805,10.937481,10.687481,9.69748,6.6374803,3.7674804,5.9674807,17.947481,20.59748,18.75748,16.01748,13.27748,6.7574806,5.5274806,1.5374805,0.79748046
-3.7825196,-3.8925195,-5.2825193,-9.14252,-9.01252,-10.09252,-10.79252,-8.43252,-8.01252,-8.80252,-7.1425195,-5.5725193,-3.0325196,-3.7025194,-5.2225194,-5.4625196,-4.5425196,-4.0325193,-3.8025196,-3.7025194,-3.0825195,-2.9425194,-2.5925195,-2.3025196,-1.8025196,-1.3625195,-1.2225195,-0.6125195,-0.042519532,2.1274805,5.8774805,6.5474806,6.6074805,6.6374803,6.4674807,5.5774803,4.6174803,4.1374803,2.9674804,3.0774806,2.2474804,7.7774806,9.637481,9.3774805,8.57748,9.39748,8.31748,8.16748,4.8274803,7.2774806,17.037481,20.39748,18.06748,15.637481,12.267481,8.19748,5.0174804,1.3574805,-1.2925196
-10.51252,-11.01252,-11.532519,-11.50252,-10.732519,-9.952519,-9.522519,-5.4425197,-1.5025195,-3.5625196,-4.8225193,-4.3725195,-3.1625195,-2.8125196,-3.7225196,-3.9125195,-3.4425194,-2.9725196,-2.2825196,-1.9125196,-2.1625195,-2.4025195,-2.3825195,-1.7225195,-1.0725195,-0.26251954,0.99748045,1.4774804,2.7074804,3.4174805,4.2374806,4.3774805,4.5674806,4.2274804,4.2974806,3.1074805,2.1774805,2.3974805,0.61748046,3.8874805,7.5974803,7.9974804,7.8974805,7.4174805,7.6874804,7.3474803,6.2974806,7.7674804,4.6174803,9.347481,18.41748,20.287481,17.83748,14.20748,10.437481,7.9574804,4.4674807,1.7174804,-0.8425195
-4.5125194,-11.522519,-10.38252,-10.402519,-9.39252,-8.742519,-6.1625195,-4.7825193,-3.1525195,-6.3625197,-6.2925196,-4.4825196,-1.8625195,-2.1625195,-2.7025194,-2.8925195,-2.6625195,-1.8825195,-1.2725196,-0.55251956,-0.27251953,-0.29251954,-0.12251953,-0.16251953,0.077480465,0.47748047,0.7274805,0.09748047,1.0274805,1.7474805,2.9074805,3.9774804,3.5874805,3.0774806,2.2074804,1.6574805,0.34748048,0.6374805,5.2774806,6.7674804,6.6674805,6.9674807,6.6174803,6.5274806,6.1974807,5.8874803,3.6774805,4.6974807,5.9474807,6.6374803,18.98748,18.25748,16.07748,12.57748,8.937481,7.4074802,4.6574802,2.1574805,0.5974805
-12.732519,-10.662519,-13.272519,-11.96252,-8.51252,-8.71252,-8.59252,-4.2425194,-6.5525193,-5.1425195,-3.8925195,-3.5525196,-0.95251954,0.10748047,0.32748047,-0.22251953,-2.0425196,-1.5925195,-0.58251953,-0.5925195,-0.5425195,-0.70251954,-0.55251956,-0.42251953,0.17748047,0.66748047,0.43748048,0.17748047,0.8874805,1.0074805,1.8474804,1.9374804,2.8274806,2.1474805,1.5874804,0.87748045,1.7574805,3.6374805,6.2074804,5.8674803,5.5474806,5.4974804,5.6274805,4.9674807,4.5374804,4.1674805,3.4774804,2.9674804,1.7474805,18.30748,16.957481,15.98748,13.64748,10.28748,7.6074805,6.4274807,4.1974807,1.9974805,0.66748047
-13.13252,-11.60252,-12.39252,-10.062519,-8.742519,-9.59252,-8.64252,-6.5125194,-4.2625194,-2.1525195,-1.0925195,0.86748046,0.7674805,0.69748044,0.7674805,1.2274804,0.79748046,-0.17251953,-0.07251953,0.36748046,0.7874805,0.48748046,-0.45251954,-0.07251953,0.21748047,0.55748045,-0.18251953,0.9674805,0.5174805,1.3774805,0.73748046,1.4774804,1.7674805,0.5974805,1.0174805,0.99748045,3.7074804,4.4874806,5.0874805,5.1774807,4.7574806,3.4774804,3.0974805,2.7074804,2.7274804,1.9174805,1.9274805,0.077480465,13.48748,15.73748,14.86748,13.74748,11.597481,8.53748,7.1774807,5.2574806,3.8074806,2.0874805,1.9474804
-13.6225195,-11.272519,-13.362519,-13.08252,-10.662519,-10.772519,-8.47252,-6.4425197,-5.4325194,-2.9625196,-2.0225196,0.09748047,0.87748045,1.8374804,3.1274805,3.6274805,3.2974806,3.0274804,2.4674804,1.9874805,1.4674804,0.8474805,-0.012519531,0.5974805,0.43748048,1.2574805,0.39748046,-0.21251953,0.5774805,0.37748048,0.7174805,1.3774805,1.5874804,0.48748046,0.48748046,2.5074804,3.8574805,4.3174806,3.5474806,3.4674804,2.4374804,0.41748047,0.20748048,0.30748045,0.27748048,0.99748045,-1.7125195,3.7974806,13.007481,12.98748,12.03748,11.36748,8.517481,6.8474803,6.4774804,4.8574805,2.7274804,2.0374804,1.0974804
-12.10252,-12.60252,-13.192519,-14.272519,-11.522519,-10.492519,-8.312519,-7.1125197,-4.9225197,-3.6025195,-4.4325194,-2.1725194,0.38748047,0.05748047,-0.07251953,-0.06251953,1.8774805,0.81748044,3.0374804,2.9674804,2.9674804,1.6874804,0.8374805,1.1274805,0.24748047,1.3174804,0.17748047,0.79748046,0.48748046,1.5774804,1.0774804,-0.09251953,1.0074805,0.8374805,1.0774804,0.92748046,2.1574805,1.7374805,2.6474805,1.4174805,-1.1625196,-2.7225196,-2.3925195,-3.3825195,-0.7925195,-1.0425196,2.0274804,8.16748,10.757481,10.8774805,9.467481,8.77748,6.3774805,6.4874806,4.4374804,3.5174804,2.2974806,1.7974805,0.5374805
-12.062519,-12.912519,-15.38252,-14.89252,-11.902519,-10.97252,-11.22252,-10.25252,-6.6325197,-6.3225193,-3.2825196,0.24748047,2.6374805,7.1674805,7.5774803,6.6774807,6.4774804,5.0074806,3.4774804,2.3274806,3.1074805,2.0174804,0.8374805,1.0174805,0.8374805,-0.56251955,-0.29251954,0.16748047,1.0574805,1.1974804,0.32748047,0.13748047,0.08748047,0.87748045,0.35748047,0.32748047,1.1474805,-0.50251955,-1.3225195,-2.5425196,-2.3025196,-2.2025194,-3.8025196,-4.4525194,-1.9425195,0.75748044,5.0274806,7.2374806,9.78748,8.74748,8.24748,7.0874805,4.8674803,5.0674806,2.7074804,1.8774805,1.2474805,0.45748046,-0.24251953
-13.732519,-14.812519,-15.442519,-15.6225195,-13.952519,-12.25252,-11.64252,-13.162519,-9.532519,-9.192519,-2.4325194,5.4274807,6.5874805,7.7574806,6.2874804,5.3074803,4.1374803,2.1874804,1.6774805,2.1074805,1.5174805,0.74748045,0.5174805,1.6274805,1.4774804,1.3174804,1.3174804,0.8874805,0.62748045,0.13748047,1.0074805,-0.14251953,0.5374805,0.54748046,-0.6025195,-0.7325195,-0.8425195,-1.5925195,-2.7525196,-2.3625195,-3.1825194,-3.8325195,-4.5725193,-3.9425194,-4.3825197,2.1574805,6.0674806,6.7474804,10.03748,9.85748,7.7174807,4.3174806,4.6274805,1.8474804,1.6874804,-0.9225195,-2.3825195,-0.42251953,0.79748046
-15.242519,-15.83252,-15.59252,-14.282519,-16.12252,-17.53252,-19.74252,-20.03252,0.22748047,6.5574803,12.097481,7.7074804,10.767481,10.16748,9.307481,4.5474806,4.4074802,7.7874804,7.9874806,6.7374806,4.5874805,2.9474804,3.5674806,3.4874804,3.4574804,2.8274806,2.7574804,2.4874804,1.9074805,1.6074805,0.92748046,1.5174805,1.7974805,0.5274805,-0.6125195,-1.3625195,-2.4025195,-3.4825196,-3.0225196,-3.8925195,-4.2625194,-4.2025194,-4.0325193,-4.4925194,-3.4325194,4.8574805,3.3774805,5.0274806,9.547481,7.8174806,6.2074804,3.3274806,3.0774806,1.5674804,-0.7725195,-3.7525196,-4.9325194,-0.30251953,-1.7625195
-14.97252,-16.382519,-15.67252,-16.34252,-17.49252,-21.95252,-14.10252,-3.0525196,1.4974805,-0.6525195,2.9874804,4.0574803,8.53748,13.807481,15.267481,12.07748,10.807481,12.257481,11.98748,8.03748,5.0674806,4.2074804,5.0074806,5.1574802,4.7874804,3.0074804,2.6974804,3.2674804,2.8574805,1.9474804,1.2674805,0.5374805,0.29748046,-0.64251953,-1.0925195,-1.8525195,-3.4725196,-3.8525195,-5.3225193,-4.7325196,-5.4825196,-5.3025193,-4.6925197,-3.6325195,2.3874805,2.2174804,1.9774804,3.4774804,7.5274806,4.8074803,3.4774804,2.1974804,1.1774805,-0.32251954,-2.5525196,-4.8725195,-5.9725194,-0.63251954,0.5774805
-14.652519,-14.242519,-14.75252,-16.042519,-20.07252,-11.952519,-6.1225195,-4.0125194,1.7674805,1.3074805,14.15748,27.87748,27.51748,22.47748,14.427481,12.57748,10.74748,12.587481,10.98748,8.81748,7.2474804,6.1074805,4.9674807,4.8274803,4.7574806,4.5474806,3.8374805,2.8374805,2.4974804,1.7674805,1.0174805,0.047480468,-0.39251953,-1.0225196,-2.1925194,-2.4425194,-3.7925196,-4.9725194,-5.9325194,-6.3925195,-5.9925194,-4.8325195,-1.8825195,0.9574805,2.7374804,1.6274805,1.4274805,3.4474804,5.8474803,3.1074805,0.9074805,0.24748047,-1.0725195,-2.0525196,-3.8325195,-5.9725194,-6.6925197,-1.9525195,-2.0725195
-15.112519,-14.062519,-14.97252,-13.6225195,-12.442519,-10.952519,-3.6125195,1.3574805,5.5274806,11.307481,16.48748,20.40748,21.01748,19.46748,16.82748,14.31748,11.087481,10.507481,11.097481,10.937481,9.797481,8.757481,7.2674804,4.4274807,4.3874803,3.4074805,3.1274805,2.1074805,1.4874805,0.6374805,-0.22251953,-0.02251953,-1.1625196,-2.4025195,-3.3825195,-4.0125194,-4.9725194,-6.7725196,-5.1625195,-3.6325195,-1.0725195,-1.3125196,-0.06251953,1.7974805,0.7874805,0.67748046,0.9674805,2.8974805,3.8474805,1.1674805,-2.3325195,-0.39251953,-2.9725196,-3.4225194,-5.3625197,-6.6625195,-9.25252,-7.2625194,-3.1325195
