public/data/weather/current/current-wind-isobaric-700hPa-gfs-1.0.json
{"header": { "discipline":0, "disciplineName":"Meteorological products", "gribEdition":2, "gribLength":78117, "center":7, "centerName":"US National Weather Service - NCEP(WMC)", "subcenter":0, "refTime":"2019-10-05T00:00:00.000Z", "significanceOfRT":1, "significanceOfRTName":"Start of forecast", "productStatus":0, "productStatusName":"Operational products", "productType":1, "productTypeName":"Forecast products", "productDefinitionTemplate":0, "productDefinitionTemplateName":"Analysis/forecast at horizontal level/layer at a point in time", "parameterCategory":2, "parameterCategoryName":"Momentum", "parameterNumber":2, "parameterNumberName":"U-component_of_wind", "parameterUnit":"m.s-1", "genProcessType":2, "genProcessTypeName":"Forecast", "forecastTime":0, "surface1Type":100, "surface1TypeName":"Isobaric surface", "surface1Value":70000.0, "surface2Type":255, "surface2TypeName":"Missing", "surface2Value":0.0, "gridDefinitionTemplate":0, "gridDefinitionTemplateName":"Latitude_Longitude", "numberPoints":65160, "shape":6, "shapeName":"Earth spherical with radius of 6,371,229.0 m", "gridUnits":"degrees", "resolution":48, "winds":"true", "scanMode":0, "nx":360, "ny":181, "basicAngle":0, "lo1":0.0, "la1":90.0, "lo2":359.0, "la2":-90.0, "dx":1.0, "dy":1.0 }, "data":
[rows 100 to 124 of 181, columns 58 to 115 of 360]
-4.7876563,-6.117656,-7.887656,-8.217656,-7.8476562,-7.9376564,-7.9976563,-8.837656,-6.7076564,-6.737656,-5.7276564,-6.6476564,-7.3776565,-8.427656,-8.727656,-8.897656,-8.957656,-8.137656,-8.1076565,-7.157656,-6.5976562,-6.177656,-5.8576565,-5.7476563,-5.1876564,-5.887656,-6.6276565,-6.067656,-6.8776565,-8.157657,-9.787656,-10.797656,-10.907657,-11.237657,-11.307656,-11.657657,-12.827656,-12.757656,-12.747656,-13.387656,-13.647656,-13.457656,-13.747656,-12.667656,-12.527657,-12.887656,-12.057656,-11.227656,-11.017656,-11.467656,-12.047656,-11.657657,-12.197657,-12.367657,-13.1076565,-13.647656,-12.797656,-11.727656
-4.407656,-4.7276564,-6.3576565,-8.1076565,-8.447657,-6.7876563,-5.9776564,-6.067656,-7.697656,-7.737656,-7.527656,-6.6076565,-6.5376563,-6.677656,-6.8576565,-7.277656,-7.6876564,-8.027657,-8.097656,-7.8576565,-7.3576565,-7.837656,-6.2276564,-5.567656,-5.337656,-5.9176564,-6.2076564,-6.3976564,-5.777656,-6.137656,-7.987656,-8.877656,-9.907657,-9.8576565,-10.027657,-10.487657,-11.717656,-11.847656,-12.237657,-13.147656,-13.3176565,-13.887656,-14.147656,-13.947657,-12.407657,-11.517656,-11.8576565,-11.217656,-11.047656,-10.697657,-10.897656,-12.707656,-12.397656,-13.247656,-13.077656,-12.217656,-11.587656,-10.987657
-4.337656,-4.3276563,-4.817656,-6.2876563,-6.007656,-7.5176563,-6.7876563,-5.987656,-5.1876564,-5.4776564,-5.2276564,-5.1476564,-5.5976562,-5.817656,-5.8776565,-5.7876563,-6.2476563,-6.8976564,-7.277656,-6.9776564,-7.8076563,-7.447656,-7.1676564,-6.4776564,-5.0176563,-5.1076565,-5.4176564,-5.1676564,-4.987656,-5.3776565,-6.0976562,-6.867656,-7.5576563,-8.487657,-8.867657,-9.087656,-9.757656,-11.177656,-11.207656,-11.927656,-12.167656,-12.497656,-13.427656,-13.3176565,-12.487657,-11.637656,-11.037656,-10.677656,-10.287656,-10.847656,-11.997656,-13.247656,-13.477656,-13.697657,-12.5676565,-11.967656,-11.947657,-10.637656
-4.047656,-3.6176562,-4.5376563,-5.317656,-6.1076565,-6.2076564,-7.0976562,-6.837656,-7.2276564,-5.587656,-5.1676564,-4.9376564,-4.6876564,-5.157656,-5.3976564,-4.4176564,-4.5776563,-5.2476563,-6.1476564,-6.657656,-5.4776564,-6.4376564,-7.8776565,-7.2876563,-5.177656,-4.027656,-4.1676564,-3.6076562,-4.047656,-4.047656,-4.3276563,-4.947656,-5.547656,-6.487656,-7.0176563,-7.7876563,-8.597656,-9.177656,-10.227656,-10.577656,-10.927656,-11.117657,-11.507656,-12.117657,-11.927656,-11.337656,-10.707656,-10.647656,-10.717656,-10.217656,-11.077656,-12.557656,-12.687656,-12.757656,-12.557656,-12.197657,-10.8576565,-11.477656
-3.7776563,-2.9776564,-4.5976562,-4.0376563,-5.297656,-5.547656,-7.157656,-6.257656,-7.257656,-8.397656,-8.187656,-7.617656,-6.757656,-5.5976562,-5.117656,-4.7276564,-4.387656,-4.1876564,-5.0976562,-5.6876564,-6.6876564,-6.947656,-5.4976563,-6.137656,-5.407656,-4.3076563,-3.7676563,-3.2876563,-2.4976563,-1.9876562,-2.2576563,-2.9076562,-3.5876563,-4.197656,-4.8276563,-4.9776564,-5.3776565,-6.027656,-7.3476562,-9.117657,-9.927656,-8.797656,-9.507656,-9.867657,-10.427656,-10.457656,-10.007656,-9.867657,-9.537656,-9.547656,-10.147656,-10.947657,-11.267656,-11.277657,-12.377656,-11.377656,-13.127656,-11.877656
-4.3776565,-3.5476563,-3.6176562,-4.067656,-4.257656,-4.777656,-4.9176564,-6.4576564,-5.4776564,-5.4376564,-5.797656,-5.3276563,-4.617656,-3.8176563,-3.4676561,-3.9676561,-4.837656,-4.9776564,-4.4776564,-4.697656,-6.8076563,-5.587656,-6.837656,-6.927656,-6.3476562,-4.2276564,-3.1676562,-1.5176562,-0.60765624,-0.31765625,0.39234376,-0.5576562,-0.72765625,-0.70765626,-1.3976562,-1.9476563,-2.9776564,-4.0976562,-4.427656,-6.027656,-6.4376564,-7.177656,-6.867656,-7.7276564,-7.8076563,-8.277657,-7.967656,-8.137656,-7.5576563,-7.527656,-8.087656,-8.477656,-9.037656,-9.337656,-12.157657,-10.827656,-13.987657,-18.087656
-6.6676564,-6.197656,-4.797656,-4.427656,-3.0776563,-4.1276565,-4.777656,-4.5576563,-4.657656,-5.067656,-4.8576565,-3.2876563,-1.4976562,-1.0076562,-1.7776562,-1.2276562,-1.2276562,-1.3376563,-2.0676563,-2.4576561,-3.4176562,-3.5676563,-3.5176563,-5.4976563,-3.9276562,-6.697656,-7.6676564,-6.7876563,-3.9976563,-0.27765626,0.73234373,1.5223438,1.8823438,1.4223437,0.97234374,-0.73765624,-1.6176562,-1.7376562,-1.9676563,-3.2576563,-4.7476563,-4.7076564,-4.8976564,-5.0176563,-5.677656,-5.617656,-5.2676563,-5.2476563,-5.427656,-5.507656,-5.067656,-5.297656,-5.8576565,-7.5976562,-10.187656,-11.437656,-9.647656,-13.677656
-5.447656,-5.1876564,-5.987656,-5.2676563,-4.087656,-2.8076563,-2.9976563,-3.4776564,-3.1176562,-3.2576563,-1.6476562,-0.29765624,-0.42765626,-0.79765624,-0.16765624,-0.34765625,-0.82765627,-0.05765625,-0.46765625,0.67234373,-0.61765623,-1.5776563,-2.0576563,-1.3776562,-2.0976562,-2.1176562,-2.0876563,-1.7076563,-3.1976562,-4.1676564,-1.9376563,1.8323437,2.9223437,3.1523438,2.8123438,1.6723437,0.39234376,-0.05765625,-0.44765624,-0.28765625,-1.6776563,-2.9376562,-2.7776563,-3.0276563,-2.7876563,-2.5276563,-2.6876562,-3.2476563,-2.8676562,-2.8676562,-2.7176561,-2.7676563,-2.7076561,-4.0376563,-7.217656,-9.827656,-11.417656,-13.737657
-8.257656,-7.737656,-7.9576564,-8.147656,-6.9176564,-4.1476564,-3.0776563,-2.2076561,-1.3776562,-0.40765625,0.54234374,1.2323438,1.1123438,0.47234374,1.1223438,1.5223438,0.92234373,-0.17765625,-0.36765626,1.6323438,1.5923438,-1.5276562,-0.85765624,0.07234375,1.9323437,2.1023438,1.6123438,1.3023437,0.52234375,-0.7476562,-1.1776563,-1.3176563,-0.47765625,1.7123437,3.3623438,2.6623437,1.7923437,1.6123438,0.46234375,1.1023438,0.6923438,-0.20765625,-1.2976563,-1.3076563,-0.49765626,0.08234375,-0.06765625,-0.13765626,0.04234375,-0.5576562,-0.20765625,-0.61765623,-1.1876563,-0.65765625,-2.6376562,-7.3076563,-9.917656,-11.167656
-6.1476564,-5.9176564,-6.0776563,-5.1876564,-5.7076564,-4.967656,-2.4976563,-0.84765625,0.19234376,0.72234374,0.96234375,0.97234374,-0.00765625,0.65234375,0.31234375,1.0323437,2.5123436,1.6123438,1.0023438,-0.76765627,0.25234374,0.7423437,1.5923438,2.3323438,2.2423437,3.4023438,2.8523438,1.7123437,1.7023437,1.5423437,0.37234375,0.33234376,-0.97765625,-0.04765625,0.73234373,1.9523437,2.0823438,3.0223436,1.8523438,1.2523438,1.6223438,1.0923438,-0.6976563,-1.5876563,-1.2076563,-1.9376563,-2.9576561,-1.7176563,0.39234376,1.8923438,2.7423437,2.3023438,1.8923438,0.66234374,0.59234375,-2.3876562,-8.017656,-7.9776564
-2.6276562,-1.5876563,-2.8176563,-3.3276563,-2.4676561,-2.2376564,-1.5776563,-0.65765625,0.38234374,0.9923437,0.77234375,-0.29765624,0.6223438,0.49234375,0.24234375,1.2523438,1.5723437,1.7623438,1.8023437,-0.30765626,0.6923438,1.3423438,1.4723438,2.1823437,2.4423437,2.5923438,3.6423438,3.6523438,2.4523437,0.59234375,1.3823438,0.51234376,-0.64765626,-1.0876563,-2.1676562,-2.2376564,-1.2776562,-1.4176563,-0.78765625,-1.7676562,-2.9276562,-4.2676563,-4.1476564,-4.757656,-5.3076563,-5.7876563,-4.4376564,-3.9276562,-3.3076563,-1.8676562,-1.2976563,0.42234376,1.8323437,3.8523438,2.6723437,1.7623438,-4.3776565,-5.4576564
0.37234375,-0.41765624,0.6223438,0.60234374,1.6423438,0.9423438,1.3023437,0.42234376,0.18234375,0.92234373,1.5623437,0.8023437,1.1123438,1.7523438,1.5223438,1.8323437,2.9023438,2.8323438,2.4523437,3.2623436,3.4223437,3.2923439,3.0823438,3.0123436,2.8123438,3.3423438,4.1223435,3.2223437,3.1823437,1.7123437,1.5823437,0.40234375,-0.98765624,-1.4676563,-2.2576563,-3.0976562,-2.8976562,-4.3076563,-4.0776563,-5.0376563,-5.087656,-4.867656,-4.4976563,-5.1276565,-4.637656,-3.7176561,-2.8676562,-1.9576563,-1.2976563,-0.46765625,0.17234375,0.41234374,0.26234376,2.1923437,3.2623436,4.2323437,2.3023438,-1.8876562
1.8023437,1.8223437,1.8423438,1.6323438,3.0623438,2.7023437,2.8223438,1.9023438,1.2123437,0.70234376,2.3623438,2.5023437,2.3123438,1.6123438,2.3323438,2.5423439,3.0623438,3.7323437,3.9323437,4.0223436,3.8123438,3.0823438,3.8223438,4.3923435,5.2123437,5.1223435,4.5023437,3.6723437,3.2423437,1.9723438,0.78234375,-0.6976563,-0.9476563,-1.5676563,-3.1476562,-2.7276564,-3.9276562,-3.5676563,-3.3976562,-3.8076563,-3.0576563,-3.8876562,-3.4876564,-2.5376563,-1.6976563,-1.6576562,-1.2976563,-1.5076562,-0.29765624,1.1523438,1.7523438,2.2923439,2.6223438,2.3923438,3.2823439,5.5023437,5.782344,6.662344
3.9123437,2.2123437,2.1023438,1.9023438,3.6023438,1.6423438,2.1923437,1.5223438,2.1123438,1.7023437,1.6523438,3.1923437,2.9723437,3.6023438,2.9223437,2.8723438,1.9123437,1.3523438,3.4523437,4.0023437,3.8323438,4.202344,3.8123438,3.0323439,4.532344,3.6423438,4.1423435,3.7723436,3.1123438,2.2023437,0.89234376,0.11234375,-1.6876563,-2.2076561,-2.3276563,-1.7876563,-1.5976562,-1.2976563,-1.5776563,-1.1576562,-0.8076562,-0.92765623,-0.71765625,-0.35765624,0.07234375,1.1623437,1.7023437,3.1723437,4.382344,5.3323436,6.242344,6.4423437,5.682344,5.472344,4.4823437,5.1523438,7.362344,8.222343
3.9023438,1.9623437,2.5223436,3.1823437,3.8823438,5.342344,4.382344,3.8223438,2.0323439,2.6523438,2.2323437,2.8523438,4.032344,4.1023436,3.5023437,1.3023437,1.0623437,0.36234376,1.3423438,3.4723437,4.1523438,5.112344,4.2323437,4.162344,4.5623436,4.9623437,4.032344,3.8623438,2.9423437,2.7723436,1.5423437,0.22234374,0.15234375,-0.58765626,-0.82765627,-0.16765624,0.72234374,1.1223438,1.1423438,1.2223438,1.2323438,-0.34765625,-0.90765625,-0.14765625,1.1623437,2.9523437,4.702344,6.0423436,7.092344,7.072344,7.2123437,7.6523438,6.662344,6.8523436,6.572344,5.6423435,6.052344,8.842343
2.2123437,4.702344,2.8323438,2.9523437,3.6623437,4.2923436,5.132344,5.452344,3.9523437,3.4323437,4.492344,3.9623437,3.9523437,3.8123438,2.9423437,1.9523437,1.1323438,1.2123437,1.4323437,0.6923438,1.0723437,4.262344,3.6923437,4.8523436,4.5823436,5.2123437,4.742344,3.8723438,3.3323438,2.3123438,2.7423437,1.8823438,0.43234375,0.51234376,0.67234373,0.91234374,0.88234377,1.3523438,0.84234375,0.57234377,0.71234375,1.3023437,2.0323439,2.7023437,4.182344,5.882344,7.012344,6.572344,6.432344,7.072344,6.5023437,5.742344,6.182344,6.762344,6.222344,6.6923437,7.742344,7.9423437
-0.51765627,4.5223436,5.842344,4.492344,3.4323437,3.4823437,4.802344,2.4723437,3.9723437,4.2123437,4.9423437,4.952344,5.012344,4.412344,4.4023438,3.3823438,2.5123436,2.2123437,1.2123437,0.65234375,1.3623438,0.9323437,3.0923438,4.0623436,4.5023437,3.7923439,4.202344,3.4523437,3.3223438,4.0423436,3.2323437,3.0923438,2.0523438,2.1123438,2.3623438,2.6323438,2.6623437,1.4523437,1.6823437,2.2723436,2.5923438,3.4623437,4.492344,5.362344,6.052344,5.1223435,4.472344,5.4423437,4.802344,5.162344,5.912344,5.0623436,5.2723436,6.3723435,6.8123436,8.342343,8.952344,10.252344
-3.7476563,-5.757656,-3.6976562,0.91234374,5.132344,6.932344,3.2623436,4.6223435,7.1923437,10.532344,8.772344,6.2123437,4.072344,5.822344,4.4023438,3.9423437,3.6823437,2.9923437,2.0723438,2.0923438,2.2623436,1.8523438,1.7523438,2.5923438,3.8123438,4.762344,4.5023437,4.322344,3.8923438,4.7523437,5.3323436,5.2123437,5.1723437,4.822344,4.5423436,4.112344,3.7923439,3.9923437,3.8023438,4.952344,5.612344,6.1423435,6.282344,5.092344,3.4623437,3.7323437,4.182344,4.742344,4.1723437,4.572344,5.6523438,6.862344,6.3723435,6.662344,7.4223437,7.912344,8.9323435,9.6423435
-3.7976563,-3.5976562,-3.1776562,-3.6576562,-0.84765625,3.2423437,6.612344,7.1923437,6.6523438,7.1023436,12.032344,10.942344,6.512344,2.5023437,3.8323438,3.3423438,1.7423438,1.0723437,1.8323437,2.4723437,3.4423437,4.0023437,3.5623438,3.8323438,4.8523436,4.3123436,5.412344,5.132344,5.9823437,5.802344,6.5623436,6.112344,6.7523437,7.112344,6.682344,6.4823437,6.112344,5.932344,6.012344,5.952344,5.7523437,6.052344,5.0423436,3.8023438,3.5923438,3.5223436,3.9623437,3.7223437,3.3023438,2.7123437,4.632344,4.9023438,6.3923435,6.8123436,7.302344,7.012344,6.822344,6.432344
-3.9076562,-3.8776562,-3.0676563,-3.7876563,-6.3776565,-5.2076564,-4.4176564,-4.947656,-1.4776562,3.6223438,4.7123437,1.5123438,8.662344,12.602344,2.8323438,1.3123437,6.032344,3.2723436,4.0023437,4.9423437,5.472344,6.4223437,5.8523436,5.802344,4.1223435,4.972344,4.492344,6.452344,6.842344,7.1523438,7.8723435,8.512343,8.952344,8.462344,8.222343,7.4423437,7.342344,7.2923436,6.162344,6.322344,6.532344,5.632344,5.4823437,3.9823437,3.7323437,3.4223437,3.5123436,3.8523438,3.0123436,2.6323438,3.2223437,4.552344,4.1423435,5.8523436,6.592344,7.4423437,8.272344,8.022344
-3.4076562,-3.9976563,-3.6376562,-4.277656,-4.067656,-4.1276565,-3.6276562,-2.8376563,-1.8076563,-2.3176563,-0.40765625,-1.5676563,-2.0176563,0.90234375,-0.70765626,1.2423438,4.1223435,6.2523437,7.262344,6.972344,5.5223436,5.782344,5.7523437,6.472344,7.052344,7.3723435,5.3723435,5.512344,6.072344,8.242344,9.322344,9.382343,10.152344,11.112344,10.192344,9.1423435,8.422344,8.362344,8.412344,7.5423436,6.8923435,6.552344,5.882344,6.3523436,4.572344,3.0923438,2.9523437,3.4523437,3.4623437,2.9423437,3.3323438,3.7323437,4.4423437,4.932344,7.202344,7.3923435,8.612344,8.332344
-3.4176562,-2.9176562,-2.9376562,-3.3676562,-2.9076562,-2.2376564,-1.7676562,-1.3776562,-1.3576562,-1.2076563,-0.96765625,-0.39765626,-0.79765624,0.18234375,0.38234374,4.072344,7.1923437,7.3923435,7.6223435,3.8823438,6.972344,7.6223435,6.532344,6.322344,6.1723437,7.952344,9.4323435,8.532344,10.362344,8.962344,8.812344,10.402344,10.872344,11.272344,13.312344,12.472343,11.1823435,10.342343,9.4323435,9.332344,8.082344,8.192344,7.9423437,7.112344,5.9623437,5.112344,2.7023437,3.4023438,4.0623436,3.4523437,3.6123438,3.7223437,4.572344,3.8223438,4.802344,6.2323437,7.3923435,8.1423435
-1.5576563,-1.5276562,-2.1676562,-1.2776562,-1.2676562,-1.1976563,-0.36765626,0.08234375,0.15234375,0.31234375,0.28234375,0.40234375,0.89234376,1.6523438,1.7723438,2.4623437,2.4123437,2.8823438,3.8423438,5.3123436,5.7323437,5.1223435,10.942344,7.9623437,8.732344,10.952344,14.152344,13.672344,13.622344,14.772344,13.402344,13.032344,13.922344,12.212344,14.092343,14.192344,14.232344,13.442344,12.412344,11.692344,11.252344,10.542344,9.622344,8.6423435,8.352344,7.132344,4.6923437,4.132344,4.5423436,4.9423437,5.2123437,5.222344,4.322344,4.0823436,3.7023437,4.2723436,7.472344,7.362344
-0.8076562,-1.1776563,-1.2276562,0.54234374,0.5023438,-0.16765624,0.66234374,0.5523437,0.5523437,0.54234374,1.0923438,1.4723438,1.5223438,1.8223437,3.1023438,3.6923437,3.3823438,3.4023438,3.9523437,5.012344,5.862344,7.112344,7.862344,9.122344,11.252344,10.902344,9.8923435,10.422344,12.372344,14.002344,15.482344,17.982344,12.1823435,13.822344,16.012344,15.6423435,14.812344,15.232344,14.772344,14.172344,13.752344,12.962344,12.832344,11.942344,10.592343,9.462344,8.452344,6.3323436,6.182344,5.7523437,6.5023437,7.612344,6.202344,5.302344,4.8523436,6.0223436,8.152344,8.312344
0.01234375,0.15234375,0.57234377,0.88234377,0.15234375,-0.08765625,-0.38765624,-0.35765624,-0.53765625,-0.54765624,-0.03765625,0.8723438,1.3123437,1.8223437,2.4323437,3.5523438,3.9123437,3.9523437,4.092344,4.862344,5.662344,6.6923437,7.112344,7.5823436,8.292344,7.802344,7.992344,7.9223437,8.132343,10.982344,13.042344,12.902344,11.9323435,11.592343,10.382343,11.912344,14.122344,15.092343,16.482344,15.832344,15.872344,15.512343,14.882343,13.942344,13.042344,11.4323435,10.252344,9.712344,8.8923435,8.902344,8.582344,8.862344,8.882343,7.5023437,5.2323437,6.362344,7.132344,9.122344
