public/data/weather/current/current-wind-isobaric-850hPa-gfs-1.0.json
{"header": { "discipline":0, "disciplineName":"Meteorological products", "gribEdition":2, "gribLength":80573, "center":7, "centerName":"US National Weather Service - NCEP(WMC)", "subcenter":0, "refTime":"2019-10-05T00:00:00.000Z", "significanceOfRT":1, "significanceOfRTName":"Start of forecast", "productStatus":0, "productStatusName":"Operational products", "productType":1, "productTypeName":"Forecast products", "productDefinitionTemplate":0, "productDefinitionTemplateName":"Analysis/forecast at horizontal level/layer at a point in time", "parameterCategory":2, "parameterCategoryName":"Momentum", "parameterNumber":3, "parameterNumberName":"V-component_of_wind", "parameterUnit":"m.s-1", "genProcessType":2, "genProcessTypeName":"Forecast", "forecastTime":0, "surface1Type":100, "surface1TypeName":"Isobaric surface", "surface1Value":85000.0, "surface2Type":255, "surface2TypeName":"Missing", "surface2Value":0.0, "gridDefinitionTemplate":0, "gridDefinitionTemplateName":"Latitude_Longitude", "numberPoints":65160, "shape":6, "shapeName":"Earth spherical with radius of 6,371,229.0 m", "gridUnits":"degrees", "resolution":48, "winds":"true", "scanMode":0, "nx":360, "ny":181, "basicAngle":0, "lo1":0.0, "la1":90.0, "lo2":359.0, "la2":-90.0, "dx":1.0, "dy":1.0 }, "data":
[rows 26 to 51 of 181, columns 58 to 115 of 360]
11.250263,9.230264,8.020264,5.7402635,3.6002636,1.9102637,0.5702637,0.6202637,0.15026367,-1.6697364,-2.5197363,-2.5897362,-3.5097363,-4.159736,-5.0197363,-5.9597363,-5.949736,-6.7397366,-7.389736,-7.3597364,-7.4997363,-7.6497364,-6.9997363,-6.639736,-5.7297363,-5.2097363,-4.619736,-4.4597363,-5.1897364,-3.9897363,-1.6497363,-1.3897363,-1.8397363,-2.5697362,-3.0097363,-3.6197364,-4.9797363,-3.7997363,-4.119736,-3.7297363,-5.5897365,-3.3697364,-0.6897363,1.8702637,3.3702636,4.170264,5.1902637,4.2902637,5.7902637,7.090264,7.360264,6.7602634,6.590264,6.7902637,6.090264,4.8902636,4.8702636,3.0002637
11.400264,9.030264,6.0402637,4.9302635,3.6802638,2.3602636,1.4802637,0.48026368,-1.6997364,-2.0197363,-2.1297364,-2.9497364,-3.3497362,-4.4197364,-4.6897364,-5.2797365,-6.4997363,-7.699736,-7.5297365,-7.5497365,-7.8197365,-7.9897366,-8.299736,-7.3997364,-6.889736,-6.3197365,-6.139736,-6.2697363,-5.099736,-3.9797363,-4.079736,-3.4597363,-2.5597363,-1.5697364,-2.4697363,-3.7897363,-3.2197363,-3.0197363,-2.7697363,-4.7397366,-3.1597364,-0.6697363,-1.8397363,0.12026367,2.5102637,4.380264,4.780264,4.5602636,4.840264,4.7902637,5.7302637,7.1802635,5.5602636,4.2102637,3.6102636,4.1202636,5.1002636,4.340264
11.010263,7.900264,4.800264,3.9002638,3.4502637,1.8802637,3.1902637,1.7102637,-0.48973632,-1.5697364,-2.3897364,-2.7897363,-3.0097363,-2.8797364,-3.4997363,-4.7497363,-5.599736,-6.5397363,-6.9997363,-7.409736,-7.349736,-6.9797363,-5.9597363,-5.0197363,-4.449736,-4.829736,-5.0397363,-5.0597363,-5.7397366,-5.329736,-4.6097364,-3.8897364,-1.6997364,-1.6097363,-3.7697363,-4.7797365,-3.4097364,-2.4197364,-3.6897364,-3.9097364,-2.7597363,-2.0197363,-1.6197363,0.46026367,2.4802637,3.8402636,5.550264,7.1902637,7.1402636,5.820264,4.2202635,5.2102637,5.2502637,3.5702636,1.9602637,2.6702638,3.3602636,2.3802636
9.830264,7.900264,4.2902637,3.9802637,3.1802638,3.0802636,4.130264,4.6202636,1.8102636,-2.5897362,-1.5497364,-2.9997363,-4.349736,-4.6097364,-4.969736,-5.119736,-5.1497364,-5.5397363,-5.4197364,-6.3597364,-6.889736,-6.699736,-6.3197365,-6.1897364,-6.4597363,-5.889736,-5.849736,-5.369736,-5.659736,-5.159736,-3.6597364,-2.5297363,-2.4397364,-3.3797364,-2.1097364,-2.4297364,-4.5697365,-3.7897363,-3.8397362,-3.7397363,-1.9197364,-2.1797364,-0.7997363,1.3702637,2.5002637,3.7702637,7.6202636,10.010263,8.490264,6.2902637,5.110264,4.2502637,3.3202636,4.170264,3.6502638,2.4202638,0.67026365,2.1002636
6.920264,5.780264,2.5602636,3.4402637,3.2602637,2.8702636,2.3202636,2.3902636,2.7702637,1.4502636,-2.2897363,-4.4397364,-3.8097363,-3.8997364,-3.2697363,-2.3297362,-3.7497363,-4.7297363,-5.5297365,-5.469736,-5.7897363,-5.719736,-4.7897363,-5.2297363,-5.5897365,-5.349736,-5.469736,-5.0697365,-3.5597363,-3.3397362,-2.9597363,-4.1097364,-2.4897363,-2.1297364,-1.8097364,-2.8797364,-5.3397365,-4.599736,-4.599736,-0.8797363,-1.8197364,-1.9297364,0.15026367,2.0502636,5.0602636,9.570264,9.4702635,8.710263,8.120264,6.3502636,5.5102634,5.2502637,4.2502637,4.070264,4.1602635,4.6402636,1.5302637,-0.46973634
7.0802636,5.340264,2.3102636,1.7202637,-0.11973633,2.5502636,2.2802637,1.9302636,1.1002637,0.8702637,2.3402636,1.5702636,-0.78973633,-2.3597364,-2.2997363,-3.0397363,-3.8297362,-4.139736,-3.6497364,-4.329736,-3.8997364,-3.2897363,-4.639736,-6.619736,-3.5497363,-5.7397366,-6.179736,-5.389736,-4.349736,-4.1897364,-4.949736,-4.639736,-3.5697362,-3.6997364,-3.5797362,-3.6097364,-3.5697362,-4.2397366,-1.9697363,-1.8697363,-4.0897365,-2.9397364,1.6402637,4.1902637,5.9902635,9.550263,7.880264,8.880263,7.4602637,6.4702635,5.6902637,5.4502635,5.1002636,4.2602634,4.110264,4.8702636,2.4002638,1.4102637
6.340264,3.4402637,1.1202637,-0.40973634,-0.5697363,2.0302637,3.0502636,2.9002638,1.7902637,1.8102636,3.2602637,3.8102636,3.2702637,0.78026366,-0.34973633,-2.1797364,-2.4397364,-4.969736,-5.7397366,-4.349736,-2.4197364,-3.1697364,-2.6797364,-2.7497363,-5.0197363,-4.7997365,-4.9397364,-5.1097364,-4.4897366,-4.6297364,-4.5297365,-2.6597364,-1.3897363,-1.7897363,-2.4597363,-3.1497364,-2.3397362,-3.0797362,-2.1697364,-1.6797364,-1.8497363,-0.7397363,1.3002636,4.610264,9.700264,7.6902637,7.110264,7.4502635,6.5602636,5.400264,6.150264,7.0802636,6.840264,4.3702636,3.0602636,1.7802637,-0.42973632,-0.029736329
2.7102637,0.9302637,-1.1697364,-4.119736,-2.3897364,1.4602637,4.7502637,5.420264,4.0602636,3.8302636,3.5302637,2.6802638,1.6402637,1.1502637,0.5202637,-0.9797363,-3.7197363,-5.7497363,-5.4897366,-2.2997363,0.5002637,-1.2097363,-5.0497365,-3.5997362,-2.9597363,-6.469736,-6.6497364,-4.5397363,-4.469736,-2.2097363,-1.3497363,-2.2597363,-2.6397364,-3.1697364,-3.0597363,-1.4797363,-1.4897363,-1.8997363,-1.8897363,-2.6697364,-0.8097363,-0.63973635,2.3502636,5.670264,4.6602635,5.9102635,5.7002635,5.9302635,5.5002637,4.5802636,5.8302636,8.1802635,8.120264,7.6802635,4.9602637,5.1902637,2.9702637,-0.23973633
0.5702637,-1.1797364,-1.7697363,-4.3997364,-0.20973633,5.2602634,5.7602634,5.400264,4.7602634,4.9702635,4.0002637,2.0702636,1.0302637,1.2302637,1.8202636,0.030263672,-2.1197364,-5.679736,-5.389736,-1.9197364,-0.33973634,-2.1397364,-3.5397363,-3.2297363,-3.4797363,-5.7797365,-6.2297363,-4.909736,-2.0297363,-0.39973632,-0.89973634,-1.0597364,-2.6697364,-0.70973635,2.4902637,3.1602638,1.1902636,0.73026365,-0.42973632,-1.9297364,-0.32973632,3.9402637,0.71026367,-0.009736328,3.2402637,5.110264,4.3902636,3.5002637,3.2902637,2.3502636,6.130264,3.5602636,5.6602635,1.3702637,3.6102636,0.71026367,1.9802637,0.61026365
1.4902637,-0.8097363,-2.6197364,-1.1397363,2.6702638,3.1602638,2.9702637,3.8402636,4.3102636,4.1802635,3.2302637,2.8902636,2.5002637,2.2802637,-0.25973633,-1.4797363,-4.7897363,-4.9197364,-3.4197364,-2.7497363,-3.0897362,-3.6097364,-4.8597364,-6.1897364,-6.9797363,-6.1697364,-5.8797364,-2.8897364,-1.0597364,-0.08973633,1.8002636,-3.2497363,-4.1297364,-0.78973633,2.0802636,5.3302636,8.770264,5.8502636,4.820264,2.4502637,0.020263672,-2.3497362,-4.599736,-5.0097365,-3.4397364,-0.19973633,1.8002636,1.2902637,2.2802637,3.0902636,3.7102637,2.7802637,2.3602636,0.6802637,0.110263675,0.7402637,-1.3197364,-1.0497364
1.8302636,0.3802637,1.1102637,1.3402637,1.8102636,2.1902637,3.8402636,4.420264,4.670264,4.7702637,3.6002636,1.9502636,1.8702637,1.4202636,-0.88973635,-2.9297364,-4.199736,-4.079736,-4.0497365,-3.3897364,-3.8497362,-4.9197364,-6.7097363,-6.7997365,-7.0197363,-5.639736,-2.9397364,-1.0897363,-1.8397363,-1.8997363,0.6902637,5.2202635,2.0002637,-1.7597363,0.54026365,1.8802637,3.0202637,6.0202637,5.7702637,5.0102634,5.2702637,7.3302636,-0.12973633,-1.2797363,-4.5897365,-2.5697362,-1.6797364,-1.0197363,1.8502637,2.3602636,0.85026366,4.2902637,0.5702637,1.1402637,-0.96973634,-3.9997363,-0.88973635,-0.13973632
2.7402637,2.9102638,2.0902636,2.0502636,2.5102637,4.070264,3.9802637,4.0402637,3.4902637,3.6402636,2.1502638,-0.96973634,-0.41973633,-1.3597363,-0.9897363,-1.1297363,-0.6797363,-2.3597364,-3.2497363,-2.7697363,-3.8497362,-5.179736,-5.8197365,-4.6897364,-3.8397362,-2.4397364,-1.5797364,-0.32973632,-0.9197363,0.49026367,1.1102637,1.4802637,0.7502637,3.3502636,2.6702638,1.2702637,1.1502637,1.4902637,4.4602637,1.6702636,1.0602636,3.5402637,2.6902637,1.6902636,-0.39973632,-3.7397363,-4.579736,-3.4197364,1.5702636,2.2602637,2.3702636,2.0102637,1.0402637,-0.32973632,-1.8397363,-1.8597363,0.28026366,-2.0497363
4.7602634,3.4102638,2.2702637,2.6002636,3.2202637,3.6602638,2.9902637,2.6402636,1.8902637,1.2302637,1.1702636,0.25026366,-0.6097363,-0.25973633,-0.10973633,-2.0697362,-1.9697363,-2.1797364,-2.5497363,-2.3397362,-2.0897362,-2.4397364,-3.0997362,-2.8097363,-1.7897363,-1.4097363,-1.1797364,-0.9297363,0.23026367,0.45026368,0.44026366,1.8902637,1.6602637,0.7702637,1.3802637,2.6802638,3.7002637,1.2702637,2.4502637,2.9902637,1.3202636,-0.27973634,1.2602637,0.010263672,0.21026367,-0.11973633,-2.2197363,-2.1597364,0.33026367,-0.039736327,6.320264,4.530264,2.5402637,1.1502637,-1.9697363,-4.7997365,-5.9597363,-6.1097364
4.2702637,3.4002638,2.6802638,2.6302636,2.4102638,2.6902637,2.7602637,2.3302636,1.3902637,0.21026367,-0.27973634,-0.37973633,-0.6097363,-0.82973635,-0.6797363,-0.57973635,-1.1197363,-0.7497363,-1.6997364,-2.1897364,-3.1597364,-3.7497363,-2.9697363,-2.6597364,-2.3097363,0.30026367,0.78026366,1.8402637,1.7702637,0.17026368,1.3502637,1.4602637,-0.23973633,0.90026367,1.5402637,1.6902636,3.1902637,2.2502637,1.8602637,0.19026367,0.8902637,-0.84973633,-0.43973634,-0.7597363,-1.4697363,-0.65973634,0.67026365,-0.35973632,2.4302638,6.1602635,7.150264,5.5102634,5.2202635,2.2902637,-1.0397363,-4.639736,-8.2797365,-7.8397365
3.5302637,2.4702637,2.0202637,1.6902636,1.1402637,1.2602637,1.5602636,1.1402637,0.7702637,0.8202637,0.33026367,0.13026367,0.46026367,0.06026367,-1.0797364,-0.9897363,-1.4097363,-1.7397363,-2.3197362,-2.9297364,-3.4497364,-3.4497364,-2.5497363,-0.51973635,-0.44973633,-1.2397363,-0.6697363,-0.9997363,1.5202637,2.8802636,1.5202637,-0.27973634,-0.96973634,1.4002637,1.3902637,1.0202637,1.4502636,1.1702636,-0.94973636,0.17026368,-0.43973634,-0.83973634,0.030263672,-0.38973632,0.25026366,1.1202637,1.3602637,2.3002636,3.1202636,8.440264,6.2202635,3.6302636,1.4902637,1.4402636,0.29026368,-0.18973632,-4.7097363,-5.9897366
2.9402637,1.9702637,1.3002636,0.67026365,0.24026367,0.22026367,-0.39973632,-0.65973634,-0.8797363,-0.10973633,0.43026367,-0.23973633,-0.7497363,-0.6897363,-0.6197363,-0.9397363,-1.3397363,-1.9097363,-2.7797363,-4.0397363,-4.889736,-3.4597363,-2.1797364,-0.099736325,1.1602637,0.7002637,0.030263672,-0.63973635,-0.41973633,-2.0897362,-1.0497364,0.41026366,0.6302637,-0.82973635,-0.5097363,1.3602637,0.23026367,0.5002637,0.8802637,-0.33973634,0.8702637,0.7602637,1.0402637,1.5302637,1.9902637,2.1502638,2.2802637,3.0702636,6.9102635,4.9802637,1.6002637,1.2202637,-0.7397363,1.0002637,0.90026367,-0.06973633,1.0102637,-1.3297364
2.5202637,1.9002637,0.6202637,2.636719E-4,-1.0197363,-2.0697362,-2.3697364,-1.2397363,-0.9897363,0.28026366,-0.11973633,-0.22973633,-0.29973632,-0.34973633,-1.1497363,-2.1197364,-1.4797363,-2.6097364,-4.4397364,-4.3997364,-1.7997364,0.33026367,-5.9997363,-0.70973635,0.90026367,1.1502637,1.8702637,0.8902637,0.5202637,0.25026366,-2.3697364,-1.6397363,1.0602636,0.43026367,1.3702637,0.97026366,-0.17973633,-0.5597363,0.5102637,2.3602636,1.5102637,1.0302637,1.2702637,1.0702636,-0.12973633,-0.22973633,3.1302636,3.9302638,5.150264,0.72026366,-0.04973633,0.23026367,2.7602637,3.7202637,2.0402637,-0.21973632,0.04026367,-2.9497364
1.5602636,0.20026368,-0.57973635,-1.4397364,-2.3297362,-2.8397362,-2.3897364,-1.5597364,-0.40973634,-0.43973634,-1.6097363,-0.8097363,-1.3897363,-0.63973635,-0.6897363,-2.4197364,-3.4497364,-2.9597363,-2.4297364,-1.3897363,-1.2297363,-2.9797363,-0.84973633,1.2902637,2.0102637,0.9502637,-2.8397362,1.3102636,-0.099736325,-0.47973633,2.0402637,1.0402637,-0.8197363,-1.4997363,1.1602637,0.15026367,-0.31973633,1.3902637,0.6202637,-0.009736328,-0.35973632,-0.48973632,-0.59973633,0.90026367,0.6902637,1.3002636,1.7602637,5.0802636,5.0802636,2.2002637,0.98026365,-0.49973634,-0.39973632,1.9802637,1.4302636,1.1002637,-0.41973633,-2.2997363
0.23026367,-1.3097364,-2.5997362,-3.1297364,-2.8497362,-3.2097363,-3.8697364,-2.8197362,-1.6497363,-0.78973633,-0.84973633,0.13026367,0.22026367,-0.5697363,-1.3197364,-2.2297363,-3.0897362,-4.0397363,-4.3797364,-4.2897363,-4.099736,-3.9797363,-2.4997363,0.21026367,7.0202637,3.2302637,5.7102637,0.8102637,0.020263672,1.7502637,2.2402637,0.73026365,-3.3197362,0.45026368,0.26026368,-0.7297363,1.0902637,0.17026368,1.3802637,0.110263675,0.04026367,-0.65973634,-0.78973633,-2.4497364,-1.9897363,1.9602637,2.0102637,4.7902637,4.2702637,3.1202636,0.86026365,0.29026368,0.5802637,0.5102637,0.5202637,0.39026368,-1.5697364,-3.0497363
-0.019736327,-1.9797363,-3.1497364,-3.7697363,-4.3597364,-5.6097364,-4.9997363,-4.619736,-3.3597364,-2.3997364,-0.099736325,-0.52973634,-0.9997363,0.54026365,0.78026366,-2.8997364,-2.6897364,-2.4297364,-3.1997364,-3.3297362,-0.5097363,1.2502637,3.5602636,-0.099736325,2.0702636,2.7702637,0.050263673,-1.0397363,0.07026367,-1.8497363,2.6102636,3.6502638,3.2302637,-0.35973632,1.4702637,0.65026367,-0.65973634,-0.11973633,-1.4897363,-0.17973633,-2.3797364,-0.9397363,-0.6297363,-0.28973633,-0.65973634,1.1102637,4.2202635,5.2402635,4.800264,3.6502638,2.3202636,1.6202637,1.4502636,0.06026367,-0.57973635,-2.1597364,-3.3397362,-5.7597365
-1.1097363,-2.9397364,-3.8997364,-4.909736,-5.829736,-5.969736,-5.6097364,-4.5297365,-4.1697364,0.33026367,-0.90973634,-1.5897363,-1.1097363,-0.009736328,0.39026368,0.43026367,0.48026368,-3.5697362,-3.6697364,1.6302637,2.0602636,0.7602637,-0.6697363,0.28026366,-3.8797364,-2.3297362,1.2502637,0.44026366,-0.18973632,-0.6297363,-2.1497364,1.3002636,-0.71973634,-0.42973632,-0.40973634,-1.2997364,3.0102637,3.0002637,0.49026367,0.45026368,0.13026367,-0.77973634,-1.5497364,-2.0397363,0.5602637,1.1402637,4.2502637,6.130264,4.860264,4.0102634,2.6802638,2.6402636,2.0302637,3.1502638,1.7702637,-0.099736325,-3.2797363,-6.159736
-2.5897362,-3.7297363,-5.199736,-5.639736,-6.0297365,-4.1097364,-3.3197362,-3.1697364,-2.2797363,-3.2797363,-5.0697365,2.3802636,-2.0297363,-2.5297363,0.030263672,0.04026367,0.22026367,0.59026366,1.0402637,2.8902636,1.6402637,1.6202637,-0.059736326,-0.20973633,1.8402637,5.130264,0.32026368,0.6902637,-0.45973632,0.28026366,-1.1697364,-0.08973633,1.6202637,-6.1697364,6.6402636,-3.7197363,0.6202637,-2.7197363,4.1802635,3.4302638,1.9202636,4.0602636,0.46026367,-3.7097363,-2.1797364,-0.32973632,-0.25973633,0.21026367,-0.88973635,0.6302637,3.3802636,6.050264,5.1402636,4.3102636,2.7702637,0.3802637,-2.0697362,-4.869736
-2.9597363,-1.8997363,-2.8297362,-5.0597363,-5.179736,-4.619736,-1.3597363,-3.8497362,-5.6497364,-9.229736,-2.9397364,7.0002637,0.60026366,0.5602637,1.6102637,-1.2397363,1.7002636,-0.07973633,2.2902637,2.1002636,4.0202637,1.4202636,1.6902636,-0.90973634,-1.0097363,0.22026367,-1.4497364,0.6802637,-1.6397363,-0.49973634,0.9302637,-2.5797362,-4.7097363,-6.369736,0.7702637,-0.3697363,-1.5697364,0.61026365,1.9002637,-0.009736328,-0.019736327,-1.3897363,-1.2597363,0.8702637,1.7202637,1.9202636,0.34026366,-5.6097364,-4.3597364,4.090264,7.5602636,4.9102635,4.860264,3.8702636,3.9202638,2.1802638,-0.95973635,-2.6997364
-3.5497363,-0.30973634,-1.7197363,-3.6097364,-4.639736,-3.6697364,-3.3197362,-2.6997364,-1.8397363,-4.9797363,-2.2197363,-0.69973636,0.020263672,0.8202637,1.7902637,1.1302637,0.8202637,2.7802637,3.5602636,2.0702636,3.1202636,2.3602636,-2.4797363,-1.2797363,2.4102638,0.5702637,-1.2197363,5.4602637,2.7202637,0.8702637,-3.0597363,-5.389736,-7.4797363,-3.1697364,-0.95973635,-0.9997363,3.0302637,-0.32973632,-3.7797363,-4.2997365,-4.429736,-2.7197363,-4.4197364,0.32026368,1.1402637,0.55026364,-0.77973634,0.7002637,3.2102637,-0.45973632,7.1002636,1.2502637,0.8102637,0.33026367,-1.4797363,-1.0897363,-2.4197364,-3.8597364
-0.35973632,1.1802636,-2.3897364,-0.8197363,2.6702638,-2.4397364,-3.6397364,-8.889736,-3.5997362,-0.059736326,-0.7397363,-1.9597363,0.85026366,0.80026364,-0.039736327,1.7502637,1.0502636,2.9902637,-2.6997364,-1.3997363,-1.6497363,-2.0597363,0.34026366,4.0802636,4.7402635,0.5202637,-2.3897364,1.7602637,1.5802636,-0.64973634,-1.8497363,-3.3397362,-4.8797364,-2.6697364,-2.2397363,-0.44973633,-1.4797363,-1.5097363,0.86026365,1.4102637,1.6302637,-5.2397366,-2.9097364,1.1302637,3.4802637,3.1502638,-0.7597363,0.54026365,1.5002637,6.7302637,4.6902637,1.6902636,-1.3697363,-2.3797364,1.7302637,-1.7497363,0.7002637,-0.16973633
2.4402637,-0.08973633,-5.199736,1.0302637,-0.25973633,-1.6497363,-4.9797363,-3.8897364,3.4402637,-1.1097363,1.4402636,-0.44973633,-2.0897362,0.37026367,-0.53973633,0.8802637,0.67026365,-1.0997363,0.45026368,-4.0497365,0.6902637,4.800264,5.2202635,3.1102636,0.17026368,-2.3097363,-2.3597364,-0.71973634,-1.0597364,-2.8797364,-3.3797364,0.5602637,0.10026367,-1.9897363,-2.4897363,-6.7697363,-2.6897364,-3.3597364,-1.1597363,-0.8697363,-0.65973634,0.90026367,0.46026367,0.29026368,1.5502636,-2.5797362,-1.9097363,-4.5897365,3.4402637,6.920264,2.3902636,-1.5697364,-3.7797363,2.5302637,1.2702637,0.41026366,2.4302638,-0.25973633
