views/data/weather/2019/09/29/0000-wind-isobaric-500hPa-gfs-1.0.json
{"header": { "discipline":0, "disciplineName":"Meteorological products", "gribEdition":2, "gribLength":78847, "center":7, "centerName":"US National Weather Service - NCEP(WMC)", "subcenter":0, "refTime":"2019-09-29T00:00:00.000Z", "significanceOfRT":1, "significanceOfRTName":"Start of forecast", "productStatus":0, "productStatusName":"Operational products", "productType":1, "productTypeName":"Forecast products", "productDefinitionTemplate":0, "productDefinitionTemplateName":"Analysis/forecast at horizontal level/layer at a point in time", "parameterCategory":2, "parameterCategoryName":"Momentum", "parameterNumber":3, "parameterNumberName":"V-component_of_wind", "parameterUnit":"m.s-1", "genProcessType":2, "genProcessTypeName":"Forecast", "forecastTime":0, "surface1Type":100, "surface1TypeName":"Isobaric surface", "surface1Value":50000.0, "surface2Type":255, "surface2TypeName":"Missing", "surface2Value":0.0, "gridDefinitionTemplate":0, "gridDefinitionTemplateName":"Latitude_Longitude", "numberPoints":65160, "shape":6, "shapeName":"Earth spherical with radius of 6,371,229.0 m", "gridUnits":"degrees", "resolution":48, "winds":"true", "scanMode":0, "nx":360, "ny":181, "basicAngle":0, "lo1":0.0, "la1":90.0, "lo2":359.0, "la2":-90.0, "dx":1.0, "dy":1.0 }, "data":
[rows 78 to 103 of 181, columns 0 to 57 of 360]
-2.3441796,-2.2841797,-0.7241797,-2.4241798,-2.9941797,-3.2641797,-3.1041796,-4.6541796,-2.9041796,-2.8241796,-2.3641796,-2.6341796,-1.1541797,-1.3141797,0.32582033,-0.4741797,2.3258202,1.6258203,0.7858203,-0.62417966,1.0958203,2.0158203,2.6358204,1.2958204,1.5858203,4.14582,-0.024179688,-2.6541796,-2.0841796,-3.1441796,-4.81418,-3.0241797,-3.9241798,-2.3041797,-1.7041796,-2.3741796,-2.3941796,-3.1541796,-1.0641797,-3.0541797,-1.6341797,0.7358203,-2.7241797,-3.4241798,-2.6241796,-2.8041797,-3.1341796,-2.4741797,-1.5541797,-1.7941797,-1.5141797,-0.80417967,0.33582032,-0.23417969,0.4758203,-0.42417967,-0.7641797,-2.1141796
-2.5741796,-2.7541797,-1.2341797,-1.6041797,-3.0841796,-3.7541797,-3.0641797,-2.4841797,-2.0841796,0.04582031,-1.4341797,-2.3341796,-1.5441797,0.5758203,-2.5241797,-1.5141797,2.8058202,3.1858203,1.0658203,0.07582031,-0.24417968,1.1758204,1.9158204,2.0358202,3.1658204,3.1658204,-0.4341797,-2.7841797,-1.5541797,-2.5941796,-1.3041797,-4.2641797,-2.9541798,-2.5341797,-0.2841797,-0.8941797,-3.8141797,-4.58418,-2.4241798,-2.3941796,-2.7541797,-5.2541795,-3.6641798,-3.8841796,-2.7341797,-3.7141798,-2.9741797,-2.1241796,-2.6641798,-2.4641798,-2.4241798,-1.4041797,-0.44417968,-0.19417968,0.14582032,-1.2241797,-1.3641797,-1.6441797
-2.0241797,-1.1741797,-1.6341797,-2.0241797,-2.2441797,-2.0841796,-3.1441796,-2.5141797,-0.23417969,-1.8141797,-4.3641796,-3.0741796,-1.4241797,-2.4541798,-3.1841798,-1.7041796,0.87582034,2.1958203,-0.7341797,0.5758203,1.4258204,2.3358202,1.4958203,0.8258203,2.2458203,2.0658202,0.3558203,-2.1141796,-3.5541797,-3.2541797,-2.1941798,-4.2841797,-3.6041796,-3.5841796,-2.0241797,-1.4341797,-3.0741796,-4.5141797,-4.0141797,-3.1241796,-4.3641796,-3.8841796,-2.6141796,-4.0241795,-3.2041798,-3.6641798,-2.5641797,-3.1241796,-2.2641797,-2.3441796,-2.3841796,-1.2241797,-0.4041797,-0.29417968,-1.0441797,0.6458203,-0.12417969,-0.4741797
-0.8841797,-2.1941798,-3.0041797,-1.1641797,-0.6341797,-2.1841798,-2.1441796,-1.9141797,-2.4241798,-2.8341796,-3.3741796,-2.9441798,-2.7141798,-5.1741796,-5.1141796,-0.6741797,2.9358203,1.2458203,-1.6541797,3.5558202,5.35582,1.0858203,1.7458203,-0.9241797,1.2258203,0.1758203,1.5758203,-0.9241797,-1.4941797,-2.1841798,-3.8941796,-4.18418,-4.1141796,-3.2241797,-3.3641796,-3.4241798,-4.4641795,-3.0141797,-3.3041797,-4.39418,-2.6041796,-0.7341797,-3.0941796,-3.4941797,-2.5541797,-0.114179686,-0.9541797,-1.5241797,-2.7741797,-3.8141797,-2.7341797,-1.2641797,-1.3741797,-1.1741797,-0.8541797,0.025820313,-0.29417968,-1.0841796
-0.5741797,-1.1641797,-1.8341796,-2.7641797,-3.4541798,-0.7641797,0.14582032,0.5158203,-0.7141797,-2.1341796,-2.6041796,-1.1241797,-1.4941797,-1.1041797,-0.42417967,-0.15417969,2.3858204,0.9658203,-0.24417968,2.2458203,3.0558202,3.6658204,2.8358202,0.9258203,-3.0041797,0.065820314,-1.8841797,-1.0241797,-1.5841796,-4.20418,-4.0941796,-3.2741797,-4.41418,-2.7541797,-1.6141797,-3.5641797,-4.83418,-5.2341795,-4.0741796,-4.2741795,-1.2641797,-2.1441796,-2.1541796,-2.7941797,-2.2941797,-1.4041797,0.035820313,-2.1941798,-1.5241797,-0.55417967,-1.5641797,-0.7241797,-0.7841797,-1.1541797,-1.3241796,-1.1141797,-1.0041797,-1.1041797
1.1758204,-0.3441797,-0.8241797,-2.4241798,-2.9741797,-2.5641797,0.16582032,1.4258204,0.7058203,-2.5541797,0.7058203,-1.3441796,-1.5741796,-1.0041797,-1.6641797,-1.6141797,0.8358203,5.0558205,4.93582,1.1858203,2.3358202,1.9358203,3.1958203,1.0558203,1.4658203,-1.7541797,-2.5741796,-2.2841797,-1.5341797,-4.0041795,-4.6541796,-3.7141798,-4.4241796,-3.4341798,-3.1941798,-4.64418,-3.9541798,-4.91418,-4.9741797,-3.9341798,-3.5141797,-2.5241797,-2.3841796,-2.8641796,-2.0141797,2.7158203,-0.62417966,-1.2041796,-0.8241797,1.4258204,3.0158203,2.0358202,2.4658203,0.8858203,0.9058203,0.29582033,-1.4841797,-2.1441796
-1.0641797,-3.2141798,-1.5741796,-2.8341796,-0.5041797,1.7158203,0.33582032,-0.034179688,3.6358204,2.7858202,-0.99417967,-0.9041797,-0.87417966,-0.9841797,-0.9541797,-1.1341797,1.9158204,2.4758203,3.7558203,4.6758204,1.4258204,2.1758204,0.6558203,-0.7241797,-1.0041797,-2.2441797,-2.4141798,-1.9341797,-2.8941796,-3.9141798,-3.0341797,-2.4241798,-1.5241797,-1.6441797,-3.9241798,-4.1741796,-3.6141796,-3.3541796,-2.4841797,-3.1441796,-2.3241796,-1.8241796,-2.2841797,-1.0441797,1.3158203,1.5458204,0.8958203,1.1558204,1.1958203,1.4058204,3.5458202,4.6558204,4.45582,2.8158202,2.4858203,0.065820314,-1.6141797,-2.2341797
-2.5541797,-3.1241796,-5.6941795,-2.1241796,0.2758203,1.8358203,1.7458203,1.8058203,1.1558204,3.1258204,2.5858202,1.8858203,0.5558203,1.3858203,0.2858203,0.4058203,2.3358202,1.3958203,3.6458204,2.3358202,0.9958203,1.1058203,-0.2141797,1.3558203,-1.1641797,-2.0441797,-3.3141797,-4.9041796,-3.7341797,-3.8141797,-3.2441797,-3.0041797,-1.5341797,-2.9641798,-5.0141797,-3.5341797,-0.5741797,-2.2441797,-3.6841798,-6.8841796,-5.2341795,-4.2141795,-0.6141797,0.9658203,0.2758203,0.2058203,1.6558204,1.4458203,2.0158203,3.8558204,4.6158204,4.2758203,3.8858204,3.1958203,2.4258204,0.3158203,-1.5841796,-2.5341797
0.04582031,-2.1341796,-3.3441796,-3.8541796,-2.5041797,7.2658205,6.2858205,0.68582034,1.3958203,0.9058203,0.75582033,-1.0741796,-0.87417966,-0.3641797,1.4558203,3.1858203,-0.7741797,-0.6041797,2.7758203,1.6658204,2.4158204,1.7458203,-2.9241798,0.7958203,-2.4641798,-2.1241796,-3.5441797,-4.87418,-4.60418,-3.5241797,-3.9941797,-4.43418,-4.6941795,-5.4041796,-5.81418,-4.9941797,-4.0041795,-3.2941797,-3.9041796,-2.6841798,-1.0341797,0.4358203,1.0658203,-1.4041797,0.33582032,-0.06417969,0.21582031,1.0458204,2.5558202,3.0458202,3.4358203,2.3758204,2.3958204,3.0858202,2.9658203,0.8658203,-0.5941797,-2.4641798
-1.3241796,-0.20417969,-0.93417966,0.5258203,0.8458203,5.2158203,2.7158203,2.2458203,-1.7241797,-2.3441796,0.50582033,-2.5241797,-1.3541797,-0.6141797,0.10582031,2.0358202,4.7658205,2.5358202,4.3058205,3.4358203,0.6458203,-0.2841797,1.4458203,-1.3741797,-1.9441797,-2.7541797,-3.7541797,-4.4641795,-3.7341797,-5.16418,-5.39418,-4.8041797,-4.7841797,-7.04418,-5.6941795,-4.95418,-3.5741796,-4.5341797,-3.8441796,-3.6841798,-0.3941797,-0.5441797,-1.7441797,-0.9241797,-1.0741796,-1.3241796,0.16582032,0.6158203,1.3958203,1.9658203,2.4158204,1.9758203,1.9658203,1.3058203,1.0458204,-0.04417969,-0.42417967,0.025820313
-0.8641797,-0.7841797,-0.5941797,-0.23417969,3.0558202,5.2758203,3.1758204,-1.7241797,-3.3841796,-2.6241796,-0.2741797,-1.7841797,-1.3441796,-2.9741797,1.1058203,0.81582034,2.7458203,6.3458204,2.0858202,2.1658204,0.5258203,0.5558203,1.5758203,-1.6641797,-1.9841797,-3.4841797,-2.6841798,-3.7141798,-3.3841796,-3.7741797,-3.3541796,-4.2241797,-5.4441795,-5.3041797,-5.14418,-4.8041797,-4.9641795,-3.1441796,-1.9841797,-3.5741796,-3.8941796,-3.1041796,-1.8241796,-2.6741798,-3.6541796,-1.2641797,0.6158203,1.3258203,2.4958203,1.7658203,2.6758204,2.4358203,1.4458203,1.7858204,1.4458203,0.3758203,0.4458203,-0.41417968
-0.10417969,0.9058203,0.93582034,0.29582033,1.7258203,2.8158202,0.3458203,0.6158203,1.4058204,-0.5441797,-0.8641797,-2.1141796,-3.8641796,-4.8841796,-1.6641797,-0.8441797,1.1158203,2.2458203,-0.6741797,1.3158203,2.3458204,-1.3041797,-2.0441797,-1.1741797,-1.4641796,-4.06418,-5.9641795,-4.7541795,-2.5141797,-3.4941797,-5.06418,-5.7841797,-6.5941796,-7.04418,-5.7541795,-2.8641796,-4.85418,-4.64418,-4.43418,-4.33418,-2.9541798,-3.2341797,-3.3641796,-2.0541797,-0.9541797,0.50582033,1.1458203,2.5258203,3.1758204,3.4458203,2.7258203,3.4458203,1.7558203,1.1458203,1.1958203,1.7858204,2.2158203,0.33582032
0.7658203,1.2458203,1.4958203,0.62582034,-0.6641797,1.8658203,-0.114179686,2.8958204,5.64582,-1.0241797,-1.8341796,-2.4541798,-3.5541797,-5.16418,-0.4641797,0.8958203,0.1758203,-1.1441797,0.15582031,-0.034179688,1.0158203,-0.4741797,-0.9441797,0.5158203,-3.6141796,-5.2241797,-4.79418,-4.66418,-4.8641796,-3.8041797,-3.7541797,-5.5241795,-6.7441797,-6.1941795,-6.7541795,-5.8241796,-4.5041795,-3.7641797,-6.37418,-4.5541797,-2.4141798,-3.3641796,-2.5241797,-2.8141797,-1.9341797,1.5958203,3.6458204,4.7858205,3.6958203,2.7758203,3.2858202,1.3458203,3.6058204,2.3858204,2.3558204,2.4758203,1.9758203,1.6558204
0.16582032,1.1658204,1.6858203,0.6058203,0.45582032,0.1758203,-0.68417966,1.8358203,3.1358204,0.6658203,0.07582031,-3.1641798,-6.2741795,-1.6241797,-0.42417967,0.42582032,-0.7141797,-2.8941796,-1.1441797,0.3458203,-0.4941797,-0.7541797,-0.35417968,-2.4841797,-3.6441796,-4.35418,-4.4041796,-2.8441796,-3.5941796,-5.20418,-4.7141795,-5.91418,-5.7541795,-5.7141795,-3.5141797,-4.2441797,-4.5741796,-6.16418,-5.04418,-2.2741797,-2.6141796,-2.9141798,-2.8541796,-1.0741796,0.7058203,1.7558203,1.7958204,3.1758204,1.9158204,2.5358202,1.1758204,6.2158203,3.4458203,3.1558204,2.2958202,1.9758203,0.9558203,0.9558203
-0.09417969,-0.9441797,0.23582031,0.15582031,0.4658203,0.94582033,-0.7041797,0.6158203,2.4158204,0.6358203,2.2058203,-1.2041796,-4.5541797,-3.0841796,-0.7541797,0.025820313,-1.3841797,-1.3841797,-1.6141797,-1.2541797,-0.7141797,-2.7841797,-0.7141797,-2.0341797,-4.4041796,-3.4441798,-7.08418,-6.87418,-5.0141797,-4.37418,-6.1341796,-5.0141797,-5.41418,-7.2341795,-4.7141795,-3.3541796,-4.9741797,-2.6541796,-2.4541798,-1.2641797,-1.9341797,-2.7141798,-2.5341797,-1.4341797,-0.74417967,1.0658203,1.0758203,2.0958204,1.7458203,2.1658204,2.5158203,7.2158203,2.1958203,0.5958203,0.7158203,0.7958203,1.5558203,1.1958203
1.3458203,0.035820313,-0.32417968,-0.38417968,-0.2541797,-0.7141797,-3.0141797,-2.0741796,-0.42417967,-0.2841797,-0.8941797,-4.5941796,-3.5941796,-2.8841796,-0.3741797,-2.2141798,-2.8941796,0.13582031,-1.6741797,-2.6941798,-2.7141798,-1.5841796,-0.9041797,-3.1741798,-3.9741797,-5.4941797,-2.9841797,-1.5741796,-3.9141798,-4.1941795,-4.8041797,-6.87418,-6.5141797,-5.85418,-5.0341797,-3.3441796,-2.8741796,-2.2241797,-1.5241797,-0.6941797,-0.2541797,-0.22417969,-0.7741797,0.2758203,0.3558203,-1.2241797,0.3758203,0.56582034,1.4958203,2.7658203,4.4758205,2.2558203,1.9058204,-2.8241796,0.16582032,0.94582033,2.1958203,-0.56417966
1.2258203,1.0758203,-0.16417968,-0.2141797,-0.4741797,-0.6741797,-4.0241795,-4.2241797,-2.6841798,-2.4641798,-3.6841798,-5.5141797,-4.35418,-1.6141797,0.015820313,-0.3041797,-1.8141797,-1.6941797,-1.9041797,-2.7941797,-2.0741796,-0.29417968,1.1458203,-1.2741797,-4.2741795,-5.0541797,-4.85418,-2.8441796,-1.6641797,-4.4641795,-3.6541796,-4.87418,-6.31418,-5.56418,-4.04418,-2.6841798,-1.7041796,-0.9241797,-0.9841797,-0.4741797,0.69582033,0.6058203,-0.5941797,-0.8541797,-0.6541797,-0.8641797,-0.74417967,0.48582032,1.0258203,2.6958203,3.2358203,1.8458203,1.6658204,1.7058203,2.6558204,0.9058203,1.2058203,-0.7941797
-0.29417968,1.1858203,0.4158203,0.3158203,-0.8941797,-1.2541797,-3.6941798,-3.1741798,-2.8541796,-1.4841797,-3.4341798,-4.5541797,-3.3041797,-1.4441797,-3.1241796,-0.7541797,0.19582032,-0.5241797,-1.6741797,-0.5441797,-2.2641797,-3.2841797,-1.4341797,1.3458203,-3.6841798,-3.9941797,-3.8841796,-3.3341796,-3.3341796,-4.2241797,-4.2441797,-3.4641798,-3.1641798,-2.6641798,-3.4041796,-2.7541797,-1.0641797,-0.87417966,-0.7841797,-0.2741797,0.6058203,0.8258203,-0.2141797,-1.0441797,0.9958203,1.0158203,-0.23417969,-0.24417968,2.6558204,2.1558204,3.4058204,1.7558203,2.6658204,2.4958203,3.1958203,0.3458203,0.08582031,-3.0441797
2.0258203,0.3558203,-0.0041796877,0.42582032,0.2858203,-1.4041797,-2.2741797,-1.9241797,-0.6741797,-0.20417969,-1.4441797,-3.0941796,-2.6041796,-0.8441797,-1.4241797,-0.7741797,-0.5441797,0.6458203,1.8258203,-0.7041797,-0.9241797,-0.6641797,0.39582032,-0.024179688,-3.4341798,-4.04418,-3.0741796,-1.7041796,-4.8041797,-3.5341797,-4.2841797,-3.1941798,-5.31418,-5.2341795,-3.5241797,-4.12418,-2.6141796,-2.9041796,-1.6041797,-0.2541797,-0.06417969,1.1958203,1.5958203,1.7958204,2.8258202,1.0358204,0.7258203,-0.42417967,2.1258204,3.8258202,4.12582,2.5558202,1.0058203,1.5958203,0.9158203,1.3058203,3.2658203,5.37582
4.3858204,1.2858204,0.22582032,-0.8341797,-1.1041797,-1.8841797,-2.5041797,-2.2341797,-1.7841797,-1.6541797,-2.3041797,-1.4841797,-1.2441797,-0.6041797,0.12582031,-0.7841797,1.3158203,-0.04417969,-1.2041796,-2.1941798,-1.1441797,-0.2541797,-1.0041797,-0.55417967,-0.3641797,-3.4841797,-4.9741797,-1.6641797,-1.1441797,-3.7641797,-4.7641797,-5.5541797,-5.33418,-3.3541796,-1.6041797,-4.37418,-2.5841796,-3.0841796,-2.3341796,-1.5041797,0.095820315,-0.06417969,0.22582032,0.81582034,2.3358202,1.9258204,1.5258203,1.6358203,0.39582032,2.8158202,1.8858203,0.30582032,0.4458203,0.7858203,-1.2141796,0.5358203,3.2158203,3.4258204
3.9558203,2.7758203,1.1858203,-1.4241797,-1.7241797,-0.7941797,-2.9641798,-2.9741797,-2.1141796,-2.1141796,-0.9241797,0.45582032,0.035820313,0.12582031,0.5358203,2.5558202,-0.5341797,0.81582034,0.5258203,1.0358204,-0.06417969,2.2158203,0.5958203,0.5458203,-1.4041797,-3.9541798,-6.16418,-5.37418,-4.06418,-3.2641797,-4.33418,-4.8041797,-4.56418,-2.8241796,-3.0141797,-1.8841797,-2.3341796,-1.7241797,-1.1341797,-2.1241796,-0.6341797,0.0058203125,0.50582033,0.065820314,0.4458203,1.5958203,0.7258203,0.7858203,-1.5941796,1.6958203,0.21582031,-0.7141797,-1.5241797,0.015820313,-1.2641797,1.6458203,2.1458204,3.9458203
5.0358205,3.5258203,2.9958203,0.7758203,-0.44417968,-1.2141796,-0.4641797,-0.6141797,-0.9241797,-1.4441797,-2.0141797,-0.6341797,-0.5241797,-1.4141797,-0.3041797,-1.5641797,0.6158203,1.2158203,1.1958203,1.4058204,0.56582034,0.9658203,3.1858203,-1.4541796,-3.4341798,-3.1341796,-5.4641795,-6.4941797,-6.58418,-4.8241796,-4.56418,-4.85418,-4.9041796,-3.8841796,-2.6741798,-3.7341797,-1.0841796,-1.3841797,-1.4941797,-0.9841797,-0.93417966,1.1858203,3.0058203,-0.6441797,-0.07417969,0.035820313,0.1758203,-0.9541797,0.065820314,-0.9641797,-1.8041797,-2.5741796,-0.8641797,-0.24417968,-1.2141796,0.5858203,1.8858203,2.0558202
6.9758205,6.7158203,5.58582,2.8758204,0.21582031,-0.5241797,-1.4441797,-2.1641798,-0.3341797,-0.5241797,-0.17417969,-0.48417968,-0.44417968,-0.74417967,-1.1741797,0.9858203,0.81582034,0.48582032,-1.0241797,-1.0341797,-0.68417966,-0.6341797,0.36582032,-0.10417969,-1.5641797,-5.14418,-6.4441795,-7.4441795,-6.0241795,-5.8041797,-5.60418,-3.8641796,-1.5741796,-3.4941797,-3.9641798,-2.4641798,-2.5541797,-0.93417966,-2.8941796,-2.2141798,-0.2741797,1.9258204,2.2758203,-0.4741797,-0.3641797,-0.9141797,0.4158203,-2.2641797,-1.3841797,-2.3141797,-3.9241798,-3.6441796,-1.9241797,-1.4841797,-1.5941796,-0.5241797,1.8258203,2.2958202
6.8658204,6.8858204,7.41582,5.56582,4.3858204,-0.6741797,-2.8441796,-1.9541796,-0.7341797,0.4958203,0.9758203,-0.2541797,-2.7741797,-1.7241797,0.30582032,-0.2141797,0.8958203,2.3458204,0.9258203,-0.6341797,-1.9641796,2.2858202,2.1358204,3.2858202,2.0458202,-2.9041796,-4.5941796,-4.81418,-5.62418,-2.0941796,-2.5741796,-5.3241796,-4.5041795,-2.4641798,-1.9141797,-2.5141797,-1.4441797,-3.2441797,-0.22417969,-0.7341797,0.62582034,1.6758204,0.4458203,0.5958203,-0.45417967,-1.0641797,-1.4541796,-3.8241796,-3.6241796,-3.5441797,-5.3641796,-4.5541797,-4.06418,-3.4241798,-3.3041797,-0.9741797,0.5858203,2.0858202
8.065821,7.5158205,7.58582,7.9958205,7.2258205,4.14582,0.065820314,-2.3341796,-1.9541796,-0.81417966,-0.3041797,0.26582032,-1.7241797,-1.9141797,-2.3341796,0.36582032,-1.3241796,-1.0841796,-0.014179688,1.1258203,4.06582,3.2158203,2.2658203,2.6258204,0.9758203,-0.9541797,-2.4541798,-1.9741797,-0.4341797,-1.0741796,-4.58418,-3.8041797,-2.7241797,-3.3041797,-2.4041796,-1.9041797,-1.4341797,-1.5541797,0.13582031,0.39582032,0.095820315,-0.23417969,-0.3741797,-1.5541797,-1.1041797,-1.7941797,-2.6341796,-5.16418,-4.39418,-5.9941797,-4.9241796,-4.5041795,-4.08418,-3.6841798,-2.7941797,-1.5541797,-0.5341797,0.5858203
6.9858203,7.5258203,7.7858205,7.5158205,8.40582,7.43582,4.20582,0.87582034,-0.68417966,-0.7841797,-0.5441797,0.19582032,-0.4741797,-2.9341798,-2.4741797,-1.6341797,0.23582031,0.68582034,-0.7241797,1.8758203,2.7558203,2.6158204,2.7458203,2.3458204,-1.2741797,-2.2541797,-3.6241796,-3.6441796,-1.9141797,-2.0341797,-1.4641796,-1.5241797,-2.6341796,-2.4841797,0.56582034,1.2358203,-0.24417968,0.4758203,0.6358203,0.22582032,-0.2841797,-1.1341797,-1.6041797,-1.8741797,-1.5641797,-2.4641798,-4.06418,-4.7341795,-4.8641796,-6.7441797,-6.1741796,-6.2241797,-4.8441796,-4.39418,-3.4541798,-3.4141798,-1.5741796,0.3758203
