views/data/weather/2019/09/29/0000-wind-isobaric-700hPa-gfs-1.0.json
{"header": { "discipline":0, "disciplineName":"Meteorological products", "gribEdition":2, "gribLength":77648, "center":7, "centerName":"US National Weather Service - NCEP(WMC)", "subcenter":0, "refTime":"2019-09-29T00:00:00.000Z", "significanceOfRT":1, "significanceOfRTName":"Start of forecast", "productStatus":0, "productStatusName":"Operational products", "productType":1, "productTypeName":"Forecast products", "productDefinitionTemplate":0, "productDefinitionTemplateName":"Analysis/forecast at horizontal level/layer at a point in time", "parameterCategory":2, "parameterCategoryName":"Momentum", "parameterNumber":2, "parameterNumberName":"U-component_of_wind", "parameterUnit":"m.s-1", "genProcessType":2, "genProcessTypeName":"Forecast", "forecastTime":0, "surface1Type":100, "surface1TypeName":"Isobaric surface", "surface1Value":70000.0, "surface2Type":255, "surface2TypeName":"Missing", "surface2Value":0.0, "gridDefinitionTemplate":0, "gridDefinitionTemplateName":"Latitude_Longitude", "numberPoints":65160, "shape":6, "shapeName":"Earth spherical with radius of 6,371,229.0 m", "gridUnits":"degrees", "resolution":48, "winds":"true", "scanMode":0, "nx":360, "ny":181, "basicAngle":0, "lo1":0.0, "la1":90.0, "lo2":359.0, "la2":-90.0, "dx":1.0, "dy":1.0 }, "data":
[rows 26 to 51 of 181, columns 0 to 56 of 360]
-3.5765064,-0.13650635,2.4134936,3.6934936,4.5634937,4.983494,4.7934937,4.3434935,4.253494,2.3634937,2.3434937,3.3734937,5.2034936,4.1034937,2.8634937,2.4434936,0.9834936,1.3134936,1.5234936,2.8234937,3.2934937,2.4234936,1.6034937,2.7834938,4.1434937,4.3034935,4.9734936,5.6334934,6.2934937,6.4734936,6.8034935,7.213494,7.6234937,7.7834935,7.8434935,7.5934935,7.8934937,8.013494,8.023494,8.323494,9.613494,9.783494,9.863494,9.723494,10.693494,11.193494,11.323494,11.793493,10.563494,10.613494,10.3034935,9.323494,9.343493,8.453494,9.213493,9.363494,9.643494
3.3534937,2.6434937,2.4934936,2.6434937,2.3834937,2.0434937,2.5934937,2.6634936,3.5934937,4.3034935,4.753494,5.443494,4.9134936,4.5634937,4.1334934,2.5734937,3.0534937,-2.8065064,-2.8165064,-2.1165063,-1.2765063,0.88349366,2.8534937,3.4734936,4.1234937,4.5134935,4.6434937,4.7234936,5.1334934,5.3634934,5.523494,5.483494,5.3734937,5.1834936,4.8534937,5.1634936,5.6134934,5.1434937,5.0734935,5.023494,5.3134937,6.2034936,6.963494,7.443494,7.6434937,8.013494,7.9934936,8.083493,9.023494,8.463493,6.903494,7.273494,6.3034935,6.0834937,5.3834934,7.3134937,6.003494
2.2734938,1.1334937,0.53349364,1.0434936,1.4934937,1.5534936,1.0034937,1.5834937,1.8834937,1.8834937,0.94349366,-0.8765063,-1.3365064,-0.06650635,0.27349365,1.1634936,1.6034937,1.9734937,-1.1365063,-4.5665064,-1.0765064,0.9834936,-2.0765064,-2.2565064,0.49349365,1.7734936,2.6434937,2.5834937,3.5734937,4.443494,4.0534935,3.9534936,4.2034936,4.2234936,3.3934937,2.6934936,2.5434937,2.7234936,2.9234936,3.5634937,3.2134936,2.6134937,2.8934937,3.3134937,3.8234937,4.273494,4.5534935,4.3834934,4.6234937,5.7034936,6.1434937,6.1234937,3.6334937,2.2734938,3.5134935,5.7434936,6.153494
0.9234936,-0.21650635,0.52349365,0.08349365,-1.1965064,-2.4865065,-0.73650634,0.23349366,-0.036506347,0.16349365,0.94349366,0.31349364,-1.2365063,-1.5165063,0.25349367,1.9634937,1.6934936,0.6734936,0.25349367,0.12349365,0.90349364,-1.8065064,-2.8265064,-2.2665064,-2.0765064,-0.27650633,0.50349367,1.8934937,1.6634936,1.1134937,2.0734937,2.7134936,2.8834937,3.7034936,3.7434936,2.3834937,0.70349365,0.13349365,0.04349365,0.60349363,1.4434936,1.7434937,1.9634937,2.0534937,1.9534936,1.4934937,0.9834936,1.1734936,2.2134936,4.003494,5.5834937,5.8134937,6.503494,6.3334937,5.673494,4.2834935,3.0734937
0.59349364,-0.8765063,-0.77650636,-2.6065063,-3.7565064,-1.4065063,-0.84650636,-1.6965064,-0.79650635,-0.99650633,-0.55650634,-0.92650634,-0.68650633,0.10349365,1.5134937,2.7234936,3.9734936,4.3634934,6.6234937,8.003493,7.0734935,5.1134934,5.0334935,1.3034936,2.5134935,-2.6965063,-0.8865063,0.7434937,1.7934936,1.9234936,1.0934937,1.0734936,2.2434936,2.7534935,3.2134936,3.9734936,2.8234937,0.64349365,-0.5765064,-1.4765064,-1.7165064,-1.3265064,-0.7565063,0.11349365,1.0534936,1.8834937,2.3434937,2.6534936,3.2134936,3.0734937,3.6334937,3.9534936,3.0434937,2.6434937,1.3134936,1.1534936,2.7934937
-1.0665064,-0.34650636,-1.9065063,-1.5065063,-1.7565063,-2.4065063,-0.39650634,-0.14650635,-4.1165066,-6.2165065,-1.9965063,-1.5765064,1.6334937,3.7834938,3.2234936,3.3634937,5.273494,6.9534936,7.2834935,7.5734935,8.423493,9.283494,10.523494,9.683494,7.713494,5.483494,3.5034935,3.7334936,3.3534937,1.3434937,2.5234938,2.5434937,1.4734937,1.4134936,3.0534937,3.7534935,4.153494,3.9934936,2.5034935,1.4434936,0.24349365,-0.40650636,-0.46650636,-0.10650635,0.76349366,1.0134937,1.4934937,1.7534937,2.0234938,2.0834937,1.6434937,1.7634937,2.0034935,1.4734937,1.7334937,3.3134937,4.983494
-1.7065064,-1.8165064,-0.78650635,0.36349365,0.30349365,0.97349364,1.2434937,3.3434937,3.5834937,-0.28650635,2.1334937,0.63349366,-0.49650633,0.58349365,3.9934936,5.8434935,6.483494,6.8334937,6.8834934,6.4134936,6.903494,7.8634934,8.293493,8.923493,9.943494,9.623493,6.753494,5.463494,3.3134937,3.8434937,2.7934937,2.2434936,3.1334937,3.1834936,2.8334937,3.7734938,4.8034935,5.2234936,5.193494,4.8034935,4.273494,3.6434937,2.8734937,2.3834937,2.6034937,2.9434936,3.1634936,3.1934936,2.8034937,2.7434936,2.6634936,2.2234936,2.2434936,2.8834937,5.0734935,5.8034935,6.5334935
0.59349364,0.7434937,2.8634937,4.983494,6.673494,7.3634934,7.4334936,8.543493,8.183494,11.203494,8.263494,7.1034937,9.193494,11.693494,4.8434935,7.5734935,7.673494,8.313494,9.0534935,9.393494,9.983494,10.0534935,9.233494,9.313494,10.923493,10.363494,9.753493,7.2234936,6.3634934,-0.54650635,0.42349365,3.6034937,4.4334936,4.4134936,4.9534936,4.713494,4.7034936,6.3534937,7.0534935,5.3034935,5.6034937,5.1234937,5.0534935,5.003494,4.753494,4.983494,5.0334935,4.503494,4.7634935,5.3834934,4.9534936,4.8634934,5.1434937,6.3334937,6.983494,6.4734936,6.463494
2.5334938,5.7234936,7.7034936,8.943494,10.573494,12.393494,12.883493,12.393494,12.603494,14.233494,14.5534935,15.663494,14.333493,11.683494,14.573494,8.863494,8.853494,9.633493,9.063494,9.683494,10.633493,12.033494,11.783494,9.913494,10.283494,10.963493,9.453494,9.683494,9.893494,11.403494,9.013494,6.213494,3.2134936,6.733494,7.8434935,6.3134937,6.1034937,6.003494,6.923494,8.223494,6.2634935,7.4134936,6.0834937,6.003494,5.983494,6.3334937,6.273494,6.3134937,5.7034936,5.8234935,6.443494,6.7434936,7.3434935,7.773494,7.443494,6.7034936,6.3534937
3.6734936,6.3734937,8.923493,11.673493,14.483494,16.973494,19.623493,21.253494,22.593494,23.223494,21.553493,20.493494,19.823494,17.803493,17.323494,18.593494,12.763494,12.533494,11.633493,11.433494,10.473494,9.633493,11.263494,10.593493,8.813494,8.953494,8.843493,8.323494,8.743494,7.7834935,10.643494,9.973494,7.1434937,4.7434936,7.673494,8.863494,7.3434935,7.1134934,7.693494,8.313494,9.343493,9.533494,9.503493,8.093493,7.653494,7.3634934,6.963494,7.3734937,7.0434937,6.8734937,6.6634936,6.9734936,7.6234937,8.073494,7.983494,7.9334936,7.5434937
6.4734936,4.3334937,7.6034937,10.313494,12.813494,15.873493,18.933495,23.053493,24.893494,25.583494,24.583494,21.283493,18.753494,19.593494,19.013494,17.383493,15.933494,14.593493,15.413494,13.573494,11.673493,8.213493,11.0534935,10.693494,9.733494,9.933494,9.063494,9.203494,7.0434937,6.153494,6.3034935,7.1134934,5.693494,7.8934937,7.8034935,6.1034937,8.063494,7.753494,7.5534935,8.643494,8.353494,8.533494,8.433494,8.263494,7.213494,8.073494,8.283494,8.123493,8.263494,8.203494,7.403494,7.653494,7.8734937,8.143494,7.9934936,8.533494,8.833493
17.703493,17.553493,18.483494,14.293493,9.703494,14.423493,15.243494,17.143494,18.743494,18.883493,19.273493,18.733494,18.503494,17.123493,18.043493,17.073494,17.553493,15.903494,16.233494,14.913494,14.153494,11.633493,13.293493,11.573494,10.823494,10.3034935,10.123493,10.473494,9.913494,9.753493,9.363494,9.613494,10.733494,10.8034935,10.453494,10.733494,5.8934937,7.6434937,8.023494,8.3034935,8.103494,7.5334935,7.0734935,5.963494,5.483494,6.3934937,7.2434936,7.7634935,8.143494,8.003493,8.273494,8.623493,8.633493,8.473494,8.443494,8.403494,7.9534936
23.373493,24.713493,22.263494,25.653494,23.333494,23.723494,23.943493,18.813494,19.873493,16.403494,14.923493,15.273494,16.123493,16.983494,17.873493,18.473494,17.043493,16.463493,15.563494,15.353494,12.883493,12.953494,12.103494,11.733494,10.113494,9.493494,9.083493,8.333493,9.443494,10.043493,12.253493,13.013494,12.473494,10.883493,13.203494,10.713493,7.3934937,8.363494,9.753493,8.023494,6.3934937,6.0534935,5.173494,5.2034936,4.9734936,5.0334935,4.5534935,6.0634937,6.483494,6.233494,6.8934937,7.6434937,8.133493,8.743494,8.943494,9.0534935,8.743494
25.923494,27.583494,22.623493,23.273493,23.473494,23.883493,21.333494,18.933495,20.763494,18.963493,18.923494,17.433495,16.203493,15.323494,12.093493,12.963493,14.203494,14.093493,15.423493,15.143494,13.163494,10.523494,11.423493,10.483494,9.253493,10.543493,9.623493,9.313494,10.193494,9.643494,6.023494,6.0534935,10.473494,8.653494,8.0534935,13.533494,7.523494,8.693494,8.243494,7.403494,7.2634935,6.1034937,5.1434937,4.7834935,4.2034936,3.1234937,2.1634936,3.5234938,3.4534936,3.8334937,4.2434936,5.0334935,6.403494,7.6034937,8.633493,8.923493,8.763494
23.023493,23.673494,23.933495,21.213493,19.453493,20.083494,18.013494,17.023493,16.513494,18.513494,19.283493,19.523493,19.673494,18.843494,14.873493,14.283494,16.373493,17.403494,13.223494,16.253494,14.943494,12.253493,11.853494,10.293493,9.273494,7.483494,8.633493,11.853494,8.403494,8.903494,12.733494,5.4734936,7.7634935,9.453494,6.983494,7.4534936,7.503494,7.3634934,6.1834936,6.423494,5.483494,5.9534936,7.153494,5.753494,4.7234936,4.1334934,3.2034936,3.0234938,2.5034935,1.8534937,1.8534937,2.7634935,2.9834936,4.1334934,4.8634934,5.4534936,6.3034935
20.433495,17.253494,17.753494,16.573494,14.873493,17.163494,18.003494,15.703494,15.333493,15.623493,15.293493,16.403494,17.653494,18.913494,19.083494,20.403494,18.613493,17.083494,17.603493,16.053493,14.493494,11.093493,11.393494,10.513494,10.233494,12.893494,14.063494,11.503493,12.463493,14.833493,9.133493,12.293493,8.243494,8.103494,7.173494,6.0734935,6.8534937,4.6434937,4.6034937,5.4934936,5.7434936,6.0434937,7.0634937,7.8534937,7.4534936,6.1634936,5.1134934,6.0634937,7.003494,5.0634937,3.9134936,3.3834937,3.6534936,3.4234936,3.4734936,4.273494,5.7234936
16.843494,16.113493,16.263494,15.543493,14.543493,14.473494,14.793493,14.383493,13.633493,15.153494,15.653494,16.283493,18.213493,16.373493,13.193494,13.373493,12.403494,15.253493,18.443493,20.613493,17.753494,16.183495,15.003493,12.733494,14.163494,13.453494,9.503493,15.353494,12.003493,12.273494,7.5734935,9.583493,7.5734935,4.963494,5.5834937,6.193494,6.5434937,5.6034937,4.673494,4.5434937,5.1134934,6.2234936,6.4334936,8.133493,8.283494,7.9934936,7.9534936,7.1434937,6.773494,6.2834935,6.2934937,6.943494,6.8134937,6.3834934,4.4334936,5.1334934,5.3534937
15.653494,14.643494,13.983494,14.243494,14.403494,12.353494,12.893494,13.253493,12.883493,7.2034936,2.3334937,1.7434937,1.6334937,2.7434936,8.063494,9.263494,9.643494,12.243494,8.113494,11.193494,12.433494,11.883493,13.373493,14.773494,14.123493,15.313494,12.283494,11.663494,9.903494,6.3134937,4.943494,3.6934936,3.5134935,4.3534937,4.6034937,5.003494,5.0834937,5.4134936,5.5834937,5.213494,5.3834934,5.7434936,6.6234937,6.693494,8.723494,8.903494,8.403494,8.173493,7.3234935,6.0934935,6.9334936,5.173494,6.2834935,6.4334936,5.4534936,6.3634934,6.3534937
14.463493,13.513494,13.173493,13.943494,11.8034935,9.453494,8.833493,3.8334937,3.3034937,5.8134937,4.6434937,3.9534936,3.7434936,6.4334936,7.5134935,6.8034935,7.0634937,8.673493,7.7434936,8.123493,6.1134934,8.243494,12.823494,11.183494,11.453494,13.253493,15.343493,7.9534936,8.963493,7.3534937,4.233494,4.5534935,5.903494,5.713494,6.1034937,6.6134934,6.403494,6.233494,6.3234935,4.4134936,5.0134935,7.153494,8.233494,8.823494,9.213493,8.433494,10.213493,9.163494,8.933494,7.253494,5.6334934,3.1134937,2.4134936,1.4834937,-0.89650637,4.4534936,4.463494
14.193494,12.963493,13.263494,13.013494,12.0534935,8.823494,3.0234938,4.193494,7.9334936,9.903494,9.473494,9.133493,9.503493,9.143494,10.183494,12.453494,11.403494,11.533494,11.333493,10.233494,8.453494,8.713493,10.013494,10.123493,10.423493,9.443494,8.003493,8.753493,8.133493,9.373493,8.783494,8.333493,8.073494,6.693494,5.693494,5.8334937,6.8134937,5.7634935,4.403494,3.7434936,3.8734937,6.173494,8.663494,10.933494,12.133493,11.753493,12.023494,11.863494,11.403494,8.993494,6.9734936,5.733494,7.3034935,6.963494,5.1634936,2.4234936,4.7834935
12.703494,11.333493,11.453494,11.443494,11.283494,9.743494,7.6634936,7.7934937,8.313494,6.3534937,8.483494,8.123493,9.213493,9.213493,9.513494,9.913494,8.713493,8.063494,8.293493,9.433494,10.533494,10.673493,11.353494,11.643494,11.133493,10.363494,9.723494,8.853494,7.753494,8.403494,8.193494,8.043493,7.7434936,7.0734935,5.943494,5.5434937,5.2934937,4.2634935,4.193494,3.8634937,2.4634936,3.9734936,6.773494,9.983494,12.593493,13.463493,13.773494,12.483494,12.873493,9.833493,8.293493,8.563494,4.3034935,7.2834935,7.903494,8.853494,9.063494
7.423494,5.0834937,7.1834936,6.8534937,7.733494,7.5134935,8.003493,9.913494,10.873493,9.393494,10.213493,8.713493,9.153494,7.7234936,6.5134935,6.733494,6.5534935,6.3234935,6.3934937,7.463494,8.463493,9.473494,9.983494,9.753493,9.773494,9.413494,9.193494,7.213494,6.8134937,6.4734936,6.673494,5.943494,5.7834935,5.983494,6.213494,5.8034935,5.5334935,4.9934936,5.0534935,4.423494,3.8734937,5.1234937,3.2034936,2.1734936,1.3734937,5.9334936,8.133493,12.723494,13.873493,11.093493,12.583493,12.523494,11.633493,13.033494,13.863494,13.853494,13.573494
8.023494,9.013494,7.0634937,5.6834936,3.1434937,7.3234935,8.463493,10.233494,12.0534935,10.403494,7.2034936,6.693494,7.3234935,7.3134937,5.713494,3.9534936,4.673494,5.2034936,5.6434937,6.4534936,6.0634937,5.9534936,6.8334937,7.0834937,6.3434935,6.2834935,5.5134935,5.963494,5.983494,5.153494,5.233494,4.7634935,4.3434935,5.0434937,5.8334937,6.023494,5.8134937,5.1434937,3.9734936,4.003494,4.503494,6.0634937,7.443494,10.493494,13.933494,8.273494,0.94349366,1.2334937,7.4934936,14.683494,19.003494,20.483494,19.703493,17.363493,18.173494,17.693493,16.003494
5.173494,6.1634936,6.4334936,5.2034936,5.1034937,6.693494,6.733494,6.3534937,6.6034937,6.523494,6.1034937,7.8334937,8.203494,7.523494,6.5834937,6.3734937,6.653494,7.253494,7.6334934,8.193494,7.3034935,5.9734936,4.233494,4.6134934,2.2034936,1.9934937,4.7234936,4.773494,4.733494,3.8334937,3.8134937,3.3234937,3.6534936,4.213494,4.773494,4.6034937,4.153494,4.1234937,3.4434936,2.6434937,1.7734936,2.4734936,2.8334937,4.8134937,6.5134935,8.853494,12.413494,11.033494,8.123493,7.1834936,10.563494,11.873493,14.403494,16.293493,12.703494,14.863494,16.073494
4.773494,4.1034937,4.3034935,4.713494,5.2834935,5.233494,5.8634934,6.7834935,6.8534937,6.5534935,6.903494,6.773494,5.8634934,6.1434937,7.1234937,7.9334936,8.623493,6.523494,7.1234937,7.003494,5.7234936,2.4134936,1.3234936,0.82349366,0.48349366,2.1434937,3.1034937,3.0634937,2.9434936,3.4034936,3.5234938,3.2934937,3.3434937,3.4634936,3.6534936,3.3534937,3.3234937,3.2634935,1.6434937,1.1634936,0.8634937,2.3334937,5.2834935,3.3134937,5.9134936,7.8834934,3.5134935,8.133493,13.603494,14.383493,17.623493,13.723494,10.743494,13.703494,20.963493,20.493494,21.873493
6.5634937,6.0534935,5.8834934,6.5134935,7.003494,6.6834936,6.9734936,6.983494,6.3934937,5.653494,4.8034935,5.273494,5.4734936,6.5334935,7.1134934,6.2634935,4.4934936,4.6434937,3.6534936,3.3234937,0.78349364,-1.7065064,-1.2465063,-0.72650635,-0.32650635,1.6434937,2.0534937,2.3934937,2.2034936,3.0034935,2.7434936,3.0634937,1.9134936,2.8034937,2.3634937,3.6634936,4.463494,3.3634937,4.2434936,5.753494,4.2234936,2.9434936,6.733494,6.2234936,4.8534937,5.3034935,7.7034936,7.1234937,6.3434935,3.1534936,5.0134935,8.273494,11.823494,12.653494,11.163494,12.723494,15.103494
