views/data/weather/2019/09/29/0000-wind-surface-level-gfs-1.0.json
{"header": { "discipline":0, "disciplineName":"Meteorological products", "gribEdition":2, "gribLength":78309, "center":7, "centerName":"US National Weather Service - NCEP(WMC)", "subcenter":0, "refTime":"2019-09-29T00:00:00.000Z", "significanceOfRT":1, "significanceOfRTName":"Start of forecast", "productStatus":0, "productStatusName":"Operational products", "productType":1, "productTypeName":"Forecast products", "productDefinitionTemplate":0, "productDefinitionTemplateName":"Analysis/forecast at horizontal level/layer at a point in time", "parameterCategory":2, "parameterCategoryName":"Momentum", "parameterNumber":2, "parameterNumberName":"U-component_of_wind", "parameterUnit":"m.s-1", "genProcessType":2, "genProcessTypeName":"Forecast", "forecastTime":0, "surface1Type":103, "surface1TypeName":"Specified height level above ground", "surface1Value":10.0, "surface2Type":255, "surface2TypeName":"Missing", "surface2Value":0.0, "gridDefinitionTemplate":0, "gridDefinitionTemplateName":"Latitude_Longitude", "numberPoints":65160, "shape":6, "shapeName":"Earth spherical with radius of 6,371,229.0 m", "gridUnits":"degrees", "resolution":48, "winds":"true", "scanMode":0, "nx":360, "ny":181, "basicAngle":0, "lo1":0.0, "la1":90.0, "lo2":359.0, "la2":-90.0, "dx":1.0, "dy":1.0 }, "data":
[rows 100 to 124 of 181, columns 285 to 341 of 360]
0.14230958,0.9123096,0.32230958,-0.13769042,0.11230957,0.36230958,-0.22769043,-0.45769042,-0.34769043,-0.66769046,-2.1076903,-0.86769044,0.70230955,-0.5376904,1.1423095,0.29230958,-1.3676904,-0.7076904,1.0023096,-0.49769044,0.36230958,0.77230954,-0.5076904,0.02230957,0.57230955,-0.23769043,-2.4876904,0.07230957,2.3423095,0.83230954,1.8823096,-1.1976905,-2.5276904,-1.7076905,-3.1076903,-4.0676904,-5.5176907,-4.1776905,-2.8576903,-6.2076902,-6.7176905,-7.0276904,-5.7776904,-5.1576905,-6.4076905,-5.7976904,-5.4376903,-5.4576902,-5.6776905,-6.24769,-5.6276903,-5.7676907,-5.3276906,-5.7176905,-5.8676906,-5.8776903,-5.74769
0.7223096,0.70230955,-0.39769042,0.64230955,0.22230957,0.07230957,-0.28769043,0.11230957,-0.54769045,-1.1876904,-0.7576904,0.15230957,-0.5776904,0.35230958,0.22230957,-1.8676904,-0.79769045,-0.5876904,-0.68769044,-0.8376904,2.4523096,1.3723096,-0.33769044,1.3323096,0.12230957,-1.0576904,-0.99769044,-1.4576905,-0.8276904,-1.0076904,-0.27769044,-1.0276904,-4.0976906,-5.3076906,-4.0276904,-4.1876903,-3.8076904,-3.7576904,-5.6076903,-7.3876905,-7.4876904,-7.1176906,-5.5576906,-4.8276906,-6.1276903,-5.8976903,-5.3076906,-5.3276906,-5.1876903,-5.4576902,-5.4076905,-5.72769,-5.8176904,-5.3976903,-5.6976905,-5.5976906,-6.0976906
-2.2776904,-0.39769042,0.5923096,0.81230956,0.5323096,0.07230957,0.19230957,0.06230957,-0.8476904,-0.45769042,-0.12769043,-0.74769044,-0.40769044,0.75230956,-2.1076903,-2.2776904,-1.0976905,-1.5276904,-0.66769046,-2.6776905,1.6223096,1.6523095,0.9223096,-0.22769043,-0.33769044,-0.87769043,-1.4176904,-1.6376904,-1.5676904,0.62230957,1.0223095,-1.8176904,-1.9876904,-2.1876905,-2.5076904,-4.8376904,-3.5676904,-1.1676904,-6.0476904,-7.0876904,-7.6876903,-7.1476903,-5.1176906,-4.9476905,-5.97769,-5.5976906,-5.0476904,-5.1176906,-4.9276905,-4.6176906,-5.0076904,-4.9676905,-5.0376906,-5.1676903,-5.47769,-5.6676903,-5.9076905
-1.9176904,-2.1976905,0.12230957,-0.7776904,0.6623096,0.17230958,0.83230954,0.88230956,-0.48769042,-0.54769045,0.43230957,0.70230955,-0.11769043,-0.8976904,-1.9376904,-2.7276905,-0.18769044,-1.8076904,-0.34769043,-0.81769043,1.6123096,1.1623095,0.32230958,-0.37769043,-1.0176904,0.6123096,-0.92769045,-2.0476904,-1.7276905,1.8523096,1.0023096,-0.73769045,-2.4276905,-3.8076904,-1.6176904,-4.1076903,-1.1376904,-5.5676904,-4.8676906,-6.3976903,-6.1076903,-5.9076905,-5.0676904,-4.1276903,-6.0976906,-5.5676904,-4.0076904,-5.2076902,-5.0776906,-3.9376905,-3.9476905,-4.6576905,-4.5376906,-4.4876904,-4.8576903,-5.0476904,-5.6376905
-0.60769045,-1.0876905,-0.7876904,-1.1176904,-1.8376905,0.45230958,0.9223096,1.4023095,0.02230957,-1.1976905,-0.81769043,0.14230958,0.06230957,-0.27769044,-1.5676904,-1.8876904,0.14230958,-0.30769044,0.7923096,-0.8276904,0.57230955,-0.27769044,0.62230957,0.75230956,-1.7176905,-0.24769042,-1.3676904,0.7323096,-0.03769043,-2.1876905,1.3523096,0.45230958,-3.6076903,-1.4076904,-4.99769,-1.0676904,-3.2176905,-5.7876906,-5.1376905,-5.9376903,-5.4276905,-4.8576903,-4.3376904,-5.1476903,-5.2976904,-4.5576906,-3.5076904,-5.8976903,-4.1876903,-4.0176907,-3.8076904,-3.2376904,-3.5376904,-3.9176905,-4.5676904,-4.7576904,-5.0276904
0.7123096,1.2423096,0.69230956,-5.5876904,-4.5576906,-1.5876905,-0.30769044,0.6623096,0.6123096,-0.17769043,0.10230957,0.38230956,0.58230954,0.082309574,-1.8276905,-0.25769043,0.082309574,0.46230957,0.30230957,0.93230957,0.07230957,-0.19769043,-0.31769043,-0.32769042,-2.9976904,-0.5076904,-0.79769045,0.35230958,0.93230957,-1.3676904,1.3823096,0.28230956,-1.5376904,-1.9876904,-3.8976905,-0.80769044,-2.2776904,-5.0376906,-4.9476905,-4.4076905,-4.1176906,-3.7276905,-3.7176905,-3.8276904,-5.22769,-4.3276906,-3.7976904,-4.7576904,-5.8576903,-4.3076906,-3.1476905,-3.2676904,-3.3976905,-3.2976904,-3.8476903,-3.9076905,-4.3176904
-3.6776905,-1.0576904,0.0023095703,0.57230955,-0.27769044,-1.8476905,-4.6176906,0.93230957,0.7823096,0.76230955,-0.17769043,0.03230957,-0.61769044,0.33230957,-0.97769046,-1.9676905,1.6323096,-0.67769045,-0.7776904,0.31230956,1.1723095,-0.33769044,0.87230957,1.0923096,-0.30769044,-1.1476904,0.0023095703,1.1923096,1.9223095,0.43230957,-1.7676904,-1.0776905,-1.7576904,-3.2576904,-1.6576904,-2.6076903,-0.34769043,-4.22769,-4.0176907,-2.4276905,-2.7876904,-2.1276903,-2.6576905,-3.0176904,-4.8176904,-3.8376904,-3.1876905,-5.3276906,-3.9776905,-3.0676904,-3.2876904,-3.0276904,-3.3176904,-4.1476903,-3.8576903,-3.4176905,-3.4876904
-2.1676905,-3.4876904,-2.7076905,-1.4276904,-0.15769044,-0.49769044,-1.1076905,-2.5176904,0.42230958,0.19230957,0.082309574,0.8423096,0.22230957,0.7223096,-0.93769044,-0.6476904,0.83230954,-0.97769046,-0.72769046,-0.22769043,-1.8676904,1.0623096,1.6023096,-0.7676904,-1.4876904,-0.6976904,0.6523096,0.89230955,3.2923095,-0.46769044,-1.7176905,-1.6976905,-1.2176905,-2.0476904,-2.0576904,-0.86769044,-3.2576904,-3.0176904,-0.7076904,-0.18769044,-0.8376904,-1.0376904,-2.1276903,-3.7076905,-3.4376905,-3.3876905,-3.2076905,-3.5976903,-3.3576903,-2.7176905,-2.5376904,-4.22769,-3.4176905,-3.9876904,-3.0076904,-2.9276905,-3.3476903
-3.2776904,-1.4376904,-1.7576904,-1.0476904,-0.72769046,0.37230957,-2.1576905,-4.0476904,-3.4876904,-2.2776904,-0.92769045,0.40230957,0.6623096,1.6523095,-1.5576904,-0.42769042,0.69230956,-2.5476904,-1.7976904,-0.7576904,0.18230957,-1.2476904,0.18230957,-2.5276904,-0.72769046,0.42230958,1.1623095,-1.4076904,0.6723096,0.83230954,-1.9876904,-4.0176907,-1.9276904,-1.8676904,-4.2876906,-0.5976904,-4.9176903,-3.9076905,0.02230957,0.20230956,0.76230955,-0.41769043,-0.91769046,-1.5876905,-1.8076904,-2.6676905,-2.3476903,-1.9576905,-3.2976904,-2.3476903,-3.3176904,-3.0476904,-2.7276905,-2.7976904,-2.7876904,-2.3476903,-3.4476905
-2.6976905,-1.7876904,-0.81769043,0.18230957,-0.38769042,0.76230955,1.6423095,-3.2876904,-4.7376904,-1.1576904,-2.4076905,0.40230957,-1.8976904,1.9523096,-1.3976904,-0.74769044,0.64230955,-2.6476905,-2.2176905,-1.4076904,-1.1076905,-2.3276904,-2.4276905,-2.9976904,-0.24769042,-0.56769043,-0.5176904,-0.35769042,-0.93769044,-0.36769044,-1.7076905,-4.7676907,-1.9376904,-3.4076905,-2.5676904,-0.60769045,-3.1376905,-4.0176907,-4.3276906,-3.7976904,-1.9576905,0.94230956,-0.61769044,0.64230955,-0.0076904297,-0.9476904,-1.1276904,-1.7876904,-1.6176904,-2.0276904,-1.9576905,-2.6376905,-3.2576904,-2.3876905,-2.6676905,-2.5676904,-3.5476904
-2.2476904,-2.6276903,-1.6976905,0.50230956,0.38230956,0.63230956,1.4423096,0.07230957,-4.0076904,-1.5576904,-2.2776904,0.7223096,-0.8276904,2.1523097,-1.0076904,-0.5276904,-1.8776904,-1.8276905,-1.4176904,-0.32769042,0.32230958,-2.2176905,-2.0176904,-2.4776905,-2.0476904,0.9623096,1.2523096,-0.79769045,0.37230957,2.6323097,-2.2876904,-3.7976904,-2.2776904,-1.1276904,-1.0676904,0.49230957,-1.3776904,-3.1076903,-3.1776905,-3.4076905,-3.6476905,-3.4676905,-0.7576904,2.5323095,1.9423096,0.6523096,0.38230956,-0.38769042,-0.37769043,-1.3476905,-0.9676904,-1.6676904,-2.2176905,-2.1676905,-1.8476905,-1.1976905,-2.8576903
-2.3976905,-2.5276904,-0.48769042,0.10230957,0.45230958,0.94230956,0.52230954,1.9923096,-2.7176905,-4.1376905,-3.3676903,0.20230956,-0.12769043,-0.20769043,-1.8076904,-2.9576905,-2.0276904,-2.7476904,-1.5176904,-0.28769043,-0.7676904,-2.8476903,-2.4676905,-1.3876904,-0.68769044,-0.6476904,-0.30769044,-1.0676904,-0.73769045,-1.8276905,-7.0776906,-4.8876905,-1.4476905,-2.3176904,0.45230958,-1.1576904,-0.27769044,-2.0176904,-2.7776904,-2.8576903,-3.2476904,-2.8876905,-2.4676905,-0.45769042,1.7723095,2.0923095,1.8223096,0.27230957,0.12230957,-0.40769044,0.13230957,0.082309574,-1.4976904,-1.5676904,-2.2776904,-1.9376904,-1.7276905
-1.9076904,-1.7276905,-0.93769044,-0.11769043,1.5223095,1.2223096,0.9223096,-0.11769043,0.88230956,-3.4776905,-1.1176904,0.18230957,-2.2976904,-2.0676904,-3.4176905,-2.4076905,-2.0776904,-0.97769046,-1.8876904,-1.9076904,-3.6176903,-3.3176904,-1.7076905,-2.7476904,-1.5076904,-1.5876905,-4.8276906,-4.1576905,-0.40769044,-0.7876904,-1.5176904,-0.61769044,0.13230957,-1.1276904,-3.3276904,-3.9776905,-0.9076904,0.24230957,-3.8476903,-2.6876905,-2.5876904,-2.7376904,-1.4976904,-2.2076905,-2.6276903,-2.1676905,3.4823096,1.7623096,0.7123096,0.8523096,0.88230956,1.2323096,0.5923096,-0.5776904,-1.4476905,-1.9676905,-3.6676905
-2.2776904,-1.3576905,-0.31769043,0.22230957,0.7923096,0.21230957,1.6723095,-1.0576904,1.7223096,-0.26769042,1.2823095,-0.73769045,-2.2276905,-2.6976905,-1.9676905,-2.8376904,-2.6376905,-0.27769044,0.15230957,-1.0076904,-2.8976905,-2.4376905,-3.0876904,-2.0076904,-1.2776904,-2.5976903,-5.0476904,-2.6576905,-6.1576905,-1.3376905,-2.0376904,-4.8676906,-4.8676906,-5.8576903,-5.5876904,-5.5676904,-5.5676904,-4.5976906,-2.3976905,-2.5476904,-1.9376904,-3.0276904,-2.8976905,-2.5676904,-2.1176903,-1.3776904,-1.1776904,5.6323094,1.0023096,1.6723095,1.7423096,1.5023096,0.95230955,0.8523096,-0.46769044,0.03230957,-1.9576905
-2.1376905,-1.9276904,-0.55769044,0.8623096,1.0123096,0.83230954,1.6823096,0.45230958,2.0423095,-1.6576904,1.8723096,0.87230957,-2.9676905,-3.7076905,-1.7576904,-4.1476903,-1.8976904,-0.48769042,-1.1476904,-1.5576904,-2.7276905,-3.2876904,-0.5876904,-0.49769044,-0.34769043,-2.0876904,-2.4876904,-1.9076904,-0.8976904,-5.4076905,-5.72769,-6.2076902,-5.9276905,-4.9176903,-3.9876904,-4.3676906,-5.2076902,-5.2676907,-6.3476906,-6.4576902,-6.3476906,-5.2376904,-4.3376904,-3.7476904,-1.5076904,-1.4476905,-1.1876904,-1.9376904,4.8323097,4.4723096,2.7623096,1.9123095,1.5923096,1.2023096,0.28230956,0.62230957,-1.4476905
-2.3276904,-1.3476905,-1.1776904,0.24230957,1.5923096,0.082309574,0.7323096,2.1923096,0.6523096,-2.1976905,-0.61769044,-0.62769043,-3.3876905,-2.4176905,-2.0776904,-2.3376904,-2.4076905,-1.7676904,-1.4176904,-2.1376905,-2.5076904,-1.9876904,-0.25769043,-1.3876904,-0.8376904,-2.1676905,-1.6376904,-0.74769044,-5.5676904,-5.6976905,-5.5076904,-5.5576906,-5.4176903,-4.8776903,-4.7876906,-3.3476903,-2.9976904,-3.2876904,-4.3576903,-4.0176907,-3.6876905,-3.7976904,-3.4676905,-2.2076905,-2.8576903,-1.1776904,0.69230956,0.7823096,1.3723096,0.49230957,6.7923098,2.7923095,1.9623096,1.0723096,0.6023096,1.1123096,-0.5376904
-1.5276904,-1.3076904,-0.6976904,0.63230956,0.63230956,0.03230957,0.48230958,2.0223095,2.2823095,1.5823096,-2.6276903,-2.4176905,-2.4176905,-1.4376904,-2.9676905,-2.6776905,-2.1076903,-1.5576904,-0.87769043,-1.1576904,-1.3776904,-0.74769044,-1.0576904,-0.39769042,-1.0576904,-1.7976904,-1.3876904,-4.6276903,-5.5476904,-4.7976904,-5.2176905,-4.4176903,-4.4176903,-3.7176905,-3.4176905,-3.3276904,-3.5176904,-2.9476905,-2.8576903,-2.2576904,-1.8276905,-1.6076905,-0.93769044,0.11230957,0.40230957,0.12230957,0.8623096,1.8923095,2.8223095,3.5523095,1.7523096,6.0423098,2.6723096,2.0623095,1.0623096,1.2823095,0.19230957
-1.0176904,-1.4876904,-0.32769042,1.3023095,1.4223095,-0.37769043,-1.4876904,1.5623096,-0.7076904,0.32230958,-0.43769044,-3.8476903,-2.4276905,-3.6876905,-3.3376904,-2.7976904,-2.2476904,-2.8576903,-1.4076904,-1.7576904,-1.1876904,-0.48769042,-0.93769044,-0.9576904,-1.2076905,-0.5176904,-0.40769044,-4.0976906,-5.0676904,-4.24769,-4.2176905,-3.7476904,-3.7576904,-3.4876904,-3.0176904,-2.2376904,-2.5876904,-1.8376905,-1.3376905,-1.0876905,-0.40769044,0.36230958,1.4923096,2.4923096,2.4423096,2.6323097,3.3323095,4.0123096,3.7623096,2.5623095,4.9823093,2.8223095,5.0723095,2.6223097,1.0823096,-0.07769043,0.19230957
-0.9476904,-0.54769045,-0.35769042,1.8423096,0.7123096,-0.21769042,-2.1676905,-0.5876904,-0.98769045,-2.3176904,-0.08769043,-3.2476904,-5.1676903,-4.1876903,-3.0376904,-2.0476904,-3.8476903,-4.0376906,-2.1176903,-1.1576904,-1.4976904,-1.8976904,-1.9676905,-1.3376905,-0.5176904,-0.66769046,-0.25769043,-2.7776904,-4.1576905,-2.8176904,-3.3876905,-3.4576905,-3.2376904,-2.3876905,-2.3176904,-1.3376905,-0.97769046,-0.38769042,0.17230958,1.1123096,1.5823096,2.1023095,3.0623095,3.7423096,4.8123097,5.25231,5.3923097,5.5723095,6.6223097,5.5823097,4.6923094,6.1523094,4.9823093,3.7923095,2.0523095,-0.11769043,-0.30769044
-0.5976904,-0.46769044,-0.02769043,1.0923096,0.22230957,0.43230957,2.2623096,-0.11769043,-0.35769042,0.09230957,-3.8576903,-6.8776903,-4.7976904,-5.0576906,-4.0876904,-4.1876903,-3.2476904,-3.0676904,-2.7376904,-3.2976904,-3.1176903,-3.7676904,-3.4176905,0.17230958,-1.4576905,-0.21769042,-6.9276905,-5.22769,-3.5776904,-4.0276904,-3.3376904,-2.6376905,-2.0576904,-1.0376904,-0.19769043,0.70230955,1.4823096,2.0323095,2.6023095,2.9423096,3.6523097,4.2823095,4.9823093,5.77231,6.3523097,7.2623096,8.102309,8.29231,7.27231,7.9723096,7.6623096,8.08231,5.5923095,7.4123096,3.2923095,1.2723095,-0.14769043
0.082309574,0.43230957,0.46230957,2.2023096,-0.21769042,-3.5576904,-3.2076905,-5.1776905,-0.12769043,-4.5576906,-6.0976906,-2.7476904,-4.5176907,-4.5076904,-3.6676905,-3.5176904,-2.8776903,-2.5676904,-2.7876904,-3.1776905,-2.6876905,-3.7876904,-4.0076904,-2.4876904,-3.2376904,-7.2176905,-6.2076902,-4.6776905,-3.5876904,-3.5576904,-3.4476905,-1.8676904,-0.56769043,0.47230956,2.4423096,3.1623096,4.3823094,5.1023097,5.50231,5.6423097,6.1923094,7.8223095,7.75231,7.8223095,8.192309,8.99231,9.49231,9.942309,9.982309,9.20231,8.88231,8.80231,6.2323093,6.5523095,7.3023095,2.4123096,0.15230957
0.49230957,0.35230958,0.75230956,0.6023096,0.6523096,1.0823096,-1.3676904,-2.2076905,0.082309574,-0.5176904,-4.2876906,-0.13769042,-3.9276905,-3.9676905,-3.6476905,-3.3076904,-2.9476905,-2.2376904,-2.7676904,-2.7776904,-3.0876904,-4.49769,-3.9376905,-2.2876904,-7.3276906,-7.8276906,-5.8876905,-5.3276906,-3.9676905,-2.8576903,-1.7976904,0.06230957,1.9623096,3.0223095,3.7023096,4.2823095,5.8723097,6.7223096,7.5823097,8.55231,8.50231,9.232309,9.732309,10.0723095,9.902309,10.482309,11.34231,11.17231,11.46231,11.28231,9.5723095,10.642309,8.66231,7.02231,6.8723097,1.9623096,-0.21769042
1.4523096,1.2123096,1.1423095,0.6123096,-0.07769043,6.3423095,-1.1376904,-3.8976905,-4.2576904,-0.04769043,-2.7776904,-1.8876904,-2.5576904,-3.7876904,-3.6776905,-3.2776904,-3.2276905,-2.7576904,-3.7076905,-3.3576903,-4.5376906,-3.7576904,-3.8176904,-5.8676906,-6.7976904,-6.1776905,-5.6976905,-4.5676904,-3.6076903,-1.7976904,0.32230958,1.9923096,2.8623095,3.9623096,4.6023097,5.7123094,6.7223096,8.312309,9.30231,10.08231,10.53231,11.20231,11.42231,11.932309,11.442309,11.402309,12.062309,12.222309,11.862309,11.78231,11.58231,9.79231,10.402309,6.9723096,6.8523097,2.7723095,-1.0776905
1.9223095,1.5523095,2.0223095,1.0023096,0.18230957,2.5123096,-0.17769043,-4.8976903,-3.9076905,1.0023096,-2.3476903,-2.4476905,-2.9576905,-3.1276903,-3.2376904,-1.7176905,-2.7176905,-2.5576904,-3.0676904,-3.9076905,-4.1176906,-3.5376904,-3.1376905,-5.1976905,-5.7976904,-5.9676905,-5.5776906,-4.4576902,-2.8876905,-0.55769044,1.6023096,3.2623096,4.1123095,4.2123094,5.8223095,6.7223096,8.21231,9.54231,10.272309,11.312309,11.99231,12.642309,12.982309,12.96231,12.62231,12.24231,12.62231,12.54231,11.812309,11.732309,11.16231,10.16231,11.01231,7.9723096,5.77231,3.3123095,-1.6076905
2.0623095,2.2023096,2.5023096,2.2623096,-0.33769044,-0.37769043,-0.22769043,-2.3076904,-0.81769043,-5.5076904,-3.5076904,-3.9576905,-3.3176904,-2.8076904,-2.5076904,-2.7076905,-1.5176904,-2.3476903,-1.6376904,-3.5176904,-2.9976904,-3.3976905,-5.72769,-5.3576903,-5.3776903,-5.3476906,-4.6876903,-3.6276903,-1.3876904,0.35230958,1.2023096,3.0823095,3.3423095,4.27231,5.8223095,7.0723095,8.59231,9.67231,10.982309,11.8223095,13.392309,12.932309,13.42231,13.62231,13.642309,12.74231,12.76231,13.24231,12.92231,11.91231,11.152309,9.49231,9.50231,8.78231,7.6223097,4.4223094,-2.7676904
