views/data/weather/2019/09/29/0000-wind-isobaric-10hPa-gfs-1.0.json
{"header": { "discipline":0, "disciplineName":"Meteorological products", "gribEdition":2, "gribLength":40648, "center":7, "centerName":"US National Weather Service - NCEP(WMC)", "subcenter":0, "refTime":"2019-09-29T00:00:00.000Z", "significanceOfRT":1, "significanceOfRTName":"Start of forecast", "productStatus":0, "productStatusName":"Operational products", "productType":1, "productTypeName":"Forecast products", "productDefinitionTemplate":0, "productDefinitionTemplateName":"Analysis/forecast at horizontal level/layer at a point in time", "parameterCategory":2, "parameterCategoryName":"Momentum", "parameterNumber":3, "parameterNumberName":"V-component_of_wind", "parameterUnit":"m.s-1", "genProcessType":2, "genProcessTypeName":"Forecast", "forecastTime":0, "surface1Type":100, "surface1TypeName":"Isobaric surface", "surface1Value":1000.0, "surface2Type":255, "surface2TypeName":"Missing", "surface2Value":0.0, "gridDefinitionTemplate":0, "gridDefinitionTemplateName":"Latitude_Longitude", "numberPoints":65160, "shape":6, "shapeName":"Earth spherical with radius of 6,371,229.0 m", "gridUnits":"degrees", "resolution":48, "winds":"true", "scanMode":0, "nx":360, "ny":181, "basicAngle":0, "lo1":0.0, "la1":90.0, "lo2":359.0, "la2":-90.0, "dx":1.0, "dy":1.0 }, "data":
[rows 125 to 149 of 181, columns 0 to 56 of 360]
-1.4533875,-0.55338746,-0.95338744,-0.6533874,-0.45338744,0.44661254,0.94661254,1.9466126,2.3466125,2.9466126,3.3466125,3.0466125,3.1466126,2.8466125,2.6466126,2.3466125,1.5466125,0.44661254,-1.0533874,-1.7533875,-1.3533875,-1.2533875,-1.1533874,-1.6533874,-1.6533874,-1.6533874,-2.7533875,-2.7533875,-2.2533875,-2.5533874,-2.3533874,-4.1533875,-5.1533875,-4.7533875,-5.9533873,-5.3533874,-5.0533876,-5.8533874,-6.4533873,-6.7533875,-6.7533875,-6.0533876,-5.5533876,-6.3533874,-6.4533873,-5.8533874,-5.4533873,-5.6533875,-5.4533873,-5.1533875,-5.1533875,-4.2533875,-3.0533874,-1.9533875,-1.6533874,-2.0533874,-3.1533875
-1.8533875,-2.6533875,-2.1533875,-1.9533875,-1.4533875,-1.0533874,-0.35338745,-0.15338746,0.44661254,1.1466125,1.8466126,2.1466126,2.4466126,1.9466126,2.1466126,1.7466125,2.2466125,1.5466125,1.2466125,-1.4533875,-2.2533875,-2.5533874,-1.9533875,-1.3533875,-0.95338744,-0.95338744,-0.8533875,-2.1533875,-2.6533875,-1.9533875,-1.1533874,-1.4533875,-2.2533875,-4.1533875,-4.4533873,-5.3533874,-6.0533876,-5.3533874,-4.8533874,-4.3533874,-4.4533873,-4.2533875,-4.6533875,-4.9533873,-4.7533875,-4.8533874,-5.4533873,-5.4533873,-5.5533876,-5.4533873,-4.6533875,-3.4533875,-1.9533875,-1.3533875,-1.2533875,-1.5533874,-2.1533875
-4.0533876,-3.0533874,-2.8533874,-2.7533875,-2.1533875,-1.5533874,-1.2533875,-1.0533874,-0.45338744,0.04661255,0.54661256,0.8466126,0.74661255,1.6466125,1.2466125,1.3466126,1.0466125,0.6466125,1.2466125,0.8466126,0.74661255,-0.6533874,-1.1533874,-0.95338744,-0.95338744,-0.8533875,-0.75338745,-0.053387452,-1.1533874,-2.2533875,-2.5533874,-1.9533875,-1.2533875,-2.0533874,-3.3533874,-4.5533876,-4.7533875,-5.3533874,-5.7533875,-4.6533875,-3.8533874,-3.8533874,-3.8533874,-4.0533876,-4.2533875,-4.6533875,-5.0533876,-4.8533874,-4.9533873,-4.5533876,-3.9533875,-2.8533874,-1.8533875,-1.4533875,-0.8533875,-1.1533874,-2.2533875
-2.5533874,-3.2533875,-3.0533874,-2.9533875,-2.7533875,-2.1533875,-1.7533875,-0.75338745,-0.053387452,-0.25338745,-0.45338744,0.14661255,0.8466126,1.5466125,1.5466125,1.8466126,1.7466125,1.7466125,1.9466126,1.4466126,0.54661256,0.54661256,0.44661254,-0.25338745,-0.55338746,-0.95338744,-1.5533874,-1.4533875,-0.55338746,-0.25338745,-1.3533875,-2.5533874,-2.9533875,-2.7533875,-2.9533875,-4.1533875,-4.9533873,-4.9533873,-4.9533873,-5.2533875,-5.7533875,-5.4533873,-4.7533875,-4.7533875,-4.0533876,-3.9533875,-4.2533875,-4.0533876,-4.5533876,-3.5533874,-2.6533875,-1.3533875,-0.25338745,0.44661254,0.44661254,0.14661255,-0.25338745
-1.6533874,-2.0533874,-2.4533875,-3.1533875,-2.7533875,-2.2533875,-1.6533874,-1.3533875,-0.75338745,-0.15338746,-0.35338745,-0.35338745,0.14661255,0.54661256,1.1466125,1.9466126,2.1466126,2.3466125,2.4466126,2.5466125,1.4466126,1.6466125,-0.053387452,0.24661255,-0.45338744,-0.95338744,-1.0533874,-1.4533875,-2.2533875,-2.0533874,-1.6533874,-1.3533875,-2.5533874,-4.3533874,-5.2533875,-4.5533876,-4.4533873,-5.7533875,-6.0533876,-5.9533873,-5.7533875,-5.3533874,-5.0533876,-5.3533874,-5.7533875,-5.4533873,-4.7533875,-4.0533876,-3.1533875,-2.6533875,-1.8533875,-1.1533874,-0.6533874,-0.053387452,0.44661254,0.24661255,0.34661254
-1.3533875,-1.7533875,-1.7533875,-1.7533875,-1.6533874,-1.4533875,-1.2533875,-0.55338746,-0.95338744,-0.8533875,0.14661255,0.44661254,0.34661254,0.14661255,0.6466125,2.2466125,2.8466125,2.6466126,2.8466125,2.2466125,2.8466125,2.4466126,2.3466125,1.3466126,-0.053387452,-0.55338746,-1.4533875,-2.0533874,-2.1533875,-2.1533875,-2.7533875,-3.1533875,-3.2533875,-3.6533875,-4.6533875,-6.2533875,-6.9533873,-6.6533875,-5.9533873,-6.2533875,-6.7533875,-6.9533873,-6.2533875,-5.4533873,-4.9533873,-4.2533875,-4.3533874,-5.2533875,-4.5533876,-3.5533874,-2.5533874,-1.3533875,-0.25338745,0.14661255,0.34661254,0.04661255,-0.25338745
-2.6533875,-2.3533874,-2.1533875,-1.6533874,-1.5533874,-1.1533874,-0.8533875,-1.2533875,-1.6533874,-0.95338744,-0.45338744,-0.45338744,-0.35338745,-0.053387452,0.44661254,0.8466126,1.5466125,2.8466125,3.1466126,2.9466126,2.2466125,2.2466125,2.4466126,1.6466125,1.6466125,0.6466125,-0.95338744,-1.8533875,-2.9533875,-3.3533874,-3.2533875,-2.9533875,-2.8533874,-3.2533875,-3.7533875,-4.7533875,-6.2533875,-7.0533876,-7.8533874,-7.6533875,-7.1533875,-6.1533875,-5.7533875,-5.8533874,-5.7533875,-5.0533876,-4.1533875,-3.8533874,-3.3533874,-3.1533875,-2.8533874,-2.3533874,-1.8533875,-1.4533875,-1.4533875,-1.4533875,-1.8533875
-3.9533875,-3.6533875,-2.8533874,-3.0533874,-2.2533875,-1.9533875,-1.7533875,-2.5533874,-2.8533874,-2.1533875,-1.0533874,-0.55338746,-0.25338745,-0.053387452,0.14661255,0.54661256,0.6466125,0.74661255,1.4466126,2.2466125,2.1466126,2.8466125,2.0466125,1.0466125,1.3466126,0.54661256,0.04661255,-1.5533874,-2.6533875,-3.5533874,-4.3533874,-4.5533876,-4.4533873,-4.8533874,-5.3533874,-5.7533875,-5.9533873,-6.0533876,-6.7533875,-7.3533874,-7.9533873,-8.753387,-8.853388,-7.5533876,-6.6533875,-5.8533874,-5.5533876,-5.4533873,-5.1533875,-4.4533873,-4.0533876,-3.6533875,-3.1533875,-3.0533874,-2.5533874,-1.7533875,-1.5533874
-2.2533875,-1.6533874,-1.7533875,-1.9533875,-0.8533875,-1.1533874,-2.1533875,-2.4533875,-2.5533874,-1.5533874,-1.9533875,-1.9533875,-1.2533875,-1.0533874,-0.8533875,-0.55338746,-0.75338745,-0.95338744,-0.95338744,-0.6533874,0.14661255,1.1466125,0.94661254,0.34661254,0.34661254,-0.25338745,-0.8533875,-1.4533875,-2.5533874,-3.4533875,-4.1533875,-4.8533874,-5.3533874,-5.8533874,-6.1533875,-5.8533874,-5.8533874,-5.7533875,-5.8533874,-5.7533875,-5.9533873,-5.9533873,-6.0533876,-6.4533873,-6.7533875,-6.4533873,-5.7533875,-5.1533875,-4.8533874,-4.2533875,-4.3533874,-4.4533873,-4.7533875,-5.0533876,-4.5533876,-3.4533875,-2.8533874
-2.7533875,-2.8533874,-2.6533875,-2.1533875,-2.5533874,-3.1533875,-3.0533874,-2.6533875,-1.7533875,-1.2533875,-1.3533875,-1.8533875,-1.9533875,-1.2533875,-1.1533874,-1.6533874,-2.0533874,-2.1533875,-2.3533874,-2.1533875,-2.4533875,-1.5533874,-1.3533875,-1.6533874,-2.2533875,-2.2533875,-2.6533875,-2.1533875,-2.5533874,-2.7533875,-3.5533874,-3.8533874,-4.3533874,-5.5533876,-6.2533875,-6.1533875,-6.4533873,-6.3533874,-5.9533873,-5.2533875,-5.1533875,-5.0533876,-5.2533875,-5.5533876,-5.6533875,-5.7533875,-5.8533874,-5.5533876,-5.5533876,-5.1533875,-4.9533873,-4.5533876,-4.0533876,-4.1533875,-4.1533875,-4.3533874,-4.1533875
-4.0533876,-4.7533875,-4.7533875,-4.4533873,-4.9533873,-4.9533873,-4.3533874,-4.0533876,-3.6533875,-3.2533875,-2.2533875,-1.7533875,-2.0533874,-2.2533875,-2.1533875,-1.5533874,-2.0533874,-2.1533875,-2.2533875,-2.2533875,-2.1533875,-2.8533874,-2.5533874,-2.2533875,-2.6533875,-3.4533875,-3.3533874,-3.3533874,-3.8533874,-3.7533875,-3.7533875,-3.9533875,-4.3533874,-4.8533874,-5.2533875,-5.7533875,-6.3533874,-6.6533875,-6.5533876,-6.1533875,-5.7533875,-5.2533875,-4.7533875,-4.8533874,-5.1533875,-5.3533874,-5.4533873,-5.9533873,-6.4533873,-6.5533876,-6.2533875,-5.5533876,-5.2533875,-4.3533874,-4.3533874,-3.9533875,-3.8533874
-3.2533875,-3.8533874,-4.0533876,-4.3533874,-3.4533875,-3.1533875,-3.3533874,-3.7533875,-4.4533873,-4.4533873,-3.8533874,-3.7533875,-3.8533874,-4.1533875,-3.8533874,-3.8533874,-3.4533875,-3.0533874,-2.8533874,-2.9533875,-3.8533874,-3.6533875,-3.6533875,-3.0533874,-3.0533874,-3.0533874,-4.1533875,-4.2533875,-3.6533875,-3.4533875,-3.8533874,-3.8533874,-3.5533874,-3.5533874,-4.0533876,-4.7533875,-5.0533876,-5.1533875,-5.0533876,-5.2533875,-5.1533875,-5.0533876,-5.3533874,-4.8533874,-4.5533876,-4.7533875,-5.2533875,-5.3533874,-5.1533875,-5.6533875,-5.7533875,-5.6533875,-5.2533875,-4.8533874,-4.9533873,-4.6533875,-4.9533873
-2.4533875,-2.6533875,-3.2533875,-3.6533875,-4.4533873,-4.7533875,-4.6533875,-4.6533875,-4.4533873,-4.6533875,-4.3533874,-4.6533875,-5.3533874,-5.1533875,-5.3533874,-5.0533876,-4.5533876,-4.3533874,-3.7533875,-3.3533874,-2.3533874,-2.6533875,-3.8533874,-3.9533875,-4.1533875,-3.6533875,-2.9533875,-3.1533875,-3.8533874,-3.6533875,-3.6533875,-4.0533876,-4.0533876,-3.9533875,-3.9533875,-4.2533875,-4.3533874,-4.2533875,-4.4533873,-5.1533875,-5.2533875,-5.4533873,-5.2533875,-4.6533875,-4.4533873,-4.6533875,-5.1533875,-5.5533876,-5.8533874,-6.1533875,-6.1533875,-6.2533875,-5.9533873,-6.0533876,-5.7533875,-5.7533875,-5.1533875
-1.7533875,-2.1533875,-2.2533875,-3.0533874,-3.9533875,-3.9533875,-4.1533875,-4.8533874,-4.8533874,-4.8533874,-5.1533875,-5.0533876,-4.6533875,-4.4533873,-4.6533875,-4.8533874,-5.2533875,-4.6533875,-4.7533875,-4.6533875,-5.2533875,-4.7533875,-3.7533875,-3.4533875,-3.5533874,-3.5533874,-4.0533876,-4.7533875,-4.3533874,-4.0533876,-3.6533875,-3.5533874,-3.5533874,-3.9533875,-3.7533875,-3.6533875,-3.9533875,-4.0533876,-3.8533874,-3.5533874,-3.8533874,-4.4533873,-5.1533875,-5.3533874,-5.4533873,-5.5533876,-5.5533876,-5.5533876,-6.3533874,-7.1533875,-7.6533875,-7.6533875,-7.4533873,-7.2533875,-6.7533875,-6.5533876,-6.6533875
-2.5533874,-2.7533875,-2.8533874,-2.8533874,-3.0533874,-3.9533875,-4.6533875,-4.4533873,-4.1533875,-3.8533874,-4.4533873,-4.6533875,-4.6533875,-4.4533873,-4.4533873,-4.0533876,-3.6533875,-3.7533875,-3.9533875,-4.4533873,-4.4533873,-4.5533876,-5.1533875,-5.6533875,-4.7533875,-4.5533876,-4.5533876,-4.8533874,-4.4533873,-4.3533874,-4.2533875,-3.5533874,-3.9533875,-3.8533874,-4.2533875,-3.9533875,-3.6533875,-3.8533874,-3.5533874,-3.3533874,-3.8533874,-4.4533873,-4.5533876,-4.4533873,-4.5533876,-4.7533875,-5.7533875,-5.9533873,-6.3533874,-7.0533876,-7.3533874,-7.7533875,-7.8533874,-8.353388,-8.553388,-8.353388,-7.6533875
0.14661255,-0.6533874,-1.6533874,-2.1533875,-2.6533875,-2.8533874,-3.3533874,-3.8533874,-4.1533875,-4.2533875,-4.2533875,-4.3533874,-4.2533875,-3.9533875,-3.9533875,-4.5533876,-4.6533875,-4.4533873,-4.3533874,-4.1533875,-4.0533876,-4.4533873,-4.8533874,-4.5533876,-4.6533875,-4.6533875,-3.7533875,-3.5533874,-3.8533874,-3.8533874,-3.6533875,-3.4533875,-3.1533875,-3.6533875,-3.8533874,-3.9533875,-4.0533876,-4.6533875,-5.5533876,-5.7533875,-5.1533875,-4.8533874,-5.4533873,-5.0533876,-5.1533875,-5.4533873,-5.8533874,-6.2533875,-6.3533874,-6.7533875,-7.4533873,-7.5533876,-8.153387,-8.453387,-8.553388,-8.753387,-9.353388
0.04661255,-0.15338746,0.24661255,0.34661254,0.14661255,-0.053387452,-0.55338746,-1.1533874,-1.9533875,-2.4533875,-2.5533874,-3.2533875,-4.1533875,-4.4533873,-4.3533874,-4.2533875,-4.3533874,-4.2533875,-4.2533875,-4.4533873,-4.8533874,-5.1533875,-4.8533874,-4.2533875,-4.2533875,-3.3533874,-2.7533875,-3.1533875,-2.9533875,-2.9533875,-2.7533875,-2.9533875,-2.2533875,-2.6533875,-2.6533875,-2.6533875,-3.3533874,-3.3533874,-4.6533875,-5.8533874,-5.9533873,-6.7533875,-6.8533874,-6.7533875,-6.4533873,-6.5533876,-6.5533876,-7.4533873,-8.053388,-8.053388,-8.053388,-8.453387,-8.753387,-8.853388,-9.353388,-9.953387,-10.253387
-0.25338745,-0.55338746,-0.6533874,-0.8533875,-0.95338744,-0.6533874,-0.35338745,-0.053387452,-0.35338745,-0.45338744,-1.0533874,-1.2533875,-1.6533874,-2.3533874,-2.9533875,-4.2533875,-4.7533875,-5.0533876,-5.2533875,-5.2533875,-5.3533874,-5.8533874,-6.2533875,-6.1533875,-5.5533876,-4.8533874,-4.5533876,-3.3533874,-2.8533874,-2.7533875,-2.4533875,-2.6533875,-3.4533875,-3.1533875,-2.5533874,-2.9533875,-2.6533875,-2.7533875,-3.4533875,-4.0533876,-4.8533874,-5.3533874,-7.0533876,-7.7533875,-7.8533874,-7.7533875,-7.8533874,-8.053388,-8.153387,-8.653387,-9.053388,-10.053388,-11.053388,-11.353388,-11.453387,-11.053388,-11.053388
-0.8533875,-0.95338744,-1.4533875,-1.4533875,-0.8533875,-0.95338744,-1.1533874,-1.5533874,-1.8533875,-1.1533874,-0.6533874,-0.25338745,-0.35338745,-0.75338745,-1.5533874,-1.7533875,-1.7533875,-2.6533875,-3.6533875,-4.5533876,-5.0533876,-5.7533875,-5.8533874,-6.8533874,-7.6533875,-7.4533873,-6.1533875,-5.9533873,-5.1533875,-4.2533875,-4.3533874,-4.1533875,-3.9533875,-4.1533875,-4.2533875,-3.8533874,-3.6533875,-3.9533875,-3.9533875,-4.3533874,-4.7533875,-5.1533875,-5.3533874,-6.2533875,-6.9533873,-7.3533874,-7.7533875,-8.653387,-9.053388,-9.653387,-9.953387,-10.153387,-10.253387,-10.753387,-11.853388,-12.653387,-12.353388
-0.15338746,-0.053387452,-0.053387452,-0.15338746,-0.75338745,-1.2533875,-1.5533874,-1.3533875,-1.4533875,-2.0533874,-1.9533875,-1.2533875,-0.75338745,-0.75338745,-0.55338746,-1.2533875,-2.1533875,-2.5533874,-2.3533874,-2.4533875,-3.0533874,-4.0533876,-4.8533874,-5.3533874,-5.3533874,-5.6533875,-5.9533873,-6.5533876,-6.7533875,-5.8533874,-5.2533875,-5.5533876,-5.5533876,-5.8533874,-6.0533876,-6.4533873,-5.7533875,-5.4533873,-5.1533875,-5.4533873,-5.9533873,-6.5533876,-6.9533873,-7.1533875,-7.0533876,-8.253387,-8.853388,-9.053388,-8.553388,-8.953387,-9.953387,-10.553388,-10.953387,-10.753387,-10.853388,-11.753387,-11.653387
0.04661255,0.34661254,0.34661254,0.04661255,-0.15338746,-0.15338746,-0.35338745,-0.25338745,0.14661255,0.34661254,-0.15338746,-0.45338744,-0.6533874,-0.6533874,-0.95338744,-0.75338745,-1.3533875,-2.0533874,-2.5533874,-3.5533874,-4.2533875,-3.1533875,-4.0533876,-4.2533875,-4.9533873,-5.6533875,-5.8533874,-5.6533875,-5.4533873,-5.7533875,-5.7533875,-6.1533875,-6.6533875,-6.5533876,-6.6533875,-6.9533873,-7.5533876,-7.6533875,-7.1533875,-6.6533875,-6.6533875,-7.1533875,-8.053388,-8.553388,-8.553388,-8.353388,-9.153387,-9.153387,-9.753387,-8.953387,-9.753387,-10.753387,-11.453387,-11.753387,-11.153387,-11.653387,-12.253387
-2.2533875,-1.8533875,-1.0533874,-0.75338745,-0.15338746,-0.75338745,-0.55338746,-0.053387452,0.14661255,0.04661255,-0.45338744,-0.75338745,-0.6533874,-0.95338744,-0.8533875,-1.2533875,-1.3533875,-1.1533874,-2.0533874,-2.4533875,-2.8533874,-3.4533875,-4.5533876,-5.1533875,-5.3533874,-5.9533873,-5.9533873,-6.3533874,-6.9533873,-7.5533876,-8.153387,-7.7533875,-6.7533875,-6.4533873,-6.5533876,-7.3533874,-8.053388,-8.653387,-8.253387,-7.1533875,-7.5533876,-7.5533876,-8.253387,-9.053388,-9.153387,-9.853388,-9.453387,-9.853388,-9.953387,-10.953387,-11.053388,-11.453387,-12.153387,-13.053388,-12.553388,-13.053388,-14.253387
-0.25338745,0.24661255,0.54661256,-0.15338746,-0.35338745,-0.35338745,-0.95338744,-1.6533874,-1.5533874,-1.5533874,-0.95338744,-0.6533874,-0.95338744,-0.95338744,-1.1533874,-1.8533875,-1.8533875,-1.8533875,-1.5533874,-1.7533875,-2.8533874,-3.9533875,-4.4533873,-5.2533875,-6.2533875,-5.9533873,-6.2533875,-7.8533874,-8.853388,-9.153387,-8.853388,-8.653387,-8.253387,-8.253387,-8.153387,-7.8533874,-8.053388,-8.153387,-7.9533873,-8.253387,-7.4533873,-7.3533874,-8.053388,-8.753387,-9.253387,-8.453387,-9.153387,-10.253387,-11.153387,-12.853388,-14.053388,-13.353388,-12.753387,-13.253387,-14.353388,-14.353388,-14.253387
-0.55338746,-0.75338745,-1.6533874,-2.0533874,-1.4533875,-1.4533875,-1.2533875,-1.1533874,-1.3533875,-2.0533874,-2.7533875,-3.0533874,-2.6533875,-2.1533875,-2.4533875,-3.1533875,-3.6533875,-4.4533873,-4.5533876,-4.8533874,-4.5533876,-4.5533876,-4.2533875,-5.3533874,-6.0533876,-7.1533875,-8.753387,-9.453387,-8.253387,-8.153387,-9.353388,-8.953387,-8.653387,-8.553388,-8.353388,-7.7533875,-7.7533875,-8.353388,-9.153387,-9.053388,-7.9533873,-6.1533875,-7.1533875,-8.453387,-8.753387,-8.353388,-8.353388,-9.653387,-12.053388,-13.953387,-14.453387,-14.753387,-14.353388,-14.653387,-14.853388,-14.753387,-13.953387
-1.2533875,-1.1533874,-2.2533875,-2.1533875,-2.1533875,-0.95338744,-1.7533875,-2.7533875,-2.5533874,-2.5533874,-4.2533875,-4.3533874,-4.9533873,-5.4533873,-4.0533876,-2.8533874,-2.5533874,-3.1533875,-4.7533875,-4.8533874,-5.5533876,-5.6533875,-6.8533874,-5.8533874,-7.1533875,-7.7533875,-7.3533874,-8.553388,-10.253387,-11.153387,-11.053388,-10.253387,-10.153387,-8.653387,-7.4533873,-7.4533873,-7.9533873,-8.053388,-8.053388,-7.3533874,-6.5533876,-7.2533875,-7.8533874,-7.9533873,-7.6533875,-8.253387,-8.853388,-9.853388,-10.753387,-12.053388,-13.953387,-14.753387,-15.053388,-15.153387,-15.953387,-16.553387,-16.353388
