views/data/weather/2019/09/29/0000-wind-surface-level-gfs-1.0.json
{"header": { "discipline":0, "disciplineName":"Meteorological products", "gribEdition":2, "gribLength":78301, "center":7, "centerName":"US National Weather Service - NCEP(WMC)", "subcenter":0, "refTime":"2019-09-29T00:00:00.000Z", "significanceOfRT":1, "significanceOfRTName":"Start of forecast", "productStatus":0, "productStatusName":"Operational products", "productType":1, "productTypeName":"Forecast products", "productDefinitionTemplate":0, "productDefinitionTemplateName":"Analysis/forecast at horizontal level/layer at a point in time", "parameterCategory":2, "parameterCategoryName":"Momentum", "parameterNumber":3, "parameterNumberName":"V-component_of_wind", "parameterUnit":"m.s-1", "genProcessType":2, "genProcessTypeName":"Forecast", "forecastTime":0, "surface1Type":103, "surface1TypeName":"Specified height level above ground", "surface1Value":10.0, "surface2Type":255, "surface2TypeName":"Missing", "surface2Value":0.0, "gridDefinitionTemplate":0, "gridDefinitionTemplateName":"Latitude_Longitude", "numberPoints":65160, "shape":6, "shapeName":"Earth spherical with radius of 6,371,229.0 m", "gridUnits":"degrees", "resolution":48, "winds":"true", "scanMode":0, "nx":360, "ny":181, "basicAngle":0, "lo1":0.0, "la1":90.0, "lo2":359.0, "la2":-90.0, "dx":1.0, "dy":1.0 }, "data":
[rows 130 to 155 of 181, columns 116 to 173 of 360]
-5.7509937,-5.2209935,-4.650994,-4.2809935,-4.3509936,-4.2209935,-3.1809936,-2.3309937,-2.5509937,-2.3409936,-1.6109936,-0.91099364,-0.88099366,-0.20099366,-0.69099367,-0.29099366,0.79900634,2.3590064,3.8990064,4.7290063,4.7990065,5.3390064,5.6490064,6.5290065,6.0890064,6.7590065,7.2190065,6.7590065,2.7490063,3.0690064,2.0690064,1.7690064,1.2790064,2.4290063,2.6790063,2.5490065,3.1290064,2.3290064,1.0790063,-2.5709937,-1.5309937,0.83900636,1.2490064,2.7190063,4.3790064,4.8590064,4.6690063,-0.6809937,-4.630994,-4.8709936,-6.0209937,-6.710994,-6.170994,-7.170994,-6.920994,-6.130994,-6.670994,-7.1609936
-6.4909935,-6.2809935,-5.3509936,-4.9809937,-5.420994,-5.110994,-3.6609936,-3.2209938,-2.2009935,-1.6809937,-1.7409936,-1.5509937,-1.5009936,-1.5109936,-0.48099366,0.33900633,1.2390064,2.9490063,3.4990063,4.0890064,4.889006,5.3790064,5.7690063,5.6090064,4.9990063,4.9790063,5.5090065,6.1490064,6.869006,2.8590064,0.37900636,-0.31099364,-1.3109937,-0.77099365,0.54900634,0.42900634,4.639006,6.7490063,-2.5509937,-2.7509937,-3.6809936,-2.6009936,-0.97099364,-0.71099365,0.24900635,1.8990064,3.2290063,4.2390065,0.66900635,-3.1109936,-5.340994,-6.7309937,-7.3309937,-6.5809937,-6.1409936,-3.7609937,-4.2309937,-0.6109936
-8.190993,-7.3909936,-6.1209936,-4.8909936,-4.900994,-5.150994,-4.4109936,-3.5209937,-2.5009937,-1.6409936,-1.2109936,-0.38099366,-1.4509937,-3.2209938,-1.1609937,0.8290064,2.2690063,3.2690063,4.4190063,5.329006,5.5090065,6.409006,7.039006,6.7790065,6.7190065,7.599006,6.3590064,5.0890064,4.789006,4.6090064,2.2690063,1.9190063,-0.95099366,3.1890063,1.8290063,2.4490063,3.3090065,3.7190063,0.92900634,-3.5109937,-4.5609937,-3.4609938,-4.1409936,-3.1409936,-1.4309937,-0.44099367,0.52900636,2.2390063,2.4490063,1.3390063,-0.5509937,-4.3509936,-4.3509936,-5.3009934,-5.940994,-5.5509934,-2.1009936,-4.0309935
-9.020993,-8.010994,-7.590994,-6.690994,-6.0209937,-5.3509936,-4.9109936,-4.3209934,-3.7209938,-2.1109936,-0.64099365,-0.51099366,-3.0309937,-2.9109936,-0.48099366,1.4290063,3.2590063,4.289006,4.9190063,4.7690063,4.8390064,5.7790065,6.4490066,6.4790063,6.349006,6.4490066,6.7190065,6.6790066,5.139006,3.6590064,1.0090064,1.1490064,3.4590063,6.789006,5.7290063,6.5190063,1.0390064,1.6490064,1.6990063,-4.3309937,-5.5109935,-4.3309937,-3.5509937,-4.3509936,-3.7009935,-3.1909935,-2.7509937,-1.8709936,-0.6809937,0.34900635,1.4490063,2.0990064,-3.3509936,-3.7409937,-2.4109936,-1.0209937,-2.5209937,-5.2809935
-9.620994,-9.460994,-9.260994,-7.7909937,-6.590994,-5.4809937,-4.8709936,-3.3209937,-5.1009936,-3.8709936,-3.2809937,-2.9109936,-2.6209936,-2.1209936,-0.11099365,2.5590065,3.2090063,3.0890064,4.9290066,5.1890063,5.4490066,6.1490064,6.2190065,5.889006,5.7390065,5.909006,5.7790065,5.639006,4.9890065,4.599006,3.4690063,4.4890065,5.079006,4.8390064,4.309006,4.1690063,2.2890062,2.7490063,-1.7309936,-2.1909935,-4.4809937,-6.3009934,-5.7709937,-4.5809937,-3.8209937,-5.2309937,-4.3309937,-3.7209938,-2.6309936,-2.0509937,-1.4409937,-1.1009936,-5.710994,-0.97099364,-2.4009936,1.2890064,-3.0309937,1.4590063
-11.4909935,-9.980993,-10.030993,-9.030993,-8.050994,-6.210994,-3.9609938,-6.7509937,-6.460994,-5.3909936,-4.3909936,-3.1709936,-1.8009937,0.66900635,1.4290063,0.79900634,3.1490064,4.039006,4.7290063,5.2690063,5.5690064,6.2190065,6.5290065,6.9390063,6.869006,6.4390063,6.309006,5.9390063,5.119006,4.409006,3.6890063,3.3190064,3.5490065,4.7490063,4.7790065,4.809006,4.9890065,3.1890063,-0.49099365,-4.3509936,-4.460994,-6.6409936,-6.880994,-6.2509937,-5.2809935,-5.3709936,-4.460994,-5.880994,-5.5209937,-5.6609936,-4.1409936,-2.4809937,-3.7709937,-2.2109938,-2.9909937,2.3990064,-1.5009936,-1.0809937
-12.160994,-11.150993,-10.310993,-9.850994,-9.160994,-6.710994,-7.9809937,-8.080994,-7.1809936,-5.8009934,-4.960994,-3.1609936,-1.3609936,-1.3609936,1.0990063,1.8990064,2.9490063,4.4790063,5.1790066,4.9590063,6.1990066,5.9590063,6.659006,6.9390063,6.7990065,6.8390064,6.6890063,6.579006,6.2590065,5.8990064,4.7690063,4.1790066,3.5490065,3.0690064,4.0490065,5.059006,4.6790066,5.119006,4.2690063,-5.1809936,-5.0809937,-6.9709935,-7.340994,-6.7909937,-6.4109936,-6.3009934,-6.3209934,-5.2309937,-6.840994,-7.840994,-10.060993,-2.9009936,-1.1009936,-1.3809936,0.109006345,-2.7809937,-3.0109937,-2.5809937
-13.160994,-12.750994,-12.090994,-11.310993,-10.440993,-9.320993,-9.010994,-8.560993,-7.6409936,-7.210994,-4.1009936,-1.5909936,0.13900635,1.0190064,1.4490063,2.5390062,3.5290062,3.9590063,5.309006,5.6990066,6.1290064,6.4390063,6.869006,7.0290065,7.039006,6.829006,6.7290063,6.4390063,6.059006,6.1790066,5.8990064,5.4790063,5.099006,3.9190063,3.9490063,3.1190064,4.139006,3.7490063,4.7790065,4.9190063,-1.6209936,-6.3309937,-6.840994,-7.190994,-7.360994,-7.0309935,-7.2309937,-7.1009936,-6.3909936,-8.300994,-9.450994,-10.500994,-3.3009937,-5.3109937,-1.4509937,-4.400994,-4.5009937,-5.0609937
-13.120994,-12.630994,-12.080994,-11.830994,-11.050994,-11.050994,-9.800994,-9.080994,-9.050994,-6.1209936,-2.7609937,-0.33099365,0.59900635,1.6990063,2.5190063,3.0990064,4.2590065,4.809006,5.5090065,6.4590063,6.7490063,7.349006,7.559006,7.8190064,7.7090063,7.3590064,7.4390063,7.5290065,8.109006,6.7790065,6.9390063,5.5190063,3.3890064,3.1690063,2.8990064,1.9490063,2.1690063,2.3590064,2.7690063,3.1990063,3.1890063,3.3690064,-8.440993,-7.3509936,-7.610994,-7.940994,-9.020993,-8.350994,-7.7609935,-8.160994,-8.950994,-9.130994,-8.380994,-7.190994,-6.4709935,-5.3209934,-4.9109936,-4.8309937
-14.330994,-13.080994,-12.650993,-11.510994,-11.960994,-11.270993,-10.110993,-10.110993,-7.7709937,-4.6609936,-2.9809937,-0.95099366,0.8290064,1.6190064,2.9390063,3.3490064,4.3790064,5.4890065,6.1890063,6.6690063,7.389006,7.7290063,7.809006,8.209006,8.239006,8.039006,8.079006,7.9890065,8.019007,7.409006,7.0090065,6.139006,5.5090065,3.4190063,2.1690063,1.9890064,1.6290064,1.0490063,0.90900636,1.2690064,1.0690063,1.7190063,0.42900634,-4.650994,-7.0709934,-7.7909937,-8.570993,-8.270993,-8.150993,-8.270993,-9.110993,-8.890994,-7.8709936,-7.0509934,-6.400994,-6.5109935,-6.2709937,-5.6409936
-15.470994,-14.290994,-13.590994,-12.680994,-11.970994,-11.420994,-11.700994,-10.610993,-8.800994,-6.6609936,-3.6309936,-1.0709937,0.109006345,1.0990063,2.4690063,4.119006,5.579006,6.0190063,6.6290064,6.559006,6.8590064,7.7090063,8.229007,8.999006,8.709006,8.819006,9.0090065,8.729007,9.229007,8.739006,8.439007,7.409006,5.329006,5.0090065,3.9790063,1.9690063,1.7190063,1.2590064,0.89900637,0.59900635,0.78900635,0.98900634,1.5390064,-0.79099363,0.6390064,-5.7009935,-7.920994,-8.9909935,-9.000994,-8.200994,-8.600994,-9.120994,-9.270993,-8.130994,-7.4809937,-7.420994,-6.5209937,-5.3209934
-15.950994,-14.600994,-13.730993,-12.850994,-12.320993,-13.100994,-11.840994,-10.090994,-8.560993,-6.1409936,-2.9309936,-1.3309937,-0.17099366,1.3690064,3.3590064,4.7690063,5.7590065,6.2190065,6.119006,6.4890065,7.409006,8.889007,8.239006,8.109006,8.249006,8.399006,9.179007,10.339006,9.929007,9.829006,9.639007,8.179007,6.4590063,4.409006,3.0790064,2.4790063,1.0190064,0.72900635,0.31900635,0.30900633,0.40900636,0.21900634,1.0090064,1.0690063,1.6090064,-1.0909936,-1.5609937,-6.360994,-8.190993,-7.9509935,-8.9909935,-9.470994,-9.680994,-9.110993,-7.960994,-7.920994,-8.040994,-7.170994
-14.910994,-14.350994,-13.250994,-13.600994,-13.280993,-12.640994,-11.130994,-9.770993,-8.500994,-6.0209937,-3.0509937,-1.6109936,0.079006344,2.0990064,3.4090064,4.9990063,5.4190063,5.8990064,6.5890064,7.7990065,8.169006,7.8190064,7.1490064,7.9890065,8.339006,8.659006,9.979007,10.019007,10.209006,10.089006,9.779006,10.089006,9.229007,6.4790063,4.0690064,1.4990064,0.30900633,-0.52099365,-1.1109936,-0.53099364,-0.45099366,0.13900635,1.0290064,0.85900635,1.1190064,1.3590064,0.22900635,1.0390064,-6.0009937,-8.470994,-8.960994,-8.470994,-9.250994,-9.7409935,-9.660994,-10.420994,-8.050994,-5.9909935
-14.960994,-15.020993,-15.120994,-13.660994,-12.670994,-11.500994,-10.890994,-9.560993,-7.8109937,-5.7009935,-4.2809935,-2.1309936,0.08900635,1.9790063,4.0090065,4.349006,4.9290066,5.349006,6.9490066,7.4390063,7.829006,7.7290063,6.4590063,6.4990063,8.139007,9.439007,9.629006,10.919006,11.059007,10.879006,10.749006,10.329006,8.689007,8.049006,6.8190064,3.8390064,2.4390063,-1.3509936,-1.8209937,-1.8809936,-1.6709937,-1.3109937,-0.05099365,0.7590063,2.1090064,0.85900635,1.6990063,0.8190063,0.96900636,-8.190993,-10.070993,-10.870994,-9.900993,-9.900993,-8.110993,-8.170994,-6.5009937,-4.7409935
-15.510994,-15.190993,-13.520993,-12.880994,-11.320993,-10.140994,-9.480993,-8.720994,-6.920994,-6.0409937,-4.210994,-2.1209936,0.52900636,2.6090064,3.8090065,4.6990066,5.4790063,6.0890064,6.6090064,7.1490064,7.4490066,7.889006,6.6890063,4.809006,7.1490064,8.289006,9.909006,11.169006,11.649006,11.489006,10.939007,10.429007,9.499006,7.599006,5.1790066,4.0890064,2.1490064,-1.9809936,-2.8909936,-2.7309937,-2.8509936,-2.1809936,-1.4609936,0.71900636,1.3390063,0.42900634,-0.84099364,-3.6709936,-1.3709936,-1.7409936,-2.5709937,-2.8309937,-4.360994,-6.5009937,-5.7809935,-4.2009935,-3.1109936,-2.3309937
-13.730993,-13.550994,-12.2409935,-11.670994,-10.880994,-10.290994,-9.860993,-7.9909935,-7.0109935,-5.210994,-3.8509936,-1.4009937,0.8190063,2.6090064,3.8990064,4.789006,5.4890065,5.849006,6.4290066,6.7790065,7.3790064,7.7990065,7.789006,4.139006,5.2590065,7.889006,9.859006,11.579006,12.299006,12.059007,11.639007,10.359006,10.039006,7.9190063,5.2390065,2.6990063,0.72900635,-1.0809937,-3.3009937,-3.1209936,-2.7109938,-2.5709937,-1.9909936,-0.5609937,1.1890063,-1.8809936,-2.6809936,-5.0809937,-5.3209934,-6.1209936,-6.460994,-6.3509936,-6.400994,-6.0709934,-5.440994,-3.9509935,-3.0909936,-1.9509937
-12.750994,-12.760994,-11.800994,-10.900993,-10.820993,-10.220994,-9.030993,-7.9909935,-6.4709935,-5.190994,-2.8809936,-0.77099365,1.0890063,2.3590064,3.0690064,3.7190063,4.6690063,6.0890064,6.9790063,7.6690063,7.599006,7.9890065,7.8590064,8.719007,6.289006,9.029006,10.689007,11.549006,12.499006,12.979007,12.909006,11.609006,8.489006,5.7490063,5.0490065,2.2590063,0.91900635,-0.53099364,-1.4909936,-1.3109937,-1.7009937,-1.2809937,-0.76099366,-9.936524E-4,0.45900634,-0.7409937,-2.2209938,-3.7009935,-4.9309936,-4.840994,-3.5209937,-2.7909937,-3.1809936,-2.9809937,-2.8609936,-2.5009937,-1.8909936,-0.89099365
-12.440993,-12.070993,-11.780993,-11.280993,-9.970994,-9.160994,-8.220994,-7.670994,-6.360994,-4.440994,-2.0909936,-0.71099365,0.6990063,1.5990063,2.2290063,3.1890063,5.139006,6.559006,7.7390065,7.9390063,7.7290063,7.3390064,6.4590063,8.369006,9.129006,10.229007,10.599007,12.049006,12.979007,13.639007,13.779006,12.369006,7.2190065,2.9390063,4.4690065,2.7290063,1.5590063,0.39900634,1.0890063,-1.1609937,-2.3109937,-1.7209936,-0.38099366,-0.28099364,-0.59099364,-2.4909937,-2.1709936,-2.5409937,-2.3509936,-2.5309937,-2.2909937,-2.0709937,-2.1109936,-1.8109937,-2.1009936,-1.9509937,-1.3609936,-1.1009936
-12.880994,-12.590994,-12.050994,-10.810993,-9.680994,-9.2409935,-8.380994,-7.3109937,-5.9809937,-3.7709937,-2.2409937,-0.9209936,-0.31099364,0.05900635,1.5690063,3.3390064,5.0190063,6.6490064,7.539006,7.6990066,7.2690063,7.3390064,7.0690064,7.4490066,9.649006,10.019007,11.019007,11.729007,12.549006,12.799006,13.919006,12.2590065,3.2990065,1.8090063,1.7590064,4.329006,-0.070993654,1.7490064,2.6490064,-1.2309936,0.39900634,1.1790063,-0.17099366,-2.5009937,-2.5109937,-2.3909936,-2.6809936,-3.4909937,-2.9409935,-1.6409936,-1.5409937,-1.3709936,-1.5509937,-1.5109936,-1.5109936,-2.0009937,-2.3809936,-3.2309937
-12.220994,-12.410994,-11.680994,-11.050994,-10.390994,-9.620994,-9.010994,-7.9809937,-6.0209937,-3.8009937,-2.5809937,-1.1509937,-0.45099366,0.86900634,2.5190063,4.3790064,5.6090064,6.7590065,7.349006,7.159006,7.2390065,7.4990063,4.9390063,8.359006,9.329006,9.899006,10.179007,10.389007,10.949006,11.539006,12.799006,12.319006,7.9390063,5.3390064,2.8390064,2.6990063,1.4990064,0.86900634,0.9390063,1.9290063,3.1390064,3.2690063,2.1290064,0.44900635,-0.53099364,-0.9809936,-0.8609936,-1.1809937,-1.3109937,-1.2009937,-1.0809937,-0.59099364,-0.72099364,-1.0309937,-1.7909937,-2.9709938,-3.6909935,-7.610994
-11.890994,-12.270993,-11.590994,-10.560993,-10.270993,-10.300994,-9.440993,-8.120994,-6.2409935,-4.2909937,-2.8509936,-1.2509936,0.43900636,1.9790063,3.1290064,4.579006,5.5690064,6.5690064,6.869006,7.079006,6.7790065,7.8190064,8.349007,8.349007,9.019007,8.749006,9.239006,9.359006,9.889007,10.549006,10.219007,10.2590065,8.429007,6.3990064,3.8790064,2.1890063,2.0690064,2.6690063,3.3490064,3.7790062,4.4290066,5.2990065,5.0490065,5.0190063,-0.8109937,-3.1509936,-1.2409936,0.05900635,0.37900636,-0.95099366,-1.2809937,-0.6809937,-1.6509937,-2.2409937,-3.3209937,-5.2309937,-6.4109936,-6.210994
-10.170994,-10.640994,-9.510994,-9.210994,-8.910994,-8.690993,-8.330994,-6.960994,-4.9909935,-3.4209936,-1.6309936,-0.27099365,1.0990063,2.7590063,3.8790064,4.579006,5.4590063,5.7190065,6.329006,6.6290064,7.809006,7.539006,7.2190065,7.619006,7.4290066,7.3590064,7.7490063,8.789006,8.679007,8.779006,8.169006,7.3390064,7.1490064,3.5890064,1.9990064,2.0090063,2.8890064,3.5990064,3.2290063,3.0590065,3.0390062,2.7590063,3.5590065,3.8790064,4.309006,3.1990063,2.3790064,2.1090064,1.7390064,0.71900636,-1.1009936,-2.6909935,-4.5309935,-7.2509937,-7.690994,-7.940994,-7.9309936,-7.0209937
-9.560993,-8.890994,-9.820993,-9.900993,-10.040994,-8.9909935,-7.210994,-5.7009935,-4.4509935,-3.0509937,-1.6409936,0.049006347,1.2890064,1.4890064,2.1690063,3.3390064,4.1090064,4.6690063,4.889006,5.099006,4.789006,4.4790063,4.6090064,5.079006,5.4690065,5.4690065,5.4790063,5.369006,5.3390064,5.559006,5.8790064,6.039006,5.9590063,4.2390065,1.5590063,1.3290063,2.7290063,3.4990063,2.9790063,2.6990063,2.8290064,3.0990064,2.7490063,2.6990063,2.7290063,2.8290064,2.5190063,2.1690063,1.2590064,0.37900636,0.52900636,-0.78099364,-1.1209936,-3.1709936,-5.0209937,-4.7309937,-5.0209937,-5.840994
-7.0709934,-6.3309937,-6.170994,-6.0809937,-5.340994,-4.9109936,-4.7709937,-4.5609937,-4.0109935,-2.8809936,-1.9209937,-1.3209937,-0.49099365,0.35900635,0.95900637,2.2290063,2.7590063,2.8690064,3.1090064,3.3090065,3.2890062,3.2390063,3.5390062,4.0090065,4.5690064,4.369006,4.1090064,3.8590064,4.2090063,4.5290065,4.9690065,4.8590064,4.6690063,4.2790065,3.9090064,3.5590065,3.6490064,3.9590063,3.9590063,3.6690063,1.8290063,0.8790063,0.60900635,1.0690063,1.1190064,1.2290063,0.85900635,0.21900634,-0.65099365,-0.25099364,-0.64099365,-0.8609936,-1.3109937,-1.9109937,-2.7909937,-4.5709934,-4.9109936,-5.0709934
-1.7609936,-2.2709937,-2.5209937,-2.6109936,-3.0409937,-3.4409935,-3.6309936,-3.5509937,-2.9809937,-2.1309936,-1.7909937,-1.4009937,-0.8609936,-0.21099365,0.49900636,1.0990063,1.5090064,1.6990063,1.7290063,1.6390064,2.0390062,2.2190063,2.4490063,2.5590065,2.9290063,3.8190064,4.1490064,3.8690064,3.6290064,3.6690063,3.6390064,3.3990064,3.3790064,3.2990065,3.0390062,3.0290062,3.1790063,3.3790064,3.7490063,3.9190063,3.7290063,1.2190063,-0.31099364,-1.2509936,-0.9909937,-0.6809937,-0.71099365,-0.52099365,-0.49099365,-0.69099367,-1.2109936,-1.8109937,-2.3809936,-2.8009937,-3.6309936,-4.2709937,-4.9309936,-4.7609935
-0.24099365,-1.1909937,-1.5309937,-1.9409937,-2.1109936,-2.4909937,-2.4709938,-2.3909936,-1.8209937,-1.2809937,-1.1409936,-0.96099365,-0.7409937,-0.54099363,-0.12099365,0.38900635,0.7590063,0.8190063,0.6290063,0.48900634,1.1790063,1.8390063,1.7790064,1.5290064,1.4390063,1.6890063,2.4390063,2.6890063,2.8990064,2.8690064,2.6890063,2.6290064,2.3290064,2.1890063,2.2090063,2.3590064,2.5490065,2.7990065,2.9690063,3.1190064,3.1590064,3.1090064,2.9690063,2.6990063,2.0690064,0.90900636,-0.22099365,-1.1009936,-1.5709937,-1.8109937,-2.0109937,-2.2709937,-2.8509936,-3.4309936,-4.0809937,-4.6209936,-4.9509935,-4.7509937
