views/data/weather/2019/09/29/0000-wind-isobaric-700hPa-gfs-1.0.json
{"header": { "discipline":0, "disciplineName":"Meteorological products", "gribEdition":2, "gribLength":79189, "center":7, "centerName":"US National Weather Service - NCEP(WMC)", "subcenter":0, "refTime":"2019-09-29T00:00:00.000Z", "significanceOfRT":1, "significanceOfRTName":"Start of forecast", "productStatus":0, "productStatusName":"Operational products", "productType":1, "productTypeName":"Forecast products", "productDefinitionTemplate":0, "productDefinitionTemplateName":"Analysis/forecast at horizontal level/layer at a point in time", "parameterCategory":2, "parameterCategoryName":"Momentum", "parameterNumber":3, "parameterNumberName":"V-component_of_wind", "parameterUnit":"m.s-1", "genProcessType":2, "genProcessTypeName":"Forecast", "forecastTime":0, "surface1Type":100, "surface1TypeName":"Isobaric surface", "surface1Value":70000.0, "surface2Type":255, "surface2TypeName":"Missing", "surface2Value":0.0, "gridDefinitionTemplate":0, "gridDefinitionTemplateName":"Latitude_Longitude", "numberPoints":65160, "shape":6, "shapeName":"Earth spherical with radius of 6,371,229.0 m", "gridUnits":"degrees", "resolution":48, "winds":"true", "scanMode":0, "nx":360, "ny":181, "basicAngle":0, "lo1":0.0, "la1":90.0, "lo2":359.0, "la2":-90.0, "dx":1.0, "dy":1.0 }, "data":
[rows 26 to 51 of 181, columns 58 to 115 of 360]
-10.293288,-11.853289,-13.503288,-8.223289,-6.1632886,-5.5832887,-4.9732885,-5.0432887,-5.5832887,-4.7832885,-3.8832886,-3.1332886,-2.7032886,-1.5232886,-0.12328857,0.34671143,1.2067114,2.4967115,2.6067114,1.2667115,0.17671143,0.20671143,0.8167114,4.536711,4.9567113,3.2967114,0.20671143,-2.4132886,-0.9232886,2.5867114,5.4367113,4.8167114,1.2867115,-0.6632886,-1.0732886,0.5667114,1.3467114,0.30671144,-0.24328858,0.036711425,-0.6732886,-0.8532886,-0.58328855,-0.32328856,0.7067114,2.1867113,3.0367115,3.8967113,4.4167113,5.5267115,6.0867114,6.306711,6.4767113,7.1067114,6.8667116,6.4267116,5.2767115,4.306711
-12.163288,-15.383288,-9.933289,-8.023289,-7.9132886,-6.8532887,-6.1532884,-7.1732883,-6.4732885,-5.6732883,-3.9432886,-2.2732885,-4.2032886,-4.4732885,-1.3732886,0.60671145,1.8867115,2.1667113,2.8567114,2.6667113,1.9867114,0.34671143,-0.7832886,2.5467114,3.7467115,4.806711,1.7967114,-2.8332887,-2.1332886,1.8367114,5.1267114,7.0967116,4.056711,-0.23328857,-3.2432885,-2.9132886,-2.1832886,-1.9432886,-2.6032887,-2.6232886,-1.8832886,-0.15328857,1.3167114,4.2167115,7.0867114,7.806711,7.5267115,7.6667113,8.186711,7.8767114,6.6367116,6.3667116,6.9967113,7.6867113,7.6267114,6.9767113,5.5867114,4.2967114
-14.193289,-12.783289,-8.853289,-9.033289,-9.323289,-8.183289,-7.0132885,-8.313289,-7.193289,-5.713289,-3.8332887,-4.9232883,-6.8632884,-2.2532885,0.18671143,1.2567115,2.0167115,2.2367115,0.8967114,1.4867114,2.2867115,0.99671143,0.33671144,0.7167114,3.0367115,3.8967113,4.3767114,1.3867115,-1.3332886,-2.2332885,1.4367114,5.3267117,3.2867115,-0.41328856,-2.6332886,-3.7932885,-3.7232885,-1.8232886,-1.4432886,-0.6532886,-0.41328856,-0.45328858,1.1167114,3.2867115,5.266711,9.316711,10.416712,10.166712,10.786712,12.276711,12.396711,10.766711,9.686711,8.096711,5.6467113,5.8167114,5.3567114,5.1367116
-11.693289,-10.833288,-10.373288,-10.153289,-9.453289,-8.423288,-8.633288,-8.953289,-7.9732885,-7.0032887,-6.5932884,-5.7532887,-4.3632884,-1.9232886,-0.24328858,0.6467114,0.55671144,2.0267115,2.7567115,2.4667115,2.0667114,1.5567114,1.5167115,0.98671144,0.6967114,2.7767115,3.9167113,4.3767114,-0.13328858,-2.3932886,-0.63328856,2.8567114,2.3167114,-1.3332886,-3.3032885,-2.3032885,-2.7932885,-5.3832884,-7.9532886,-6.463289,-3.5532885,-0.0032885743,2.4567115,2.6867113,4.2767115,6.0067115,9.436711,9.626712,10.536712,12.596711,13.406712,12.966711,13.366712,11.076712,9.536712,7.9067116,5.8467116,5.7167115
-10.533289,-10.343288,-10.643289,-9.293288,-8.853289,-8.593288,-10.193289,-9.453289,-7.943289,-7.3432884,-6.9232883,-4.6432886,-3.0732887,-2.6132886,-3.1932886,-2.0232885,0.49671143,3.0567114,5.036711,3.8267114,3.2667115,3.1667113,3.0167115,2.6967115,2.7667115,2.2167115,2.2467115,1.9567114,0.92671144,1.0467114,1.0167115,1.4967114,1.7267114,-0.08328857,0.32671142,-2.7132885,-4.3832884,-4.6232886,-5.1632886,-6.0832887,-2.9132886,0.5767114,3.9767115,2.6967115,5.8667116,7.2767115,7.0067115,7.7367115,7.9067116,9.456712,12.376712,11.366712,9.316711,9.146711,7.7767115,8.926711,8.156712,6.6067114
-10.613289,-10.873288,-10.663288,-8.713288,-9.063289,-9.293288,-10.633288,-9.773289,-8.533289,-7.8232884,-7.0332885,-5.443289,-4.2932887,-4.7932887,-4.0132885,-2.2032886,-0.88328856,1.9967114,3.6267114,4.6867113,4.8467116,4.7467113,4.516711,4.306711,3.9867115,3.1567113,1.5867114,1.6867114,1.7467114,1.5367115,1.6167114,1.6167114,0.66671145,-1.1232886,0.23671143,-0.23328857,-2.6232886,-4.193289,-5.4032884,-5.8232884,-4.4132886,-1.2832886,1.8967115,4.266711,5.1667113,4.9767113,4.0867114,7.4267116,12.386711,12.196712,8.156712,11.766711,8.246712,6.2467113,5.4067116,4.7167115,7.2967114,6.0467114
-10.873288,-10.683289,-10.593288,-8.633288,-9.043288,-9.7632885,-10.963288,-10.713288,-8.743289,-8.713288,-8.003288,-7.0132885,-5.5332885,-4.3332887,-5.1132884,-4.3032885,-1.8232886,0.68671143,7.4367113,8.246712,10.326712,9.606711,7.5967116,5.6867113,3.9067113,4.2067113,2.1167114,-1.1632886,0.38671142,1.0867114,0.78671145,0.67671144,0.23671143,0.37671143,0.19671142,0.8167114,0.41671142,-0.5932886,-0.8532886,-0.9832886,-1.1432886,-1.2032886,-0.28328857,0.5167114,1.6867114,3.0967114,5.0767117,8.606711,11.626712,8.716711,11.9867115,7.6567116,5.4467115,3.6267114,3.4867115,3.3467114,2.9567115,5.7767115
-10.303288,-10.043288,-9.973289,-8.993289,-9.103289,-10.493289,-11.143289,-11.283289,-9.323289,-9.273289,-9.473289,-8.273289,-5.0232887,-6.2932887,-6.2232885,-2.8132887,0.20671143,7.9867115,10.536712,12.646711,14.066711,13.276711,9.586712,5.9767113,3.3367114,2.9267113,1.7867115,1.1467115,0.6267114,0.5167114,0.25671142,0.20671143,0.66671145,1.1067114,1.3067114,1.5967114,1.6567115,1.2667115,1.0567114,0.86671144,0.12671143,-1.0132886,-1.1732886,-0.2932886,0.29671142,2.3767114,4.3267117,7.9367113,8.316711,7.9367113,8.376712,8.376712,6.4767113,3.9667115,0.5867114,-1.8732886,0.30671144,1.8267114
-9.623288,-9.423288,-9.283289,-8.803288,-9.673288,-10.413288,-10.913288,-11.843288,-9.883288,-9.153289,-9.733289,-7.6132884,-8.153289,-9.493289,-9.383288,0.28671142,9.976711,9.266711,12.586712,14.666712,14.286712,11.4867115,8.406712,3.9367113,2.6367114,2.5767114,2.4567115,1.8467114,1.5567114,1.4067115,1.2767115,1.2867115,1.9067115,2.5967114,2.1767113,1.2367114,0.8767114,2.1567113,2.5267115,2.4967115,1.1567115,0.85671145,-0.51328856,-1.0332886,0.42671144,3.4967115,4.3167114,4.0967116,5.3167114,6.806711,9.026711,7.5067115,5.2367115,5.2467113,4.1167116,0.6567114,0.6567114,1.5467114
-10.103289,-10.823289,-9.283289,-10.123288,-9.423288,-9.743289,-10.933289,-11.183289,-10.083288,-9.253288,-9.093288,-8.573289,-9.573289,-13.103289,-8.643289,6.8567114,13.576712,11.656712,13.686711,17.476711,13.476711,11.616712,7.1367116,3.8467114,2.3467114,2.7167115,2.8167114,3.3367114,3.3367114,2.8067114,2.4767115,2.7467115,3.2367115,2.9567115,2.6567113,2.1767113,2.2667115,2.3567114,3.4967115,4.536711,4.5967116,1.7967114,-0.30328858,-0.9732886,-3.1932886,-2.2332885,-1.4332886,3.5267115,5.1667113,6.766711,8.846711,3.9967115,4.5667114,5.1067114,5.4567113,3.1467113,2.3767114,3.1267114
-9.093288,-8.053288,-10.033289,-10.983289,-10.633288,-9.363289,-10.603289,-11.313289,-10.7632885,-10.243289,-8.843288,-7.0432887,-6.0532885,-9.653289,-5.7532887,5.7967114,10.706712,13.336712,11.616712,14.136711,13.146711,8.256711,4.536711,3.0267115,2.8467114,3.5267115,3.8567114,4.0267115,4.306711,5.3867116,5.7367115,5.036711,4.056711,4.8667116,4.536711,3.9167113,3.6867113,3.9567115,3.5367115,1.7767115,3.0567114,3.9567115,1.4967114,-3.5532885,-3.0132885,1.6667114,4.8567114,5.1467113,7.3367114,7.9767113,2.1267114,2.5067115,3.4667115,5.056711,5.9967113,5.0267115,2.9467115,1.6267114
-9.583288,-10.523289,-11.063289,-12.043288,-12.123288,-10.023289,-8.873288,-9.743289,-10.393289,-10.363289,-9.423288,-6.5532885,-4.2932887,-4.0832887,0.42671144,2.8167114,9.136711,9.706712,9.806711,11.206712,10.686711,5.306711,5.5467114,4.9667115,5.056711,4.3867116,5.1767116,5.786711,7.7767115,10.916712,8.656712,8.426711,3.6767113,4.8867116,2.4467115,2.4767115,-0.70328856,0.32671142,-1.6032885,-1.6232886,-2.5732887,-1.8332886,-1.7032886,-0.6832886,0.42671144,3.6367114,7.2767115,7.1467113,4.5267115,1.2667115,2.0367115,3.0967114,3.2167115,4.8767114,7.0767117,7.4867115,3.6967115,0.91671145
-10.473289,-11.603289,-12.293288,-12.593288,-12.163288,-10.753288,-9.063289,-8.733289,-8.2632885,-7.5032887,-7.1132884,-3.9132886,-1.9532886,0.22671142,3.5467114,5.536711,6.4167113,7.6867113,4.4967113,7.786711,7.1467113,5.516711,4.9167113,5.4667115,5.4567113,6.1267114,7.4867115,11.996712,11.186711,8.746712,5.6067114,4.9767113,6.4767113,7.0067115,7.6067114,5.2567115,5.1567116,1.1167114,-0.7432886,-4.3932886,-6.2432885,-2.1932886,4.1867113,6.4667115,5.536711,7.9267116,5.6467113,6.286711,4.536711,2.8367114,2.4367113,3.7267115,4.2367115,4.8967113,6.016711,5.8567114,5.8367114,3.1367114
-10.573289,-10.103289,-10.593288,-10.243289,-9.603289,-8.893289,-8.433289,-7.2532887,-6.0432887,-4.7532887,-3.2532885,-2.0132885,-1.0232886,3.3467114,2.3567114,3.7967114,5.4767113,4.6567116,5.3967113,7.1467113,4.766711,2.8167114,3.6767113,4.8567114,4.8767114,5.8867116,10.766711,13.7367115,8.356711,5.056711,4.056711,10.126712,9.156712,6.7767115,7.2167115,5.3167114,0.5267114,0.8167114,0.54671144,-0.6532886,0.91671145,-0.9932886,3.9467115,3.6267114,5.8967113,7.6667113,8.106711,5.036711,6.2967114,5.9367113,4.7167115,3.8567114,3.7467115,3.8767114,5.5667114,4.9667115,5.6967115,3.8767114
-10.703289,-10.253288,-9.903289,-9.413288,-9.333288,-9.143289,-8.603289,-6.2532887,-4.213289,-2.5832887,0.79671144,0.6567114,-0.103288576,1.8267114,4.1967115,5.3367114,4.9667115,4.7767115,4.4667115,3.6167114,2.8667114,3.1667113,3.1467113,3.7967114,4.0467114,4.7967114,7.6667113,11.576712,14.066711,7.7467113,7.9767113,10.056711,2.8167114,7.4267116,2.0767114,2.2567115,3.2367115,0.7167114,-1.8932886,-1.3532885,-1.5932885,-3.5332885,-0.58328855,0.33671144,1.6767114,4.5767117,6.7467113,8.326712,4.4967113,5.8367114,6.2567115,5.3167114,3.4467115,4.2267113,5.7567115,5.7967114,4.0867114,2.0367115
-7.8032885,-7.443289,-6.8632884,-6.0232887,-6.2932887,-6.0632887,-5.5132885,-4.6332884,-3.1532886,-2.1332886,-0.82328856,1.8467114,3.2367115,4.4267116,3.9067113,3.8267114,3.3767114,3.2867115,2.2467115,2.1767113,2.4167113,3.7167115,4.8667116,4.6667113,4.266711,5.1467113,6.0467114,10.796711,8.716711,9.246712,5.3267117,7.8267117,8.026711,2.6467113,-3.4832885,-0.33328858,2.3167114,0.066711426,0.85671145,-0.88328856,0.7567114,-3.8032885,-3.4232886,-2.9132886,2.6167114,2.9467115,5.7467113,7.266711,7.2167115,6.2467113,4.6967115,4.6967115,3.7067115,3.3467114,2.9467115,4.8967113,4.1967115,2.3267114
-6.5332885,-5.963289,-6.0932884,-6.5932884,-5.9732885,-6.4132886,-5.4732885,-2.4532886,0.056711424,2.7767115,4.1867113,4.766711,4.2167115,3.6867113,2.8567114,2.4467115,2.7567115,3.3867114,2.7767115,3.8867114,5.2167115,5.8467116,6.1467113,7.2267113,7.8467116,8.016711,6.036711,4.4467115,2.1767113,0.5067114,0.36671144,6.5067115,5.8267117,4.8167114,-0.7832886,-2.3932886,1.0667114,1.3467114,2.2467115,2.0367115,0.39671144,1.0867114,-0.42328858,-1.5232886,-1.1732886,1.8267114,4.6267114,6.6067114,6.6967115,7.0867114,6.5767117,5.4067116,2.9267113,2.4467115,2.3667114,3.4467115,6.6067114,1.5467114
-4.9232883,-6.0732884,-9.093288,-10.0132885,-8.613289,-8.173288,-7.7832885,-6.4732885,-1.0532886,3.7967114,4.4467115,4.3767114,4.0767117,3.3467114,2.9867115,3.6367114,3.7667115,3.3667114,3.6867113,5.2767115,6.3567114,8.666712,8.886711,10.9867115,8.876712,5.9067116,5.4567113,1.0067115,1.5367115,1.2667115,-3.9132886,-4.1132884,-0.75328857,3.8467114,4.6667113,-0.31328857,-3.5932887,-1.0832886,-0.2632886,-0.7932886,5.6767116,4.8567114,3.6867113,8.886711,4.8767114,3.9467115,0.27671143,-1.8432885,2.9267113,5.4667115,5.1667113,4.6867113,3.8167114,3.3567114,4.8667116,4.0767117,3.6467113,3.1267114
-7.463289,-5.8632884,-5.5432887,-3.9532886,1.0267115,3.9267113,5.1367116,10.796711,9.636711,4.3567114,6.7267113,6.4567113,5.3467116,5.6967115,5.266711,4.0267115,4.016711,5.2967114,7.3167114,8.776711,8.536712,7.6267114,6.5467114,5.2567115,2.2167115,2.1467113,4.4767113,0.6967114,-1.0432886,-1.3032886,-5.1632886,-4.0332885,-1.5632886,0.44671142,-2.4932885,-2.2132885,0.6467114,-2.9232886,-2.1832886,2.1867113,3.4767115,3.8467114,4.5267115,1.0267115,3.1767113,4.0667114,0.016711425,0.16671142,2.3967113,6.1267114,5.1067114,4.6867113,3.8467114,3.7167115,4.1667113,3.7167115,3.5567114,2.9467115
-2.8032885,-5.1132884,-6.0332885,-1.0632886,5.8967113,7.3867116,13.596711,13.066711,13.386711,11.126712,8.876712,8.896711,7.7267113,7.306711,6.8467116,6.806711,6.4667115,6.3567114,6.1067114,5.7067113,6.4467115,7.5767117,5.016711,1.6467115,2.2667115,3.4667115,5.9567113,3.8567114,-0.8032886,-4.3332887,-5.2632885,-2.8932886,1.3067114,-2.2832885,-4.3832884,-2.4132886,-1.8432885,-0.37328857,0.32671142,3.3067114,4.3867116,5.5867114,2.6767113,-2.4832885,-2.2232885,-1.7832886,-1.0732886,3.7567115,4.8467116,4.6067114,5.516711,2.3567114,2.3967113,1.6767114,0.9567114,4.1067114,2.4367113,4.0067115
-4.4332886,-6.1632886,-3.9332886,2.4267113,12.836712,10.526711,9.976711,10.306711,11.086712,10.4867115,8.276711,7.0767117,7.1567116,8.016711,9.766711,8.746712,8.436711,2.7867115,3.1167114,4.5867114,1.4567114,1.7967114,1.8567114,2.3467114,2.8967113,3.8167114,3.7367115,4.2767115,3.0167115,-1.0932885,-3.2032886,-2.9632885,-0.7232886,-1.2432885,1.1267114,1.1767114,2.9267113,1.4667114,1.1667114,1.8267114,1.4367114,4.786711,3.6967115,0.32671142,-3.4132886,-1.4532886,0.86671144,3.5467114,5.2467113,4.1667113,9.006711,1.2367114,0.13671142,1.7267114,2.0367115,0.61671144,1.7367114,8.856711
-1.9432886,4.5767117,3.2967114,9.656712,10.446712,9.396711,9.056711,8.246712,7.6367116,6.6667113,5.5667114,5.6467113,7.806711,11.256711,7.0467114,6.1167116,6.2267113,3.9367113,5.5467114,5.1267114,4.6567116,5.9967113,5.4967113,3.6867113,1.4667114,3.0167115,3.4667115,-2.3132887,-0.77328855,0.41671142,-1.3932886,0.036711425,0.4567114,2.1967115,1.7567115,3.2367115,4.0467114,5.6267114,4.7167115,1.3967115,0.43671143,-1.4632885,2.6667113,1.9467114,-1.7032886,-1.5232886,4.6467113,4.9267116,7.556711,6.9767113,7.5967116,2.4767115,-3.1732886,2.6467113,1.8167114,1.9067115,6.3467116,4.4167113
2.8167114,2.4167113,4.1567116,9.476711,8.856711,7.1367116,6.9767113,7.8567114,6.6067114,4.9667115,5.0467114,5.8167114,7.7467113,1.2667115,3.2267115,4.6767116,4.4567113,3.3067114,3.2467115,4.7767115,5.1467113,1.1867114,-2.0932887,-3.1032887,1.0067115,0.38671142,0.66671145,1.1267114,0.7767114,0.8367114,0.55671144,1.2367114,1.4867114,1.0967114,0.47671142,2.0567114,2.4267113,3.0967114,1.6167114,1.3867115,-0.20328857,-1.6232886,1.1867114,1.8267114,0.17671143,1.7367114,2.9567115,5.5267115,5.9467115,5.1967115,6.266711,3.0967114,0.33671144,0.53671145,1.3767114,0.41671142,0.30671144,1.8567114
0.61671144,0.6467114,2.6967115,1.2067114,5.9367113,8.076712,8.206712,7.6367116,6.9467115,6.8167114,7.9767113,9.116712,6.4367113,4.2467113,3.3667114,2.3567114,3.4267113,3.0467114,2.7767115,-0.76328856,-2.3632886,1.2967114,-1.0932885,-2.1832886,2.2467115,3.9267113,1.0567114,0.8867114,1.5167115,1.4167114,1.1067114,-0.31328857,0.12671143,-0.82328856,1.6567115,3.5567114,1.8767114,2.5567114,1.0567114,1.1567115,0.7667114,0.28671142,0.5967114,0.7567114,0.74671143,0.8467114,-1.0132886,0.07671142,6.1367116,7.6367116,7.6767116,5.036711,1.9067115,1.4967114,0.8967114,-0.9732886,1.5967114,4.0667114
-2.3032885,-0.69328856,-3.5832887,-1.1732886,5.5267115,6.556711,6.0867114,7.0767117,8.926711,10.336712,11.056711,4.5967116,3.3467114,3.9167113,1.7567115,2.7467115,0.0067114257,-1.1432886,0.9467114,1.3267114,2.3767114,3.3467114,-2.7232885,1.3267114,1.1467115,2.1567113,2.0467114,1.4967114,-0.13328858,-1.1032885,-0.8632886,1.0867114,1.8667114,-1.5032886,-0.20328857,1.6567115,1.2767115,1.2167114,0.37671143,1.2067114,0.80671144,-1.6532886,0.39671144,0.6267114,-1.9532886,-0.8632886,-1.3232886,2.5767114,4.3967113,3.1267114,2.9567115,2.6267114,1.6567115,0.39671144,0.20671143,0.92671144,1.3367114,2.0467114
-4.3032885,-6.193289,-3.9932885,2.1367114,5.4067116,6.3767114,7.1067114,7.6667113,9.866712,8.196712,1.7567115,1.9667114,2.0567114,2.5467114,3.0367115,1.0067115,1.2267114,2.1567113,3.0567114,1.8567114,2.2667115,1.2967114,0.16671142,-0.49328858,0.91671145,1.6267114,1.1067114,-1.5732886,-0.023288574,-0.69328856,-1.7032886,-0.6032886,-0.053288575,1.6667114,2.8167114,1.0167115,0.036711425,-0.06328858,1.6167114,2.5267115,0.97671145,1.6567115,0.17671143,-0.013288574,1.4367114,-3.2732885,-3.5932887,2.2167115,1.2567115,3.8267114,2.2567115,3.2067115,2.5867114,2.9167113,2.8267114,0.20671143,-0.95328856,-0.6032886
