views/data/weather/2019/09/29/0000-wind-isobaric-700hPa-gfs-1.0.json
{"header": { "discipline":0, "disciplineName":"Meteorological products", "gribEdition":2, "gribLength":79189, "center":7, "centerName":"US National Weather Service - NCEP(WMC)", "subcenter":0, "refTime":"2019-09-29T00:00:00.000Z", "significanceOfRT":1, "significanceOfRTName":"Start of forecast", "productStatus":0, "productStatusName":"Operational products", "productType":1, "productTypeName":"Forecast products", "productDefinitionTemplate":0, "productDefinitionTemplateName":"Analysis/forecast at horizontal level/layer at a point in time", "parameterCategory":2, "parameterCategoryName":"Momentum", "parameterNumber":3, "parameterNumberName":"V-component_of_wind", "parameterUnit":"m.s-1", "genProcessType":2, "genProcessTypeName":"Forecast", "forecastTime":0, "surface1Type":100, "surface1TypeName":"Isobaric surface", "surface1Value":70000.0, "surface2Type":255, "surface2TypeName":"Missing", "surface2Value":0.0, "gridDefinitionTemplate":0, "gridDefinitionTemplateName":"Latitude_Longitude", "numberPoints":65160, "shape":6, "shapeName":"Earth spherical with radius of 6,371,229.0 m", "gridUnits":"degrees", "resolution":48, "winds":"true", "scanMode":0, "nx":360, "ny":181, "basicAngle":0, "lo1":0.0, "la1":90.0, "lo2":359.0, "la2":-90.0, "dx":1.0, "dy":1.0 }, "data":
[rows 0 to 25 of 181, columns 116 to 173 of 360]
-0.4832886,-0.58328855,-0.6732886,-0.76328856,-0.8532886,-0.94328856,-1.0332886,-1.1232886,-1.2132885,-1.3032886,-1.3932886,-1.4832885,-1.5732886,-1.6532886,-1.7432885,-1.8332886,-1.9132886,-2.0032885,-2.0932887,-2.1732886,-2.2532885,-2.3432887,-2.4232886,-2.5032885,-2.5832887,-2.6632886,-2.7432885,-2.8232887,-2.9032886,-2.9732885,-3.0532885,-3.1232886,-3.2032886,-3.2732885,-3.3432887,-3.4132886,-3.4832885,-3.5532885,-3.6232886,-3.6832886,-3.7532885,-3.8132887,-3.8832886,-3.9432886,-4.0032887,-4.0632887,-4.1232886,-4.1732883,-4.233289,-4.2832885,-4.3432884,-4.3932886,-4.443289,-4.4932885,-4.5432887,-4.5832887,-4.6332884,-4.6732883
0.21671143,0.026711427,-0.15328857,-0.34328857,-0.5332886,-0.71328855,-0.9032886,-1.0932885,-1.2832886,-1.4632885,-1.6532886,-1.8332886,-2.0232885,-2.2032886,-2.3932886,-2.5832887,-2.7532885,-2.9432886,-3.1132886,-3.2932885,-3.4632885,-3.6332886,-3.7932885,-3.9532886,-4.1132884,-4.2732887,-4.4232883,-4.5832887,-4.733289,-4.8732886,-5.0132885,-5.1532884,-5.2832885,-5.4032884,-5.5232887,-5.6432886,-5.7532887,-5.8532887,-5.943289,-6.0432887,-6.1132884,-6.2032886,-6.2732887,-6.3432884,-6.3932886,-6.4532886,-6.5032887,-6.5532885,-6.5932884,-6.6232886,-6.6632886,-6.693289,-6.7232885,-6.7432885,-6.7632885,-6.7932887,-6.8032885,-6.8132887
2.3367114,2.1467113,1.9567114,1.7667115,1.5567114,1.3467114,1.1267114,0.9067114,0.68671143,0.4567114,0.21671143,-0.033288576,-0.28328857,-0.5432886,-0.8032886,-1.0832886,-1.3732886,-1.6632886,-1.9732885,-2.2832885,-2.5932887,-2.9032886,-3.2232885,-3.5432885,-3.8632886,-4.1732883,-4.4732885,-4.7732887,-5.0732884,-5.3632884,-5.6332884,-5.8832884,-6.1332884,-6.3732886,-6.6032887,-6.8132887,-7.0232887,-7.233289,-7.4132886,-7.5832887,-7.7532887,-7.9032884,-8.023289,-8.123288,-8.233289,-8.303288,-8.353289,-8.393289,-8.443289,-8.473289,-8.503288,-8.533289,-8.563289,-8.563289,-8.563289,-8.563289,-8.553288,-8.493289
3.3167114,3.1867113,3.0467114,2.8967113,2.7367115,2.5567114,2.3767114,2.1767113,1.9767114,1.7667115,1.5567114,1.3467114,1.1167114,0.8867114,0.6567114,0.41671142,0.15671143,-0.113288574,-0.38328856,-0.6632886,-0.94328856,-1.2232885,-1.4832885,-1.7132885,-1.9532886,-2.1732886,-2.3832886,-2.6132886,-2.9032886,-3.2132885,-3.5532885,-3.9732885,-4.4032884,-4.8532887,-5.3132887,-5.7732887,-6.193289,-6.5932884,-6.963289,-7.2532887,-7.5532885,-7.8032885,-8.043288,-8.2632885,-8.423288,-8.583288,-8.693289,-8.793288,-8.893289,-8.983289,-9.063289,-9.143289,-9.193289,-9.253288,-9.293288,-9.323289,-9.293288,-9.253288
4.6267114,4.6067114,4.5767117,4.5467114,4.4967113,4.4167113,4.306711,4.1567116,3.9867115,3.7867115,3.5667114,3.3367114,3.0667114,2.7767115,2.4567115,2.1167114,1.7567115,1.3867115,1.0167115,0.6467114,0.29671142,-0.033288576,-0.34328857,-0.63328856,-0.9232886,-1.1832886,-1.4532886,-1.7232885,-2.0032885,-2.3032885,-2.6032887,-2.9032886,-3.2132885,-3.5132885,-3.8632886,-4.2932887,-4.7732887,-5.3032885,-5.8632884,-6.3632884,-6.8332887,-7.193289,-7.5132885,-7.713289,-7.8732886,-7.9732885,-8.063289,-8.143289,-8.233289,-8.343288,-8.503288,-8.683289,-8.843288,-8.993289,-9.123288,-9.233289,-9.293288,-9.343288
5.536711,5.6167116,5.6767116,5.7067113,5.6967115,5.6667113,5.6067114,5.4967113,5.3467116,5.1867113,4.9867115,4.7967114,4.6167116,4.4367113,4.2467113,4.0467114,3.8367114,3.6167114,3.3967113,3.1067114,2.7667115,2.3967113,2.0167115,1.5867114,1.1567115,0.7167114,0.28671142,-0.103288576,-0.46328858,-0.8032886,-1.0932885,-1.3632885,-1.6332886,-1.9532886,-2.3432887,-2.8032885,-3.3432887,-3.9132886,-4.5032887,-5.0932884,-5.6832886,-6.2432885,-6.713289,-7.1132884,-7.3232884,-7.4032884,-7.4232883,-7.4532886,-7.5332885,-7.6332884,-7.8032885,-8.003288,-8.233289,-8.463288,-8.693289,-8.913288,-9.093288,-9.203289
5.8267117,5.8867116,5.9367113,5.9767113,5.9767113,5.9767113,5.9667115,5.9367113,5.9467115,5.9467115,5.9667115,5.9967113,6.016711,5.9767113,5.8967113,5.766711,5.5967116,5.4067116,5.1767116,4.8967113,4.5867114,4.2467113,3.8867114,3.5067115,3.1367114,2.7567115,2.3867114,2.0367115,1.7067114,1.3767114,1.0067115,0.5967114,0.14671142,-0.32328856,-0.81328857,-1.3332886,-1.9232886,-2.6032887,-3.3332887,-4.0532885,-4.733289,-5.3232884,-5.8332887,-6.233289,-6.5332885,-6.733289,-6.8632884,-6.943289,-7.0432887,-7.1332884,-7.2232885,-7.3132887,-7.4232883,-7.5332885,-7.693289,-7.8632884,-8.053288,-8.233289
6.1167116,6.1167116,6.1067114,6.016711,5.8667116,5.7967114,5.8367114,5.9467115,6.1367116,6.286711,6.3867116,6.3667116,6.306711,6.1667113,5.9967113,5.8467116,5.6867113,5.5267115,5.3467116,5.1767116,5.016711,4.8667116,4.7767115,4.6567116,4.5067115,4.3267117,4.0867114,3.7867115,3.3867114,2.9267113,2.4367113,1.9367114,1.4467114,0.93671143,0.41671142,-0.13328858,-0.7332886,-1.3632885,-2.0032885,-2.6032887,-3.1932886,-3.7632885,-4.3032885,-4.7832885,-5.1732883,-5.4732885,-5.7632885,-5.9932885,-6.1532884,-6.213289,-6.1632886,-6.1032887,-6.0632887,-6.0732884,-6.1332884,-6.2432885,-6.3532887,-6.483289
5.8367114,5.786711,5.7467113,5.7567115,5.7567115,5.7267113,5.6367116,5.516711,5.4367113,5.4167113,5.4367113,5.4967113,5.556711,5.6167116,5.6367116,5.6967115,5.8467116,6.0867114,6.2767115,6.3467116,6.286711,6.0767117,5.6767116,5.1667113,4.6667113,4.2067113,3.7367115,3.2567115,2.8467114,2.5467114,2.2967114,2.0767114,1.8667114,1.5767114,1.1767114,0.6967114,0.18671143,-0.34328857,-0.9132886,-1.5132886,-2.1432886,-2.7632885,-3.3232887,-3.8332887,-4.2832885,-4.6432886,-4.943289,-5.193289,-5.3832884,-5.5532885,-5.6532884,-5.6532884,-5.5832887,-5.483289,-5.4132886,-5.3632884,-5.3332887,-5.3232884
5.2367115,5.2467113,5.2967114,5.3567114,5.4267116,5.3767114,5.286711,5.2067113,5.0767117,4.8967113,4.6667113,4.5067115,4.4767113,4.556711,4.7167115,4.7967114,4.7967114,4.8967113,5.1867113,5.516711,5.806711,6.0667114,6.1967115,6.1267114,5.8467116,5.2567115,4.4367113,3.6567113,2.9767115,2.4067113,1.8567114,1.3667114,0.9067114,0.49671143,0.11671142,-0.21328858,-0.50328857,-0.88328856,-1.3132886,-1.7132885,-2.0732887,-2.4332886,-2.7632885,-3.0632887,-3.3232887,-3.5232885,-3.7032886,-3.8532887,-3.9432886,-3.9632885,-3.9432886,-3.8932886,-3.8432887,-3.7732885,-3.7032886,-3.6232886,-3.5432885,-3.4732885
4.0967116,4.0667114,4.0267115,4.016711,4.0667114,4.1467113,4.2467113,4.3567114,4.5267115,4.7067113,4.7367115,4.536711,4.2067113,3.8567114,3.6167114,3.6067114,3.8267114,4.0867114,4.286711,4.3767114,4.4967113,4.8567114,5.2967114,5.3767114,5.2567115,5.1067114,4.9267116,4.4867115,3.6767113,2.8267114,2.0767114,1.3767114,0.67671144,0.08671143,-0.40328857,-0.9032886,-1.3532885,-1.7132885,-2.0632887,-2.3932886,-2.6532886,-2.7532885,-2.7332885,-2.6732886,-2.6032887,-2.5132885,-2.4432886,-2.3732886,-2.2932885,-2.2232885,-2.1232886,-2.0132885,-1.8832886,-1.7332885,-1.5832886,-1.4532886,-1.3332886,-1.2132885
3.0567114,3.1267114,3.4267113,3.8567114,4.2467113,4.5667114,4.7567115,4.7367115,4.536711,4.3267117,4.2267113,4.2367115,4.0867114,3.7967114,3.5867114,3.4767115,3.4667115,3.6667113,3.8667114,3.8167114,3.5467114,3.3467114,3.5067115,3.9467115,4.2467113,4.2267113,4.0267115,3.6767113,3.3967113,2.9367113,2.1667113,1.3567114,0.53671145,-0.27328858,-0.9932886,-1.5632886,-1.8832886,-2.0632887,-2.1232886,-2.1632886,-2.2332885,-2.2232885,-1.9632885,-1.6132885,-1.3632885,-1.2632886,-1.2132885,-1.1432886,-1.0732886,-0.9932886,-0.8632886,-0.70328856,-0.49328858,-0.24328858,0.016711425,0.2667114,0.4867114,0.6267114
3.2567115,3.4267113,3.6967115,3.9567115,4.1767116,4.4867115,4.8367114,5.1467113,5.2967114,5.286711,5.1067114,4.6967115,4.3467116,4.1667113,4.0467114,3.9267113,3.7967114,3.6667113,3.5867114,3.5867114,3.5367115,3.2167115,2.7667115,2.5467114,2.6467113,2.8267114,2.9167113,2.7967114,2.4167113,1.9367114,1.4767114,1.0867114,0.72671145,0.28671142,-0.18328857,-0.56328857,-0.8632886,-1.0632886,-1.1532886,-1.1632886,-1.0632886,-0.88328856,-0.7232886,-0.5332886,-0.31328857,-0.043288574,0.24671143,0.55671144,0.7767114,0.86671144,0.85671145,0.91671145,1.0267115,1.1467115,1.2967114,1.4867114,1.7167114,1.9367114
2.7867115,2.7367115,2.8967113,3.1867113,3.4367113,3.6767113,4.0267115,4.3167114,4.5867114,5.0467114,5.5067115,5.7267113,5.6467113,5.4867115,5.1267114,4.5867114,4.2167115,3.9467115,3.6367114,3.3867114,3.1467113,2.9267113,2.8667114,2.6567113,2.3967113,2.4167113,2.5167115,2.2567115,1.9167114,1.8067114,1.5267115,0.9067114,0.36671144,0.106711425,0.016711425,-0.08328857,-0.18328857,-0.28328857,-0.35328856,-0.33328858,-0.16328858,0.14671142,0.30671144,0.21671143,0.106711425,0.066711426,0.106711425,0.40671143,1.0867114,1.7067114,2.0567114,2.3267114,2.5767114,2.7667115,2.8667114,2.8567114,2.6867113,2.4567115
2.2267115,2.2267115,1.8167114,1.2867115,1.2867115,1.9967114,2.6567113,3.2167115,3.7467115,4.0967116,4.2567115,4.3967113,4.6367116,4.8967113,5.1067114,5.3167114,5.4167113,5.0967116,4.5667114,3.7967114,3.2767115,2.7867115,2.2767115,2.0967114,2.0867114,2.0267115,2.1067114,2.2467115,1.9967114,1.5167115,1.1167114,0.9067114,0.8767114,1.1067114,1.3667114,1.0967114,0.68671143,0.34671143,0.066711426,-0.23328857,-0.6632886,-0.9732886,-1.0132886,-0.0032885743,0.35671142,0.41671142,1.2767115,0.9667114,0.20671143,0.28671142,0.44671142,0.32671142,0.42671144,1.1567115,1.7967114,1.8467114,1.6567115,2.7167115
0.7767114,0.6367114,0.33671144,0.33671144,0.9467114,1.4767114,1.8967115,2.3267114,2.9567115,3.5567114,4.0067115,4.1767116,4.2767115,4.266711,4.2167115,4.1467113,4.1267114,4.1567116,4.1467113,4.1567116,3.6967115,2.8767114,1.9567114,1.7367114,1.7367114,1.7567115,1.5867114,1.5867114,1.6167114,1.4567114,1.1467115,1.0267115,1.0367115,1.1567115,1.3967115,1.4867114,0.98671144,0.056711424,-0.9132886,-1.5832886,-1.2632886,-0.39328858,-0.76328856,-0.49328858,-0.49328858,-2.1232886,-2.5532885,-2.5932887,-2.4232886,-1.8832886,-0.95328856,1.0167115,2.5067115,3.1267114,3.7967114,4.2367115,4.8967113,5.3567114
-0.113288574,0.35671142,0.6467114,0.99671143,1.4667114,1.7167114,1.7367114,1.9267114,2.2767115,2.5567114,2.7067115,2.9467115,3.3967113,3.7767115,4.1667113,4.3767114,4.1267114,3.7467115,3.3167114,2.7767115,2.3367114,2.5967114,2.7567115,2.2567115,1.7567115,1.3367114,1.1567115,1.1267114,0.98671144,0.98671144,0.9667114,0.93671143,0.9067114,1.0667114,1.1467115,0.97671145,0.67671144,-0.34328857,-1.3532885,-1.5532886,-1.7032886,-1.9132886,-2.3432887,-2.9632885,-3.9632885,-3.4932885,-1.5032886,-1.2932886,-1.6532886,-1.0832886,1.3167114,2.4767115,3.6667113,3.8867114,3.9667115,4.2267113,4.5467114,4.8667116
-1.4632885,-1.0532886,-0.33328858,0.49671143,0.9467114,1.1567115,1.5967114,2.0467114,2.1567113,2.2067115,1.9967114,1.9467114,1.8867115,1.7667115,1.6967114,1.6367115,1.9967114,2.5967114,2.8467114,2.4367113,1.8067114,1.2567115,0.8767114,1.2767115,2.0367115,1.8867115,1.5267115,0.92671144,0.5767114,0.54671144,0.85671145,1.0667114,0.92671144,0.79671144,0.6567114,0.5967114,0.35671142,-0.37328857,-1.0732886,-0.8732886,-1.1332886,-2.1132886,-2.7332885,-3.5032885,-5.0432887,-4.963289,-2.3832886,-1.6032885,-1.9032886,-1.4032886,-0.17328857,1.5867114,2.9867115,4.1567116,5.5467114,5.8167114,6.3667116,6.7467113
-1.3332886,-0.94328856,-0.5332886,-0.08328857,0.23671143,0.4867114,0.80671144,0.7567114,0.6567114,1.1367115,1.3667114,0.41671142,1.2667115,0.8367114,0.5767114,0.15671143,-0.15328857,-0.17328857,0.07671142,0.15671143,0.29671142,0.5867114,0.74671143,-0.36328858,-0.49328858,0.24671143,1.5367115,1.9667114,1.3667114,0.7667114,0.6267114,0.5667114,0.46671143,0.5867114,1.0067115,0.9467114,0.32671142,-0.32328856,-0.7932886,-1.0232886,-1.2732886,-1.3132886,-2.7432885,-4.3532887,-5.6132884,-5.5132885,-3.6032887,-2.2632885,-2.0632887,-2.7532885,-2.7032886,-1.5032886,0.14671142,2.0567114,4.266711,6.2367115,7.2267113,7.786711
-0.19328858,-0.16328858,-0.18328857,-0.25328857,-0.13328858,0.24671143,0.60671145,1.1967114,1.4067115,1.1267114,1.2767115,1.0067115,0.66671145,0.32671142,-1.1032885,-1.4132886,-1.8332886,-1.8432885,-2.1932886,-2.2332885,-1.8532885,-1.3332886,-0.64328855,-0.023288574,-0.36328858,-1.0632886,-0.7232886,-0.08328857,1.1067114,1.6867114,1.5367115,1.5067115,1.8067114,2.0667114,1.9067115,1.4267114,0.7167114,0.34671143,0.066711426,0.36671144,-0.23328857,-1.3832886,-2.3732886,-2.9132886,-4.0732884,-5.2032886,-5.4332886,-5.3032885,-3.7032886,-3.5732887,-3.7932885,-4.6432886,-3.5932887,0.066711426,3.3367114,5.1667113,6.8167114,8.926711
-0.17328857,-0.33328858,-0.22328858,-0.073288575,-0.27328858,-0.2632886,-0.14328857,-0.023288574,1.0067115,1.5667114,1.8667114,2.2467115,1.2567115,-1.4432886,-2.8332887,-3.4632885,-3.7232885,-3.9232886,-4.1232886,-4.0332885,-3.7832885,-3.3432887,-2.2232885,-1.2132885,-0.6732886,-0.19328858,-0.22328858,-0.06328858,-0.88328856,-0.36328858,1.0467114,2.3367114,2.6667113,2.4567115,2.2467115,2.4667115,2.5567114,1.8267114,1.0067115,1.2067114,1.3567114,1.1767114,0.34671143,-1.1332886,-2.8932886,-3.6532886,-4.3332887,-5.5832887,-5.8432884,-6.0732884,-4.6532884,-3.2232885,-3.0932887,-0.9732886,1.0967114,0.31671143,3.7867115,7.4567113
-0.6732886,-0.9332886,-1.0332886,-1.3432885,-1.0032886,-0.5332886,-0.15328857,0.22671142,0.8267114,1.6167114,2.0367115,1.5267115,0.30671144,-0.83328855,-2.6432886,-5.6432886,-5.6832886,-5.963289,-5.5232887,-5.1132884,-3.5232885,-2.5932887,-1.6532886,-0.19328858,0.61671144,0.68671143,0.08671143,-0.6032886,-0.71328855,-0.6632886,-1.3332886,-0.23328857,1.2167114,2.1967115,2.2967114,2.3567114,2.6867113,2.9367113,3.0167115,1.8167114,1.1967114,2.2167115,1.6667114,1.5467114,0.24671143,-1.3732886,-2.3032885,-3.0032885,-3.5832887,-5.5632887,-5.5032887,-5.2532887,-4.2032886,-2.4732885,-1.4832885,-0.35328856,1.5467114,5.1267114
-0.39328858,-1.3232886,-1.4432886,-1.7032886,-1.9132886,-1.4132886,-0.47328857,0.20671143,0.7667114,0.7567114,0.35671142,-0.39328858,-1.1432886,-1.8832886,-2.8432887,-4.3232884,-5.0832887,-4.9532886,-4.8132887,-3.8132887,-4.2532887,-2.6732886,-0.75328857,1.9867114,2.8467114,1.3967115,-0.63328856,-0.49328858,0.056711424,0.2667114,0.42671144,0.98671144,0.5667114,-0.35328856,0.36671144,1.7067114,2.2467115,2.2467115,2.0067115,2.2167115,2.5667114,2.2367115,1.9367114,1.4967114,0.4867114,-0.34328857,-0.70328856,-1.5732886,-3.0032885,-3.9332886,-4.4532886,-4.8032885,-4.3232884,-3.5132885,-2.0232885,-0.88328856,1.4467114,2.3367114
1.0467114,0.21671143,-0.88328856,-1.5932885,-1.8132886,-1.9232886,-1.5132886,-0.95328856,0.24671143,-0.28328857,-1.2832886,-1.6832886,-1.7732886,-2.8232887,-3.7532885,-4.8232884,-4.5332885,-4.2532887,-4.8932886,-6.0632887,-4.5432887,-2.8832886,-1.6332886,0.20671143,2.0067115,1.4067115,2.3067114,2.2967114,2.0667114,1.5767114,1.6467115,1.3567114,1.0867114,0.5167114,-0.24328858,-0.23328857,0.43671143,1.1667114,1.4667114,1.6367115,1.2067114,1.2267114,1.4767114,1.3467114,1.1867114,0.61671144,-1.1532886,-2.8632886,-3.1332886,-3.4632885,-3.3532887,-2.8832886,-2.5632887,-2.0032885,-1.4332886,-1.6332886,-1.1832886,1.6967114
2.4967115,1.9267114,0.80671144,-0.6532886,-1.4332886,-1.9032886,-2.0932887,-2.3632886,-2.2232885,-1.5932885,-2.0132885,-4.463289,-5.0532885,-4.6432886,-4.713289,-4.4232883,-5.0732884,-5.6532884,-4.943289,-5.713289,-6.1832886,-4.483289,-2.5932887,-0.19328858,0.68671143,0.78671145,1.5567114,2.5467114,3.5167115,3.7167115,3.8067114,4.056711,3.1567113,1.9667114,1.0067115,0.24671143,0.026711427,0.27671143,0.5967114,0.93671143,1.2667115,0.6967114,0.08671143,-0.37328857,-0.2632886,-0.32328856,-1.0832886,-2.5332885,-3.3532887,-2.7532885,-2.3532887,-2.3732886,-1.7932886,-1.2632886,-1.7932886,-3.2032886,-0.9132886,1.6667114
2.5467114,2.1467113,2.2767115,1.7467114,1.1967114,0.036711425,-1.2932886,-2.2932885,-3.8432887,-2.8532887,-3.8832886,-7.5532885,-7.1532884,-5.8232884,-5.9732885,-6.1632886,-6.3232884,-5.4132886,-5.5332885,-6.2632885,-7.6632886,-4.5432887,-1.7332885,-0.12328857,1.9967114,2.0267115,1.7467114,4.2067113,7.1967115,5.9667115,4.5067115,4.9867115,5.4767113,4.3167114,3.1567113,2.3467114,1.2567115,0.09671143,-0.31328857,-0.24328858,0.18671143,0.34671143,-0.34328857,-1.0132886,-1.3932886,-1.1332886,-1.4232886,-2.3032885,-3.2332885,-3.3232887,-3.4932885,-2.6932886,-1.5832886,-2.2732885,-1.8832886,-1.8232886,-0.013288574,0.5967114
