views/data/weather/2019/09/29/0000-wind-isobaric-10hPa-gfs-1.0.json
{"header": { "discipline":0, "disciplineName":"Meteorological products", "gribEdition":2, "gribLength":43769, "center":7, "centerName":"US National Weather Service - NCEP(WMC)", "subcenter":0, "refTime":"2019-09-29T00:00:00.000Z", "significanceOfRT":1, "significanceOfRTName":"Start of forecast", "productStatus":0, "productStatusName":"Operational products", "productType":1, "productTypeName":"Forecast products", "productDefinitionTemplate":0, "productDefinitionTemplateName":"Analysis/forecast at horizontal level/layer at a point in time", "parameterCategory":2, "parameterCategoryName":"Momentum", "parameterNumber":2, "parameterNumberName":"U-component_of_wind", "parameterUnit":"m.s-1", "genProcessType":2, "genProcessTypeName":"Forecast", "forecastTime":0, "surface1Type":100, "surface1TypeName":"Isobaric surface", "surface1Value":1000.0, "surface2Type":255, "surface2TypeName":"Missing", "surface2Value":0.0, "gridDefinitionTemplate":0, "gridDefinitionTemplateName":"Latitude_Longitude", "numberPoints":65160, "shape":6, "shapeName":"Earth spherical with radius of 6,371,229.0 m", "gridUnits":"degrees", "resolution":48, "winds":"true", "scanMode":0, "nx":360, "ny":181, "basicAngle":0, "lo1":0.0, "la1":90.0, "lo2":359.0, "la2":-90.0, "dx":1.0, "dy":1.0 }, "data":
[rows 52 to 77 of 181, columns 290 to 347 of 360]
0.15145874,-1.0485413,-1.3485413,-1.0485413,-1.5485413,-1.9485413,-2.6485412,-2.9485412,-2.9485412,-2.4485412,-2.7485414,-1.5485413,0.45145875,2.2514586,2.6514587,2.4514587,1.6514587,2.5514588,2.8514588,2.8514588,3.1514587,3.2514586,2.9514587,3.2514586,2.8514588,2.1514587,2.1514587,2.5514588,2.0514588,2.7514586,2.6514587,3.7514586,5.1514587,6.051459,5.551459,5.6514587,5.1514587,5.1514587,6.2514586,6.6514587,7.551459,8.051458,8.851459,8.551458,8.351459,7.551459,6.8514585,5.551459,4.7514586,4.451459,4.6514587,4.1514587,5.2514586,5.951459,5.3514585,5.7514586,5.451459,5.551459
-1.6485412,-2.8485413,-2.3485413,-2.3485413,-2.4485412,-2.7485414,-3.6485412,-3.7485414,-3.1485412,-2.6485412,-2.5485413,-1.1485412,0.5514587,2.4514587,2.6514587,2.0514588,2.2514586,2.2514586,1.9514587,1.9514587,1.9514587,2.0514588,1.9514587,2.0514588,1.8514588,2.3514588,2.3514588,1.1514587,0.8514587,0.75145876,0.5514587,2.1514587,3.3514588,4.2514586,4.3514585,4.551459,5.3514585,4.951459,5.1514587,5.051459,5.6514587,6.6514587,6.551459,6.8514585,6.051459,5.6514587,5.051459,4.951459,4.3514585,3.6514587,3.9514587,4.551459,4.1514587,3.8514588,5.051459,5.551459,4.951459,5.451459
-3.0485413,-3.5485413,-2.3485413,-2.7485414,-2.5485413,-3.0485413,-2.4485412,-1.6485412,-1.8485413,-2.0485413,-1.3485413,0.25145873,1.1514587,2.0514588,1.5514587,1.4514587,0.5514587,0.45145875,-0.24854127,0.45145875,1.0514587,0.95145875,0.75145876,0.65145874,0.5514587,0.15145874,-0.24854127,-0.6485413,-1.0485413,-0.54854125,0.65145874,1.8514588,2.2514586,4.051459,5.3514585,5.451459,5.8514585,5.551459,4.6514587,4.7514586,3.2514586,3.2514586,4.551459,4.2514586,2.9514587,2.5514588,3.4514587,3.4514587,2.6514587,2.9514587,2.7514586,1.9514587,2.2514586,2.3514588,2.1514587,2.5514588,2.7514586,2.5514588
-4.448541,-2.7485414,-2.1485412,-2.6485412,-3.0485413,-2.6485412,-1.8485413,-2.5485413,-2.5485413,-2.7485414,-3.0485413,-2.5485413,-1.8485413,-0.74854124,-0.74854124,-2.0485413,-1.7485412,-1.9485413,-1.2485412,-0.9485413,-1.2485412,-1.9485413,-1.6485412,-1.3485413,-1.1485412,-1.2485412,-1.6485412,-2.2485414,-2.2485414,-0.44854125,1.3514588,2.6514587,2.9514587,2.6514587,3.5514588,3.2514586,3.5514588,4.6514587,4.8514585,1.2514588,0.95145875,0.65145874,0.95145875,-0.04854126,-0.6485413,0.05145874,-0.44854125,1.0514587,0.95145875,0.95145875,0.15145874,-0.44854125,-1.7485412,-2.7485414,-0.74854124,-0.44854125,-0.04854126,-0.14854126
-4.3485413,-3.7485414,-3.6485412,-4.2485414,-4.448541,-3.4485412,-4.7485414,-4.6485415,-4.448541,-4.7485414,-5.2485414,-4.448541,-4.3485413,-2.9485412,-3.9485412,-3.7485414,-2.9485412,-2.7485414,-3.1485412,-3.4485412,-3.6485412,-3.4485412,-3.0485413,-3.0485413,-2.9485412,-3.5485413,-3.9485412,-3.9485412,-4.048541,-2.7485414,-1.2485412,0.95145875,2.8514588,3.9514587,2.4514587,0.75145876,0.5514587,0.45145875,0.15145874,-0.74854124,-2.9485412,-3.0485413,-3.1485412,-4.3485413,-3.3485413,-2.7485414,-2.7485414,-2.4485412,-2.3485413,-1.5485413,-3.4485412,-5.2485414,-5.948541,-4.948541,-4.548541,-3.4485412,-3.5485413,-1.8485413
-4.7485414,-6.1485415,-5.1485415,-7.1485415,-6.448541,-5.7485414,-6.2485414,-6.3485413,-6.7485414,-7.448541,-6.7485414,-5.948541,-5.1485415,-4.3485413,-3.6485412,-3.5485413,-4.1485415,-4.7485414,-4.548541,-4.6485415,-4.948541,-5.948541,-6.548541,-6.2485414,-6.2485414,-6.7485414,-6.8485413,-8.048541,-7.1485415,-5.548541,-4.8485413,-3.9485412,-2.7485414,-0.14854126,-1.2485412,-2.3485413,-3.3485413,-3.1485412,-4.8485413,-5.1485415,-6.048541,-6.448541,-7.448541,-7.6485415,-7.3485413,-6.048541,-6.2485414,-6.7485414,-6.048541,-5.6485415,-6.6485415,-8.048541,-9.248541,-8.948542,-7.7485414,-5.948541,-4.548541,-4.2485414
-8.048541,-7.6485415,-6.048541,-7.2485414,-6.2485414,-6.7485414,-8.948542,-10.048541,-9.848541,-8.748541,-8.048541,-6.6485415,-5.048541,-4.3485413,-4.048541,-5.3485413,-6.048541,-6.448541,-7.6485415,-9.248541,-9.848541,-10.048541,-8.948542,-8.448542,-8.248541,-8.148541,-8.848541,-9.848541,-9.448542,-9.548541,-9.948542,-9.748541,-8.848541,-8.748541,-6.8485413,-7.1485415,-7.548541,-8.848541,-8.348541,-10.048541,-9.948542,-8.348541,-10.348541,-10.448542,-9.848541,-8.848541,-9.548541,-10.548541,-9.848541,-9.748541,-9.848541,-10.948542,-12.548541,-12.348541,-9.548541,-8.248541,-7.6485415,-7.6485415
-8.248541,-7.448541,-7.7485414,-6.7485414,-7.948541,-9.448542,-11.048541,-11.448542,-11.148541,-9.548541,-7.6485415,-7.048541,-6.7485414,-6.448541,-7.8485413,-8.748541,-9.448542,-11.548541,-12.648541,-11.948542,-11.748541,-12.248541,-11.748541,-10.648541,-10.148541,-10.248541,-10.348541,-10.448542,-11.548541,-12.748541,-14.748541,-15.748541,-17.14854,-14.248541,-13.548541,-10.448542,-12.148541,-12.648541,-11.248541,-12.748541,-13.148541,-10.948542,-13.148541,-13.548541,-12.548541,-13.148541,-14.348541,-14.648541,-14.548541,-13.248541,-13.348541,-14.148541,-13.648541,-13.248541,-11.648541,-11.448542,-11.048541,-10.348541
-7.8485413,-8.748541,-8.048541,-8.248541,-10.448542,-12.148541,-13.148541,-13.348541,-12.048541,-10.548541,-9.548541,-10.648541,-11.448542,-11.248541,-11.648541,-11.748541,-13.048541,-14.148541,-14.348541,-14.648541,-15.148541,-15.648541,-15.448542,-15.448542,-15.448542,-14.548541,-14.148541,-14.048541,-14.448542,-15.648541,-17.14854,-18.448542,-20.14854,-19.848541,-17.348541,-15.448542,-14.548541,-13.848541,-13.348541,-14.848541,-15.748541,-15.648541,-17.14854,-16.64854,-15.548541,-18.348541,-18.24854,-18.64854,-17.848541,-16.14854,-14.848541,-14.648541,-13.948542,-14.448542,-15.448542,-15.048541,-14.048541,-12.748541
-9.948542,-9.548541,-10.948542,-12.148541,-14.048541,-14.948542,-14.848541,-14.248541,-13.348541,-12.648541,-14.148541,-14.548541,-13.748541,-13.948542,-14.548541,-15.048541,-16.348541,-17.548542,-18.548542,-17.848541,-18.64854,-19.048542,-19.14854,-19.14854,-19.24854,-20.14854,-21.14854,-19.14854,-17.14854,-18.348541,-18.948542,-20.14854,-21.848541,-20.848541,-21.64854,-20.948542,-18.14854,-16.348541,-15.048541,-16.24854,-18.548542,-19.948542,-19.64854,-18.64854,-19.048542,-20.348541,-21.24854,-21.048542,-19.948542,-18.448542,-16.448542,-16.448542,-17.348541,-17.848541,-17.948542,-17.048542,-15.748541,-14.948542
-10.648541,-13.148541,-15.948542,-16.64854,-17.448542,-16.948542,-16.14854,-15.748541,-16.548542,-18.048542,-16.948542,-17.048542,-17.64854,-18.848541,-18.548542,-19.64854,-20.64854,-20.848541,-20.74854,-20.74854,-22.048542,-22.948542,-21.948542,-21.048542,-20.24854,-21.64854,-21.64854,-23.14854,-25.348541,-20.848541,-20.048542,-20.14854,-21.74854,-23.64854,-24.548542,-24.64854,-21.848541,-19.048542,-18.348541,-19.948542,-21.24854,-22.448542,-21.74854,-21.24854,-22.24854,-22.74854,-23.348541,-23.448542,-22.948542,-21.64854,-20.24854,-19.74854,-19.74854,-19.14854,-18.548542,-18.448542,-17.848541,-17.14854
-14.848541,-17.348541,-18.64854,-19.14854,-19.64854,-20.14854,-18.548542,-18.848541,-20.948542,-21.448542,-20.14854,-21.848541,-20.948542,-20.24854,-21.848541,-22.74854,-23.048542,-23.348541,-22.548542,-23.14854,-24.14854,-22.64854,-23.64854,-23.848541,-24.448542,-24.048542,-21.64854,-19.848541,-24.14854,-26.948542,-24.64854,-22.74854,-23.548542,-25.848541,-27.24854,-27.74854,-24.74854,-21.948542,-21.348541,-23.548542,-24.14854,-24.848541,-25.548542,-23.848541,-25.14854,-24.348541,-25.74854,-24.948542,-24.948542,-24.048542,-22.848541,-21.348541,-21.448542,-20.74854,-20.048542,-20.448542,-20.24854,-19.24854
-19.74854,-20.048542,-20.348541,-21.448542,-21.448542,-21.24854,-20.948542,-21.24854,-23.24854,-23.448542,-24.74854,-23.64854,-22.74854,-23.848541,-24.24854,-25.948542,-24.64854,-25.14854,-24.24854,-24.948542,-24.64854,-25.24854,-24.448542,-25.24854,-25.348541,-25.548542,-27.24854,-25.948542,-22.848541,-27.64854,-29.948542,-26.448542,-24.548542,-27.048542,-28.548542,-30.74854,-27.64854,-23.74854,-24.048542,-26.848541,-26.64854,-27.848541,-26.848541,-25.048542,-26.74854,-26.548542,-26.948542,-26.848541,-27.24854,-25.848541,-25.24854,-23.74854,-22.948542,-23.548542,-23.348541,-23.348541,-23.548542,-22.74854
-22.948542,-22.848541,-23.848541,-23.74854,-22.64854,-22.948542,-22.548542,-25.548542,-25.14854,-26.548542,-26.64854,-25.64854,-25.64854,-26.048542,-27.448542,-26.548542,-26.24854,-25.548542,-27.24854,-25.24854,-26.548542,-25.64854,-26.448542,-26.948542,-27.348541,-26.74854,-27.048542,-27.14854,-26.948542,-26.548542,-29.548542,-29.64854,-26.848541,-27.348541,-29.348541,-30.24854,-28.74854,-26.048542,-26.048542,-29.14854,-28.548542,-28.548542,-27.848541,-26.848541,-28.948542,-29.948542,-29.74854,-29.448542,-30.548542,-29.048542,-27.64854,-26.948542,-26.74854,-27.448542,-27.348541,-27.348541,-26.74854,-25.948542
-25.64854,-27.948542,-26.048542,-25.74854,-24.048542,-23.948542,-25.14854,-27.848541,-28.048542,-28.64854,-28.048542,-27.048542,-27.64854,-28.74854,-28.948542,-28.048542,-28.048542,-27.14854,-27.74854,-26.548542,-26.448542,-27.24854,-29.348541,-29.848541,-28.14854,-27.448542,-28.24854,-28.64854,-31.14854,-26.14854,-28.74854,-31.048542,-28.348541,-28.948542,-29.348541,-29.948542,-30.14854,-28.048542,-28.448542,-30.548542,-29.948542,-29.048542,-29.848541,-30.74854,-33.34854,-33.248543,-34.248543,-32.44854,-33.248543,-32.048542,-30.348541,-30.048542,-31.348541,-31.64854,-31.548542,-31.24854,-30.048542,-29.74854
-28.14854,-28.14854,-25.848541,-24.848541,-26.24854,-24.848541,-27.348541,-29.14854,-29.24854,-29.948542,-29.448542,-28.548542,-29.448542,-30.048542,-30.048542,-29.64854,-30.048542,-29.24854,-29.24854,-28.348541,-29.548542,-30.348541,-31.948542,-30.848541,-30.448542,-30.24854,-29.74854,-28.348541,-29.64854,-28.24854,-30.24854,-31.24854,-29.548542,-29.14854,-29.348541,-30.948542,-32.048542,-31.548542,-30.548542,-32.048542,-31.948542,-31.848541,-33.248543,-34.94854,-36.14854,-35.748543,-35.94854,-34.94854,-35.84854,-34.34854,-33.44854,-34.548542,-35.84854,-35.64854,-35.14854,-33.94854,-33.44854,-32.548542
-28.948542,-29.448542,-28.14854,-29.14854,-29.14854,-28.548542,-29.64854,-30.548542,-30.948542,-30.64854,-30.24854,-30.048542,-31.348541,-31.14854,-32.248543,-32.748543,-31.74854,-31.048542,-31.448542,-31.24854,-32.94854,-33.548542,-34.14854,-34.34854,-32.94854,-30.848541,-29.64854,-28.74854,-31.348541,-30.048542,-31.048542,-32.548542,-30.24854,-29.448542,-30.448542,-33.34854,-34.548542,-34.048542,-33.048542,-34.64854,-34.84854,-36.048542,-36.548542,-37.64854,-38.048542,-38.44854,-37.34854,-37.84854,-37.94854,-38.048542,-38.248543,-38.34854,-38.248543,-38.44854,-37.548542,-36.64854,-35.44854,-34.84854
-29.448542,-29.64854,-31.64854,-32.14854,-32.64854,-31.74854,-31.448542,-32.548542,-31.24854,-32.548542,-32.748543,-31.64854,-32.748543,-33.44854,-34.64854,-35.64854,-32.748543,-33.64854,-33.84854,-34.94854,-35.44854,-36.64854,-37.34854,-36.34854,-34.14854,-32.34854,-30.14854,-31.048542,-34.44854,-32.048542,-32.14854,-34.94854,-31.24854,-32.748543,-32.84854,-35.548542,-36.44854,-35.34854,-35.44854,-38.14854,-39.048542,-39.44854,-38.84854,-40.048542,-39.64854,-39.548542,-39.44854,-40.748543,-40.048542,-40.44854,-40.84854,-40.84854,-40.248543,-40.248543,-40.548542,-39.94854,-37.84854,-37.248543
-31.64854,-32.84854,-35.048542,-35.84854,-36.048542,-35.548542,-34.84854,-33.44854,-33.548542,-34.248543,-34.14854,-33.14854,-34.44854,-35.84854,-36.94854,-37.84854,-35.048542,-34.548542,-34.84854,-37.34854,-38.248543,-39.14854,-38.748543,-36.748543,-34.94854,-34.64854,-33.84854,-35.84854,-34.048542,-35.14854,-35.548542,-38.048542,-34.14854,-35.14854,-35.548542,-38.34854,-37.94854,-37.94854,-37.84854,-40.84854,-41.34854,-41.34854,-41.048542,-41.548542,-41.048542,-40.748543,-41.44854,-42.248543,-41.64854,-42.248543,-42.548542,-40.44854,-40.64854,-41.048542,-41.94854,-41.748543,-39.84854,-40.248543
-34.548542,-37.14854,-37.94854,-38.64854,-38.64854,-37.44854,-36.548542,-35.248543,-34.94854,-36.048542,-36.14854,-34.44854,-36.14854,-37.44854,-38.44854,-39.248543,-37.14854,-35.94854,-37.548542,-37.84854,-39.34854,-39.548542,-38.548542,-38.548542,-37.548542,-36.94854,-37.748543,-37.048542,-35.64854,-36.84854,-39.748543,-39.14854,-36.94854,-36.748543,-38.34854,-39.84854,-39.64854,-39.248543,-40.94854,-41.94854,-42.94854,-42.84854,-43.248543,-42.748543,-43.14854,-42.248543,-43.44854,-42.048542,-41.748543,-42.44854,-42.44854,-41.248543,-41.14854,-42.048542,-43.048542,-41.84854,-41.548542,-42.84854
-38.34854,-39.64854,-40.248543,-40.748543,-40.64854,-37.84854,-36.84854,-36.84854,-36.14854,-36.748543,-36.048542,-36.64854,-38.84854,-38.64854,-39.44854,-39.94854,-38.34854,-38.248543,-39.548542,-39.048542,-40.34854,-39.44854,-39.748543,-39.14854,-39.14854,-40.14854,-39.248543,-38.048542,-37.248543,-39.64854,-41.248543,-41.048542,-39.64854,-39.84854,-40.64854,-40.94854,-40.248543,-40.94854,-41.34854,-41.34854,-42.14854,-42.94854,-44.64854,-43.94854,-44.44854,-43.548542,-44.048542,-42.64854,-42.94854,-42.64854,-42.748543,-42.44854,-42.34854,-42.84854,-43.14854,-42.548542,-42.84854,-43.94854
-41.34854,-41.548542,-42.748543,-41.748543,-41.44854,-39.34854,-37.64854,-37.44854,-36.048542,-37.248543,-37.44854,-38.14854,-40.048542,-40.748543,-41.34854,-40.048542,-39.34854,-41.34854,-41.64854,-40.84854,-40.34854,-40.14854,-40.44854,-41.14854,-42.048542,-40.94854,-40.64854,-38.048542,-39.44854,-42.248543,-41.64854,-40.748543,-41.34854,-41.94854,-42.048542,-41.34854,-40.84854,-41.048542,-42.748543,-42.44854,-44.248543,-44.248543,-44.34854,-46.44854,-45.248543,-44.44854,-44.94854,-43.84854,-44.44854,-42.748543,-42.94854,-42.84854,-42.64854,-43.94854,-44.34854,-43.44854,-44.34854,-44.44854
-42.64854,-42.548542,-43.048542,-41.94854,-41.64854,-41.84854,-39.44854,-37.248543,-36.94854,-37.748543,-39.248543,-39.048542,-39.94854,-42.048542,-42.048542,-41.248543,-42.248543,-43.748543,-43.94854,-43.44854,-41.748543,-40.94854,-40.748543,-41.548542,-42.048542,-41.44854,-40.748543,-41.44854,-41.94854,-41.548542,-40.84854,-41.048542,-41.84854,-42.548542,-43.048542,-42.94854,-42.44854,-42.84854,-43.84854,-42.94854,-44.048542,-43.84854,-45.748543,-46.44854,-46.048542,-45.34854,-45.34854,-45.34854,-44.44854,-45.248543,-43.748543,-42.248543,-43.048542,-44.248543,-43.84854,-44.84854,-45.44854,-44.44854
-42.64854,-42.34854,-42.548542,-43.14854,-43.14854,-43.44854,-41.14854,-38.548542,-38.34854,-39.14854,-37.94854,-38.048542,-40.94854,-41.94854,-43.248543,-42.84854,-44.14854,-44.94854,-45.64854,-44.64854,-42.248543,-41.748543,-41.44854,-41.64854,-42.048542,-42.748543,-43.64854,-43.84854,-43.248543,-42.048542,-41.14854,-41.44854,-41.64854,-42.94854,-42.64854,-43.14854,-44.248543,-44.34854,-43.548542,-44.248543,-44.84854,-46.248543,-46.748543,-46.64854,-46.748543,-46.14854,-47.14854,-47.048542,-46.64854,-45.94854,-44.34854,-43.548542,-44.94854,-44.048542,-44.048542,-44.64854,-43.94854,-44.84854
-42.14854,-42.84854,-42.64854,-43.64854,-44.44854,-44.34854,-41.64854,-39.64854,-39.64854,-39.34854,-38.34854,-38.94854,-40.748543,-41.94854,-43.14854,-43.44854,-45.248543,-45.94854,-46.048542,-45.64854,-44.048542,-43.34854,-42.248543,-42.548542,-43.84854,-43.94854,-44.248543,-44.048542,-44.248543,-43.14854,-41.64854,-42.048542,-42.34854,-43.548542,-43.748543,-43.14854,-44.44854,-44.64854,-44.84854,-45.548542,-45.748543,-47.048542,-47.34854,-47.94854,-47.748543,-47.44854,-48.14854,-47.048542,-47.14854,-46.548542,-44.84854,-45.34854,-45.64854,-45.44854,-45.048542,-44.548542,-44.44854,-46.048542
-42.44854,-42.048542,-43.248543,-43.248543,-44.14854,-43.84854,-43.248543,-42.548542,-40.94854,-40.64854,-41.048542,-40.44854,-40.248543,-41.248543,-41.548542,-42.548542,-45.248543,-46.14854,-46.34854,-45.34854,-45.048542,-44.34854,-43.748543,-43.64854,-43.84854,-44.248543,-44.248543,-44.34854,-44.34854,-43.94854,-42.94854,-43.548542,-43.64854,-43.44854,-44.048542,-44.14854,-44.748543,-44.94854,-45.548542,-45.048542,-45.548542,-47.548542,-48.748543,-49.548542,-48.94854,-48.44854,-47.94854,-47.248543,-46.94854,-47.44854,-45.048542,-44.64854,-45.748543,-45.748543,-45.548542,-44.34854,-46.048542,-46.94854
