views/data/weather/2019/09/29/0000-wind-isobaric-10hPa-gfs-1.0.json
{"header": { "discipline":0, "disciplineName":"Meteorological products", "gribEdition":2, "gribLength":40648, "center":7, "centerName":"US National Weather Service - NCEP(WMC)", "subcenter":0, "refTime":"2019-09-29T00:00:00.000Z", "significanceOfRT":1, "significanceOfRTName":"Start of forecast", "productStatus":0, "productStatusName":"Operational products", "productType":1, "productTypeName":"Forecast products", "productDefinitionTemplate":0, "productDefinitionTemplateName":"Analysis/forecast at horizontal level/layer at a point in time", "parameterCategory":2, "parameterCategoryName":"Momentum", "parameterNumber":3, "parameterNumberName":"V-component_of_wind", "parameterUnit":"m.s-1", "genProcessType":2, "genProcessTypeName":"Forecast", "forecastTime":0, "surface1Type":100, "surface1TypeName":"Isobaric surface", "surface1Value":1000.0, "surface2Type":255, "surface2TypeName":"Missing", "surface2Value":0.0, "gridDefinitionTemplate":0, "gridDefinitionTemplateName":"Latitude_Longitude", "numberPoints":65160, "shape":6, "shapeName":"Earth spherical with radius of 6,371,229.0 m", "gridUnits":"degrees", "resolution":48, "winds":"true", "scanMode":0, "nx":360, "ny":181, "basicAngle":0, "lo1":0.0, "la1":90.0, "lo2":359.0, "la2":-90.0, "dx":1.0, "dy":1.0 }, "data":
[rows 50 to 74 of 181, columns 171 to 227 of 360]
-0.6533874,0.54661256,1.5466125,1.1466125,0.34661254,0.24661255,0.74661255,1.0466125,1.3466126,1.9466126,1.9466126,2.0466125,2.1466126,2.4466126,2.1466126,1.7466125,1.5466125,2.2466125,2.2466125,2.3466125,2.0466125,1.8466126,1.6466125,2.8466125,3.5466125,3.7466125,2.9466126,2.7466125,3.2466125,3.2466125,4.0466127,2.1466126,1.7466125,3.9466126,3.0466125,3.3466125,2.6466126,2.9466126,2.6466126,3.6466126,5.1466126,4.5466127,5.5466127,4.6466126,3.8466125,3.5466125,3.1466126,3.4466126,3.8466125,3.4466126,2.8466125,2.2466125,2.3466125,2.4466126,2.4466126,2.3466125,2.5466125
1.7466125,1.7466125,1.7466125,1.7466125,1.8466126,2.5466125,2.9466126,2.7466125,3.2466125,3.2466125,3.3466125,2.8466125,2.6466126,2.1466126,2.2466125,2.7466125,2.8466125,2.8466125,2.6466126,2.0466125,1.7466125,2.0466125,2.4466126,2.7466125,2.9466126,3.4466126,3.6466126,3.2466125,3.6466126,3.5466125,4.0466127,4.3466125,4.0466127,4.7466125,4.8466125,4.0466127,2.6466126,3.0466125,3.8466125,5.4466124,5.6466126,6.1466126,6.3466125,4.9466124,3.6466126,3.0466125,2.4466126,2.3466125,1.9466126,2.1466126,2.0466125,2.3466125,2.3466125,2.7466125,3.3466125,3.2466125,3.1466126
0.74661255,1.2466125,1.8466126,2.5466125,2.7466125,2.5466125,2.7466125,3.6466126,3.9466126,4.2466125,4.0466127,3.9466126,3.8466125,3.5466125,3.5466125,3.5466125,3.4466126,2.9466126,2.6466126,2.3466125,3.0466125,2.6466126,2.7466125,2.5466125,2.9466126,3.7466125,4.0466127,3.7466125,4.1466126,4.2466125,5.5466127,5.9466124,5.6466126,6.3466125,6.3466125,4.9466124,4.2466125,4.6466126,5.6466126,6.6466126,6.3466125,5.5466127,6.2466125,5.4466124,4.7466125,3.2466125,2.8466125,1.7466125,0.54661256,0.8466126,1.1466125,2.0466125,2.9466126,2.8466125,2.6466126,3.1466126,2.4466126
2.4466126,3.0466125,3.7466125,3.7466125,3.8466125,4.2466125,4.9466124,4.9466124,5.2466125,5.2466125,5.0466127,5.0466127,4.3466125,3.6466126,3.3466125,2.7466125,2.5466125,2.9466126,2.9466126,2.9466126,3.0466125,3.4466126,3.3466125,3.5466125,3.5466125,3.8466125,4.5466127,4.6466126,4.7466125,5.9466124,6.7466125,6.7466125,7.5466127,7.6466126,6.5466127,4.8466125,5.1466126,6.1466126,6.7466125,7.1466126,6.2466125,5.9466124,5.5466127,4.3466125,4.2466125,3.5466125,2.6466126,2.2466125,2.1466126,1.6466125,1.2466125,2.4466126,1.9466126,2.1466126,2.4466126,2.3466125,1.5466125
4.0466127,4.6466126,4.7466125,4.8466125,4.8466125,5.1466126,4.3466125,3.2466125,3.1466126,3.3466125,3.9466126,4.1466126,4.2466125,3.9466126,4.2466125,4.3466125,3.5466125,2.8466125,3.2466125,2.9466126,3.8466125,4.6466126,4.6466126,5.1466126,5.0466127,5.4466124,5.4466124,5.8466125,6.4466124,6.9466124,7.6466126,7.3466125,7.3466125,6.7466125,6.2466125,6.1466126,6.3466125,6.7466125,7.3466125,7.2466125,6.4466124,5.8466125,4.8466125,3.8466125,3.4466126,2.9466126,3.2466125,3.2466125,3.3466125,3.1466126,3.7466125,4.1466126,3.3466125,3.6466126,2.7466125,2.9466126,2.3466125
3.9466126,4.0466127,3.7466125,3.9466126,4.5466127,3.9466126,3.8466125,3.9466126,4.0466127,4.6466126,4.8466125,4.5466127,4.3466125,4.1466126,4.3466125,4.8466125,4.0466127,4.2466125,4.4466124,4.4466124,4.3466125,4.6466126,5.4466124,5.8466125,5.6466126,5.8466125,5.7466125,6.2466125,7.0466127,7.2466125,6.9466124,6.5466127,5.5466127,4.6466126,5.4466124,6.4466124,6.8466125,7.0466127,6.6466126,6.0466127,6.1466126,5.1466126,3.5466125,3.2466125,3.6466126,3.8466125,3.5466125,3.7466125,4.4466124,5.1466126,5.7466125,5.5466127,5.6466126,4.8466125,3.7466125,2.4466126,1.5466125
2.8466125,3.6466126,4.5466127,4.8466125,4.5466127,5.1466126,5.7466125,6.0466127,5.2466125,5.6466126,5.4466124,4.7466125,4.5466127,4.1466126,3.4466126,3.3466125,4.3466125,3.8466125,4.3466125,4.8466125,4.4466124,4.4466124,4.9466124,4.9466124,5.0466127,5.2466125,5.9466124,6.3466125,6.1466126,5.9466124,5.5466127,4.5466127,4.9466124,5.0466127,4.7466125,5.3466125,5.6466126,5.5466127,5.7466125,5.6466126,4.5466127,3.7466125,3.8466125,4.1466126,4.6466126,4.4466124,4.4466124,4.7466125,4.8466125,5.3466125,4.6466126,4.9466124,4.2466125,3.5466125,3.7466125,2.7466125,1.6466125
2.3466125,3.2466125,5.2466125,5.3466125,5.9466124,5.9466124,6.3466125,6.1466126,6.5466127,6.6466126,6.2466125,5.7466125,5.1466126,5.1466126,4.6466126,4.5466127,3.7466125,3.3466125,3.1466126,3.4466126,3.6466126,3.5466125,3.8466125,4.6466126,4.7466125,4.7466125,4.6466126,4.2466125,3.8466125,4.0466127,3.6466126,4.2466125,4.6466126,4.7466125,5.0466127,4.5466127,4.3466125,4.8466125,4.2466125,3.9466126,3.0466125,3.2466125,4.0466127,4.6466126,4.8466125,5.0466127,4.9466124,4.8466125,4.6466126,4.8466125,4.3466125,2.8466125,2.0466125,1.6466125,1.2466125,1.8466126,1.5466125
5.9466124,6.0466127,5.9466124,6.2466125,5.9466124,6.0466127,5.5466127,5.3466125,4.9466124,5.2466125,5.1466126,5.6466126,5.8466125,5.5466127,4.1466126,4.0466127,3.7466125,3.4466126,3.6466126,2.9466126,3.1466126,3.4466126,3.2466125,3.2466125,2.8466125,2.5466125,2.1466126,1.6466125,1.5466125,1.7466125,2.5466125,3.4466126,3.5466125,3.4466126,3.5466125,3.6466126,3.2466125,2.6466126,2.7466125,2.8466125,2.9466126,3.4466126,4.1466126,4.3466125,3.8466125,3.4466126,3.4466126,3.4466126,4.1466126,3.6466126,3.3466125,3.1466126,2.7466125,2.5466125,1.8466126,0.94661254,-0.25338745
4.6466126,4.7466125,5.0466127,5.5466127,5.1466126,4.6466126,4.3466125,4.0466127,4.1466126,3.9466126,4.5466127,4.1466126,3.9466126,4.8466125,4.4466124,3.0466125,2.3466125,2.3466125,2.3466125,2.1466126,2.0466125,1.9466126,1.8466126,2.0466125,1.8466126,0.94661254,0.44661254,0.44661254,0.8466126,0.94661254,1.4466126,1.2466125,1.9466126,2.0466125,1.6466125,1.6466125,1.6466125,0.6466125,1.2466125,1.7466125,3.1466126,3.3466125,2.8466125,2.6466126,2.5466125,2.3466125,2.1466126,2.4466126,2.3466125,2.2466125,1.4466126,1.5466125,2.0466125,1.6466125,0.74661255,0.24661255,0.04661255
4.3466125,4.4466124,4.8466125,4.1466126,3.5466125,2.8466125,3.0466125,2.5466125,1.9466126,2.0466125,3.7466125,4.6466126,5.2466125,4.6466126,3.9466126,2.3466125,1.3466126,0.6466125,0.94661254,0.44661254,0.44661254,0.6466125,0.8466126,0.34661254,0.04661255,-0.25338745,0.44661254,1.0466125,1.2466125,1.1466125,0.34661254,1.4466126,1.2466125,1.6466125,1.4466126,1.5466125,1.4466126,1.8466126,1.5466125,1.6466125,2.2466125,2.1466126,2.6466126,2.0466125,1.5466125,1.6466125,1.1466125,1.7466125,1.5466125,0.6466125,1.0466125,0.6466125,0.44661254,0.94661254,1.1466125,0.8466126,0.6466125
3.0466125,3.6466126,2.5466125,3.4466126,3.5466125,2.7466125,2.3466125,1.9466126,2.3466125,3.4466126,4.5466127,4.5466127,3.5466125,2.7466125,2.6466126,2.3466125,1.0466125,0.74661255,0.14661255,-0.55338746,-1.2533875,-1.1533874,-0.8533875,-0.95338744,-0.75338745,-0.75338745,-0.8533875,-0.15338746,0.6466125,0.8466126,1.0466125,0.94661254,1.7466125,1.8466126,2.1466126,2.0466125,2.7466125,3.3466125,2.6466126,1.8466126,1.1466125,1.2466125,1.5466125,1.0466125,0.14661255,-0.45338744,-0.25338745,-0.35338745,0.44661254,0.94661254,0.94661254,1.3466126,1.1466125,0.6466125,0.34661254,-0.15338746,-0.15338746
2.8466125,2.6466126,2.6466126,3.2466125,3.6466126,3.3466125,3.1466126,3.6466126,4.9466124,4.1466126,2.9466126,2.7466125,2.9466126,3.1466126,2.7466125,2.7466125,2.0466125,0.24661255,-0.95338744,-1.9533875,-1.9533875,-0.95338744,-0.35338745,-0.6533874,-1.2533875,-1.0533874,-1.0533874,-0.8533875,-0.45338744,0.24661255,0.74661255,1.2466125,0.8466126,1.1466125,1.7466125,2.4466126,2.2466125,2.0466125,2.0466125,1.7466125,0.8466126,0.6466125,0.24661255,-0.45338744,-0.75338745,-0.55338746,-0.55338746,-1.1533874,-1.0533874,-0.25338745,0.74661255,1.0466125,1.6466125,1.5466125,0.6466125,0.54661256,0.74661255
2.5466125,3.0466125,2.9466126,3.5466125,3.3466125,3.7466125,4.6466126,5.4466124,4.4466124,3.9466126,2.9466126,2.2466125,2.4466126,2.3466125,2.3466125,2.2466125,2.2466125,0.94661254,0.04661255,-0.8533875,-0.95338744,-0.55338746,-0.25338745,0.04661255,-0.053387452,-0.25338745,-0.35338745,0.04661255,0.44661254,0.04661255,1.0466125,1.3466126,0.8466126,1.2466125,1.9466126,1.8466126,1.4466126,1.1466125,1.2466125,1.3466126,0.8466126,0.34661254,-0.6533874,-1.6533874,-1.3533875,-1.2533875,-0.55338746,-0.55338746,-0.95338744,-0.6533874,0.6466125,1.8466126,2.2466125,1.9466126,1.5466125,0.94661254,0.8466126
3.4466126,3.4466126,3.2466125,2.0466125,3.1466126,3.8466125,4.1466126,3.4466126,4.0466127,4.1466126,3.7466125,3.6466126,3.2466125,2.4466126,1.9466126,1.3466126,1.4466126,0.94661254,1.4466126,1.7466125,1.2466125,0.74661255,0.24661255,0.6466125,1.2466125,0.44661254,0.44661254,-0.25338745,0.14661255,0.34661254,0.44661254,0.74661255,1.5466125,1.8466126,1.7466125,1.7466125,1.3466126,1.3466126,1.1466125,0.24661255,-0.15338746,-0.45338744,-1.2533875,-1.8533875,-1.9533875,-1.6533874,-1.4533875,-1.2533875,-0.15338746,0.44661254,1.5466125,1.9466126,2.7466125,2.4466126,2.1466126,2.4466126,2.0466125
1.9466126,1.2466125,1.2466125,2.2466125,2.2466125,2.3466125,2.8466125,3.5466125,3.4466126,3.3466125,3.3466125,2.5466125,2.3466125,2.7466125,2.0466125,1.7466125,1.3466126,1.5466125,1.8466126,2.2466125,2.1466126,1.8466126,0.94661254,0.6466125,0.54661256,0.24661255,-0.15338746,-0.35338745,-0.053387452,0.54661256,0.8466126,0.94661254,1.6466125,1.8466126,1.6466125,2.3466125,2.6466126,2.1466126,0.8466126,-0.8533875,-1.7533875,-2.1533875,-2.1533875,-2.6533875,-3.0533874,-2.7533875,-1.9533875,-1.0533874,-0.8533875,0.34661254,0.74661255,1.7466125,2.1466126,2.2466125,1.8466126,1.5466125,1.1466125
0.74661255,1.5466125,2.0466125,2.6466126,1.9466126,1.8466126,2.2466125,2.8466125,2.8466125,2.2466125,2.4466126,2.1466126,1.8466126,1.5466125,1.3466126,0.94661254,0.94661254,1.4466126,1.3466126,1.6466125,2.1466126,2.0466125,1.4466126,0.44661254,-0.25338745,-0.35338745,-0.35338745,-0.053387452,0.24661255,0.8466126,1.4466126,1.9466126,2.5466125,2.3466125,2.4466126,2.7466125,2.9466126,1.9466126,0.44661254,0.14661255,-0.55338746,-1.7533875,-1.5533874,-1.1533874,-1.1533874,-1.0533874,-0.75338745,-0.25338745,0.14661255,0.24661255,0.54661256,0.74661255,0.94661254,0.8466126,0.44661254,0.54661256,0.94661254
2.1466126,2.4466126,2.1466126,1.9466126,1.6466125,1.7466125,1.2466125,0.34661254,0.54661256,0.94661254,0.94661254,0.94661254,1.6466125,0.94661254,0.94661254,-0.15338746,-0.35338745,0.04661255,0.24661255,0.34661254,0.54661256,-0.053387452,-0.15338746,0.24661255,-0.55338746,-0.25338745,-0.25338745,0.34661254,1.4466126,2.2466125,2.6466126,3.0466125,3.2466125,3.8466125,3.6466126,3.6466126,2.8466125,2.1466126,1.8466126,1.0466125,-0.053387452,-0.15338746,-0.75338745,-1.1533874,-0.55338746,-0.8533875,-0.55338746,-0.053387452,-0.053387452,-0.15338746,-0.15338746,-0.15338746,-0.6533874,-0.8533875,-0.35338745,-0.25338745,0.54661256
2.6466126,2.7466125,0.94661254,-1.0533874,-1.2533875,0.04661255,1.3466126,1.5466125,1.9466126,2.2466125,1.4466126,1.2466125,0.24661255,0.24661255,-1.0533874,-1.7533875,-1.3533875,-1.6533874,-1.0533874,-0.8533875,-1.2533875,-0.25338745,0.74661255,0.8466126,1.0466125,0.94661254,1.9466126,1.9466126,2.6466126,2.9466126,3.7466125,4.9466124,5.0466127,4.4466124,4.0466127,3.5466125,2.7466125,2.6466126,1.5466125,0.24661255,-0.45338744,-0.95338744,-0.95338744,-1.1533874,-1.7533875,-1.3533875,-1.2533875,-1.2533875,-0.8533875,-0.75338745,-0.55338746,-0.8533875,-0.8533875,-0.25338745,-0.053387452,0.34661254,0.34661254
3.5466125,1.2466125,0.6466125,0.04661255,0.8466126,0.54661256,0.94661254,1.9466126,2.1466126,1.5466125,1.7466125,0.54661256,-0.15338746,-0.6533874,-1.7533875,-1.6533874,-2.4533875,-1.5533874,-0.6533874,-0.053387452,0.6466125,0.54661256,0.54661256,1.0466125,1.8466126,2.3466125,2.5466125,3.0466125,3.8466125,4.5466127,4.9466124,5.3466125,5.2466125,5.0466127,4.0466127,3.1466126,3.8466125,4.1466126,3.5466125,3.1466126,2.1466126,0.54661256,-0.55338746,-1.3533875,-1.5533874,-1.4533875,-1.5533874,-1.6533874,-1.4533875,-0.55338746,0.34661254,0.54661256,0.74661255,0.74661255,1.3466126,1.6466125,1.7466125
3.1466126,2.5466125,1.8466126,0.74661255,0.54661256,1.1466125,2.1466126,1.7466125,0.8466126,-0.053387452,-0.75338745,-0.75338745,-0.45338744,-1.4533875,-1.4533875,-2.0533874,-2.7533875,-2.1533875,-1.3533875,-0.55338746,0.34661254,0.14661255,0.54661256,1.0466125,1.5466125,2.8466125,4.4466124,4.7466125,4.3466125,3.7466125,3.8466125,3.9466126,3.8466125,3.1466126,2.5466125,2.3466125,2.8466125,2.7466125,3.3466125,3.2466125,2.5466125,1.6466125,0.24661255,-0.15338746,-0.35338745,-1.2533875,-2.1533875,-2.6533875,-2.1533875,-1.2533875,-0.25338745,1.0466125,2.1466126,2.1466126,1.5466125,0.8466126,0.94661254
4.2466125,4.5466127,3.4466126,2.9466126,2.7466125,2.6466126,2.4466126,1.5466125,1.0466125,0.24661255,-0.15338746,-0.6533874,-0.45338744,-0.25338745,-0.053387452,-0.55338746,-0.75338745,-0.75338745,-0.45338744,0.44661254,0.74661255,1.2466125,1.9466126,2.2466125,3.5466125,4.2466125,4.4466124,4.5466127,5.1466126,5.2466125,3.9466126,2.5466125,0.94661254,1.2466125,2.0466125,1.3466126,1.1466125,1.2466125,1.3466126,1.5466125,1.6466125,1.3466126,0.94661254,0.24661255,-0.55338746,-1.3533875,-1.2533875,-1.3533875,-1.6533874,-1.2533875,-0.55338746,0.34661254,0.54661256,0.74661255,0.54661256,-0.15338746,-1.2533875
5.0466127,5.9466124,5.8466125,6.3466125,5.3466125,4.2466125,2.3466125,1.7466125,1.2466125,0.8466126,0.44661254,0.24661255,0.74661255,0.34661254,-0.95338744,-0.45338744,0.74661255,0.14661255,0.34661254,0.74661255,1.0466125,0.8466126,1.1466125,1.4466126,2.2466125,2.5466125,3.8466125,4.4466124,4.4466124,5.0466127,4.0466127,2.2466125,0.94661254,-0.6533874,-0.6533874,0.8466126,0.74661255,-0.8533875,0.6466125,1.5466125,1.1466125,1.2466125,1.1466125,0.14661255,-0.45338744,-1.5533874,-1.5533874,-0.75338745,0.24661255,0.24661255,0.44661254,0.34661254,0.34661254,1.1466125,1.5466125,1.5466125,1.6466125
5.9466124,6.2466125,7.6466126,8.746613,7.1466126,5.5466127,4.2466125,3.7466125,2.2466125,1.4466126,1.1466125,1.7466125,1.0466125,0.94661254,0.54661256,0.54661256,0.14661255,0.34661254,-0.15338746,-0.6533874,0.44661254,1.2466125,2.4466126,2.7466125,3.1466126,2.4466126,2.3466125,2.4466126,2.3466125,1.7466125,2.3466125,2.6466126,3.1466126,2.1466126,0.24661255,-0.6533874,-0.25338745,0.34661254,0.44661254,0.14661255,0.54661256,-0.053387452,0.04661255,0.14661255,1.0466125,1.8466126,1.3466126,0.6466125,2.5466125,3.2466125,2.9466126,2.3466125,1.8466126,0.54661256,0.44661254,0.8466126,0.54661256
6.9466124,7.8466125,8.546613,8.446612,7.1466126,5.7466125,4.9466124,3.5466125,1.9466126,1.9466126,2.0466125,1.6466125,0.74661255,0.54661256,0.94661254,0.14661255,0.24661255,0.44661254,-0.25338745,1.1466125,1.7466125,2.6466126,2.8466125,2.6466126,2.0466125,1.1466125,0.74661255,0.94661254,0.74661255,2.1466126,2.5466125,3.3466125,2.8466125,3.7466125,3.0466125,1.3466126,1.7466125,1.8466126,0.8466126,0.6466125,0.94661254,0.34661254,0.14661255,0.24661255,1.1466125,1.3466126,2.7466125,4.0466127,2.7466125,3.4466126,3.7466125,2.8466125,2.1466126,2.4466126,1.6466125,0.6466125,0.24661255
