views/data/weather/2019/09/29/0000-wind-surface-level-gfs-1.0.json
{"header": { "discipline":0, "disciplineName":"Meteorological products", "gribEdition":2, "gribLength":78309, "center":7, "centerName":"US National Weather Service - NCEP(WMC)", "subcenter":0, "refTime":"2019-09-29T00:00:00.000Z", "significanceOfRT":1, "significanceOfRTName":"Start of forecast", "productStatus":0, "productStatusName":"Operational products", "productType":1, "productTypeName":"Forecast products", "productDefinitionTemplate":0, "productDefinitionTemplateName":"Analysis/forecast at horizontal level/layer at a point in time", "parameterCategory":2, "parameterCategoryName":"Momentum", "parameterNumber":2, "parameterNumberName":"U-component_of_wind", "parameterUnit":"m.s-1", "genProcessType":2, "genProcessTypeName":"Forecast", "forecastTime":0, "surface1Type":103, "surface1TypeName":"Specified height level above ground", "surface1Value":10.0, "surface2Type":255, "surface2TypeName":"Missing", "surface2Value":0.0, "gridDefinitionTemplate":0, "gridDefinitionTemplateName":"Latitude_Longitude", "numberPoints":65160, "shape":6, "shapeName":"Earth spherical with radius of 6,371,229.0 m", "gridUnits":"degrees", "resolution":48, "winds":"true", "scanMode":0, "nx":360, "ny":181, "basicAngle":0, "lo1":0.0, "la1":90.0, "lo2":359.0, "la2":-90.0, "dx":1.0, "dy":1.0 }, "data":
[rows 0 to 24 of 181, columns 0 to 56 of 360]
-2.4876904,-2.4476905,-2.4176905,-2.3776903,-2.3476903,-2.3076904,-2.2776904,-2.2376904,-2.1976905,-2.1576905,-2.1176903,-2.0776904,-2.0376904,-1.9976904,-1.9576905,-1.9176904,-1.8676904,-1.8276905,-1.7876904,-1.7376904,-1.6976905,-1.6476904,-1.5976905,-1.5576904,-1.5076904,-1.4576905,-1.4076904,-1.3576905,-1.3176904,-1.2676904,-1.2176905,-1.1676904,-1.1176904,-1.0576904,-1.0076904,-0.9576904,-0.9076904,-0.85769045,-0.80769044,-0.74769044,-0.6976904,-0.6476904,-0.5876904,-0.5376904,-0.48769042,-0.42769042,-0.37769043,-0.32769042,-0.26769042,-0.21769042,-0.15769044,-0.10769043,-0.05769043,0.0023095703,0.05230957,0.11230957,0.16230957
-2.9576905,-2.9476905,-2.9576905,-2.9676905,-2.9776905,-2.9776905,-2.9876904,-2.9976904,-2.9976904,-2.9976904,-3.0076904,-2.9976904,-2.9876904,-2.9776905,-2.9576905,-2.9476905,-2.9276905,-2.8876905,-2.8476903,-2.7976904,-2.7476904,-2.6976905,-2.6376905,-2.5676904,-2.5176904,-2.4376905,-2.3776903,-2.2976904,-2.2276905,-2.1576905,-2.0776904,-2.0076904,-1.9376904,-1.8676904,-1.7976904,-1.7476904,-1.6976905,-1.6976905,-1.6876904,-1.6976905,-1.6976905,-1.7076905,-1.7276905,-1.7376904,-1.7676904,-1.7876904,-1.8176904,-1.8476905,-1.8776904,-1.9076904,-1.9276904,-1.9376904,-1.9476905,-1.9476905,-1.9276904,-1.8776904,-1.8276905
-3.0176904,-3.0376904,-3.0476904,-3.0576904,-3.0576904,-3.0476904,-3.0376904,-3.0276904,-3.0176904,-3.0076904,-3.0176904,-3.0376904,-3.0876904,-3.1476905,-3.2176905,-3.2876904,-3.3576903,-3.4376905,-3.5176904,-3.5876904,-3.6576905,-3.7176905,-3.7576904,-3.7776904,-3.7976904,-3.7676904,-3.7276905,-3.6776905,-3.6176903,-3.5576904,-3.5076904,-3.4576905,-3.4176905,-3.3776903,-3.3376904,-3.2876904,-3.2376904,-3.1876905,-3.1476905,-3.1176903,-3.1076903,-3.1076903,-3.0776904,-3.0476904,-3.0176904,-2.9776905,-2.9376905,-2.9176905,-2.8976905,-2.9076905,-2.9276905,-2.9676905,-3.0176904,-3.0776904,-3.1276903,-3.1776905,-3.2076905
-3.2476904,-3.3376904,-3.4376905,-3.5476904,-3.6376905,-3.6576905,-3.6676905,-3.7676904,-3.9076905,-4.0676904,-4.24769,-4.4276905,-4.5476904,-4.6376905,-4.6976905,-4.7376904,-4.74769,-4.7676907,-4.7676907,-4.7576904,-4.7076902,-4.6076903,-4.47769,-4.2776904,-4.0176907,-3.7576904,-3.5876904,-3.5176904,-3.5276904,-3.6276903,-3.7876904,-3.9176905,-4.0076904,-3.9976904,-3.9776905,-3.9276905,-3.8376904,-3.7576904,-3.6976905,-3.6976905,-3.7676904,-3.8576903,-3.9476905,-4.0576906,-4.1676903,-4.24769,-4.2976904,-4.3076906,-4.2876906,-4.2576904,-4.22769,-4.2076902,-4.2176905,-4.22769,-4.24769,-4.2776904,-4.2876906
-2.8276904,-3.1476905,-3.3776903,-3.4076905,-3.4776905,-3.6876905,-3.9776905,-4.3976903,-4.7776904,-5.0076904,-5.1676903,-5.2576904,-5.3676906,-5.47769,-5.5776906,-5.6476903,-5.7076902,-5.7176905,-5.74769,-5.7376904,-5.7376904,-5.7776904,-5.8176904,-5.9076905,-5.9576902,-5.9676905,-5.9276905,-5.8176904,-5.6776905,-5.5476904,-5.49769,-5.5076904,-5.4876904,-5.4576902,-5.4176903,-5.3876905,-5.2876906,-5.1776905,-5.0876904,-5.0276904,-5.0176907,-5.0676904,-5.1176906,-5.1176906,-5.0876904,-5.0576906,-5.0676904,-5.1176906,-5.1676903,-5.2076902,-5.22769,-5.2076902,-5.1576905,-5.0776906,-5.0176907,-4.9676905,-4.9376903
0.25230956,0.24230957,0.29230958,0.34230956,0.37230957,0.25230956,0.02230957,-0.30769044,-0.6376904,-0.9576904,-1.2076905,-1.4176904,-1.6176904,-1.9376904,-2.5576904,-3.4276905,-4.2976904,-4.9676905,-5.1476903,-5.3876905,-5.6476903,-5.7076902,-5.7076902,-5.6976905,-5.7976904,-5.9676905,-6.1076903,-6.1576905,-6.0576906,-5.9176903,-5.6676903,-5.3876905,-5.1476903,-4.9076905,-4.9176903,-4.97769,-5.0076904,-5.0376906,-5.1076903,-5.2076902,-5.2876906,-5.4176903,-5.4576902,-5.5076904,-5.49769,-5.47769,-5.4076905,-5.3276906,-5.2976904,-5.3176904,-5.4576902,-5.7376904,-6.0376906,-6.3576903,-6.3976903,-6.4476905,-6.3476906
0.36230958,0.42230958,0.47230956,0.57230955,0.76230955,0.94230956,1.0423095,0.9823096,0.82230955,0.6723096,0.5423096,0.45230958,0.38230956,0.36230958,0.35230958,0.31230956,0.14230958,-0.24769042,-0.7676904,-1.1676904,-1.3376905,-1.4876904,-1.7676904,-2.1576905,-2.6376905,-3.2176905,-3.9376905,-4.6876903,-5.24769,-5.6476903,-5.8876905,-6.1276903,-6.0676904,-5.7376904,-5.4076905,-5.24769,-5.2576904,-5.5376906,-6.0876904,-6.7576904,-7.2576904,-7.4076905,-7.3876905,-7.3376904,-7.2776904,-7.1976905,-7.2676907,-7.4076905,-7.5376906,-7.6476903,-7.74769,-7.7776904,-7.8176904,-7.8476906,-7.8476906,-7.6876903,-7.2776904
-0.13769042,-0.18769044,-0.11769043,0.082309574,0.32230958,0.45230958,0.48230958,0.47230956,0.47230956,0.51230955,0.56230956,0.57230955,0.39230958,0.17230958,0.01230957,-0.10769043,-0.16769043,-0.20769043,-0.20769043,-0.21769042,-0.32769042,-0.43769044,-0.5276904,-0.5876904,-0.86769044,-1.2376904,-1.5376904,-1.7476904,-1.8976904,-2.0076904,-2.2376904,-2.7276905,-3.3976905,-4.0476904,-4.6276903,-5.0976906,-5.3676906,-5.4576902,-5.5776906,-5.8376904,-6.2576904,-6.9276905,-7.72769,-8.20769,-8.267691,-8.277691,-8.317691,-8.33769,-8.41769,-8.40769,-8.317691,-8.21769,-8.067691,-7.9376903,-7.9076905,-7.72769,-7.4576902
-0.34769043,-0.73769045,-1.0476904,-0.81769043,-0.48769042,-0.30769044,-0.39769042,-0.85769045,-1.4376904,-1.7476904,-1.9276904,-1.9876904,-1.9576905,-1.7876904,-1.5976905,-1.4176904,-1.2276905,-1.0476904,-0.99769044,-0.99769044,-0.9676904,-1.0076904,-0.97769046,-0.98769045,-1.0176904,-1.0876905,-1.3076904,-1.5576904,-1.8876904,-2.0776904,-2.1676905,-2.3776903,-2.6676905,-2.9876904,-3.3876905,-4.0776906,-5.0876904,-6.1276903,-6.8976903,-7.3376904,-7.8376904,-8.23769,-8.437691,-8.50769,-8.58769,-8.727691,-8.767691,-8.70769,-8.6776905,-8.687691,-8.777691,-9.11769,-9.24769,-9.53769,-9.807691,-10.057691,-10.057691
-0.92769045,-1.1276904,-1.2676904,-1.2776904,-1.6276904,-2.2876904,-2.7976904,-3.1276903,-3.4276905,-3.3576903,-3.7376904,-3.8476903,-3.9676905,-4.0876904,-4.0676904,-3.8176904,-3.7776904,-3.6976905,-3.6176903,-3.6276903,-3.6776905,-3.3976905,-2.9676905,-2.2476904,-1.8876904,-1.8976904,-1.8576905,-1.9276904,-2.0776904,-2.1676905,-2.2576904,-2.4376905,-2.6376905,-2.7576904,-2.9876904,-3.1776905,-3.4076905,-3.8276904,-4.6276903,-6.1076903,-6.9076905,-7.6576905,-8.607691,-9.08769,-9.12769,-8.98769,-8.817691,-8.86769,-8.9276905,-9.027691,-9.07769,-8.95769,-8.9276905,-8.567691,-8.29769,-7.99769,-7.6876903
-1.4276904,-1.4576905,-1.9776905,-3.1676905,-4.2376904,-4.6476903,-4.8976903,-5.4576902,-5.7576904,-5.8476906,-6.3776903,-6.4576902,-6.3176904,-6.3476906,-6.2876906,-6.0676904,-5.1776905,-4.4376903,-3.9476905,-1.7376904,-1.8076904,-2.8276904,-1.8776904,-2.2076905,-1.9276904,-0.29769042,1.4923096,1.7323096,-0.6576904,-2.0276904,-3.1876905,-3.7376904,-3.7476904,-3.5776904,-4.5276904,-5.1376905,-5.3676906,-5.5476904,-6.0476904,-6.7976904,-7.3676906,-7.7176905,-8.107691,-8.50769,-8.79769,-8.937691,-9.33769,-9.637691,-9.04769,-8.397691,-8.08769,-8.00769,-7.9176903,-8.16769,-8.067691,-8.04769,-8.437691
-0.7576904,-1.3076904,-1.8076904,-2.6876905,-3.0776904,-3.6876905,-4.3376904,-4.4876904,-4.8076906,-5.0276904,-4.1776905,-2.2076905,-2.7676904,-2.6876905,-1.7376904,-0.99769044,-1.9076904,-2.3776903,0.15230957,0.70230955,0.05230957,-0.24769042,-1.5976905,-1.9176904,-3.0676904,-4.9276905,-5.8076906,-5.2876906,-4.9876904,-4.7676907,-4.6176906,-4.7676907,-5.0976906,-5.2176905,-5.2576904,-4.99769,-4.8576903,-5.0376906,-5.0676904,-5.3976903,-5.7976904,-6.2776904,-6.6176906,-7.1576905,-7.2376904,-7.2176905,-7.3676906,-7.5676904,-7.8576903,-8.12769,-8.41769,-8.62769,-8.62769,-8.597691,-8.527691,-8.41769,-8.32769
-0.8876904,-0.9476904,-0.25769043,-0.9676904,-1.0876905,-1.5476904,-1.7676904,-1.4776905,-1.5876905,-2.2276905,-3.4076905,-4.9176903,-4.4076905,-4.1476903,-3.4776905,-1.7676904,-2.4276905,-1.8376905,-0.17769043,-3.9276905,-4.2876906,-2.9976904,-2.6776905,-2.2576904,-2.6576905,-3.5776904,-3.9776905,-4.2876906,-4.24769,-4.2076902,-4.4576902,-4.72769,-4.5876904,-4.2176905,-4.1376905,-4.8376904,-5.4676905,-5.5776906,-5.7676907,-5.9276905,-6.2376904,-6.7776904,-7.4176903,-7.6076903,-7.1976905,-6.99769,-6.8776903,-6.8776903,-6.9476905,-7.2176905,-7.5176907,-7.5976906,-7.6576905,-7.7376904,-8.147691,-8.40769,-8.187691
1.2023096,1.0823096,1.2923095,1.3623096,1.3923095,1.0923096,0.75230956,0.36230958,0.16230957,0.03230957,-0.04769043,0.05230957,-0.6576904,-2.1376905,-3.5276904,-4.47769,-2.7676904,-3.9076905,-7.2076902,-4.9476905,-4.3676906,-4.8276906,-4.2176905,-3.9776905,-3.7576904,-2.9476905,-3.4076905,-3.5776904,-3.4176905,-3.9576905,-3.9176905,-3.9676905,-3.8976905,-4.0976906,-4.1776905,-4.7676907,-5.2876906,-5.7076902,-5.9876904,-6.1976905,-6.6476903,-6.97769,-7.0876904,-7.3976903,-7.7376904,-7.99769,-8.44769,-7.8376904,-7.5476904,-7.6876903,-7.5576906,-7.47769,-8.08769,-8.097691,-7.8876905,-7.5376906,-7.1976905
3.1623096,3.2323096,3.5123096,3.6023095,3.4523096,3.5023096,3.5723095,3.2323096,3.0923095,2.5723095,2.4623096,1.5123096,0.14230958,-0.93769044,-2.9476905,-3.1276903,-4.7376904,-5.7676907,-5.8376904,-5.2976904,-4.9576902,-3.9676905,-2.9876904,-2.8076904,-2.0776904,-1.3776904,-1.6176904,-1.4976904,-1.9176904,-2.1276903,-2.3676903,-2.3276904,-2.2976904,-2.6176903,-3.2676904,-3.9276905,-4.3476906,-5.2176905,-6.22769,-7.1276903,-8.387691,-9.65769,-10.23769,-10.357691,-10.357691,-10.107691,-9.597691,-8.86769,-8.027691,-7.5176907,-7.0976906,-6.1676903,-5.1476903,-4.9176903,-4.4076905,-4.9376903,-4.0676904
3.1523097,3.3123095,3.7423096,3.8023095,3.9123096,4.2123094,4.4123096,4.2023096,3.9123096,4.2823095,4.5723095,4.50231,3.6723096,2.2523096,-0.20769043,-0.87769043,-1.3276905,-2.1676905,-3.2476904,-2.9076905,-2.8176904,-2.4176905,-1.4776905,-0.99769044,-0.31769043,0.12230957,0.23230956,0.39230958,0.13230957,0.23230956,0.39230958,0.68230957,0.8523096,0.47230956,0.25230956,0.42230958,-0.38769042,-2.4176905,-2.5076904,-3.6076903,-5.4176903,-6.2676907,-6.2776904,-6.9676905,-8.70769,-10.817691,-11.24769,-10.777691,-9.69769,-8.07769,-7.0476904,-6.8076906,-5.9576902,-5.4576902,-5.5676904,-4.49769,-4.3276906
1.9423096,1.8023095,1.7923095,1.6523095,1.5823096,1.6623095,1.8223096,2.4023097,2.8223095,3.1223097,3.1023095,3.1123095,3.0823095,2.8023095,1.4423096,2.0723095,2.5023096,0.45230958,0.21230957,-0.97769046,-1.6376904,-1.5676904,-0.81769043,0.01230957,0.43230957,0.7223096,1.2423096,1.6723095,1.8423096,1.9723096,2.2323096,2.9323096,3.6023095,3.9523096,4.2123094,5.0723095,5.9023094,5.3923097,3.4723096,1.0923096,-1.0076904,0.01230957,-3.9476905,-6.6676903,-6.22769,-5.9176903,-4.5176907,-4.0376906,-3.8776903,-6.8676906,-7.5376906,-6.47769,-6.0376906,-5.5876904,-4.1876903,-2.6476905,-2.5676904
-0.10769043,-0.8876904,0.12230957,-0.32769042,-0.32769042,0.33230957,-0.03769043,0.45230958,0.77230954,0.83230954,0.9923096,1.0123096,0.8623096,1.0623096,1.2623096,1.1623095,0.7923096,-0.67769045,-0.22769043,1.4123095,-0.04769043,-0.27769044,-0.34769043,-0.24769042,0.21230957,1.1823096,1.5723096,1.9023095,2.3923097,2.8623095,3.3223095,3.9123096,4.5723095,5.6823096,6.3523097,7.3923097,7.9323096,8.70231,10.402309,11.482309,11.08231,10.392309,8.692309,7.5923095,5.7323093,6.6723094,4.8823094,1.0123096,2.4423096,3.0923095,1.8323096,-3.7676904,-6.3276906,-5.3476906,-2.0376904,-1.5976905,-1.3476905
-1.5976905,-0.5076904,-1.0576904,-0.33769044,0.34230956,-0.06769043,0.23230956,0.01230957,-0.24769042,-0.02769043,0.19230957,0.46230957,0.7123096,1.0123096,1.1423095,1.4523096,1.9023095,1.7423096,0.52230954,-1.2076905,-1.6776904,-1.3476905,-1.4776905,-0.80769044,-0.32769042,-0.11769043,0.46230957,1.2223096,1.7323096,2.5723095,3.2823095,3.9723096,4.5323095,5.3823094,6.0823097,7.1623096,8.33231,8.902309,9.432309,10.04231,10.53231,11.26231,11.602309,11.99231,11.862309,10.78231,9.402309,8.79231,7.7623096,7.0723095,5.6023097,6.0423098,2.5323095,-1.4976904,-3.7276905,-4.8876905,-4.4876904
-1.6976905,-1.3376905,-1.4376904,-1.1176904,-0.7576904,-0.93769044,-0.79769045,-0.66769046,-0.42769042,-0.36769044,-0.41769043,-0.33769044,-0.18769044,0.0023095703,0.05230957,-1.4876904,-2.0476904,-2.8476903,-3.2476904,-2.5876904,-2.8876905,-4.0676904,-4.3876905,-4.0676904,-3.5276904,-2.2376904,-2.4476905,-1.8576905,-0.48769042,-0.0076904297,1.0023096,2.0223095,2.8823097,3.6623096,4.5523095,5.5323095,6.1123095,7.0823097,7.7623096,8.432309,9.20231,9.80231,10.062309,10.0723095,10.05231,9.8223095,9.08231,8.612309,8.54231,8.09231,7.77231,7.2923098,5.7823095,4.7223096,5.02231,-1.0676904,-2.7776904
-2.2176905,-2.2476904,-2.0776904,-1.9976904,-1.8676904,-1.9776905,-1.9476905,-1.8276905,-1.8076904,-1.8776904,-1.4376904,-1.8476905,-2.2776904,-2.1076903,-2.9076905,-3.8076904,-3.6776905,-4.0176907,-4.8476906,-3.8876905,-2.3276904,-0.67769045,-0.40769044,-1.3976904,-1.3076904,-0.92769045,-1.5976905,-1.2676904,-1.1076905,-0.44769043,1.1523095,0.88230956,1.0723096,1.4923096,2.2123096,3.3823097,4.2023096,4.9423094,5.8123097,6.5923095,7.0623097,7.4423094,7.6723094,8.04231,8.20231,8.45231,8.45231,8.112309,7.7223096,7.6723094,7.2823095,7.3123097,7.2123094,7.02231,6.0823097,6.6523094,5.1523094
-3.8776903,-4.1476903,-4.0476904,-3.7976904,-4.0876904,-3.9976904,-4.0176907,-3.9076905,-3.9576905,-4.0776906,-4.0876904,-4.1776905,-4.4476905,-4.4676905,-4.5776906,-4.3376904,-2.2376904,-0.13769042,0.50230956,-0.12769043,-0.45769042,0.57230955,0.35230958,-0.7176904,-1.2276905,-1.4576905,-2.2376904,-1.7976904,-5.0576906,-2.4276905,-2.8376904,-3.0576904,-2.9176905,-1.1676904,-0.73769045,0.5323096,1.5623096,2.9523096,4.4123096,6.0923095,7.27231,7.8523097,7.8723097,8.0723095,8.03231,7.7323093,7.3723097,6.9923096,6.2623096,4.0723095,5.3023095,7.5323095,8.232309,7.6023097,6.9223094,7.6723094,6.2323093
-5.1876903,-5.2576904,-5.3276906,-4.97769,-4.5176907,-4.99769,-6.1776905,-6.72769,-6.6876903,-6.3576903,-6.2976904,-5.8476906,-4.4876904,-3.7976904,-1.9576905,-3.7476904,0.6123096,0.40230957,1.5323095,1.0323095,0.5923096,-0.7776904,-0.72769046,0.5923096,0.8423096,1.0523095,2.3523095,2.9023097,4.8523097,3.2323096,2.6423097,1.5223095,1.5523095,1.5823096,1.3223096,1.0423095,0.13230957,1.0523095,2.2323096,1.8723096,0.6623096,2.0723095,4.02231,5.2223096,5.9923096,4.1623096,4.1623096,7.00231,7.2623096,6.9323096,5.2423096,4.1323094,4.0923095,4.1923094,3.4423096,5.6523094,4.7023096
-6.8576903,-6.8576903,-6.9476905,-6.7976904,-6.2976904,-6.0676904,-5.97769,-5.9676905,-6.0376906,-5.9176903,-5.7976904,-4.47769,-2.7076905,-1.8176904,1.3623096,0.56230956,0.7923096,1.0823096,1.5523095,1.2623096,0.76230955,2.3123095,1.3023095,2.3823097,1.8923095,2.5023096,2.5623095,3.2123096,2.8123095,3.1323097,3.2423096,2.9323096,2.7123096,3.8423095,3.3623095,3.2423096,3.3923097,4.6923094,4.1023097,3.6523097,3.4623096,2.3723097,0.16230957,2.1023095,3.7523096,2.4223096,4.4923096,4.6223097,4.2323093,5.7923098,3.9623096,4.8223095,5.0623097,4.9423094,5.0923095,4.7223096,4.3223095
-6.7376904,-7.1476903,-7.2676907,-7.0776906,-6.9476905,-7.0776906,-6.8076906,-6.1876903,-5.8876905,-5.3176904,-4.7876906,-3.9376905,-2.9676905,-1.0976905,-1.1676904,-0.02769043,0.75230956,1.1323096,3.2623096,2.2523096,2.0923095,0.93230957,0.43230957,1.3423096,1.2223096,0.6523096,0.8623096,0.94230956,1.1123096,2.1423097,2.3623095,3.5723095,2.3823097,2.3423095,2.5923095,6.0623097,7.2023096,7.1423097,6.6723094,6.52231,8.062309,7.8723097,4.0423098,4.8723097,4.5423098,3.6123095,3.6823096,3.5523095,3.6823096,3.5723095,3.3023095,3.8623095,3.6623096,3.6623096,3.1023095,2.9623096,2.5623095
