views/data/weather/2019/09/29/0000-wind-isobaric-700hPa-gfs-1.0.json
{"header": { "discipline":0, "disciplineName":"Meteorological products", "gribEdition":2, "gribLength":77648, "center":7, "centerName":"US National Weather Service - NCEP(WMC)", "subcenter":0, "refTime":"2019-09-29T00:00:00.000Z", "significanceOfRT":1, "significanceOfRTName":"Start of forecast", "productStatus":0, "productStatusName":"Operational products", "productType":1, "productTypeName":"Forecast products", "productDefinitionTemplate":0, "productDefinitionTemplateName":"Analysis/forecast at horizontal level/layer at a point in time", "parameterCategory":2, "parameterCategoryName":"Momentum", "parameterNumber":2, "parameterNumberName":"U-component_of_wind", "parameterUnit":"m.s-1", "genProcessType":2, "genProcessTypeName":"Forecast", "forecastTime":0, "surface1Type":100, "surface1TypeName":"Isobaric surface", "surface1Value":70000.0, "surface2Type":255, "surface2TypeName":"Missing", "surface2Value":0.0, "gridDefinitionTemplate":0, "gridDefinitionTemplateName":"Latitude_Longitude", "numberPoints":65160, "shape":6, "shapeName":"Earth spherical with radius of 6,371,229.0 m", "gridUnits":"degrees", "resolution":48, "winds":"true", "scanMode":0, "nx":360, "ny":181, "basicAngle":0, "lo1":0.0, "la1":90.0, "lo2":359.0, "la2":-90.0, "dx":1.0, "dy":1.0 }, "data":
[rows 0 to 25 of 181, columns 228 to 284 of 360]
-2.4265063,-2.5065064,-2.5865064,-2.6665063,-2.7465065,-2.8265064,-2.8965063,-2.9765062,-3.0465064,-3.1265063,-3.1965063,-3.2765064,-3.3465064,-3.4165063,-3.4865065,-3.5565064,-3.6165063,-3.6865063,-3.7565064,-3.8165064,-3.8765063,-3.9465063,-4.0065064,-4.0665064,-4.1165066,-4.1765065,-4.2365065,-4.286506,-4.3365064,-4.3965063,-4.4465065,-4.496506,-4.536506,-4.5865064,-4.6365066,-4.6765065,-4.7165065,-4.7565064,-4.7965064,-4.8365064,-4.8665066,-4.9065065,-4.9365063,-4.9665065,-5.0065064,-5.0265064,-5.056506,-5.0865064,-5.1065063,-5.1265063,-5.1465063,-5.1665063,-5.1865063,-5.2065063,-5.2165065,-5.2365065,-5.246506
-4.2965064,-4.326506,-4.3565063,-4.3865066,-4.4165063,-4.4365063,-4.4665065,-4.496506,-4.5265064,-4.5465064,-4.5665064,-4.596506,-4.6165066,-4.6365066,-4.6665063,-4.6865063,-4.7065063,-4.726506,-4.746506,-4.766506,-4.786506,-4.7965064,-4.806506,-4.826506,-4.8365064,-4.8365064,-4.846506,-4.8565063,-4.8565063,-4.8565063,-4.8665066,-4.8665066,-4.8665066,-4.8665066,-4.8565063,-4.8565063,-4.846506,-4.8365064,-4.826506,-4.8165064,-4.7965064,-4.786506,-4.7765064,-4.766506,-4.746506,-4.726506,-4.7165065,-4.6965065,-4.6765065,-4.6665063,-4.6465063,-4.6165066,-4.5865064,-4.556506,-4.5265064,-4.5065064,-4.476506
-4.7365065,-4.6665063,-4.596506,-4.5265064,-4.4565063,-4.3865066,-4.326506,-4.266506,-4.2065063,-4.1465063,-4.0865064,-4.0265064,-3.9565063,-3.8865063,-3.8165064,-3.7465065,-3.6865063,-3.6165063,-3.5465064,-3.4865065,-3.4265063,-3.3665063,-3.3065064,-3.2465065,-3.1865063,-3.1265063,-3.0665064,-3.0065064,-2.9465063,-2.8865063,-2.8265064,-2.7565064,-2.6865063,-2.6265063,-2.5665064,-2.4965065,-2.4365063,-2.3665063,-2.3065064,-2.2465065,-2.1865063,-2.1265063,-2.0765064,-2.0265064,-1.9765064,-1.9365064,-1.8965063,-1.8565063,-1.8265064,-1.7865063,-1.7565063,-1.7365063,-1.7065064,-1.6865064,-1.6465063,-1.6165063,-1.5965064
-5.326506,-5.1865063,-5.036506,-4.8565063,-4.6665063,-4.476506,-4.2765064,-4.0865064,-3.8865063,-3.6965063,-3.5265064,-3.3865063,-3.2565064,-3.1365063,-3.0365064,-2.9265063,-2.8365064,-2.7465065,-2.6865063,-2.6065063,-2.5165064,-2.4365063,-2.3565063,-2.2865064,-2.2065063,-2.1265063,-2.0465064,-1.9765064,-1.8965063,-1.8065064,-1.7065064,-1.6165063,-1.5065063,-1.4065063,-1.2865063,-1.1765064,-1.0565064,-0.93650633,-0.8165063,-0.71650636,-0.6265063,-0.52650636,-0.45650634,-0.37650636,-0.30650634,-0.21650635,-0.14650635,-0.056506347,0.013493652,0.093493655,0.16349365,0.22349365,0.29349366,0.36349365,0.42349365,0.48349366,0.5534937
-6.1365066,-6.266506,-6.3965063,-6.5065064,-6.6065063,-6.7065063,-6.8165064,-6.8965063,-6.9565063,-6.976506,-6.976506,-6.9465065,-6.8965063,-6.8165064,-6.7365065,-6.6465063,-6.5465064,-6.4665065,-6.3865066,-6.326506,-6.2765064,-6.2165065,-6.1565065,-6.056506,-5.9565063,-5.8565063,-5.7565064,-5.6665063,-5.5465064,-5.4065065,-5.2365065,-5.0665064,-4.8865066,-4.6965065,-4.4565063,-4.2065063,-3.9565063,-3.7065063,-3.4565063,-3.2365065,-3.0465064,-2.8965063,-2.7465065,-2.5965064,-2.4365063,-2.2665064,-2.0965064,-1.9065063,-1.7265064,-1.5365063,-1.3465064,-1.1765064,-1.0065063,-0.84650636,-0.7065064,-0.58650637,-0.46650636
-10.586506,-10.586506,-10.566506,-10.506506,-10.436506,-10.346506,-10.296506,-10.256506,-10.166507,-9.986506,-9.716506,-9.346506,-8.956507,-8.526506,-8.186506,-7.9265065,-7.8565063,-7.9365063,-8.086506,-8.236506,-8.336506,-8.396506,-8.426506,-8.456507,-8.476506,-8.436506,-8.296506,-8.096506,-7.8565063,-7.6565065,-7.4465065,-7.1765065,-6.8165064,-6.4465065,-6.1165066,-5.7565064,-5.3765063,-4.9465065,-4.516506,-4.1165066,-3.7765064,-3.5265064,-3.3065064,-3.0765064,-2.8865063,-2.6965063,-2.5165064,-2.3765063,-2.2465065,-2.1465063,-2.0365064,-1.9065063,-1.7765063,-1.6565063,-1.5265063,-1.3965063,-1.3365064
-11.416507,-11.496507,-11.496507,-11.406507,-11.226506,-10.976506,-10.706507,-10.4465065,-10.316506,-10.246507,-10.236506,-10.236506,-10.186506,-10.106506,-10.036507,-10.066506,-10.126507,-10.146506,-10.086506,-9.756506,-9.316506,-8.966506,-8.656507,-8.366507,-7.996506,-7.5665064,-7.1265063,-6.6165066,-6.1165066,-5.7165065,-5.476506,-5.2165065,-4.9365063,-4.6865063,-4.4565063,-4.226506,-3.9965065,-3.6765063,-3.2865064,-2.8965063,-2.6065063,-2.2665064,-1.9665064,-1.6965064,-1.4965063,-1.4265064,-1.2965064,-1.2565063,-1.2965064,-1.3865063,-1.4765064,-1.5465064,-1.6165063,-1.7165064,-1.8065064,-1.9165063,-2.0165064
-10.336506,-10.4465065,-10.526506,-10.606506,-10.676506,-10.716506,-10.826507,-10.906507,-10.926506,-10.906507,-10.866507,-10.816506,-10.706507,-10.486506,-10.146506,-9.726506,-9.256506,-8.766506,-8.396506,-8.216506,-8.136506,-8.066506,-7.976506,-7.6865063,-7.2165065,-6.7165065,-6.346506,-6.1665063,-6.1065063,-6.056506,-5.9165063,-5.6065063,-5.1865063,-4.6665063,-4.0065064,-3.2665064,-2.4865065,-1.8165064,-1.2365063,-0.7065064,-0.61650634,-0.72650635,-1.1565063,-2.0065064,-2.8565063,-3.4365063,-3.6265063,-3.6765063,-3.6265063,-3.5565064,-3.7765064,-4.1865063,-4.5865064,-4.8965063,-4.2165065,-3.1065063,-2.0165064
-9.296506,-9.516506,-9.766506,-10.056506,-10.256506,-10.386506,-10.536507,-10.716506,-10.796506,-10.896506,-10.906507,-10.866507,-10.766506,-10.666507,-10.526506,-10.366507,-10.176506,-9.986506,-9.706507,-9.266506,-8.736506,-8.236506,-7.8865066,-7.846506,-8.226506,-8.726506,-8.666507,-7.7065063,-6.9165063,-6.8165064,-6.5465064,-6.1065063,-5.6065063,-4.7965064,-3.9565063,-3.8765063,-4.326506,-4.6765065,-4.9465065,-5.286506,-5.286506,-4.846506,-4.9465065,-5.2065063,-6.0265064,-6.6065063,-6.8965063,-6.846506,-5.7165065,-4.6265063,-3.6265063,-2.9565063,-2.4365063,-1.6665063,-1.4765064,-0.5765064,-0.22650635
-7.9365063,-8.326507,-8.726506,-9.066506,-9.376507,-9.556506,-9.746507,-10.096506,-10.426506,-10.576507,-10.596506,-10.556506,-10.526506,-10.556506,-10.566506,-10.496507,-10.4465065,-10.336506,-10.256506,-10.236506,-10.046506,-9.836506,-9.606506,-9.426506,-9.336506,-9.136506,-8.686506,-8.156507,-7.5065064,-6.786506,-6.226506,-5.6465063,-4.6065063,-3.5965064,-3.1065063,-2.8465064,-3.4565063,-4.326506,-5.2165065,-5.6065063,-5.0465064,-4.8665066,-4.8165064,-4.7165065,-4.8965063,-4.826506,-4.326506,-3.6565063,-3.0065064,-1.7865063,-1.0965064,0.08349365,0.97349364,1.4534936,2.3134937,3.6334937,4.8134937
-4.2565064,-4.786506,-5.1965065,-5.596506,-6.056506,-6.6065063,-7.1965065,-7.786506,-8.306506,-8.686506,-9.006506,-9.206507,-9.306506,-9.326507,-9.416507,-9.576507,-9.626507,-9.776506,-10.066506,-10.246507,-10.276506,-10.216506,-10.126507,-9.866507,-9.556506,-9.546506,-9.4465065,-9.286507,-9.186506,-8.876507,-8.606506,-8.106506,-7.226506,-6.226506,-5.2565064,-4.6465063,-4.286506,-4.8165064,-4.7765064,-4.976506,-5.076506,-4.9065065,-5.246506,-5.3865066,-4.9065065,-4.4565063,-4.1465063,-3.7465065,-3.0465064,-2.4365063,-1.0465064,-0.32650635,0.43349364,1.5334936,1.9634937,2.2134936,2.4034936
1.4634937,0.91349363,0.33349365,-0.29650635,-1.0565064,-1.8065064,-2.4065063,-2.8865063,-3.4865065,-4.1465063,-4.8665066,-5.6165066,-6.306506,-6.9565063,-7.4365063,-7.8965063,-8.286507,-8.626507,-8.916507,-9.116507,-9.416507,-9.666507,-9.976506,-9.986506,-9.826507,-9.556506,-8.866507,-8.206507,-7.976506,-8.296506,-8.796506,-8.886506,-9.326507,-9.976506,-10.166507,-9.656507,-8.406507,-7.746506,-8.106506,-7.8565063,-6.1265063,-5.3165064,-4.826506,-3.7765064,-3.0565064,-2.8765063,-2.8465064,-2.4265063,-1.6965064,-1.4765064,-1.2365063,-0.43650636,0.013493652,0.66349363,0.46349365,1.1234937,0.8034937
4.7634935,4.923494,5.1234937,5.0934935,4.8434935,4.3834934,3.8734937,3.2734938,2.3834937,1.3034936,0.24349365,-0.64650637,-1.5365063,-2.4965065,-3.5065064,-4.4065065,-5.1765065,-5.7565064,-6.1065063,-6.4565063,-6.9165063,-7.3865066,-7.8765063,-8.256506,-8.576507,-8.906507,-8.966506,-8.516506,-7.9065065,-7.346506,-6.9565063,-6.9065065,-7.3165064,-7.3565063,-7.3765063,-7.8365064,-8.146506,-7.6165066,-7.346506,-6.6165066,-5.8965063,-5.576506,-5.036506,-4.5065064,-4.5465064,-3.1365063,-1.9365064,-1.4065063,-1.4765064,-1.5765064,-2.2165062,-2.5765064,-2.3965063,-1.8965063,-1.8765063,-2.2865064,-2.0365064
8.913494,8.563494,7.8734937,7.0534935,6.4134936,6.0634937,5.983494,6.023494,6.2434936,6.3134937,6.233494,6.173494,6.023494,5.5434937,4.6234937,3.2934937,2.2034936,1.2834936,0.15349366,-0.96650636,-1.9365064,-2.7765064,-3.4465063,-4.0665064,-4.9365063,-5.5265064,-6.4165063,-7.2065063,-7.6065063,-7.1365066,-6.1765065,-5.6265063,-5.0665064,-4.576506,-4.2165065,-3.9765062,-3.6965063,-3.4265063,-3.6465063,-3.6265063,-3.6365063,-3.8565063,-3.4965065,-3.0265064,-2.7865064,-2.3965063,-2.6265063,-2.0465064,-1.2365063,-1.0465064,-1.3465064,-1.3465064,-2.1165063,-1.4965063,-3.1765063,-5.1265063,-4.1765065
10.673493,10.653494,10.623493,10.743494,10.653494,10.433494,10.163494,10.033494,9.523494,8.923493,8.513494,8.383493,8.373493,8.963493,8.423493,8.123493,7.5434937,7.0834937,6.5734935,5.8834934,4.8534937,3.2934937,2.3434937,1.1434937,0.093493655,-1.0665064,-2.2665064,-3.1365063,-4.1565065,-4.7965064,-5.6065063,-5.5065064,-4.476506,-3.2165062,-2.5765064,-2.3365064,-2.3365064,-2.8365064,-2.6065063,-1.6265063,-1.5265063,-2.2365065,-2.1965063,-2.2465065,-1.8765063,-1.4065063,-1.2965064,-0.8765063,-0.92650634,-1.1865064,-1.5065063,-1.7865063,-1.8265064,-2.2065063,-3.9765062,-5.8765063,-4.8565063
11.973494,11.953494,11.973494,11.973494,12.143494,12.353494,12.483494,12.413494,12.393494,12.453494,12.363494,11.773494,10.883493,10.0534935,9.543493,8.543493,7.8634934,8.623493,8.333493,7.8034935,6.9934936,5.7634935,6.3234935,5.0134935,4.463494,3.0434937,1.6534936,0.47349367,-0.79650635,-1.8765063,-2.7665064,-3.3565063,-4.2365065,-4.0065064,-3.1865063,-2.5165064,-2.5565064,-2.8565063,-2.6665063,-2.5765064,-2.1465063,-1.7265064,-1.8565063,-1.7165064,-1.4365064,-1.2665063,-1.0065063,-0.71650636,-0.71650636,-1.1765064,-2.1765063,-2.8465064,-3.1565063,-3.7165062,-4.7765064,-6.3865066,-6.3765063
13.043493,12.623493,12.613494,12.533494,12.263494,12.103494,12.013494,12.0534935,12.313494,12.573494,12.393494,12.373493,12.163494,12.213493,10.323494,9.043493,8.5534935,8.733494,8.133493,7.8534937,7.3734937,7.0534935,7.3534937,7.403494,6.3434935,5.3534937,4.4534936,3.4134936,2.0734937,0.8734937,-0.33650634,-1.3665063,-2.1165063,-2.8565063,-2.4165063,-2.6265063,-2.7665064,-2.5165064,-3.0465064,-1.8865063,-1.2465063,-0.48650634,-0.5065063,-0.8765063,-0.65650636,-0.90650636,-1.1365063,-1.7165064,-2.2365065,-2.1965063,-2.7865064,-3.1065063,-3.5165064,-3.5265064,-3.2665064,-3.4965065,-1.8065064
12.843493,12.733494,12.783494,12.673493,12.413494,12.283494,12.423493,12.353494,11.773494,11.223494,11.313494,11.393494,11.513494,10.873493,10.613494,11.353494,11.073494,8.883493,8.823494,8.443494,7.7634935,7.673494,7.693494,7.8034935,7.3834934,6.3534937,6.4334936,5.5534935,4.153494,3.2834938,2.1734936,0.9934937,-0.13650635,-1.1965064,-1.6565063,-1.6765064,-1.4665064,-1.2965064,-1.4465064,-1.5065063,-1.0765064,-0.79650635,-0.74650633,-1.2465063,-1.7865063,-1.6965064,-1.6365063,-1.7665063,-2.4065063,-3.0765064,-3.8365064,-3.7765064,-3.5365064,-2.8765063,-2.6865063,-1.7365063,-1.3565063
10.683494,10.953494,11.753493,12.023494,11.863494,11.703494,11.383493,10.963493,11.043493,10.833493,10.8034935,10.003493,10.753493,11.143494,10.583493,10.853494,10.963493,10.433494,10.223494,9.563494,8.623493,7.8234935,7.0534935,8.583493,7.7034936,7.7934937,7.3434935,6.3334937,5.3334937,4.8934937,4.253494,3.3434937,1.9934937,0.96349365,0.25349367,0.053493652,-0.21650635,-0.6365063,-1.5965064,-0.65650636,-1.0365063,-0.53650635,-0.48650634,-0.8165063,-1.1365063,-1.4165063,-1.5365063,-1.9565064,-3.5465064,-4.266506,-4.7965064,-4.6265063,-4.3665066,-4.4865065,-5.7065063,-5.0265064,-3.0365064
9.013494,8.653494,9.293493,9.783494,10.543493,10.893494,10.653494,10.283494,9.973494,9.8034935,10.273494,9.913494,9.763494,9.283494,9.173493,9.393494,9.683494,9.183494,9.253493,9.013494,9.453494,8.533494,7.7234936,7.713494,6.903494,6.403494,6.0734935,5.8734937,6.0134935,6.403494,5.4334936,5.0434937,4.003494,2.7334936,1.6834936,1.1534936,0.96349365,0.30349365,-1.0265063,-1.2565063,-1.3465064,-1.3365064,-0.37650636,-0.85650635,-1.7065064,-2.2065063,-2.7565064,-2.9365063,-3.6865063,-4.4065065,-5.096506,-4.8965063,-4.5265064,-4.8565063,-6.016506,-6.7365065,-7.1965065
9.3034935,9.173493,8.403494,7.923494,8.243494,8.773494,9.663494,10.093493,10.233494,9.943494,9.563494,9.413494,9.263494,9.133493,9.513494,9.403494,9.263494,9.003493,8.963493,8.993494,8.883493,8.633493,8.243494,7.8434935,6.6834936,7.1134934,7.0534935,6.983494,7.5934935,7.3234935,6.233494,5.6134934,4.8034935,4.0834937,2.4534936,1.1234937,0.45349365,0.063493654,-0.16650635,-1.1165063,-1.3365064,-1.0365063,-2.5165064,-2.3565063,-3.0865064,-4.0265064,-4.9565063,-4.6865063,-4.4165063,-4.286506,-4.7365065,-5.3865066,-5.1165066,-5.5665064,-4.7965064,-6.0665064,-7.3665066
7.1234937,7.5834937,8.103494,8.323494,7.943494,7.5534935,7.523494,8.313494,9.323494,10.243494,9.783494,8.723494,9.163494,8.903494,9.443494,9.593493,9.763494,9.313494,8.913494,8.683494,8.313494,8.353494,7.8534937,7.483494,7.0934935,7.653494,6.983494,6.673494,6.3134937,6.2434936,6.0634937,5.6634936,5.4534936,4.403494,3.1534936,2.4034936,1.2034936,0.8634937,-0.15650634,-1.6865064,-2.1465063,-3.6665063,-3.8965063,-6.6865063,-7.2765064,-6.3165064,-6.4865065,-7.0265064,-6.826506,-6.2365065,-6.3565063,-5.976506,-5.9565063,-6.1565065,-5.286506,-4.726506,-5.1365066
5.9134936,7.003494,7.3834934,7.673494,8.243494,8.953494,8.333493,7.1634936,6.6634936,7.003494,7.7434936,8.533494,9.213493,10.713493,10.673493,9.943494,9.063494,8.953494,8.673493,8.613494,8.423493,8.483494,9.013494,8.443494,8.533494,8.153494,7.5834937,6.483494,6.3434935,5.9534936,5.3634934,4.8734937,5.0434937,3.7934937,3.1134937,2.4934936,0.60349363,0.24349365,-0.79650635,-1.8965063,-3.2365065,-5.6365066,-7.1665063,-10.406507,-13.406507,-14.426506,-15.136506,-12.9465065,-10.706507,-9.706507,-10.006506,-8.986506,-7.5665064,-6.076506,-5.2065063,-4.3865066,-2.7465065
7.7934937,7.193494,7.963494,9.393494,8.943494,9.103494,9.113494,9.543493,9.613494,8.783494,8.023494,7.5934935,7.8034935,8.043493,9.633493,9.623493,9.733494,9.093493,8.333493,8.043493,7.8534937,7.6434937,7.733494,7.903494,8.253493,8.513494,8.8034935,8.613494,7.9334936,7.3134937,6.5634937,5.443494,5.4934936,4.4134936,3.1334937,2.2434936,0.31349364,-0.54650635,-1.3365064,-2.5565064,-5.0465064,-6.8365064,-7.4165063,-9.546506,-11.366507,-11.256506,-12.296506,-13.866507,-11.916507,-10.636506,-10.716506,-10.666507,-10.876507,-10.376507,-7.9065065,-5.6065063,-2.6265063
11.163494,10.653494,9.593493,7.8434935,10.533494,10.083493,9.763494,9.513494,9.433494,9.563494,9.763494,9.773494,9.143494,8.603494,8.663494,8.383493,8.743494,9.113494,8.613494,9.043493,8.483494,8.113494,8.093493,8.223494,8.523494,8.753493,8.723494,9.083493,8.703494,8.103494,7.1834936,6.233494,6.3434935,5.3634934,3.5334938,1.9134936,-0.40650636,-0.46650636,-0.27650633,-1.6865064,-4.0065064,-4.7065063,-4.8765063,-6.1565065,-8.746507,-9.4465065,-8.646506,-9.236506,-10.536507,-10.316506,-10.406507,-9.826507,-9.456507,-10.356506,-9.876507,-8.356506,-7.9365063
9.433494,9.033494,8.603494,9.123493,8.663494,8.023494,7.8934937,7.8934937,8.243494,8.133493,8.583493,8.703494,9.233494,9.213493,9.413494,9.423493,8.653494,7.673494,8.093493,8.733494,9.083493,8.973494,8.713493,8.643494,8.163494,8.223494,7.903494,8.073494,8.833493,8.113494,7.6334934,6.673494,6.4734936,5.673494,3.6234937,1.9334936,0.25349367,0.27349365,-0.04650635,-0.72650635,-0.85650635,-3.1865063,-3.3265064,-3.6565063,-3.4065063,-3.6365063,-4.1465063,-4.5065064,-4.8865066,-6.6265063,-8.996507,-9.896506,-9.706507,-9.576507,-8.936506,-7.6665063,-8.006506
