views/data/weather/2019/09/29/0000-wind-surface-level-gfs-1.0.json
{"header": { "discipline":0, "disciplineName":"Meteorological products", "gribEdition":2, "gribLength":78301, "center":7, "centerName":"US National Weather Service - NCEP(WMC)", "subcenter":0, "refTime":"2019-09-29T00:00:00.000Z", "significanceOfRT":1, "significanceOfRTName":"Start of forecast", "productStatus":0, "productStatusName":"Operational products", "productType":1, "productTypeName":"Forecast products", "productDefinitionTemplate":0, "productDefinitionTemplateName":"Analysis/forecast at horizontal level/layer at a point in time", "parameterCategory":2, "parameterCategoryName":"Momentum", "parameterNumber":3, "parameterNumberName":"V-component_of_wind", "parameterUnit":"m.s-1", "genProcessType":2, "genProcessTypeName":"Forecast", "forecastTime":0, "surface1Type":103, "surface1TypeName":"Specified height level above ground", "surface1Value":10.0, "surface2Type":255, "surface2TypeName":"Missing", "surface2Value":0.0, "gridDefinitionTemplate":0, "gridDefinitionTemplateName":"Latitude_Longitude", "numberPoints":65160, "shape":6, "shapeName":"Earth spherical with radius of 6,371,229.0 m", "gridUnits":"degrees", "resolution":48, "winds":"true", "scanMode":0, "nx":360, "ny":181, "basicAngle":0, "lo1":0.0, "la1":90.0, "lo2":359.0, "la2":-90.0, "dx":1.0, "dy":1.0 }, "data":
[rows 52 to 77 of 181, columns 0 to 57 of 360]
0.40900636,1.0890063,0.95900637,1.2090063,1.6890063,1.6890063,1.0790063,-0.52099365,-2.7009935,-2.5909936,0.54900634,1.1190064,-0.57099366,0.12900634,0.15900634,-0.37099364,-2.0209937,1.1590064,1.4890064,-1.1809937,0.22900635,-0.5609937,-0.05099365,0.53900635,-1.7509936,-4.8309937,-4.5809937,-1.6509937,-0.88099366,-2.5009937,-0.7309936,-0.88099366,-0.78099364,-1.4509937,0.71900636,-0.12099365,-4.440994,-2.3809936,-3.2409937,-3.3909936,-1.3009937,1.3690064,-0.12099365,0.109006345,0.61900634,-2.0409937,-2.8509936,-0.84099364,-3.6509936,-4.5409937,-6.2509937,-8.210994,-8.730993,-9.410994,-3.4409935,3.3690064,2.3390064,0.59900635
-1.6509937,-1.2909937,-0.58099365,-1.2209936,-0.18099365,0.27900636,0.95900637,1.7290063,1.4990064,0.8290064,-0.84099364,1.9990064,0.34900635,-1.6509937,-1.7709937,-1.1409936,-0.39099365,1.9390063,-0.53099364,-3.3209937,-2.8309937,-1.0809937,-1.8009937,-1.2209936,-2.5509937,-3.7909937,-9.000994,-6.670994,-1.9809936,-2.5009937,-1.3309937,-2.4309936,-0.89099365,-1.8509936,-2.8509936,-2.0309937,-1.1409936,-2.1609936,-3.3509936,-3.6909935,-3.6109936,-4.3909936,-1.0609937,-0.89099365,-1.1009936,0.069006346,-0.52099365,1.3990064,-1.4909936,-2.5309937,-1.7709937,-4.1809936,-5.960994,-3.5709937,-1.9309937,-0.71099365,-4.8709936,-1.5009936
-2.3509936,-0.27099365,0.24900635,0.0090063475,0.42900634,0.52900636,-0.22099365,-0.53099364,-0.9309937,-0.47099364,1.9290063,2.8690064,1.8790064,0.13900635,-1.1409936,-1.6209936,0.12900634,-0.20099366,-2.0109937,-4.0109935,-3.9209936,-2.1209936,-1.9309937,-2.5409937,-2.0709937,-4.1809936,-6.8509936,-7.9809937,-2.3509936,-3.0609937,-0.48099366,-1.4109937,-2.1709936,-2.9909937,-5.2809935,3.0690064,0.54900634,-0.7409937,-0.77099365,1.4790063,-0.53099364,-3.4209936,-2.2109938,-3.3709936,0.28900635,2.0090063,1.6490064,1.1090064,-0.100993656,-0.97099364,-4.7309937,-0.5609937,-0.8109937,-1.9109937,-1.9409937,-1.3809936,-4.6809936,-2.1809936
0.21900634,0.29900634,0.27900636,1.0790063,2.1990063,1.2990063,0.46900636,-1.1509937,-0.78099364,1.5590063,3.6890063,3.5290062,2.4990063,0.99900633,-0.33099365,-1.0909936,-0.7409937,-1.0309937,-2.5309937,-3.8609936,-3.9409935,-3.7909937,-5.2209935,-7.0809937,0.85900635,-2.9809937,-5.3909936,-8.400993,-5.1409936,-3.6409936,-1.8909936,-1.0709937,-2.5809937,-1.1409936,-2.5809937,0.28900635,-0.7409937,0.66900635,-0.8609936,-3.9709938,-2.7809937,-3.7809937,-3.1809936,-4.1609936,-1.1109936,1.1190064,2.6090064,1.4890064,2.6590064,0.65900636,-0.71099365,-2.6309936,-1.5409937,0.73900634,0.15900634,-0.50099367,-5.6809936,-0.45099366
0.7590063,2.8490064,0.65900636,-1.8509936,0.38900635,2.6590064,1.7390064,1.8290063,2.0690064,-0.64099365,3.3890064,3.7690063,1.5790063,-0.18099365,-0.75099367,-1.7509936,-1.8909936,-2.8209937,-3.7109938,-4.0309935,-4.2609935,-3.9009936,-4.670994,-2.9509935,0.16900635,-1.8309937,-3.6309936,-6.3009934,-7.6009936,-4.960994,-3.9709938,-3.4009936,-3.7709937,-2.4009936,-1.6009936,-0.76099366,-0.27099365,-2.1809936,-1.1009936,0.17900635,-1.1909937,-1.9009937,-3.6309936,-3.9309936,-3.5409937,3.9590063,1.5390064,1.1490064,0.7690064,1.7590064,3.1790063,1.6290064,0.11900635,-0.79099363,1.1990063,-1.2009937,-1.3709936,-0.27099365
-0.50099367,-0.6109936,1.9090064,3.6290064,2.6490064,2.9990063,3.4090064,2.4690063,1.4690063,3.7390063,1.9990064,1.1790063,0.18900634,-0.69099367,-1.9209937,-2.5809937,-2.6909935,-3.0809937,-3.9209936,-4.2309937,-3.7709937,-2.4409935,-0.52099365,-2.7309937,-1.6009936,-2.2109938,-3.6509936,-5.110994,-6.8709936,-6.920994,-4.4309936,-5.3309937,-3.7909937,-2.3009937,-1.9009937,-1.6609937,0.16900635,1.3090063,-4.0209937,-1.5309937,-3.6309936,-4.1009936,-5.3509936,-5.1609936,-0.89099365,0.40900636,0.5090063,-1.6809937,-1.2609936,-0.54099363,-0.24099365,-0.05099365,-0.35099366,-1.9009937,-0.90099365,-1.3209937,0.23900634,0.91900635
0.05900635,1.0490063,2.3990064,3.2190063,3.8690064,3.7390063,3.1590064,1.9490063,0.079006344,0.73900634,-0.31099364,-0.6209937,-1.0109936,-0.13099365,-2.7209938,-2.0309937,-0.34099364,-2.2509937,-3.4509935,-3.6309936,-3.2709937,-3.3109937,-1.1109936,-2.5009937,-0.95099366,-1.0509937,-2.4309936,-3.6709936,-6.710994,-7.0109935,-6.090994,-4.9709935,-2.9809937,-2.2109938,-2.2209938,0.6890063,-0.63099366,-0.45099366,-4.2409935,-2.0409937,-2.7209938,-3.7209938,-3.4409935,-4.2709937,0.109006345,1.6090064,3.3890064,-1.0609937,-2.8009937,-0.32099366,-1.4209937,0.71900636,0.09900635,-2.7909937,0.74900633,0.0090063475,1.0790063,-2.0809937
2.1490064,2.8490064,1.8590064,2.6790063,2.6390064,2.6090064,1.8690064,0.109006345,-0.47099364,-0.35099366,-0.85099363,-0.43099365,-0.5509937,-1.4809936,-1.9609936,-2.8509936,-0.42099366,-0.010993652,-2.7209938,-2.5209937,-2.3309937,-2.4209936,-1.6809937,-2.2909937,-1.3109937,-0.91099364,-2.0309937,-2.7809937,-3.5209937,-5.4509935,-2.0509937,-0.44099367,-0.95099366,-1.7609936,0.38900635,-1.3509936,-1.9209937,-2.4309936,-3.1709936,-3.4809937,-2.0209937,-5.0009937,-3.6409936,-0.28099364,4.2390065,6.6890063,2.7090063,1.5990063,-2.0709937,-1.9509937,-0.15099365,-0.60099363,-0.83099365,1.2390064,-0.100993656,-0.9809936,-1.0409937,-0.28099364
-0.12099365,1.0890063,1.7490064,1.4690063,1.1090064,0.83900636,-0.8109937,-1.2709937,-1.4809936,-1.2409936,-0.95099366,-1.8309937,-1.8209937,-3.1409936,-2.6909935,-2.0409937,-0.19099365,-0.94099367,-1.7909937,-2.6009936,-3.6309936,-2.2709937,-1.6509937,-1.8609936,-0.96099365,-1.7609936,-2.1709936,-3.0509937,-2.1409936,-2.3409936,-2.2109938,-3.3009937,-2.4109936,-1.2509936,-0.59099364,-0.90099365,-1.0409937,-2.4309936,-2.8609936,-2.0509937,-3.8909936,-0.12099365,3.1590064,5.039006,4.9790063,3.6590064,1.9290063,-0.21099365,-1.6909937,-3.0009937,-0.70099366,-0.75099367,-0.030993652,-0.8109937,-3.3509936,-0.24099365,0.0090063475,2.6290064
-0.85099363,0.6890063,0.41900635,0.6990063,0.72900635,-0.35099366,-1.7509936,-2.5609937,-2.0709937,-2.7709937,-2.3009937,-2.1909935,-1.8709936,-2.7809937,-2.5309937,-1.6009936,1.3390063,-2.7009935,-3.4609938,-2.8209937,-2.7809937,-3.4209936,0.019006347,-1.4309937,-1.5709937,-0.08099365,-1.0109936,-2.6209936,-2.0909936,-3.7209938,-3.8209937,-4.380994,-2.3809936,-9.380994,-1.3509936,-2.5909936,-3.6609936,-0.6709936,-2.3709936,-4.340994,-1.4109937,1.1690063,7.599006,5.3590064,3.7990065,3.6190064,3.0790064,3.6990063,0.42900634,-3.3409936,-4.2409935,-2.5409937,-0.88099366,-2.4509935,-2.1409936,-1.1909937,1.0290064,-0.8109937
-2.2109938,-2.3009937,0.39900634,-1.5609937,-1.4909936,-1.2709937,-2.3609936,-2.7409937,-3.2009935,-3.4709938,-4.630994,-4.2909937,-3.9609938,-2.4209936,-3.7809937,-2.3409936,-3.3709936,-2.5409937,-2.1409936,-4.1409936,-4.5209937,-4.4509935,-0.33099365,-0.8109937,-1.0709937,-1.5509937,-2.6209936,-3.3809936,-3.4009936,-3.6309936,-5.380994,-5.920994,-1.5909936,-2.1109936,-2.1909935,-5.9109936,-2.6009936,-1.2309936,-2.9809937,0.48900634,-1.4009937,4.8590064,4.9390063,4.9190063,3.5690064,3.3390064,2.7090063,1.0390064,-0.26099366,-2.3509936,-3.4009936,-3.3409936,-0.8009937,-0.48099366,0.0090063475,-0.5609937,-1.0909936,0.19900635
-3.5009937,-3.2809937,-1.7209936,-2.2409937,-2.0909936,-1.5809937,-2.0209937,-2.1509936,-2.8509936,-4.5409937,-2.2209938,-2.4609938,-0.59099364,-1.7809937,-2.0009937,-3.0109937,-2.4009936,-1.3009937,-3.1409936,-4.380994,-5.1809936,-3.6109936,-0.38099366,-1.2509936,-0.9309937,-0.96099365,-1.7809937,-2.7709937,-4.1209936,-4.2309937,-4.6809936,-4.5409937,-3.4509935,-1.8809936,-7.4309936,-6.1409936,-1.6209936,-0.36099365,-0.38099366,-0.88099366,-0.6809937,2.5490065,2.8690064,4.1890063,4.829006,4.4490066,2.7090063,2.3490064,0.5690063,0.30900633,0.15900634,-0.77099365,-1.6809937,-1.3409936,0.70900637,0.22900635,1.1490064,2.1490064
-2.9309936,-0.5509937,-0.31099364,-2.1209936,-1.7609936,-1.5809937,-3.8709936,-1.8809936,-0.6809937,-1.2709937,-2.7109938,-2.7409937,-2.0709937,-0.88099366,-2.2709937,-2.6809936,-0.070993654,-3.2409937,-3.3509936,-3.4609938,-3.3609936,-3.2109938,-2.1209936,-2.4609938,-2.1909935,-1.2109936,-2.1909935,-3.5409937,-4.920994,-1.9809936,-3.3209937,-3.7009935,-2.3609936,-2.2209938,0.05900635,-7.3309937,-4.4109936,-1.3409936,-0.88099366,-1.8209937,1.2890064,-0.24099365,1.2490064,3.4490063,4.3590064,3.2990065,3.0890064,1.5890063,1.2290063,0.35900635,-0.25099364,-0.6209937,-1.4809936,-1.7609936,-1.3309937,1.5790063,2.9790063,-3.8409936
-2.9609938,-2.0809937,-0.60099363,-0.85099363,-3.9209936,-4.420994,-4.3309937,-3.1209936,-7.1809936,-8.760994,-5.130994,-3.7909937,-3.6609936,-2.5409937,-1.3409936,-0.91099364,-1.5709937,-2.3709936,-2.8809936,-2.9909937,-2.8509936,-1.9209937,-3.0409937,-2.2109938,-2.6709936,-1.1609937,-1.5909936,-3.3709936,-3.7209938,-3.0309937,-3.2409937,-4.7409935,-4.460994,-2.2909937,-1.9009937,-6.090994,-4.880994,-5.6609936,-0.88099366,-1.4109937,-2.0209937,0.6890063,-0.82099366,1.1090064,2.7190063,2.1290064,1.4690063,0.47900635,0.78900635,-9.936524E-4,-0.13099365,0.19900635,-1.4809936,-0.29099366,0.52900636,1.3790064,-0.26099366,-0.37099364
-0.16099365,-3.2009935,-3.7709937,-3.0609937,-2.8109937,-3.0009937,0.79900634,-3.3509936,-2.6009936,-3.6809936,-9.220994,-2.6609936,-2.7309937,-0.83099365,0.92900634,0.97900635,-0.31099364,-1.0209937,-2.3509936,-1.1609937,-1.4509937,-2.3109937,-3.2209938,-4.1609936,-1.4609936,-2.3009937,-1.7709937,-4.3309937,-4.2809935,-4.0509934,-4.4509935,-3.7909937,-5.6609936,-4.590994,-3.3909936,-0.63099366,-7.5109935,-8.370994,-3.1909935,-1.0609937,-0.65099365,1.3990064,1.0790063,-0.35099366,0.09900635,0.15900634,-0.37099364,-1.4809936,-1.2009937,-0.89099365,-0.49099365,-0.88099366,0.60900635,1.7290063,0.9490063,-0.25099364,4.039006,1.6790063
-1.3809936,-0.94099367,-1.6309936,-4.150994,-4.8909936,-6.0009937,-6.8709936,-6.690994,-5.7409935,-4.920994,-5.2809935,-3.8309937,-1.9409937,-0.49099365,-0.83099365,1.1490064,1.2590064,1.2090063,-1.7609936,0.09900635,-3.1309936,-3.2209938,-5.7809935,-4.2409935,-2.8509936,-0.8609936,-1.8709936,-2.5309937,-3.9309936,-4.7709937,-4.4109936,-4.3209934,-5.4309936,-5.6409936,-4.690994,-0.30099365,-4.880994,-5.130994,-1.9309937,0.55900633,-0.75099367,-3.1309936,-0.36099365,3.0690064,-0.58099365,0.43900636,-1.4809936,-2.3309937,-1.3409936,-0.05099365,-0.12099365,0.26900634,-0.35099366,0.47900635,-0.25099364,0.03900635,2.8190064,0.7590063
-2.1309936,-2.0909936,-0.91099364,-2.4309936,-2.1609936,-2.1509936,-3.7809937,-5.8509936,-5.920994,-7.5009937,-4.0509934,-3.6509936,-3.0409937,0.0090063475,-1.9309937,-1.3409936,-0.5609937,-0.9809936,-1.4109937,-0.84099364,-4.4809937,-6.1409936,-6.6409936,-4.8009934,-4.650994,1.2090063,-2.8709936,-4.7909937,-4.190994,-3.9509935,-4.5209937,-6.3309937,-2.9309936,-4.8109937,-2.7009935,-3.0409937,-3.0409937,-6.4709935,-4.6009936,-1.0109936,-1.4109937,1.9690063,1.4590063,1.4890064,-0.49099365,0.13900635,-0.29099366,-0.9909937,-0.50099367,-0.8609936,-0.09099365,-1.9109937,0.65900636,3.0390062,1.8690064,3.2690063,3.6290064,2.3590064
-1.7509936,-0.53099364,-0.46099365,0.95900637,0.6290063,0.46900636,0.97900635,1.9690063,2.3890064,1.1990063,-1.7409936,0.90900636,-0.95099366,-2.3809936,-2.8309937,-3.6209936,-5.3009934,-3.1109936,0.20900635,-3.0109937,-6.1009936,-7.860994,-5.670994,-2.4409935,-3.0409937,-1.2609936,-4.6209936,-5.5809937,-4.9509935,-4.7709937,-6.400994,-3.5709937,-4.2209935,-6.5509934,-4.630994,-1.9809936,-2.0909936,-0.95099366,-6.0409937,-3.0409937,-0.08099365,0.069006346,0.44900635,0.41900635,-0.45099366,-1.2609936,-1.6909937,0.43900636,0.60900635,0.98900634,2.4690063,1.4890064,1.6190064,2.9090064,4.409006,5.3790064,4.8990064,3.9090064
0.8190063,1.3290063,-1.4009937,-1.9509937,-1.7209936,-1.6609937,-0.9309937,-0.09099365,-0.51099366,-0.50099367,-0.060993653,0.47900635,0.99900633,-0.12099365,-2.4909937,-5.6609936,-4.0809937,0.67900634,-1.2509936,-5.2909937,-6.340994,-6.4709935,-3.2909937,-3.2709937,-1.2809937,-1.7809937,-2.4709938,-3.0309937,-5.8909936,-5.630994,-6.880994,-4.0509934,-5.900994,-7.0809937,-2.3309937,-4.0009937,-1.1309936,1.1490064,-3.2309937,-1.6009936,1.2190063,0.20900635,2.0490065,2.2490063,3.1890063,1.8790064,0.6390064,-0.100993656,0.71900636,1.0490063,1.4290063,3.2890062,2.9390063,3.0190063,4.9990063,4.289006,5.0890064,4.9190063
1.7190063,0.98900634,-1.2709937,-0.19099365,-0.9309937,-0.59099364,0.86900634,-0.75099367,-1.3209937,-0.89099365,-1.6109936,0.7690064,-0.95099366,-1.1709937,-4.210994,-4.2909937,-0.34099364,-0.63099366,-3.1109936,-9.660994,-7.5609937,-6.130994,-4.7209935,-2.1209936,-1.8309937,-2.8809936,-3.0709937,-4.2909937,-4.0209937,-2.5909936,-4.8709936,-5.5009937,-4.880994,-5.2509937,-4.5209937,-0.6809937,0.45900634,-0.63099366,-1.7509936,1.9290063,1.9490063,-0.040993653,0.46900636,2.7690063,1.6790063,-0.79099363,-2.6609936,0.09900635,1.3090063,3.4490063,3.9790063,3.1090064,4.4790063,4.5490065,4.1690063,3.7790062,4.5190063,4.5090065
-0.020993652,0.70900637,0.6890063,0.08900635,0.8890064,-1.1709937,-2.4109936,1.3990064,-0.72099364,-0.69099367,-1.4609936,-0.89099365,-0.83099365,-2.4109936,-2.3309937,-2.8209937,-3.5509937,-3.8409936,-5.6209936,-4.920994,-3.9409935,-3.2009935,-1.6509937,-0.21099365,-2.4809937,-2.4109936,-2.1809936,-2.7509937,-3.7609937,-4.0409937,-3.4709938,-5.7509937,-1.7409936,-3.8009937,1.4390063,1.1990063,-1.6509937,-2.0009937,-1.2109936,-2.2209938,0.6290063,-0.5609937,0.98900634,-1.6609937,-4.3709936,-2.3909936,-1.6509937,-1.4609936,1.0990063,3.3790064,5.0890064,4.809006,5.6690063,4.2290063,4.4590063,1.1290064,5.869006,6.2990065
0.25900635,-0.71099365,-0.27099365,0.70900637,1.1590064,0.77900636,0.5190064,1.6790063,0.33900633,-3.0709937,-1.4009937,-0.97099364,-0.38099366,-2.8009937,-3.0309937,-3.7609937,-3.5609937,-1.6409936,-2.3509936,-3.3009937,-3.9309936,-3.1209936,-3.5409937,-4.130994,-4.960994,-1.2009937,-2.6709936,-3.3309937,-3.5109937,-3.8709936,-1.8009937,-2.7309937,2.5190063,2.3490064,1.4390063,1.8690064,0.109006345,-1.3309937,-0.100993656,-1.4509937,-1.4109937,3.1690063,2.7790062,0.9390063,-2.4109936,-2.2509937,-1.5109936,0.28900635,-0.32099366,3.7290063,4.8190064,4.1890063,5.9290066,4.599006,2.0590065,2.9890063,5.0290065,5.389006
5.369006,4.6490064,1.1390064,2.3790064,0.79900634,1.1590064,0.83900636,-0.47099364,-0.17099366,-1.1909937,-2.0709937,-0.010993652,-1.4509937,-2.9009936,-4.2509937,-1.6409936,-0.88099366,-3.9909937,-0.12099365,0.48900634,2.0790064,0.86900634,-2.4409935,-5.0009937,-2.2309937,2.2590063,1.0990063,1.9890064,2.0690064,2.2990065,1.5790063,2.7490063,1.5190064,2.4090064,1.4390063,2.8390064,3.2490063,0.71900636,-0.47099364,-0.18099365,0.32900634,1.6090064,2.0890064,-0.6209937,0.53900635,-1.6809937,0.83900636,2.5490065,0.86900634,0.22900635,-0.77099365,1.0690063,1.3090063,3.3290064,2.9390063,2.6590064,3.1590064,5.0090065
3.1690063,2.1490064,2.0790064,2.4690063,2.2590063,2.1390064,1.5990063,-1.3709936,-1.5809937,-2.7409937,-2.1309936,-2.5609937,-2.9009936,-3.8009937,-3.6009936,-1.8209937,-0.9909937,3.2090063,0.42900634,-1.3409936,2.0590065,2.5290062,0.98900634,4.0090065,2.8690064,2.5090063,1.6890063,0.049006347,0.58900636,0.34900635,2.9990063,3.7690063,2.3090065,2.2390063,2.1090064,1.9890064,4.1990066,1.4390063,1.3990064,-2.6109936,-0.36099365,1.7790064,0.7690064,-1.2109936,0.29900634,-1.9309937,0.78900635,0.96900636,3.4690063,2.0790064,-0.100993656,0.6290063,4.4690065,5.7690063,2.2590063,4.1090064,5.2090063,5.289006
5.7590065,3.8890064,3.4690063,4.1090064,3.9290063,3.4590063,0.96900636,0.38900635,-0.8609936,-2.8609936,-1.5009936,-2.7509937,-2.6709936,0.48900634,0.03900635,-0.42099366,2.3690064,3.8190064,5.3790064,3.8390064,2.7490063,1.0390064,-0.45099366,-0.010993652,0.91900635,2.2790062,2.7390063,2.0390062,4.3990064,3.2290063,2.9890063,2.8390064,4.0090065,2.6290064,3.7190063,2.1890063,1.9590063,0.069006346,0.80900633,-1.2609936,-2.8109937,-0.89099365,-1.5409937,-0.57099366,0.08900635,-0.16099365,0.44900635,1.1790063,0.5690063,-1.6009936,1.2990063,5.639006,8.209006,8.789006,2.3590064,7.889006,7.039006,6.079006
2.3690064,4.7190065,4.5090065,4.0690064,6.3190064,3.8890064,1.9190063,1.7690064,0.72900635,0.7590063,0.66900635,0.16900635,1.5590063,1.4990064,-1.0509937,-0.6709936,0.30900633,4.6290064,3.6790063,3.9690063,3.1090064,2.0190063,1.1290064,1.2290063,1.3890064,1.4390063,3.7490063,3.6190064,4.0890064,3.0390062,2.7790062,2.4990063,3.7390063,3.4790063,2.5490065,2.7490063,0.65900636,1.3990064,-2.0209937,0.8890064,-0.51099366,-1.4209937,-3.2909937,3.3190064,1.3790064,0.85900635,3.0190063,1.0090064,-0.32099366,-1.4209937,-0.5509937,6.619006,8.649006,9.399006,3.9790063,8.589006,6.9490066,6.5090065
