views/data/weather/2019/09/29/0000-wind-isobaric-500hPa-gfs-1.0.json
{"header": { "discipline":0, "disciplineName":"Meteorological products", "gribEdition":2, "gribLength":78847, "center":7, "centerName":"US National Weather Service - NCEP(WMC)", "subcenter":0, "refTime":"2019-09-29T00:00:00.000Z", "significanceOfRT":1, "significanceOfRTName":"Start of forecast", "productStatus":0, "productStatusName":"Operational products", "productType":1, "productTypeName":"Forecast products", "productDefinitionTemplate":0, "productDefinitionTemplateName":"Analysis/forecast at horizontal level/layer at a point in time", "parameterCategory":2, "parameterCategoryName":"Momentum", "parameterNumber":3, "parameterNumberName":"V-component_of_wind", "parameterUnit":"m.s-1", "genProcessType":2, "genProcessTypeName":"Forecast", "forecastTime":0, "surface1Type":100, "surface1TypeName":"Isobaric surface", "surface1Value":50000.0, "surface2Type":255, "surface2TypeName":"Missing", "surface2Value":0.0, "gridDefinitionTemplate":0, "gridDefinitionTemplateName":"Latitude_Longitude", "numberPoints":65160, "shape":6, "shapeName":"Earth spherical with radius of 6,371,229.0 m", "gridUnits":"degrees", "resolution":48, "winds":"true", "scanMode":0, "nx":360, "ny":181, "basicAngle":0, "lo1":0.0, "la1":90.0, "lo2":359.0, "la2":-90.0, "dx":1.0, "dy":1.0 }, "data":
[rows 104 to 129 of 181, columns 232 to 289 of 360]
5.18582,5.5058203,5.1758204,4.6158204,3.6658204,3.2658203,3.5558202,3.9058204,3.8858204,2.9458203,3.5458202,2.6158204,2.9358203,2.4458203,1.8058203,1.2658203,1.1058203,1.2158203,1.4558203,1.1658204,1.2058203,1.9558203,1.5758203,1.1358203,1.2658203,1.0458204,1.3758203,1.8758203,0.8358203,1.3358203,0.8558203,0.4058203,0.16582032,-0.4341797,-0.5841797,-0.42417967,-0.19417968,0.56582034,0.4058203,-1.0741796,-1.3141797,-3.5141797,-3.5041797,-3.1841798,-3.7841797,-4.5941796,-4.5041795,-3.9241798,-2.0241797,-2.5441797,-1.8641797,-3.8041797,-3.0741796,-2.4141798,0.48582032,2.3158202,3.9558203,10.05582
4.5958204,4.5258203,4.2758203,4.45582,4.3658204,4.7458205,4.7258205,4.35582,4.41582,4.7258205,4.12582,3.3958204,4.33582,4.6558204,4.35582,2.3158202,2.4658203,2.0958204,1.3158203,1.0958203,1.7458203,1.5858203,1.8258203,1.2758203,0.6158203,0.7658203,0.33582032,1.3458203,1.6558204,1.4758203,1.4358203,0.9758203,0.10582031,-0.74417967,-0.9441797,-0.9241797,-0.9141797,-0.7941797,0.11582031,-0.45417967,-1.8541797,-2.9541798,-4.0741796,-3.9841797,-3.8141797,-5.70418,-5.1741796,-4.14418,-3.0541797,-2.7041798,0.11582031,-1.6941797,-3.7141798,-0.9841797,3.9458203,4.64582,2.3958204,-0.3941797
4.9458203,4.3258204,4.37582,4.5958204,4.1958203,3.9658203,3.8758204,3.8558204,5.1358204,5.12582,4.3658204,3.7558203,4.12582,3.8758204,4.58582,5.2558203,4.31582,2.6558204,1.5258203,0.7158203,0.6158203,0.6158203,1.4558203,0.9258203,1.2458203,0.26582032,0.4058203,0.19582032,0.93582034,1.5058203,1.2358203,1.3158203,1.1458203,-0.6041797,-0.9541797,-0.8341797,-1.2041796,-1.4341797,-1.1441797,0.4358203,-1.8241796,-2.7141798,-4.5141797,-4.7541795,-4.68418,-6.08418,-4.89418,-4.4941797,-2.6841798,-1.9741797,-1.3541797,0.025820313,0.015820313,0.9658203,0.4458203,0.5358203,-1.2941797,-0.4041797
3.3258202,3.5458202,3.8858204,3.9558203,4.06582,3.5958204,3.0958204,3.1958203,2.6758204,2.6558204,3.8858204,4.10582,3.1158204,2.4958203,3.0258203,4.10582,4.9258204,4.41582,4.0358205,2.3558204,0.8858203,0.9558203,0.2558203,0.6358203,-0.2141797,0.50582033,0.7858203,-0.1841797,0.68582034,0.5258203,0.81582034,0.7958203,0.7658203,1.0558203,-0.5741797,-1.1141797,-1.5841796,-2.0641797,-2.0541797,-1.1941797,-1.1741797,-2.8941796,-4.5541797,-5.5241795,-5.6941795,-4.9641795,-5.20418,-4.5741796,-3.2741797,-3.2841797,-2.4341798,-1.3441796,-0.3141797,-0.24417968,-1.1241797,-0.3741797,-0.114179686,-2.8341796
4.2658205,3.9558203,3.2058203,3.0558202,3.1458204,3.4058204,3.3758204,3.3458204,2.4758203,2.5958204,1.9558203,1.8658203,3.1158204,3.6358204,2.6458204,1.5258203,2.4858203,2.6458204,2.4558203,2.1358204,2.0258203,0.8658203,0.7458203,0.3758203,0.08582031,0.23582031,-0.24417968,0.81582034,0.035820313,-0.2141797,0.07582031,0.13582031,-0.13417968,-0.3141797,-0.20417969,-0.3341797,-1.6541797,-1.6941797,-3.5141797,-3.2941797,-2.1341796,-2.7941797,-4.41418,-5.3441796,-5.9641795,-5.0041795,-4.29418,-4.60418,-4.18418,-4.1741796,-4.1141796,-3.0841796,-2.0241797,-1.9441797,-1.6741797,-1.5641797,-2.1041796,-0.74417967
5.7258205,5.2658205,4.14582,2.7358203,2.1558204,2.0358202,2.1558204,2.2358203,1.9858203,1.7258203,1.7758203,1.0258203,0.15582031,0.13582031,1.1158203,1.9758203,0.94582033,0.8458203,1.5158203,1.0358204,0.45582032,-0.2841797,-0.4041797,-0.45417967,-0.04417969,0.13582031,-0.99417967,-1.5041797,0.08582031,0.055820312,-0.5941797,-0.5141797,-0.8441797,-0.8341797,-0.4641797,-1.4241797,-1.3441796,-1.2541797,-3.8141797,-4.68418,-3.5241797,-3.7241797,-4.1741796,-5.7141795,-5.5041795,-5.0541797,-4.2141795,-4.62418,-4.6341796,-4.4741797,-5.1341796,-4.18418,-2.9841797,-2.6441796,-2.3541796,-1.9741797,-1.8641797,-2.1041796
5.62582,5.5758204,5.3058205,4.43582,3.6058204,2.8058202,1.7658203,0.94582033,0.8658203,1.3658203,0.6658203,-0.35417968,-1.5641797,-1.2541797,-1.9841797,-1.7841797,-0.7241797,-0.8441797,-0.3041797,0.21582031,0.69582033,-0.04417969,-0.8341797,-0.93417966,-1.4541796,-1.1541797,-0.5941797,-0.9541797,-1.3341796,0.3458203,0.8358203,0.48582032,-0.8841797,-1.1341797,-1.5741796,-2.2541797,-2.0841796,-2.3541796,-2.6741798,-4.6541796,-4.4041796,-4.1741796,-4.7241797,-5.3041797,-5.33418,-5.39418,-4.93418,-3.8941796,-4.16418,-5.0141797,-3.9741797,-5.8841796,-4.3641796,-2.9341798,-2.8541796,-2.2741797,-1.6341797,-1.3341796
5.45582,5.1958203,4.93582,4.6158204,4.2158203,3.8758204,3.3158202,2.8358202,2.8158202,2.3958204,1.7458203,1.2458203,-0.4041797,-1.6041797,-2.8741796,-3.5241797,-3.9541798,-3.0541797,-2.4441798,-1.2241797,-1.5441797,0.23582031,-0.0041796877,-1.0041797,-1.4241797,-2.9241798,-3.5641797,-1.8341796,-1.8241796,-1.5641797,-0.32417968,-0.014179688,0.19582032,-0.29417968,-1.0641797,-2.2341797,-3.3641796,-3.4241798,-4.2441797,-3.9741797,-4.29418,-4.2741795,-4.1341796,-4.68418,-4.9841795,-4.18418,-4.8641796,-4.81418,-3.8341796,-3.6541796,-3.7741797,-4.0241795,-4.5741796,-3.1841798,-2.9341798,-1.8241796,-1.4241797,-0.3141797
5.62582,5.6558204,4.6358204,4.2358203,4.4058204,4.68582,4.95582,4.83582,3.9158204,4.6558204,4.16582,3.0058203,2.2758203,0.1758203,-1.5841796,-3.0341797,-5.0341797,-5.2541795,-4.9841795,-3.4941797,-3.4641798,-2.3341796,-0.7541797,0.19582032,-0.7941797,-2.1041796,-3.2541797,-2.3141797,-3.2141798,-2.0241797,-1.7441797,-1.5641797,-0.7541797,-0.3941797,0.07582031,-1.4941797,-3.2641797,-4.0041795,-5.0741796,-4.6741796,-4.54418,-5.0141797,-5.20418,-4.4841795,-4.3441796,-4.8641796,-3.7941797,-4.8441796,-4.4941797,-4.10418,-4.2741795,-3.3741796,-2.3741796,-2.0041797,-1.7041796,-1.3241796,-0.9541797,-0.3341797
4.5558205,5.2458205,3.4858203,4.3658204,4.1958203,4.12582,4.4658203,2.9058204,2.8058202,3.5558202,5.04582,5.5158205,2.3658204,1.6158203,0.9558203,-2.5441797,-4.56418,-6.7241797,-6.4641795,-5.31418,-4.06418,-2.7541797,-2.2341797,-0.62417966,0.36582032,-0.5241797,-2.0941796,-4.2641797,-4.60418,-3.5641797,-2.3841796,-2.1141796,-1.7541797,-0.55417967,0.065820314,-0.35417968,-2.1041796,-3.9141798,-4.7641797,-5.1741796,-5.37418,-5.54418,-5.39418,-5.1541796,-4.5741796,-4.1541796,-4.6341796,-4.87418,-5.1541796,-5.2541795,-4.83418,-4.1741796,-3.2541797,-2.0741796,-1.6541797,-1.3841797,-0.7941797,-0.7141797
2.7158203,2.5058203,3.3358202,4.39582,5.3458204,4.5158205,4.4458203,3.6858203,4.2558203,4.9958205,5.2858205,4.10582,3.7858202,1.9458203,0.4358203,-1.3841797,-4.0041795,-5.85418,-7.2241797,-6.3441796,-6.1741796,-4.5941796,-3.7441797,-1.4841797,-1.2241797,-2.0041797,-2.8941796,-3.3241796,-4.6941795,-5.4641795,-4.7341795,-4.0341797,-2.3641796,-2.0341797,-0.3441797,0.4458203,0.6458203,-1.2341797,-4.2841797,-5.43418,-5.9241796,-5.9841795,-5.8841796,-5.33418,-5.1341796,-4.6141796,-5.8841796,-5.56418,-6.1341796,-6.2441797,-5.5341797,-4.1741796,-3.2641797,-2.7041798,-1.6941797,-1.0941796,-0.8241797,-0.24417968
1.8358203,2.9058204,2.8258202,3.4558203,5.06582,4.7658205,5.08582,5.8058205,6.9658203,7.37582,7.7158203,6.29582,3.5658202,1.5758203,0.6058203,0.0058203125,-3.0241797,-5.2241797,-5.9741797,-6.2641797,-5.95418,-6.0541797,-3.7841797,-2.3641796,-2.4041796,-3.8741796,-4.2841797,-2.9541798,-4.56418,-5.8441796,-6.33418,-5.1541796,-3.6441796,-4.08418,-2.3741796,-1.7641797,-0.22417969,-0.2741797,-1.0941796,-3.7341797,-5.4441795,-5.4441795,-5.8841796,-5.81418,-5.7241797,-5.56418,-5.2841797,-5.9641795,-5.9041796,-6.95418,-6.12418,-5.56418,-5.5941796,-4.5941796,-3.5041797,-2.1041796,-1.0441797,0.3558203
-0.7841797,0.5458203,0.9258203,2.9658203,4.2858205,4.8058205,5.2158203,6.3858204,7.0758204,7.43582,7.2358203,5.4758205,4.8458204,4.4258204,3.0258203,0.6158203,-2.8241796,-4.39418,-5.3641796,-5.9941797,-6.4441795,-4.6741796,-2.5641797,-2.1041796,-2.0041797,-3.3441796,-5.35418,-4.8641796,-4.91418,-6.4041796,-5.85418,-6.14418,-5.33418,-4.60418,-3.7941797,-2.3841796,-2.7041798,-1.9641796,-1.2241797,-1.7041796,-3.4541798,-5.0341797,-5.7141795,-5.7841797,-6.0041795,-5.4741797,-5.85418,-5.9941797,-6.79418,-6.5741796,-6.81418,-6.87418,-5.66418,-4.8041797,-2.5641797,-0.35417968,-0.5341797,-0.3141797
-0.6941797,-1.1541797,-0.4641797,1.0758203,3.4358203,4.3258204,4.9258204,6.7658205,5.6758204,3.3658204,2.9158204,2.8058202,2.7558203,3.5058203,2.3558204,2.1958203,-2.1241796,-4.06418,-5.2641797,-4.5941796,-5.39418,-5.20418,-2.5541797,-1.8541797,-1.7641797,-2.5241797,-3.5241797,-5.4041796,-5.66418,-6.7341795,-6.10418,-6.4241796,-7.1941795,-6.1341796,-5.08418,-4.93418,-3.9841797,-4.06418,-4.9741797,-2.8741796,-1.8741797,-3.2041798,-4.5241795,-5.3841796,-5.5241795,-5.3841796,-6.06418,-6.83418,-7.2441797,-7.7541795,-6.9641795,-6.7441797,-6.0041795,-4.3641796,-3.3141797,-0.8541797,-0.5741797,0.8658203
-1.7141796,-1.1241797,0.07582031,-0.2741797,2.7858202,3.5558202,5.10582,6.6758204,1.2758203,-0.084179685,1.5658203,1.3658203,2.0158203,3.4258204,6.35582,4.0758204,-2.6241796,-4.14418,-4.10418,-4.2841797,-4.0041795,-2.1041796,-3.5641797,-1.2941797,-1.7741797,-2.7441797,-3.5241797,-5.3841796,-6.4241796,-7.2341795,-7.3641796,-6.70418,-7.6541796,-8.11418,-7.18418,-6.64418,-5.9641795,-5.4941797,-4.9641795,-5.43418,-4.7441797,-3.2141798,-3.6741798,-3.9341798,-5.0541797,-5.62418,-5.7641797,-5.7241797,-6.5041795,-7.4441795,-7.5241795,-6.4941797,-5.3041797,-3.9841797,-2.7341797,-2.0541797,-2.0941796,0.7158203
-2.6241796,-2.3141797,-0.6641797,-1.1641797,1.0558203,1.0558203,3.5658202,2.9258204,-3.4841797,-1.5041797,-0.06417969,-1.7541797,-0.3641797,0.62582034,-1.7041796,-6.9741797,-10.66418,-7.31418,-3.1641798,-0.16417968,-1.5541797,-3.9541798,-1.7741797,-2.4441798,-2.1741798,-1.8441796,-4.2641797,-4.62418,-5.3241796,-6.7141795,-6.5541797,-7.7441797,-7.29418,-8.604179,-8.814179,-8.21418,-8.024179,-7.8241796,-6.4841795,-5.18418,-6.35418,-6.5941796,-4.8641796,-4.2741795,-4.89418,-4.9941797,-5.83418,-6.31418,-6.2541795,-6.0141797,-6.33418,-5.9741797,-5.5541797,-4.3241796,-3.2241797,-2.5241797,-1.8141797,-0.5741797
-4.4841795,-4.91418,-3.4441798,-0.3041797,-0.6941797,1.5458204,4.83582,1.7458203,0.7658203,-0.9841797,-2.2241797,-1.0441797,-2.1141796,-0.5741797,-6.3641796,-10.42418,-10.32418,-10.41418,-8.46418,-9.53418,-8.894179,-2.7041798,-1.4641796,-0.35417968,0.025820313,-0.7641797,-0.68417966,-2.2741797,-4.2641797,-4.0541797,-4.04418,-5.58418,-6.06418,-7.45418,-8.37418,-9.09418,-8.604179,-10.04418,-9.66418,-8.36418,-7.2141795,-7.06418,-6.7441797,-7.43418,-5.2341795,-4.41418,-5.1341796,-6.4841795,-6.04418,-5.3041797,-5.06418,-4.7441797,-4.2641797,-3.4141798,-3.0241797,-2.1541796,-1.6541797,-2.5941796
-5.33418,-5.6541796,-4.70418,-2.1441796,1.7658203,-2.6441796,-1.1041797,4.0158205,7.6158204,0.5758203,-0.8941797,-1.7141796,-2.3441796,-1.6641797,-3.3241796,-14.014179,-10.94418,-6.20418,-7.0141797,-7.4641795,-5.2441797,-0.42417967,0.2058203,2.3458204,3.4958203,2.6158204,2.1358204,1.3958203,-0.2141797,-2.3641796,-3.5741796,-5.4841795,-6.60418,-7.95418,-9.13418,-10.12418,-10.40418,-9.83418,-9.274179,-11.064179,-10.05418,-9.604179,-8.814179,-8.78418,-9.394179,-7.8841796,-5.7641797,-5.7641797,-6.8841796,-5.3641796,-4.5541797,-4.2641797,-4.33418,-3.7641797,-3.4441798,-3.3841796,-2.6541796,-3.1441796
-6.4441795,-7.31418,-5.7141795,-3.7041798,-3.8241796,-5.0541797,-0.4341797,8.08582,-0.5741797,-2.5641797,-2.9441798,-3.7441797,-2.3641796,-2.7441797,-7.14418,-7.7541795,-6.45418,-3.7941797,-3.2341797,-3.2641797,-1.0841796,1.0358204,3.4858203,4.5358205,5.12582,5.2158203,4.1158204,3.0158203,2.5058203,1.8558203,0.18582031,-1.4341797,-4.2741795,-6.14418,-8.9841795,-10.05418,-12.38418,-10.63418,-11.24418,-10.54418,-11.21418,-12.974179,-12.104179,-10.684179,-9.29418,-8.95418,-9.07418,-7.66418,-6.2541795,-5.0741796,-4.3241796,-3.2441797,-2.6141796,-2.8641796,-2.8741796,-2.5741796,-2.4641798,-3.0841796
-7.8041797,-6.91418,-6.2441797,-7.54418,-6.3241796,-0.62417966,2.5558202,1.3158203,-3.3341796,-3.6141796,-3.9941797,-4.39418,-4.7141795,-5.0541797,-3.6541796,-4.5941796,-2.9241798,-1.3641797,-1.2641797,-0.56417966,1.1858203,3.5058203,4.4958205,4.79582,5.0758204,4.7558203,4.37582,4.2258205,3.9658203,3.7058203,2.6858203,2.2458203,-0.7241797,-3.1941798,-6.4641795,-7.3841796,-9.15418,-10.814179,-12.16418,-13.29418,-13.644179,-13.37418,-14.724179,-13.04418,-11.19418,-10.87418,-9.80418,-8.45418,-8.474179,-5.7741795,-3.8541796,-3.0041797,-2.9941797,-2.6941798,-3.3341796,-4.2441797,-4.89418,-5.06418
-9.104179,-8.75418,-10.774179,-4.10418,0.39582032,-2.4141798,-3.5741796,-5.1141796,-4.5541797,-5.6941795,-6.29418,-3.8641796,-3.9341798,-4.2841797,-4.2141795,-3.9141798,-3.6941798,-2.7541797,-0.6741797,-0.23417969,1.3558203,3.0658202,3.6658204,4.33582,4.6358204,5.4658203,6.2758203,6.5358205,6.37582,5.6958203,4.35582,3.3658204,1.7458203,-0.45417967,-2.2141798,-5.58418,-7.7241797,-9.79418,-10.86418,-13.064179,-14.92418,-15.144179,-14.9841795,-13.92418,-13.394179,-11.11418,-7.9641795,-7.33418,-5.7441797,-4.9941797,-3.8541796,-3.7141798,-4.8441796,-4.2341795,-4.3641796,-5.1941795,-6.31418,-7.3241796
-7.9941797,-8.12418,-7.9041796,-6.1341796,-6.9741797,-6.37418,-3.6341796,-4.1541796,-8.014179,-5.87418,-5.41418,-4.1341796,-4.0541797,-3.6041796,-2.4841797,-3.2641797,-2.5741796,-2.5341797,-2.1741798,-0.5941797,1.3758203,3.1958203,3.6958203,4.66582,5.5158205,6.4858203,7.2558203,8.67582,9.645821,9.62582,8.88582,7.0758204,4.89582,1.8758203,-1.2141796,-3.7641797,-6.08418,-8.96418,-11.80418,-13.78418,-15.57418,-14.05418,-14.07418,-15.014179,-14.62418,-13.36418,-11.354179,-8.604179,-7.6341796,-7.87418,-6.9641795,-5.81418,-6.8441796,-6.6941795,-6.7841797,-7.56418,-8.34418,-9.224179
-9.08418,-9.21418,-8.08418,-7.4941797,-7.5741796,-6.1941795,-6.2541795,-4.85418,-6.6141796,-6.3041797,-3.7941797,-3.4441798,-2.4841797,-2.0141797,-2.1141796,-2.9541798,-3.0041797,-2.7241797,-0.45417967,0.5358203,1.0258203,2.2658203,3.1058204,3.5658202,2.6458204,4.66582,9.61582,13.79582,16.19582,15.88582,13.525821,10.41582,6.4258204,1.4358203,-1.4841797,-4.0341797,-6.5541797,-8.38418,-10.79418,-13.184179,-15.53418,-14.604179,-14.00418,-16.05418,-13.854179,-15.184179,-13.474179,-11.38418,-9.894179,-8.184179,-7.81418,-8.08418,-7.4441795,-7.7241797,-7.7541795,-8.61418,-9.32418,-9.7341795
-10.144179,-8.774179,-8.684179,-9.12418,-8.45418,-8.604179,-7.8041797,-9.11418,-6.8841796,-3.6841798,-5.2241797,-4.7741795,-3.6841798,-2.1141796,-1.7241797,-2.7241797,-1.7141796,-1.7541797,-1.0441797,0.015820313,0.8258203,1.5058203,0.5858203,1.5058203,3.7058203,7.8258204,13.63582,17.95582,20.45582,20.64582,17.80582,15.24582,8.775821,1.6358203,-1.8241796,-5.1941795,-7.4841795,-9.08418,-11.09418,-12.09418,-12.7341795,-14.19418,-14.36418,-13.46418,-15.32418,-14.25418,-14.274179,-12.61418,-11.00418,-9.84418,-7.6341796,-7.3241796,-6.87418,-7.2241797,-7.54418,-7.9241796,-8.604179,-8.79418
-12.434179,-11.274179,-10.894179,-9.934179,-7.9841795,-9.564179,-7.68418,-5.2541795,-4.8241796,-5.91418,-5.5241795,-4.10418,-3.9741797,-3.0741796,-2.8941796,-2.2641797,-1.6241797,-1.7841797,-0.9241797,-0.29417968,-0.5741797,0.095820315,1.9158204,3.8758204,8.315821,13.065821,16.51582,19.70582,24.255821,25.71582,20.835821,15.87582,9.235821,2.4558203,-1.5641797,-4.2241797,-7.20418,-9.4841795,-11.21418,-13.014179,-13.974179,-15.46418,-15.264179,-15.65418,-15.42418,-15.854179,-15.064179,-13.724179,-12.13418,-10.67418,-10.184179,-10.00418,-8.764179,-8.764179,-8.62418,-8.17418,-7.7441797,-6.9941797
-13.05418,-11.32418,-10.7341795,-9.20418,-9.37418,-8.2341795,-7.2541795,-6.4841795,-8.53418,-7.3041797,-5.4041796,-3.4641798,-3.0941796,-3.5941796,-2.4341798,-1.5241797,-1.6241797,-2.1241796,-2.0241797,-0.4741797,-0.2741797,2.4558203,5.06582,9.71582,13.29582,16.81582,21.28582,25.09582,27.52582,25.59582,22.82582,19.21582,13.45582,8.16582,4.5558205,-2.3241796,-6.4841795,-10.25418,-11.29418,-11.99418,-14.314179,-16.27418,-16.97418,-16.744179,-16.78418,-17.12418,-16.18418,-15.32418,-15.014179,-13.65418,-12.20418,-10.75418,-10.07418,-10.07418,-9.54418,-10.46418,-8.53418,-6.87418
