views/data/weather/2019/09/29/0000-wind-isobaric-500hPa-gfs-1.0.json
{"header": { "discipline":0, "disciplineName":"Meteorological products", "gribEdition":2, "gribLength":77768, "center":7, "centerName":"US National Weather Service - NCEP(WMC)", "subcenter":0, "refTime":"2019-09-29T00:00:00.000Z", "significanceOfRT":1, "significanceOfRTName":"Start of forecast", "productStatus":0, "productStatusName":"Operational products", "productType":1, "productTypeName":"Forecast products", "productDefinitionTemplate":0, "productDefinitionTemplateName":"Analysis/forecast at horizontal level/layer at a point in time", "parameterCategory":2, "parameterCategoryName":"Momentum", "parameterNumber":2, "parameterNumberName":"U-component_of_wind", "parameterUnit":"m.s-1", "genProcessType":2, "genProcessTypeName":"Forecast", "forecastTime":0, "surface1Type":100, "surface1TypeName":"Isobaric surface", "surface1Value":50000.0, "surface2Type":255, "surface2TypeName":"Missing", "surface2Value":0.0, "gridDefinitionTemplate":0, "gridDefinitionTemplateName":"Latitude_Longitude", "numberPoints":65160, "shape":6, "shapeName":"Earth spherical with radius of 6,371,229.0 m", "gridUnits":"degrees", "resolution":48, "winds":"true", "scanMode":0, "nx":360, "ny":181, "basicAngle":0, "lo1":0.0, "la1":90.0, "lo2":359.0, "la2":-90.0, "dx":1.0, "dy":1.0 }, "data":
[rows 0 to 24 of 181, columns 114 to 170 of 360]
0.8847485,0.8947485,0.90474856,0.90474856,0.91474855,0.92474854,0.93474853,0.9447485,0.9447485,0.9547485,0.96474856,0.97474855,0.97474855,0.98474854,0.98474854,0.99474853,0.99474853,1.0047486,1.0047486,1.0147486,1.0147486,1.0147486,1.0247486,1.0247486,1.0247486,1.0347486,1.0347486,1.0347486,1.0347486,1.0347486,1.0347486,1.0347486,1.0347486,1.0347486,1.0347486,1.0347486,1.0347486,1.0347486,1.0347486,1.0347486,1.0247486,1.0247486,1.0247486,1.0147486,1.0147486,1.0147486,1.0047486,1.0047486,0.99474853,0.99474853,0.98474854,0.98474854,0.97474855,0.96474856,0.96474856,0.9547485,0.9447485
-0.015251465,0.11474854,0.28474852,0.38474855,0.48474854,0.5847485,0.7647485,0.84474856,0.9447485,1.0447485,1.1247486,1.1947485,1.2247485,1.3247485,1.3247485,1.4247485,1.4247485,1.4847485,1.5247486,1.5247486,1.5247486,1.5247486,1.5247486,1.5247486,1.5247486,1.5247486,1.5247486,1.5247486,1.5047486,1.4247485,1.4247485,1.3747486,1.3247485,1.2247485,1.2247485,1.1247486,1.0247486,0.9447485,0.91474855,0.8247485,0.74474853,0.6447485,0.54474854,0.44474852,0.34474853,0.26474854,0.21474853,0.14474854,0.044748534,-0.055251464,-0.13525146,-0.23525147,-0.33525145,-0.43525147,-0.53525144,-0.63525146,-0.7352515
-3.2952514,-3.0952516,-2.9652514,-2.7952514,-2.6952515,-2.4952514,-2.3952515,-2.1952515,-2.0952516,-1.9052515,-1.7952515,-1.5952514,-1.4752514,-1.2952515,-1.0952514,-0.94525146,-0.7952515,-0.6052515,-0.49525148,-0.39525145,-0.29525146,-0.26525146,-0.16525146,-0.13525146,-0.06525146,-0.06525146,-0.06525146,-0.07525147,-0.15525146,-0.18525146,-0.26525146,-0.36525145,-0.46525148,-0.56525147,-0.6652515,-0.76525146,-0.96525145,-1.0652515,-1.2652515,-1.3852515,-1.5052514,-1.6652515,-1.7752515,-1.8952515,-1.9952514,-2.0652514,-2.1652515,-2.2652514,-2.3652515,-2.3652515,-2.4652514,-2.5652514,-2.6652515,-2.7652514,-2.8652515,-2.9652514,-3.0352514
-5.1752515,-5.0552516,-4.9452515,-4.7552514,-4.6552515,-4.4552517,-4.3552513,-4.1552515,-3.9552515,-3.7752514,-3.6452515,-3.4652514,-3.2752514,-3.1752515,-2.9852514,-2.9752514,-2.8752515,-2.7852514,-2.7752514,-2.6752515,-2.5752516,-2.4752514,-2.3652515,-2.2552514,-2.1052516,-1.9752514,-1.8952515,-1.8752514,-1.8552514,-1.7852515,-1.8752514,-1.8752514,-1.9752514,-1.9752514,-2.0752516,-2.1252515,-2.1852515,-2.2852514,-2.3952515,-2.5852516,-2.6852515,-2.7952514,-2.8852515,-2.8852515,-2.8852515,-2.7952514,-2.7852514,-2.6852515,-2.6952515,-2.7952514,-2.8952515,-2.9952514,-3.1952515,-3.3852515,-3.5452514,-3.6952515,-3.8852515
-9.115252,-8.825252,-8.545252,-8.275251,-7.9952517,-7.6952515,-7.4952517,-7.3252516,-7.1552515,-7.0552516,-6.8952513,-6.7552514,-6.5452514,-6.3152514,-6.0952516,-5.8652515,-5.6552515,-5.4052515,-5.1552515,-4.9552517,-4.7152514,-4.5152516,-4.3152514,-4.2152514,-4.0152516,-3.9152515,-3.8152514,-3.7752514,-3.7152514,-3.6752515,-3.6752515,-3.6752515,-3.6752515,-3.6752515,-3.6752515,-3.6752515,-3.6752515,-3.7352514,-3.7752514,-3.8352516,-3.8752515,-3.8352516,-3.7752514,-3.6752515,-3.5352514,-3.4352515,-3.4352515,-3.4352515,-3.4952514,-3.6352515,-3.7352514,-3.8352516,-3.9352515,-3.9952514,-4.1952515,-4.3052516,-4.4952517
-12.285252,-12.185251,-12.085252,-11.885251,-11.775251,-11.475251,-11.275251,-10.975251,-10.675251,-10.475251,-10.175251,-9.975251,-9.765251,-9.515251,-9.285252,-9.075252,-8.775251,-8.575252,-8.285252,-7.9952517,-7.7852516,-7.5852513,-7.3252516,-6.9852514,-6.685251,-6.3652515,-6.0852513,-5.8652515,-5.6152515,-5.4852514,-5.2852516,-5.0952516,-4.9152513,-4.7952514,-4.5952516,-4.3952513,-4.2952514,-4.0952516,-3.8952515,-3.8052514,-3.8052514,-3.8052514,-3.8152514,-3.9052515,-3.7952514,-3.6952515,-3.5652514,-3.5052514,-3.5052514,-3.6052516,-3.7052515,-3.7952514,-3.7952514,-3.8052514,-3.8052514,-3.9052515,-4.1052513
-12.995252,-12.695251,-12.455252,-12.205252,-11.945251,-11.695251,-11.395251,-11.195251,-10.945251,-10.795252,-10.735251,-10.625252,-10.505252,-10.505252,-10.385251,-10.195251,-9.995252,-9.805251,-9.625252,-9.4052515,-9.225251,-8.945251,-8.665252,-8.295252,-8.015251,-7.7452517,-7.4752517,-7.2352514,-6.9052515,-6.5952516,-6.2552514,-5.9452515,-5.6452513,-5.2452517,-4.9452515,-4.6952515,-4.4952517,-4.2952514,-4.0952516,-3.9252515,-3.7952514,-3.6952515,-3.6352515,-3.5452514,-3.4452515,-3.3452516,-3.2952514,-3.1952515,-3.2952514,-3.2952514,-3.2952514,-3.3552516,-3.3552516,-3.3552516,-3.3552516,-3.3552516,-3.2552514
-13.105251,-12.9052515,-12.615252,-12.4052515,-12.095251,-11.995252,-11.895251,-11.995252,-11.995252,-11.895251,-11.705252,-11.4052515,-11.085252,-10.705252,-10.305251,-9.925251,-9.695251,-9.495252,-9.195251,-8.995252,-8.795252,-8.695251,-8.595251,-8.495252,-8.395251,-8.295252,-8.195251,-7.9952517,-7.7252517,-7.4952517,-7.1952515,-6.9952517,-6.7952514,-6.5552516,-6.3052516,-6.0552516,-5.7052517,-5.3452516,-5.0052514,-4.8052516,-4.6952515,-4.5952516,-4.5052514,-4.4052515,-4.3052516,-4.2052517,-4.1052513,-4.0052514,-3.7652514,-3.6052516,-3.4952514,-3.4952514,-3.3952515,-3.3952515,-3.2952514,-3.1952515,-2.9952514
-10.695251,-10.785252,-10.915252,-11.035252,-11.125252,-11.235251,-11.235251,-11.235251,-11.235251,-11.195251,-11.045252,-10.865252,-10.695251,-10.415252,-10.095251,-9.945251,-10.035252,-10.235251,-10.345251,-10.295252,-10.005252,-9.505252,-9.005252,-8.6552515,-8.425251,-8.195251,-7.9552517,-7.6952515,-7.5652514,-7.4452515,-7.4452515,-7.3952513,-7.2552514,-6.9552517,-6.6952515,-6.5952516,-6.4552517,-6.3552513,-6.1552515,-6.0552516,-5.9552517,-5.9052515,-5.8652515,-5.7652516,-5.6652513,-5.5652514,-5.4052515,-5.2052517,-5.0052514,-4.8152514,-4.5852513,-4.3552513,-4.2552514,-4.1552515,-4.0552516,-3.9952514,-3.8552516
-9.365252,-9.365252,-9.285252,-9.265251,-9.185251,-9.075252,-8.975251,-8.885251,-8.885251,-8.895251,-8.895251,-8.895251,-8.895251,-8.995252,-8.995252,-9.165252,-9.315251,-9.295252,-9.205252,-9.025251,-8.855251,-8.895251,-9.185251,-9.095251,-8.995252,-8.805251,-8.345251,-7.9952517,-7.8952513,-7.7952514,-7.6252513,-7.5952516,-7.4052515,-7.1952515,-7.1952515,-7.2952514,-7.2052517,-7.0552516,-7.0952516,-7.2052517,-7.2052517,-7.2052517,-7.3052516,-7.3152514,-7.3052516,-7.2152514,-7.2252517,-7.3152514,-7.3152514,-7.2252517,-7.1152515,-6.9152513,-6.7152514,-6.3252516,-5.9552517,-5.6952515,-5.3452516
-8.125252,-8.125252,-8.125252,-8.025251,-7.9652514,-7.8952513,-7.8952513,-7.9752517,-7.9652514,-7.8652515,-7.8952513,-7.9852514,-8.215252,-8.595251,-8.795252,-8.765251,-8.775251,-8.995252,-9.165252,-9.095251,-9.255252,-9.535252,-9.665252,-9.465252,-9.465252,-9.415252,-9.135251,-8.705252,-8.185251,-7.7052517,-7.3652515,-7.4952517,-7.7952514,-7.7352514,-7.5652514,-7.4652514,-7.4952517,-7.5652514,-7.4652514,-7.3252516,-7.1952515,-7.3652515,-7.5552516,-7.5952516,-7.4952517,-7.4952517,-7.4952517,-7.5352516,-7.4752517,-7.5152516,-7.5152516,-7.4152513,-7.1952515,-6.9752517,-6.6452513,-6.2652516,-5.8152514
-10.475251,-10.555251,-10.375252,-9.975251,-9.955252,-10.045252,-9.825252,-9.635251,-9.695251,-9.565251,-9.345251,-9.345251,-9.425251,-9.425251,-9.455252,-9.625252,-9.625252,-9.625252,-9.855251,-10.025251,-9.725251,-9.215252,-9.015251,-9.035252,-9.375252,-9.515251,-9.495252,-9.295252,-9.195251,-9.115252,-8.745252,-8.395251,-8.315251,-8.315251,-8.215252,-8.115252,-7.8152514,-7.6952515,-7.8852515,-8.185251,-8.195251,-8.015251,-7.7452517,-7.4452515,-7.3252516,-7.2152514,-6.9152513,-6.6952515,-6.3852515,-5.9752517,-5.6552515,-5.2452517,-4.6752515,-4.1152515,-3.5552514,-2.9052515,-2.2452514
-15.295252,-15.205252,-14.6552515,-13.975251,-13.505252,-13.025251,-12.535252,-12.165252,-11.795252,-11.605251,-11.635251,-11.535252,-11.735251,-11.625252,-11.215252,-10.965252,-11.165252,-11.235251,-11.235251,-11.065251,-10.895251,-10.565251,-10.065251,-9.795252,-10.045252,-10.035252,-9.865252,-9.825252,-9.665252,-9.795252,-10.095251,-10.135251,-10.125252,-10.225251,-10.015251,-9.645251,-9.205252,-8.755252,-8.195251,-7.5452514,-7.1252513,-6.7652516,-6.4252515,-6.2452517,-6.1152515,-5.8952513,-5.6052513,-4.9652514,-4.0552516,-3.1652515,-2.3452516,-1.7352514,-1.3952515,-1.2752515,-1.4552515,-1.7552514,-2.0952516
-11.005252,-11.515251,-12.455252,-13.705252,-14.705252,-15.325252,-15.165252,-14.475251,-14.025251,-13.895251,-13.435251,-12.865252,-12.465252,-12.425251,-12.325252,-11.955252,-11.875252,-11.875252,-11.695251,-11.575252,-11.495252,-11.145251,-10.585252,-10.325252,-10.595251,-10.945251,-10.555251,-10.395251,-10.495252,-10.215252,-9.715252,-9.455252,-9.835252,-9.825252,-9.715252,-9.715252,-9.635251,-9.515251,-9.1552515,-8.745252,-7.9652514,-7.0852513,-6.4152513,-5.6352515,-4.7852516,-4.0952516,-3.9852514,-4.3152514,-4.8152514,-5.2852516,-5.4852514,-5.685251,-5.7852516,-6.0152516,-6.3552513,-6.5552516,-6.7352514
-9.415252,-9.745252,-10.145251,-10.475251,-10.575252,-11.095251,-11.795252,-12.515251,-13.705252,-14.565251,-14.565251,-14.065251,-12.915252,-11.995252,-11.525251,-11.395251,-11.525251,-11.115252,-10.925251,-10.895251,-11.015251,-11.225251,-11.275251,-10.895251,-10.925251,-11.435251,-11.795252,-11.675251,-11.585252,-11.455252,-11.325252,-10.695251,-9.925251,-9.185251,-8.775251,-8.795252,-8.195251,-7.3752513,-7.0752516,-6.9952517,-6.8752513,-6.5552516,-6.3552513,-6.4452515,-6.6352515,-6.7752514,-7.3552513,-8.165252,-8.525251,-8.695251,-9.285252,-9.725251,-9.225251,-8.645251,-8.715252,-8.725251,-8.625252
-7.3852515,-7.9252515,-8.045252,-7.6052513,-7.2952514,-7.3552513,-7.935251,-8.615252,-9.265251,-9.895251,-10.625252,-10.985251,-11.125252,-11.725251,-12.535252,-12.545252,-11.835252,-10.845251,-10.585252,-10.475251,-10.495252,-10.845251,-11.255252,-11.375252,-11.545252,-10.915252,-10.205252,-10.535252,-11.385251,-11.525251,-11.175251,-11.345251,-11.145251,-10.385251,-9.635251,-9.015251,-8.255252,-7.6252513,-7.3252516,-7.3052516,-7.5952516,-8.005252,-7.7952514,-7.6252513,-7.9852514,-8.935251,-9.495252,-9.595251,-10.605251,-11.525251,-11.215252,-10.785252,-10.625252,-10.255252,-10.125252,-10.435251,-10.825252
-2.6652515,-3.2752514,-3.9552515,-4.2252517,-4.2652516,-4.1252513,-4.1252513,-4.5352516,-4.1952515,-3.5852516,-3.8552516,-4.7252517,-5.7952514,-7.2052517,-8.395251,-8.765251,-9.295252,-10.205252,-11.305251,-11.385251,-10.435251,-9.395251,-9.055251,-9.455252,-9.935251,-10.035252,-10.205252,-10.025251,-9.295252,-9.475251,-10.115252,-10.435251,-10.435251,-9.915252,-9.615252,-9.025251,-8.335252,-8.015251,-8.235251,-8.625252,-8.785252,-8.415252,-8.695251,-8.795252,-9.325252,-9.525251,-9.315251,-9.895251,-10.335252,-10.805251,-11.375252,-10.995252,-11.085252,-10.995252,-10.965252,-10.895251,-10.695251
3.7647486,3.7747486,3.6647484,3.3847485,2.5247486,1.4547485,0.5847485,-0.07525147,-0.96525145,-1.7552514,-1.9252515,-2.0652514,-2.0552514,-2.2152514,-2.5452514,-3.1952515,-4.1752515,-5.2652516,-6.1552515,-6.8152514,-8.335252,-9.615252,-9.725251,-9.235251,-7.7152514,-7.8452516,-8.525251,-9.315251,-9.205252,-8.985251,-8.505252,-8.225251,-8.575252,-8.865252,-8.445251,-7.5352516,-6.5552516,-6.435251,-6.8152514,-6.8952513,-6.5852513,-6.8952513,-7.7952514,-7.7652516,-7.9552517,-7.7952514,-7.7352514,-6.6952515,-7.3652515,-8.045252,-8.985251,-8.795252,-9.145251,-10.035252,-10.495252,-10.215252,-9.635251
6.8847485,6.9047484,6.8947487,6.4247484,5.5447483,4.6047487,3.8547485,3.2147486,2.3647485,1.5047486,0.7547485,0.29474854,0.13474853,-0.24525146,0.52474856,-0.53525144,-0.53525144,-0.9352515,-1.5952514,-3.1252515,-3.6352515,-4.4552517,-5.6052513,-6.4952517,-8.475251,-8.665252,-7.1252513,-6.7352514,-7.3052516,-7.9552517,-8.4052515,-7.7052517,-7.7252517,-7.9152513,-7.5052514,-7.1152515,-6.9052515,-6.185251,-5.2952514,-5.2052517,-5.0052514,-4.0252514,-3.0352514,-3.4252515,-4.0852513,-4.5452514,-4.0152516,-4.3152514,-3.4852514,-3.6752515,-4.1452513,-4.6552515,-5.9452515,-4.9552517,-4.8252516,-6.3652515,-7.5252514
6.7947483,7.3947487,7.8547487,7.5047483,6.9847484,7.1847486,7.0347486,6.3247485,5.7247486,4.7847486,3.9647486,3.4047484,3.1147485,2.7547486,2.2747486,2.1047485,0.97474855,1.3847486,0.8147485,0.68474853,-0.8752515,-0.96525145,-1.5352515,-2.6352515,-3.2652514,-3.7752514,-4.4852514,-5.8652515,-6.5152516,-6.1452513,-5.9952517,-5.4552517,-5.7252517,-5.6952515,-5.5252514,-5.5052514,-5.9152513,-5.8852515,-5.6952515,-5.1352515,-4.2452517,-3.7752514,-2.9752514,-2.0352514,-1.3252515,-0.43525147,-0.47525147,-0.6252515,0.38474855,0.97474855,-0.38525146,-0.23525147,0.27474853,0.044748534,-0.90525144,-0.89525145,-1.6652515
6.8947487,7.1047487,7.3947487,7.5047483,7.5047483,7.2547483,6.7047486,6.6047487,6.4047484,6.1447487,5.8047485,5.6247487,4.8847485,4.1247487,3.1047485,2.5247486,3.3347485,2.7047486,2.1547484,1.5947485,1.5547485,1.1947485,0.44474852,-0.20525147,-0.37525147,-1.0152515,-1.5052514,-1.4952514,-1.4052515,-1.3152515,-1.0352515,-0.9152515,-0.9152515,-1.4252515,-1.7152514,-1.6152514,-1.8152515,-2.6652515,-2.6252515,-3.5152514,-3.6252515,-2.8352516,-2.0052514,-1.5252515,-0.47525147,0.5847485,1.9247485,2.0847485,2.6947486,2.0947485,2.0447485,2.7047486,3.3547485,3.8047485,3.9947486,3.8947484,4.0947485
7.3047485,7.2447486,7.2047486,6.3047485,5.5547485,5.3247485,5.1447487,5.2747483,5.3447485,5.6447487,5.4947486,5.2047486,5.0447483,4.5047483,4.6547484,4.5747485,4.6047487,3.1347485,2.4747486,1.8647485,1.4247485,1.4047486,1.0747485,0.6947485,0.0047485353,0.36474854,0.7047485,0.65474856,0.5647485,0.6447485,1.0247486,2.1047485,3.0947485,3.3547485,3.1147485,2.3447485,1.0547485,0.6247485,1.0047486,1.5247486,0.49474853,-0.17525147,-0.12525147,0.6247485,0.60474855,1.1347486,1.5547485,2.0747485,3.4747486,3.8947484,4.3547487,4.0547485,4.3047485,4.0447483,3.7647486,3.7447486,4.0747485
6.6947484,6.4547486,6.2947483,6.1547484,5.8047485,5.1547484,4.6047487,4.564749,5.4047484,5.9547486,6.1047487,5.8347487,5.6947484,5.2847486,5.1647487,4.7847486,3.9147484,2.3047485,1.8447485,0.8947485,0.44474852,0.7047485,1.1447486,0.30474854,0.6947485,0.8147485,1.7547486,3.0347486,4.9647484,6.4647484,7.9647484,9.524749,10.584748,11.104749,11.024749,10.284748,8.854749,6.7447486,5.314749,4.7047486,4.5047483,3.9147484,3.2747486,2.4047484,2.5047486,2.6347485,3.1347485,4.3847485,4.6147485,4.8847485,4.9947486,5.0947485,5.6347485,4.3847485,2.4347486,1.6947485,2.0147486
5.7647486,5.8047485,6.0047483,5.9947486,5.6547484,5.5547485,5.7147484,5.6147485,5.9047484,5.5247483,4.7747483,4.0547485,3.2847486,3.2147486,2.8947484,1.9047486,1.4247485,1.0147486,0.06474853,0.15474853,0.38474855,0.44474852,-0.34525147,0.49474853,1.6847485,3.2647486,4.9647484,6.1047487,6.7347484,7.8447485,9.464748,9.824749,10.354749,11.364749,12.054749,12.524749,12.854749,12.524749,11.134748,8.664748,6.9847484,6.5147486,5.8347487,4.8047485,3.8347485,3.7047486,3.0847485,2.6447484,1.6447486,0.91474855,1.2547486,2.1647484,3.1347485,3.8947484,4.1547484,4.3247485,4.5347486
6.564749,7.3347487,7.0747485,7.0247483,7.0147486,7.1147485,7.0147486,7.2147484,6.7147484,5.2647486,4.0947485,3.1647484,2.9247484,2.4547486,1.9847485,1.5247486,1.4847485,1.1347486,0.80474854,0.8147485,0.8947485,1.1847485,2.3747485,3.8247485,4.1747484,5.0447483,5.8047485,5.6347485,5.3047485,6.4647484,6.4047484,6.8947487,7.7647486,8.434749,9.284748,10.754748,11.674748,12.644749,13.184749,13.514749,12.624748,10.714748,9.324749,8.264749,6.064749,4.4447484,3.5047486,2.4347486,2.4747486,1.4147485,0.8347485,0.8847485,2.2047486,3.1947486,4.064749,4.2647486,3.2347486
