views/data/weather/2019/09/29/0000-wind-isobaric-500hPa-gfs-1.0.json
{"header": { "discipline":0, "disciplineName":"Meteorological products", "gribEdition":2, "gribLength":77768, "center":7, "centerName":"US National Weather Service - NCEP(WMC)", "subcenter":0, "refTime":"2019-09-29T00:00:00.000Z", "significanceOfRT":1, "significanceOfRTName":"Start of forecast", "productStatus":0, "productStatusName":"Operational products", "productType":1, "productTypeName":"Forecast products", "productDefinitionTemplate":0, "productDefinitionTemplateName":"Analysis/forecast at horizontal level/layer at a point in time", "parameterCategory":2, "parameterCategoryName":"Momentum", "parameterNumber":2, "parameterNumberName":"U-component_of_wind", "parameterUnit":"m.s-1", "genProcessType":2, "genProcessTypeName":"Forecast", "forecastTime":0, "surface1Type":100, "surface1TypeName":"Isobaric surface", "surface1Value":50000.0, "surface2Type":255, "surface2TypeName":"Missing", "surface2Value":0.0, "gridDefinitionTemplate":0, "gridDefinitionTemplateName":"Latitude_Longitude", "numberPoints":65160, "shape":6, "shapeName":"Earth spherical with radius of 6,371,229.0 m", "gridUnits":"degrees", "resolution":48, "winds":"true", "scanMode":0, "nx":360, "ny":181, "basicAngle":0, "lo1":0.0, "la1":90.0, "lo2":359.0, "la2":-90.0, "dx":1.0, "dy":1.0 }, "data":
[rows 150 to 174 of 181, columns 171 to 227 of 360]
7.9847484,7.1447487,6.1047487,7.9247484,10.134748,12.054749,13.944749,15.554749,16.614748,17.33475,18.054749,18.564749,18.66475,19.214748,19.454748,20.144749,20.434748,19.92475,19.734749,19.67475,18.784748,17.92475,17.104748,15.884748,14.364749,12.564749,11.534748,9.604749,7.7747483,3.4147484,2.8447485,-0.6252515,-4.3052516,-5.5452514,-5.6152515,-6.9152513,-8.085252,-7.4452515,-4.435251,1.1647485,6.6047487,11.494748,14.224749,13.544748,13.464748,13.864749,15.334748,18.024748,19.384748,18.814749,16.404749,15.144749,16.324749,17.714748,18.464748,19.324749,19.694748
10.424748,10.774749,11.814749,13.264749,14.834748,15.994748,17.34475,18.17475,18.884748,19.524748,19.854748,20.484749,21.044748,22.074749,22.294748,22.184748,21.784748,21.864748,22.00475,22.454748,22.704748,21.964748,20.714748,19.644749,18.304749,16.374748,14.664748,13.804749,11.494748,8.954748,5.564749,3.5047486,1.4447485,-0.6252515,-3.1652515,-4.3152514,-3.7552514,-2.5452514,-0.84525144,1.7447486,4.9447484,7.6947484,9.894749,11.784748,13.354749,15.864749,18.474749,18.404749,17.58475,16.694748,16.444748,16.534748,16.114748,16.84475,18.124748,19.33475,20.58475
14.644749,15.664748,17.34475,18.824749,19.874748,20.784748,20.904749,20.75475,20.704748,21.17475,21.884748,22.50475,23.404749,24.08475,24.784748,25.524748,26.214748,26.59475,26.794748,26.814749,26.574749,26.024748,25.00475,23.814749,22.144749,20.874748,19.08475,17.064749,16.144749,14.904749,11.204748,9.174748,6.7447486,4.6047487,3.8147485,3.8647485,4.7147484,4.6947484,3.3447485,2.8447485,4.1947484,7.564749,11.134748,14.144749,14.804749,14.764749,14.604749,15.894749,14.004748,14.134748,13.864749,15.674748,17.234749,19.604748,19.824749,20.014748,19.214748
17.41475,18.554749,19.784748,20.964748,21.794748,22.044748,22.554749,22.91475,23.274748,23.59475,24.17475,24.724749,25.184748,25.34475,25.734749,26.16475,26.434748,26.534748,26.404749,26.234749,26.304749,25.824749,25.294748,24.614748,23.59475,22.124748,20.84475,19.464748,18.454748,18.574749,17.904749,15.044748,12.004748,11.364749,10.354749,8.694749,6.1347485,4.9347486,5.4747486,5.8847485,6.8747487,8.134748,9.994748,10.694749,10.5947485,10.414748,9.314749,9.644749,10.324749,11.774749,12.774749,13.954748,13.914748,13.224749,13.964748,14.574749,15.224749
15.074749,16.74475,18.534748,19.884748,20.604748,20.934748,21.234749,21.534748,21.33475,21.014748,20.83475,20.714748,20.91475,20.524748,20.274748,19.974749,19.554749,19.08475,18.58475,17.544748,16.654749,16.284748,16.354748,16.554749,17.214748,17.474749,18.184748,18.84475,19.114748,19.374748,19.75475,20.25475,18.74475,15.894749,14.894749,13.524749,11.044748,9.614749,8.834748,8.384748,7.7247486,7.0047483,7.7947483,8.674748,8.564749,8.644749,8.944749,9.964748,8.704748,9.204748,10.444749,10.774749,10.884748,10.544748,8.634748,8.734749,8.304749
15.544748,15.754748,16.054749,16.154749,15.984749,15.684749,15.554749,15.394749,15.324749,15.524749,15.454748,15.044748,13.654749,12.764749,11.784748,11.204748,11.194749,11.254748,11.124748,10.934749,10.734749,10.494748,10.224749,10.124748,11.154749,12.514749,13.674748,14.734749,16.25475,17.614748,19.16475,19.774748,22.83475,22.604748,20.984749,18.154749,16.944748,14.584748,12.854749,11.034748,9.044748,8.3447485,8.404749,8.644749,8.334748,8.734749,9.354749,8.534748,8.644749,9.504748,8.124748,8.5947485,8.704748,7.9947486,7.2947483,8.8447485,9.404749
10.074749,9.504748,9.044748,9.074749,9.084748,9.284748,9.514749,9.584748,8.994748,7.4847484,6.4547486,6.2547483,6.2647486,6.1947484,6.6247487,7.4847484,8.384748,8.914748,8.754748,8.024749,7.6447487,7.5247483,7.2247486,6.5247483,6.1347485,5.814749,5.9247484,7.5347486,9.544748,12.064749,14.424748,17.17475,19.294748,20.83475,24.91475,24.734749,22.67475,19.894749,17.814749,16.104748,13.684749,10.754748,9.724749,9.174748,8.064749,7.6247487,7.814749,8.004748,7.9947486,8.524749,8.874748,9.434749,9.004748,9.354749,10.404749,8.744748,8.384748
6.8747487,6.6847486,6.314749,6.1947484,5.0947485,4.4047484,3.7147486,3.3347485,3.0747485,2.3947484,2.3247485,2.2047486,2.9047484,3.9147484,5.0047483,5.9047484,5.2947483,4.7747483,4.8547487,5.3847485,5.5747485,5.5947485,5.8947487,5.8947487,5.5147486,5.2147484,4.9347486,4.6847486,5.2147484,6.6047487,8.764749,11.284748,13.704748,15.674748,17.524748,19.804749,22.954748,23.284748,20.34475,16.874748,13.894749,10.514749,10.784748,9.974749,8.434749,7.6947484,7.7847486,8.124748,9.114749,10.274749,10.644749,9.664748,7.3547487,6.5447483,7.5047483,6.9947486,7.2647486
4.1947484,4.0147486,4.1147485,2.9547486,2.0847485,1.6247486,0.90474856,0.90474856,1.1047485,1.1047485,1.2447486,1.7047485,1.7047485,2.3247485,1.9147485,0.59474856,0.38474855,0.21474853,0.31474853,0.31474853,0.32474855,0.8147485,1.1347486,0.5147485,0.36474854,0.8147485,2.1447484,4.3947487,6.5947485,7.3447485,7.7847486,8.194749,8.734749,9.604749,10.994748,12.024749,12.034748,13.144749,14.864749,12.734749,10.514749,11.014749,9.944749,8.994748,7.5447483,7.1947484,6.5147486,6.5147486,7.0547485,5.2247486,3.9747486,2.4447486,1.4147485,1.7647486,2.0047486,2.5547485,1.8447485
2.0647485,1.6747485,1.0847485,0.7047485,0.21474853,-0.39525145,0.22474854,0.84474856,1.6247486,2.4947486,3.0447485,2.8447485,2.1447484,1.2447486,0.31474853,-0.96525145,-1.2952515,-1.6652515,-2.7952514,-6.185251,-9.575252,-8.415252,-6.2152514,-5.2552514,-3.8552516,-2.8752515,-1.9352515,-0.9252515,0.6347485,2.6747484,5.1747484,7.7947483,8.284748,6.9847484,5.8347487,6.1247487,6.1947484,3.0347486,2.5647485,2.9047484,4.1847486,5.1647487,5.7247486,4.4847484,3.2847486,2.9347486,2.1047485,1.5647485,0.39474854,-0.65525144,-0.32525146,1.0647485,1.3547485,0.86474854,-0.18525146,-1.8452514,-5.9652514
0.6247485,0.42474854,0.42474854,0.5047485,0.80474854,0.5147485,0.20474854,0.6947485,1.4947486,0.8947485,0.6947485,0.18474853,-0.20525147,-0.71525145,-1.8752514,-3.3452516,-5.1552515,-7.2852516,-8.885251,-7.9552517,-7.6152515,-6.5952516,-6.4152513,-6.7152514,-7.4152513,-7.4152513,-7.3152514,-7.1352515,-6.7152514,-5.1952515,-5.5052514,-6.3652515,-5.9652514,-5.7752514,-7.1552515,-8.315251,-8.275251,-7.4252515,-5.8752513,-3.2152514,-1.6152514,-1.7352514,-2.0152514,-1.6852515,-1.1552515,-2.6352515,-3.5952516,-5.1452513,-6.2752514,-7.8552513,-8.625252,-8.6552515,-9.495252,-9.105251,-7.4052515,-6.1152515,-4.2052517
0.42474854,-0.11525147,-0.34525147,-0.35525146,-0.025251465,0.6347485,0.7047485,0.55474854,-0.25525147,-1.1952515,-1.1752515,-1.4252515,-2.5152514,-2.7652514,-3.9152515,-6.1052513,-7.4652514,-8.145251,-7.5952516,-7.7752514,-7.9552517,-8.6552515,-9.665252,-10.375252,-11.025251,-11.325252,-11.965252,-12.315251,-12.765251,-13.035252,-12.955252,-13.385251,-13.735251,-13.475251,-12.675251,-11.605251,-10.765251,-10.435251,-10.165252,-9.215252,-7.7452517,-7.0452514,-6.7852516,-6.8552513,-6.5452514,-6.2452517,-6.5152516,-6.8752513,-6.8752513,-7.1352515,-6.6752515,-6.7052517,-7.2252517,-6.6152515,-6.185251,-6.9252515,-8.515251
0.11474854,0.14474854,-0.18525146,-0.29525146,0.19474854,-0.10525146,-0.005251465,-0.6252515,-1.1652515,-2.5152514,-2.8652515,-2.6252515,-3.7352514,-4.8652515,-6.8552513,-8.215252,-7.8352513,-8.675251,-9.415252,-9.375252,-10.215252,-10.965252,-12.205252,-12.375252,-12.375252,-13.235251,-13.505252,-13.415252,-13.705252,-14.325252,-15.1552515,-15.065251,-14.255252,-13.295252,-12.195251,-11.075252,-10.295252,-9.265251,-8.6552515,-8.785252,-8.615252,-7.8852515,-7.5252514,-6.4952517,-5.7852516,-5.4752517,-5.0552516,-5.7752514,-5.9652514,-6.8752513,-6.0552516,-5.4052515,-5.2652516,-4.8252516,-6.1952515,-6.2052517,-5.6252513
0.96474856,0.42474854,-0.38525146,-0.7952515,-0.32525146,-0.75525147,-1.3052515,-2.2252514,-2.9752514,-3.8652515,-4.2252517,-4.6352515,-5.4852514,-6.6952515,-8.535252,-9.215252,-9.925251,-10.795252,-10.875252,-11.395251,-11.205252,-10.835252,-10.875252,-11.315251,-11.395251,-11.485251,-11.665252,-11.1552515,-10.765251,-10.145251,-10.005252,-9.695251,-9.465252,-9.725251,-10.1552515,-10.505252,-10.395251,-9.525251,-8.705252,-8.105251,-7.1452513,-5.7852516,-4.5952516,-4.2452517,-4.3452516,-4.0252514,-3.4052515,-3.5152514,-3.4252515,-3.7952514,-1.9352515,-1.9352515,-3.0152514,-2.7852514,-4.5352516,-4.1452513,-2.2752514
1.5647485,0.72474855,-0.20525147,-1.0952514,-0.89525145,-1.1052514,-1.8352515,-2.8952515,-3.8452516,-4.3152514,-4.9752517,-5.5252514,-6.3252516,-6.7952514,-7.2252517,-7.6652513,-8.075252,-8.695251,-9.625252,-10.355251,-10.755252,-10.6552515,-10.795252,-11.805251,-12.465252,-12.025251,-11.345251,-10.635251,-10.415252,-10.015251,-9.515251,-8.9052515,-7.8652515,-7.1152515,-7.0652514,-7.0352516,-7.0152516,-6.7452517,-6.7252517,-6.6952515,-6.3652515,-5.6252513,-4.5852513,-3.7552514,-2.5152514,-1.2952515,-1.5552515,-1.4852514,-1.9752514,-3.2752514,-3.4552515,-2.3252516,-1.2052515,-1.3552514,-0.46525148,1.4547485,2.4647486
2.4547486,1.0747485,0.20474854,-0.56525147,-0.9952515,-1.6552515,-2.1152515,-2.7252514,-3.6252515,-4.5952516,-5.2152514,-5.7252517,-5.9852514,-6.0152516,-5.7552514,-5.8752513,-7.1152515,-7.9552517,-8.535252,-8.855251,-9.245252,-10.085252,-10.425251,-10.365252,-10.355251,-10.475251,-10.975251,-11.075252,-11.315251,-10.755252,-9.135251,-7.5552516,-6.1452513,-4.8952513,-3.8352516,-3.2952514,-2.8052514,-2.5152514,-2.2152514,-1.7752515,-1.5852515,-1.5952514,-1.2852515,-0.96525145,-1.1552515,-1.0852515,-0.77525145,-1.0952514,-2.4352515,-2.8552516,-2.1552515,-0.6752515,-0.11525147,-0.8052515,-2.4452515,-1.5252515,-0.12525147
2.6847486,1.9747485,0.85474855,-0.35525146,-0.89525145,-1.2652515,-2.1052516,-1.8052515,-2.0152514,-3.2252514,-4.3552513,-5.0552516,-5.1752515,-4.8452516,-4.3052516,-3.5552514,-3.9752514,-5.6352515,-6.4652514,-6.3752513,-6.9852514,-7.8652515,-8.645251,-8.725251,-9.225251,-10.345251,-11.1552515,-11.075252,-11.795252,-12.745252,-12.115252,-11.415252,-11.625252,-10.995252,-9.955252,-8.775251,-8.035252,-7.7252517,-7.2452517,-6.6652513,-6.1052513,-5.3352513,-3.8752515,-3.2152514,-3.9152515,-3.3752515,-3.2452514,-3.6352515,-2.0852516,0.5747485,0.6947485,-0.34525147,0.11474854,1.1047485,2.6447484,3.5547485,3.7547486
2.7147486,2.0047486,1.1747485,0.18474853,-0.52525145,-0.8052515,-1.7652515,-1.7052515,-1.2952515,-1.4452515,-2.3952515,-3.1552515,-3.8952515,-3.7852514,-3.1352515,-2.6852515,-1.6452515,-1.7352514,-3.0252514,-4.2252517,-4.7452517,-5.1052513,-5.7552514,-6.6052513,-7.0452514,-7.4452515,-8.375252,-9.045252,-9.605251,-10.565251,-11.285252,-11.035252,-10.815251,-11.545252,-11.565251,-9.815251,-9.525251,-9.175251,-9.365252,-9.195251,-8.215252,-6.8052516,-5.4452515,-4.3852515,-1.9352515,-0.28525147,1.0447485,2.4247484,2.8147485,2.5447485,3.2647486,4.6847486,5.814749,7.0547485,7.0347486,6.9547486,7.5547485
1.1647485,1.0647485,0.7047485,0.10474853,-0.19525146,-0.19525146,-0.6852515,-0.6752515,-0.6652515,-0.6652515,-0.72525144,-1.1452515,-1.9652514,-2.8452516,-3.1352515,-2.5652514,-1.8152515,-1.0952514,0.24474853,0.0047485353,-1.3852515,-2.6452515,-3.0752516,-3.6552515,-4.4752517,-4.8052516,-4.8752513,-5.2052517,-5.5452514,-5.8752513,-6.3252516,-7.185251,-7.1952515,-5.3152514,-4.1252513,-3.8052514,-4.5852513,-5.4152513,-5.8152514,-5.2052517,-4.7252517,-3.9252515,-2.9752514,-2.3152514,-1.3352515,0.77474856,3.6747484,4.8047485,5.9447484,6.7647486,6.8547487,7.4647484,8.034748,8.364749,8.634748,9.234749,9.504748
0.52474856,0.6947485,0.71474856,0.52474856,0.10474853,-0.19525146,-0.21525146,-0.20525147,0.08474854,0.08474854,0.28474852,0.17474854,-0.025251465,-0.5552515,-1.6252514,-2.3152514,-2.1952515,-1.2752515,-0.41525146,0.45474854,1.8047485,2.4747486,2.2947485,1.2747486,-0.11525147,-1.2752515,-1.5752515,-1.8252515,-1.8452514,-1.3752514,-0.95525146,-0.8052515,-0.97525144,-1.2052515,-1.7652515,-2.8952515,-2.3652515,-0.9952515,0.43474853,1.2547486,1.4447485,1.6647485,1.9247485,2.2947485,2.8347485,3.2147486,3.5047486,3.8547485,4.1547484,4.2147484,4.9747486,6.2447486,7.4747486,8.384748,9.224749,9.984749,11.004748
1.0147486,0.73474854,0.43474853,0.16474853,0.08474854,-0.09525146,-0.07525147,0.20474854,0.42474854,0.60474855,0.42474854,0.60474855,0.77474856,1.0347486,0.97474855,0.23474854,-0.44525146,-0.6852515,-0.78525144,-0.44525146,0.7047485,2.1847486,4.064749,5.7247486,6.3947487,6.3847485,5.7447486,4.4547486,4.0747485,4.3047485,4.0747485,3.7647486,3.6747484,3.7147486,3.8747485,4.064749,4.4947486,5.2447486,5.5247483,5.3447485,5.0547485,5.1747484,5.6447487,6.564749,7.4247484,8.214748,8.944749,9.644749,10.514749,11.484749,12.514749,13.454748,14.174748,14.724749,15.414748,16.08475,16.814749
-1.3652514,-0.9852515,-0.89525145,-0.89525145,-0.78525144,-0.69525146,-0.65525144,-0.49525148,-0.09525146,0.40474853,1.1547486,1.4947486,1.3247485,1.1947485,1.5647485,2.2247486,2.4647486,2.3747485,1.9747485,1.5747485,1.2847486,1.2847486,1.6947485,2.5547485,3.5147486,4.6547484,6.5047483,8.954748,11.014749,11.874748,11.8447485,11.8447485,11.674748,11.314749,11.544748,11.934749,12.104749,12.004748,12.024749,12.3447485,12.794748,13.234749,13.584748,13.934749,14.334748,14.664748,15.224749,15.794748,16.554749,17.394749,18.054749,18.694748,19.24475,19.654749,19.954748,20.16475,20.474749
-2.9952514,-2.7052515,-2.4952514,-2.2452514,-1.8252515,-1.4552515,-1.3052515,-1.1052514,-0.59525144,-0.045251466,0.45474854,1.0147486,1.4047486,1.3547485,1.5347486,2.0547485,2.4347486,2.6047485,2.7047486,3.0547485,3.5447485,3.8047485,3.6947486,3.6647484,3.6947486,3.9747486,4.4647484,5.4047484,6.5247483,7.5847487,8.624748,9.584748,10.524749,11.534748,12.674748,14.114749,15.564749,17.204748,18.564749,19.84475,20.264748,20.194748,20.324749,20.784748,21.464748,22.304749,23.25475,23.91475,24.444748,24.974749,25.404749,25.75475,26.16475,26.624748,27.074749,27.404749,27.684748
-4.5952516,-4.2952514,-4.0752516,-3.7152514,-3.4652514,-2.9152515,-2.6552515,-2.3052514,-2.3952515,-2.2952514,-2.0452514,-1.7952515,-1.6952515,-1.2952515,-0.63525146,-0.07525147,0.5747485,1.5247486,2.2847486,2.5947485,2.7047486,2.9047484,3.3947484,3.9447486,4.7047486,5.3547487,5.9047484,6.3947487,6.7947483,7.2647486,7.814749,8.574749,9.194749,9.674748,10.0947485,10.584748,11.104749,11.794748,12.444749,13.104749,13.954748,14.604749,15.264749,16.014748,16.864748,17.824749,18.574749,19.554749,20.384748,21.00475,21.404749,21.944748,22.49475,22.944748,23.304749,23.404749,23.404749
-4.9052515,-4.8952513,-4.8452516,-4.9452515,-4.6552515,-4.3052516,-3.9452515,-3.8452516,-3.4952514,-3.1052516,-2.7352514,-2.4052515,-2.5052514,-2.6552515,-2.4752514,-2.1452515,-1.7152514,-1.2452514,-0.70525146,-0.14525147,0.42474854,1.0547485,1.6347486,2.2147486,2.8347485,3.3847485,3.9347486,4.5347486,5.0347486,5.6047487,6.0847487,6.4947486,6.7447486,7.0347486,7.3047485,7.5847487,7.9247484,8.284748,8.684749,9.144749,9.564749,9.894749,10.184749,10.584748,11.034748,11.534748,11.934749,12.294748,12.664748,12.994748,13.274749,13.554749,13.884748,14.204748,14.534748,14.954748,15.324749
