views/data/weather/2019/10/02/0000-wind-isobaric-70hPa-gfs-1.0.json
{"header": { "discipline":0, "disciplineName":"Meteorological products", "gribEdition":2, "gribLength":69865, "center":7, "centerName":"US National Weather Service - NCEP(WMC)", "subcenter":0, "refTime":"2019-10-02T00:00:00.000Z", "significanceOfRT":1, "significanceOfRTName":"Start of forecast", "productStatus":0, "productStatusName":"Operational products", "productType":1, "productTypeName":"Forecast products", "productDefinitionTemplate":0, "productDefinitionTemplateName":"Analysis/forecast at horizontal level/layer at a point in time", "parameterCategory":2, "parameterCategoryName":"Momentum", "parameterNumber":2, "parameterNumberName":"U-component_of_wind", "parameterUnit":"m.s-1", "genProcessType":2, "genProcessTypeName":"Forecast", "forecastTime":0, "surface1Type":100, "surface1TypeName":"Isobaric surface", "surface1Value":7000.0, "surface2Type":255, "surface2TypeName":"Missing", "surface2Value":0.0, "gridDefinitionTemplate":0, "gridDefinitionTemplateName":"Latitude_Longitude", "numberPoints":65160, "shape":6, "shapeName":"Earth spherical with radius of 6,371,229.0 m", "gridUnits":"degrees", "resolution":48, "winds":"true", "scanMode":0, "nx":360, "ny":181, "basicAngle":0, "lo1":0.0, "la1":90.0, "lo2":359.0, "la2":-90.0, "dx":1.0, "dy":1.0 }, "data":
[rows 54 to 80 of 181, columns 180 to 239 of 360]
5.0200157,4.650016,3.500016,3.280016,3.270016,3.580016,2.990016,3.9000158,1.5200158,1.4700159,1.2200159,1.2000159,1.0000159,0.35001588,0.8500159,0.42001587,0.24001586,1.3700159,1.7200159,1.7400159,0.99001586,0.36001587,1.4800159,1.9100158,3.320016,2.520016,2.3500159,3.9500158,3.4300158,3.810016,4.820016,4.940016,4.610016,5.280016,6.300016,7.0000157,6.990016,7.470016,7.2300158,7.2500157,7.700016,7.7700157,6.880016,6.440016,5.9800158,6.410016,6.860016,6.720016,7.4800158,6.680016,7.0600157,7.160016,7.240016,7.5600157,7.760016,7.700016,8.550015,8.380016,8.730016,8.430016
4.780016,3.530016,2.740016,3.4200158,3.3500159,2.4200158,2.9100158,1.3900158,1.5700159,0.88001585,1.3300159,0.93001586,0.6600159,0.26001588,-0.21998413,0.46001586,-0.5399841,-0.41998413,0.17001587,-0.019984132,0.6500159,-0.11998413,0.82001585,1.4500159,1.3300159,2.540016,2.8700159,2.770016,3.580016,4.260016,3.6000159,4.0600157,4.280016,4.920016,5.3100157,5.590016,6.010016,6.530016,6.200016,7.720016,7.650016,6.690016,6.920016,6.140016,6.360016,6.5400157,6.940016,7.440016,7.460016,7.610016,7.010016,7.120016,7.5800157,8.440016,8.640016,7.970016,7.920016,8.670016,8.610016,8.880016
3.800016,3.4400158,2.9400158,2.4800158,2.6700158,2.340016,1.0700159,1.5500159,0.74001586,1.4300159,1.8900158,0.39001587,-0.38998413,-0.86998415,0.02001587,-0.10998413,-1.1599841,-1.1599841,-0.50998414,0.57001585,0.22001587,0.7200159,0.80001587,1.2900158,1.5300158,1.8100159,1.9500159,2.4600158,2.740016,3.040016,2.6000159,3.290016,3.2000158,3.6700158,4.640016,5.090016,5.7300158,5.630016,6.160016,6.200016,5.5000157,6.160016,6.420016,6.590016,6.570016,6.650016,7.0000157,7.130016,7.370016,7.7700157,7.800016,7.5400157,7.530016,8.530016,8.290016,7.700016,7.370016,7.220016,7.3300157,6.3500156
3.500016,2.9400158,2.530016,1.5400158,0.6600159,0.76001585,0.40001586,-0.41998413,0.17001587,1.0800159,0.7300159,-0.44998413,-0.37998414,-0.73998415,-0.8999841,-1.0199841,-0.7899841,-1.5699841,-1.7799841,-0.68998414,-0.8299841,0.13001586,1.1200159,1.2200159,1.2200159,0.64001584,0.43001586,1.5400158,1.9300159,1.8400159,2.060016,2.1700158,2.090016,3.090016,3.830016,3.840016,4.0800157,4.6000156,4.380016,4.300016,4.610016,5.260016,5.8300157,6.890016,6.7300158,6.530016,6.440016,6.530016,6.670016,6.8500156,7.030016,7.8100157,7.720016,7.8100157,7.390016,6.5800157,6.260016,5.8500156,5.400016,4.880016
3.070016,3.6000159,1.3500159,0.5900159,0.17001587,-0.47998413,-0.44998413,0.18001586,0.13001586,-0.7099841,-1.8899841,-0.98998415,-0.42998412,-1.1799841,-2.2699842,-2.0599842,-0.7799841,-1.4199841,-1.8499842,-2.0999842,-0.85998416,-0.24998413,0.6000159,1.0500159,0.8500159,-0.22998413,0.21001586,1.0600159,0.6500159,0.9000159,1.6400158,1.6800159,1.9700159,2.6600158,2.570016,2.840016,2.9100158,2.6600158,2.6500158,4.150016,3.560016,4.820016,6.140016,5.670016,5.8100157,5.7900157,6.3300157,6.120016,5.940016,6.210016,7.160016,6.880016,5.940016,5.720016,5.090016,4.070016,4.490016,4.890016,4.490016,3.1000159
2.560016,1.7600158,1.0300158,-0.74998415,-0.87998414,-1.6599841,-0.5899841,0.27001587,-1.0299841,-1.3399842,-2.159984,-1.6899841,-2.2799842,-2.229984,-2.709984,-2.669984,-2.449984,-2.5699842,-1.7099842,-2.5499842,-2.419984,-1.4099841,0.05001587,-0.12998413,-0.7099841,-0.50998414,-0.8499841,-0.74998415,-0.45998412,-0.059984133,-0.32998413,0.80001587,1.2000159,1.1700158,1.7100159,1.4100158,1.4100158,2.070016,2.740016,2.7300158,3.6600158,4.0400157,4.2500157,4.210016,4.370016,5.090016,5.640016,5.3300157,5.320016,5.180016,4.910016,4.550016,5.010016,4.370016,3.2100158,3.240016,4.150016,3.780016,3.580016,3.000016
1.4300159,1.1600158,-0.8399841,-2.5899842,-1.6299841,-1.6699841,-1.3799841,-1.1699841,-2.8099842,-2.949984,-3.1499841,-3.0299842,-3.8699841,-3.5199842,-3.5599842,-3.3399842,-2.949984,-3.249984,-3.2899842,-3.7899842,-3.669984,-2.3299842,-1.4899842,-0.9799841,-2.1199841,-2.1399841,-1.4699842,-1.6199841,-2.2699842,-0.9699841,-0.10998413,-0.10998413,0.05001587,0.04001587,-0.03998413,0.5900159,0.75001585,0.82001585,1.1500158,2.070016,1.9200158,2.4100158,2.8700159,3.4600158,4.010016,3.7100158,4.030016,4.440016,4.110016,4.2500157,3.7200158,3.1400158,3.310016,2.3500159,2.1700158,3.2200158,3.1900158,2.540016,2.070016,0.5800159
0.05001587,-0.88998413,-1.4199841,-1.8899841,-1.9799842,-2.409984,-2.2899842,-2.969984,-3.169984,-4.109984,-4.139984,-4.4199843,-3.999984,-3.939984,-4.2499843,-4.129984,-4.369984,-3.699984,-3.669984,-3.5999842,-4.099984,-3.0899842,-2.509984,-2.8799841,-2.0299842,-1.9499841,-2.8799841,-2.709984,-1.7699841,-1.6499841,-2.009984,-2.0699842,-1.4599842,-1.0199841,-0.34998414,-0.23998412,0.28001586,0.5800159,0.36001587,1.2100159,1.9400159,1.8000159,1.8100159,1.6100159,2.4300158,2.810016,2.8500159,2.9500158,3.240016,3.020016,3.070016,2.7000158,2.3500159,1.6700158,2.7300158,3.040016,2.000016,0.9200159,-0.13998413,-1.3999841
-0.92998415,-2.3099842,-2.439984,-2.709984,-2.749984,-3.0999842,-3.5299842,-3.5699842,-4.059984,-5.489984,-5.279984,-4.679984,-4.289984,-5.0199842,-4.429984,-4.469984,-4.829984,-4.779984,-4.7299843,-4.329984,-4.0199842,-3.669984,-3.7899842,-3.3499842,-3.179984,-3.169984,-3.209984,-3.5299842,-3.009984,-3.0999842,-3.3499842,-3.1399841,-2.949984,-2.429984,-1.9599842,-1.0699841,-0.41998413,1.586914E-5,0.46001586,0.6600159,0.86001587,0.9200159,0.6600159,0.43001586,0.9000159,1.4200158,1.6200159,1.8600159,2.3700159,2.830016,1.7700158,1.7400159,1.8000159,0.9600159,1.2000159,1.0200158,0.07001587,-1.1899841,-1.6499841,-2.5699842
-1.9199841,-1.9399841,-2.499984,-3.8299842,-3.979984,-4.4599843,-4.839984,-5.119984,-5.139984,-6.029984,-5.549984,-5.829984,-5.4799843,-5.029984,-5.159984,-5.449984,-5.639984,-5.079984,-5.4199843,-4.559984,-4.4599843,-4.279984,-3.949984,-3.6499841,-4.2299843,-4.599984,-4.599984,-4.489984,-3.8299842,-4.199984,-3.6199841,-3.999984,-3.499984,-2.8699841,-1.5399841,-1.1099842,-0.8399841,-0.5299841,-0.20998412,0.06001587,-0.37998414,-1.0899842,-1.0599841,-0.69998413,-0.33998412,0.08001587,0.56001586,1.4200158,2.1600158,1.1100159,0.6700159,0.49001586,-0.36998412,-0.49998415,-0.69998413,-1.4599842,-2.0699842,-2.8799841,-3.1099842,-3.6199841
-2.689984,-3.689984,-4.2299843,-5.099984,-4.949984,-5.5199842,-5.619984,-6.6699843,-6.6899843,-6.679984,-6.059984,-5.599984,-5.359984,-5.739984,-5.719984,-5.489984,-5.319984,-5.4999843,-5.1499844,-4.6499844,-4.619984,-4.3999844,-4.059984,-3.8699841,-4.2499843,-4.2299843,-4.319984,-3.939984,-3.739984,-3.8799841,-3.3399842,-3.3499842,-3.2899842,-2.6199841,-2.0799842,-1.9199841,-1.3199841,-1.0799842,-0.99998415,-1.1699841,-1.4899842,-1.8399842,-1.4399841,-1.1899841,-0.6699841,-0.22998413,-0.35998413,-0.50998414,0.04001587,-0.07998413,-0.28998414,-1.0199841,-2.159984,-1.8299842,-1.9799842,-2.8099842,-3.959984,-4.329984,-4.2099843,-5.379984
-4.929984,-5.109984,-5.889984,-5.9399843,-5.9799843,-6.449984,-6.4799843,-7.049984,-6.839984,-6.8999844,-6.659984,-6.299984,-5.059984,-5.339984,-5.029984,-5.839984,-5.539984,-5.599984,-5.359984,-4.989984,-4.329984,-4.559984,-4.4599843,-4.599984,-4.489984,-4.389984,-4.319984,-5.0199842,-4.589984,-4.4399843,-4.059984,-3.5699842,-2.959984,-2.699984,-2.2799842,-2.659984,-2.3599842,-1.8599842,-1.4899842,-1.2299842,-1.7199842,-2.5199842,-2.5299842,-2.1299841,-2.199984,-1.5599841,-1.1399841,-1.0699841,-0.8999841,-2.429984,-2.8299842,-3.499984,-3.7699842,-2.8199842,-3.3099842,-4.409984,-5.199984,-4.929984,-5.409984,-6.129984
-5.859984,-6.2699842,-6.199984,-7.219984,-6.9399843,-7.2699842,-7.559984,-6.449984,-6.779984,-7.1699843,-5.759984,-4.989984,-5.049984,-5.1899843,-5.659984,-5.909984,-5.559984,-5.829984,-5.509984,-5.179984,-5.129984,-5.239984,-4.799984,-4.5199842,-4.4399843,-4.049984,-4.079984,-4.319984,-4.929984,-4.799984,-4.5199842,-4.089984,-3.239984,-3.0499842,-2.8499842,-3.209984,-2.7699842,-2.7999842,-2.3599842,-2.929984,-3.1299841,-2.979984,-3.3299842,-2.669984,-3.1299841,-2.929984,-1.9799842,-1.9199841,-2.8899841,-3.479984,-4.2299843,-3.8499842,-3.8099842,-3.499984,-4.029984,-5.569984,-5.109984,-6.009984,-6.759984,-8.9899845
-6.9999843,-6.219984,-6.279984,-8.129984,-8.079984,-7.929984,-7.539984,-7.569984,-7.9399843,-6.389984,-6.569984,-5.679984,-4.659984,-4.089984,-5.029984,-5.779984,-5.829984,-5.819984,-5.129984,-4.909984,-5.119984,-4.6899843,-4.6699843,-4.379984,-3.8799841,-3.5899842,-3.689984,-4.2299843,-4.319984,-4.219984,-3.919984,-3.3499842,-2.8899841,-3.0699842,-3.0999842,-3.5799842,-3.759984,-2.949984,-3.159984,-3.6199841,-2.699984,-2.2799842,-2.5799842,-2.719984,-2.909984,-3.479984,-3.989984,-3.479984,-3.8399842,-5.1899843,-5.069984,-4.7099843,-4.4399843,-4.429984,-4.579984,-6.119984,-7.1499844,-8.139984,-9.419984,-8.9899845
-6.969984,-6.579984,-7.129984,-8.139984,-8.199985,-8.039984,-7.969984,-8.229984,-8.119984,-7.2699842,-6.179984,-4.829984,-4.489984,-4.279984,-4.989984,-5.859984,-6.4999843,-5.9799843,-5.1699843,-4.409984,-4.5199842,-4.609984,-4.889984,-4.989984,-4.659984,-4.069984,-3.729984,-3.8999841,-4.0199842,-3.8899841,-3.0899842,-3.0499842,-2.6499841,-2.5399842,-3.2699842,-3.189984,-2.719984,-3.3899841,-3.1499841,-3.009984,-3.7999842,-3.509984,-3.0599842,-2.8599842,-3.3099842,-3.469984,-4.1699843,-4.579984,-5.799984,-5.679984,-5.599984,-5.179984,-4.869984,-4.5199842,-6.529984,-7.2299843,-8.769984,-10.2399845,-10.019984,-10.589984
-7.839984,-7.5199842,-7.6699843,-8.979984,-8.459984,-7.7099843,-8.189984,-8.369984,-7.6899843,-7.409984,-6.789984,-5.539984,-4.679984,-4.579984,-5.779984,-5.7499843,-5.619984,-5.539984,-5.429984,-4.829984,-4.879984,-5.339984,-5.639984,-5.1899843,-4.539984,-3.429984,-3.2899842,-3.919984,-3.749984,-3.5799842,-3.3999841,-3.2899842,-2.929984,-2.709984,-1.7299842,-2.169984,-2.8099842,-3.6099842,-3.479984,-3.3299842,-3.3299842,-3.8099842,-3.479984,-2.8699841,-3.749984,-4.4199843,-5.139984,-5.659984,-6.359984,-6.659984,-6.199984,-6.289984,-6.2099843,-6.8999844,-7.4999843,-8.409985,-10.689984,-11.139984,-11.209984,-12.159985
-8.259984,-8.149984,-8.029984,-8.819984,-8.459984,-7.7099843,-7.949984,-8.319984,-7.3999844,-7.369984,-6.639984,-5.639984,-5.429984,-6.039984,-5.559984,-5.4999843,-5.679984,-5.409984,-5.359984,-4.839984,-5.009984,-5.3999844,-5.639984,-4.839984,-4.239984,-4.159984,-3.709984,-3.679984,-3.1299841,-3.0999842,-3.1499841,-3.439984,-2.959984,-2.159984,-1.6299841,-2.449984,-2.8699841,-3.3799841,-3.449984,-4.4799843,-4.4399843,-4.739984,-3.719984,-4.389984,-4.279984,-4.859984,-4.9399843,-6.379984,-6.339984,-6.589984,-6.449984,-6.629984,-8.309984,-8.359984,-9.2399845,-10.869984,-11.639984,-11.929984,-13.389984,-12.979984
-8.889984,-8.229984,-8.089984,-8.389984,-9.129984,-7.9399843,-7.879984,-7.6699843,-7.409984,-7.529984,-6.609984,-5.619984,-5.119984,-5.579984,-4.889984,-5.079984,-5.7299843,-5.2299843,-6.029984,-4.779984,-4.7699842,-5.619984,-5.449984,-4.509984,-4.129984,-4.2099843,-4.059984,-4.1699843,-3.8199842,-3.6199841,-2.939984,-2.989984,-2.489984,-1.9099841,-2.259984,-2.7999842,-2.8599842,-3.3399842,-3.8799841,-4.449984,-5.779984,-4.289984,-5.4999843,-5.789984,-4.969984,-5.1899843,-6.1499844,-5.589984,-6.7099843,-6.599984,-6.739984,-7.5199842,-8.969984,-10.4899845,-10.799984,-12.429984,-12.339984,-12.9899845,-13.639984,-11.979984
-8.649984,-7.759984,-8.289984,-8.809984,-8.439984,-7.779984,-7.2299843,-7.349984,-7.559984,-7.639984,-6.9999843,-5.119984,-4.699984,-4.319984,-4.219984,-4.339984,-4.7299843,-4.539984,-4.929984,-4.469984,-4.779984,-4.469984,-3.3199842,-3.1399841,-3.189984,-3.8899841,-3.8199842,-4.059984,-4.129984,-3.3099842,-3.3599842,-3.3799841,-3.1399841,-2.3499842,-3.259984,-3.0899842,-3.1299841,-3.989984,-4.949984,-6.489984,-5.5199842,-5.719984,-6.119984,-5.9399843,-5.619984,-6.119984,-6.029984,-6.7499843,-6.7499843,-6.129984,-7.359984,-9.039984,-9.689984,-11.469984,-12.639984,-13.279984,-12.799984,-13.259984,-12.619984,-13.419984
-7.909984,-7.719984,-7.839984,-7.869984,-7.529984,-8.149984,-8.059984,-7.449984,-7.759984,-7.629984,-7.929984,-5.299984,-4.549984,-3.999984,-4.119984,-4.2099843,-5.329984,-5.329984,-5.009984,-4.679984,-4.579984,-3.939984,-2.729984,-2.439984,-2.719984,-2.929984,-3.179984,-3.5899842,-4.259984,-4.089984,-4.259984,-3.8999841,-2.5399842,-3.0299842,-4.489984,-5.0199842,-4.2499843,-5.069984,-6.309984,-6.679984,-6.079984,-6.7299843,-6.879984,-6.349984,-6.719984,-6.809984,-7.179984,-7.379984,-7.049984,-7.289984,-8.7399845,-10.509984,-10.349984,-12.299984,-14.259984,-13.459984,-13.849984,-12.609984,-12.249984,-12.759984
-7.779984,-8.359984,-8.359984,-8.139984,-8.109984,-7.849984,-7.309984,-6.679984,-6.629984,-6.9199843,-6.989984,-6.089984,-5.539984,-5.219984,-4.759984,-4.7499843,-5.679984,-6.3999844,-5.289984,-5.0199842,-4.4799843,-4.259984,-3.0499842,-2.739984,-2.679984,-3.5299842,-3.7799842,-4.629984,-5.559984,-4.779984,-4.289984,-3.5399842,-2.3099842,-3.7999842,-5.7699842,-5.599984,-6.2299843,-7.029984,-6.8999844,-6.799984,-6.739984,-7.309984,-6.889984,-6.869984,-6.4399843,-7.949984,-8.109984,-8.219984,-8.129984,-8.419984,-10.599984,-11.499984,-11.669984,-12.359984,-14.029984,-13.689984,-13.579984,-12.579984,-11.369984,-11.419984
-7.839984,-6.7099843,-7.629984,-7.4199843,-7.349984,-6.859984,-6.1699843,-6.6499844,-6.2099843,-5.539984,-5.179984,-6.049984,-5.4999843,-5.779984,-5.6899843,-5.829984,-5.609984,-5.359984,-4.369984,-4.569984,-3.5299842,-3.2899842,-3.3499842,-3.659984,-3.3199842,-4.279984,-4.389984,-6.1499844,-7.069984,-5.6699843,-3.6299841,-3.3299842,-4.2299843,-6.3999844,-6.2299843,-5.119984,-6.829984,-7.8999844,-7.759984,-6.929984,-7.2299843,-8.019984,-7.569984,-6.4599843,-6.949984,-6.409984,-8.079984,-8.029984,-8.779984,-8.959984,-10.4899845,-12.179984,-11.979984,-11.259984,-13.399984,-12.629984,-12.019984,-11.699985,-10.229984,-10.049984
-6.659984,-6.719984,-7.2099843,-7.259984,-6.379984,-6.759984,-6.299984,-6.289984,-5.7699842,-5.099984,-5.429984,-6.159984,-6.079984,-5.109984,-5.319984,-5.449984,-4.759984,-4.159984,-3.939984,-4.349984,-3.679984,-3.0399842,-3.209984,-4.089984,-4.079984,-5.029984,-5.9799843,-7.7499843,-6.759984,-4.629984,-3.7699842,-3.499984,-5.549984,-7.1899843,-5.9999843,-5.829984,-7.449984,-7.239984,-8.189984,-7.779984,-8.659985,-8.479984,-6.7699842,-5.759984,-6.049984,-7.309984,-8.459984,-9.269984,-9.599984,-9.669984,-11.549984,-12.969984,-11.799984,-10.639984,-11.039984,-11.259984,-11.749984,-10.529984,-7.909984,-8.369984
-5.7499843,-6.339984,-6.379984,-5.609984,-5.4799843,-6.329984,-6.289984,-6.099984,-5.389984,-6.129984,-6.819984,-6.579984,-5.9999843,-5.4799843,-5.739984,-4.859984,-4.549984,-3.949984,-4.489984,-4.179984,-3.8499842,-3.8599842,-4.4199843,-4.159984,-4.529984,-4.9599843,-7.779984,-6.9399843,-6.489984,-4.809984,-3.5399842,-4.069984,-5.739984,-6.639984,-4.9199843,-6.569984,-7.279984,-6.889984,-6.759984,-7.569984,-9.369984,-8.199985,-7.389984,-5.129984,-6.179984,-7.449984,-9.719984,-9.329984,-10.119984,-10.629984,-11.769984,-12.149984,-11.7399845,-10.119984,-9.709984,-9.7399845,-10.849984,-9.469984,-7.119984,-7.679984
-4.679984,-5.2299843,-4.529984,-4.099984,-4.119984,-4.859984,-5.3999844,-5.6899843,-5.359984,-5.509984,-5.389984,-5.4399843,-5.259984,-5.949984,-5.879984,-5.369984,-3.949984,-4.789984,-3.8299842,-3.5299842,-3.479984,-4.049984,-4.889984,-4.9599843,-5.4599843,-6.809984,-6.929984,-5.819984,-7.159984,-6.629984,-4.779984,-4.679984,-4.159984,-5.7499843,-5.569984,-3.689984,-5.659984,-5.1899843,-7.6699843,-7.559984,-9.079984,-8.029984,-8.379984,-5.619984,-5.7099843,-8.409985,-9.479984,-9.749984,-10.789984,-11.169984,-11.159985,-10.839984,-10.769984,-9.639984,-8.579984,-8.7399845,-8.979984,-7.609984,-7.099984,-6.2499843
-2.189984,-3.1199841,-2.249984,-1.9499841,-2.249984,-3.2799842,-2.679984,-3.489984,-3.3699841,-2.8099842,-2.8299842,-2.8999841,-3.8199842,-4.579984,-4.8999844,-5.159984,-4.839984,-4.1899843,-3.929984,-3.169984,-3.8899841,-4.639984,-4.9399843,-5.3999844,-5.599984,-7.319984,-6.7499843,-6.389984,-7.179984,-6.4999843,-4.9799843,-5.379984,-4.839984,-5.1499844,-3.6299841,-4.179984,-5.799984,-3.169984,-6.829984,-6.509984,-9.819984,-8.109984,-8.529984,-6.989984,-6.539984,-9.279984,-10.179984,-9.809984,-10.139984,-10.189984,-10.539984,-11.379984,-10.149984,-9.709984,-9.249984,-8.259984,-7.329984,-7.279984,-5.509984,-4.359984
-0.5999841,-0.55998415,-0.15998413,0.86001587,0.80001587,0.87001586,0.20001587,-0.8299841,0.0100158695,-1.1099842,-0.56998414,-0.39998412,-1.1799841,-2.999984,-3.3499842,-3.7999842,-4.7299843,-3.1099842,-2.659984,-3.7699842,-3.239984,-3.6099842,-5.759984,-5.6899843,-5.639984,-6.329984,-6.4999843,-7.279984,-7.049984,-6.449984,-5.429984,-4.2699842,-5.1699843,-4.909984,-3.689984,-2.3299842,-3.449984,-3.0399842,-4.329984,-5.7299843,-8.199985,-7.489984,-8.7399845,-6.359984,-7.839984,-9.289984,-10.2399845,-9.459984,-8.939984,-10.119984,-10.579984,-10.619984,-9.4899845,-8.579984,-8.809984,-7.4399843,-7.6499844,-7.349984,-6.1499844,-5.7499843
