views/data/weather/2019/10/02/0000-wind-isobaric-70hPa-gfs-1.0.json
{"header": { "discipline":0, "disciplineName":"Meteorological products", "gribEdition":2, "gribLength":67665, "center":7, "centerName":"US National Weather Service - NCEP(WMC)", "subcenter":0, "refTime":"2019-10-02T00:00:00.000Z", "significanceOfRT":1, "significanceOfRTName":"Start of forecast", "productStatus":0, "productStatusName":"Operational products", "productType":1, "productTypeName":"Forecast products", "productDefinitionTemplate":0, "productDefinitionTemplateName":"Analysis/forecast at horizontal level/layer at a point in time", "parameterCategory":2, "parameterCategoryName":"Momentum", "parameterNumber":3, "parameterNumberName":"V-component_of_wind", "parameterUnit":"m.s-1", "genProcessType":2, "genProcessTypeName":"Forecast", "forecastTime":0, "surface1Type":100, "surface1TypeName":"Isobaric surface", "surface1Value":7000.0, "surface2Type":255, "surface2TypeName":"Missing", "surface2Value":0.0, "gridDefinitionTemplate":0, "gridDefinitionTemplateName":"Latitude_Longitude", "numberPoints":65160, "shape":6, "shapeName":"Earth spherical with radius of 6,371,229.0 m", "gridUnits":"degrees", "resolution":48, "winds":"true", "scanMode":0, "nx":360, "ny":181, "basicAngle":0, "lo1":0.0, "la1":90.0, "lo2":359.0, "la2":-90.0, "dx":1.0, "dy":1.0 }, "data":
[rows 0 to 25 of 181, columns 0 to 57 of 360]
-4.151738,-4.151738,-4.151738,-4.151738,-4.151738,-4.151738,-4.1417384,-4.1417384,-4.131738,-4.131738,-4.1217384,-4.111738,-4.1017385,-4.091738,-4.0717382,-4.0617385,-4.0417385,-4.0317383,-4.0117383,-3.9917383,-3.9717383,-3.9517384,-3.9217384,-3.9017382,-3.8717382,-3.8517382,-3.8217382,-3.7917383,-3.7617383,-3.7317383,-3.7017384,-3.6617384,-3.6317382,-3.5917382,-3.5617383,-3.5217383,-3.4817383,-3.4417384,-3.4017382,-3.3617382,-3.3117383,-3.2717383,-3.2217383,-3.1817384,-3.1317382,-3.0817382,-3.0317383,-2.9817383,-2.9317384,-2.8817382,-2.8317382,-2.7717383,-2.7217383,-2.6617384,-2.6117382,-2.5517383,-2.4917383,-2.4417384
-4.2917385,-4.3017383,-4.3217382,-4.3317385,-4.3317385,-4.341738,-4.3517385,-4.3517385,-4.3517385,-4.3517385,-4.341738,-4.3317385,-4.3217382,-4.3117385,-4.3017383,-4.2817383,-4.271738,-4.251738,-4.2217383,-4.2017384,-4.1817384,-4.151738,-4.131738,-4.1017385,-4.0717382,-4.0517383,-4.0117383,-3.9817383,-3.9517384,-3.9117384,-3.8817382,-3.8417382,-3.8017383,-3.7617383,-3.7217383,-3.6817384,-3.6417382,-3.5917382,-3.5517383,-3.5117383,-3.4717383,-3.4217384,-3.3817382,-3.3417382,-3.2917383,-3.2517383,-3.2117383,-3.1717384,-3.1417382,-3.1017382,-3.0717382,-3.0317383,-3.0017383,-2.9617383,-2.9317384,-2.9017382,-2.8617382,-2.8317382
-4.401738,-4.4117384,-4.4117384,-4.4117384,-4.4117384,-4.401738,-4.3917384,-4.3717384,-4.361738,-4.341738,-4.3217382,-4.3017383,-4.2817383,-4.2617383,-4.231738,-4.211738,-4.1817384,-4.1617384,-4.1417384,-4.1217384,-4.111738,-4.1017385,-4.0817385,-4.0717382,-4.0617385,-4.0417385,-4.021738,-4.001738,-3.9717383,-3.9517384,-3.9117384,-3.8717382,-3.8317382,-3.7917383,-3.7417383,-3.7117383,-3.6717384,-3.6517382,-3.6317382,-3.6017382,-3.5717382,-3.5517383,-3.5417383,-3.5217383,-3.5017383,-3.4817383,-3.4517384,-3.4317384,-3.4017382,-3.3617382,-3.3317382,-3.2917383,-3.2517383,-3.2217383,-3.1717384,-3.1217382,-3.0717382,-3.0117383
-4.7417383,-4.7417383,-4.7417383,-4.751738,-4.751738,-4.751738,-4.751738,-4.7417383,-4.7417383,-4.731738,-4.7217383,-4.711738,-4.691738,-4.6817384,-4.6617384,-4.6417384,-4.6217384,-4.611738,-4.591738,-4.5817385,-4.5717382,-4.5517383,-4.5417385,-4.5317383,-4.521738,-4.5117383,-4.4917383,-4.481738,-4.4517384,-4.421738,-4.3917384,-4.3717384,-4.341738,-4.3117385,-4.2817383,-4.2417383,-4.2017384,-4.1617384,-4.1217384,-4.0717382,-4.0117383,-3.9417384,-3.8717382,-3.7917383,-3.7217383,-3.6417382,-3.5717382,-3.5017383,-3.4317384,-3.3717382,-3.3117383,-3.2617383,-3.2117383,-3.1717384,-3.1317382,-3.0817382,-3.0417383,-2.9917383
-5.3717384,-5.3517385,-5.3317385,-5.3317385,-5.341738,-5.361738,-5.381738,-5.3917384,-5.401738,-5.3717384,-5.3317385,-5.3017383,-5.2617383,-5.251738,-5.2417383,-5.2417383,-5.2417383,-5.231738,-5.2217383,-5.211738,-5.2017384,-5.211738,-5.211738,-5.2217383,-5.2217383,-5.2017384,-5.171738,-5.131738,-5.0717382,-5.001738,-4.9317384,-4.8517385,-4.7817383,-4.7017384,-4.6217384,-4.5517383,-4.4717383,-4.401738,-4.3217382,-4.251738,-4.171738,-4.111738,-4.0517383,-4.001738,-3.9617383,-3.9217384,-3.8717382,-3.8217382,-3.7517383,-3.6617384,-3.5717382,-3.4617383,-3.3517382,-3.2417383,-3.1217382,-3.0017383,-2.8617382,-2.7317383
-6.2417383,-6.2417383,-6.2417383,-6.231738,-6.231738,-6.2417383,-6.2417383,-6.2217383,-6.1817384,-6.131738,-6.0817385,-6.0517383,-6.0317383,-6.0617385,-6.0817385,-6.1217384,-6.131738,-6.1417384,-6.111738,-6.0717382,-6.021738,-5.9317384,-5.841738,-5.7217383,-5.6217384,-5.5417385,-5.4717383,-5.421738,-5.361738,-5.2917385,-5.2017384,-5.1217384,-5.0417385,-4.9717383,-4.8917384,-4.8117385,-4.7217383,-4.631738,-4.5517383,-4.461738,-4.3917384,-4.3117385,-4.2417383,-4.171738,-4.091738,-3.9917383,-3.9217384,-3.8217382,-3.7417383,-3.6617384,-3.5717382,-3.5017383,-3.4217384,-3.3417382,-3.2517383,-3.1317382,-3.0217383,-2.9017382
-7.0417385,-7.0317383,-7.021738,-7.0117383,-7.021738,-7.0517383,-7.0817385,-7.091738,-7.0617385,-7.021738,-6.9517384,-6.881738,-6.8017383,-6.711738,-6.6217384,-6.521738,-6.4117384,-6.271738,-6.1417384,-6.0417385,-5.961738,-5.9117384,-5.861738,-5.8117385,-5.751738,-5.6817384,-5.6417384,-5.631738,-5.631738,-5.6217384,-5.5717382,-5.4917383,-5.3917384,-5.2817383,-5.1617384,-5.0617385,-4.9717383,-4.881738,-4.771738,-4.631738,-4.4717383,-4.3117385,-4.171738,-4.0517383,-3.9517384,-3.8617382,-3.7717383,-3.6717384,-3.5517383,-3.4117384,-3.2517383,-3.1017382,-2.9517384,-2.8317382,-2.7217383,-2.6317382,-2.5617383,-2.5117383
-7.6217384,-7.5717382,-7.5517383,-7.5517383,-7.5817385,-7.5817385,-7.521738,-7.401738,-7.2817383,-7.211738,-7.191738,-7.191738,-7.1617384,-7.1017385,-7.001738,-6.8917384,-6.7617383,-6.631738,-6.5117383,-6.4317384,-6.3717384,-6.3317385,-6.2917385,-6.2617383,-6.2417383,-6.231738,-6.231738,-6.2017384,-6.131738,-6.001738,-5.8517385,-5.7017384,-5.5717382,-5.4317384,-5.2917385,-5.131738,-4.9917383,-4.8717384,-4.7917385,-4.7017384,-4.6417384,-4.5717382,-4.481738,-4.3717384,-4.2017384,-4.001738,-3.7917383,-3.6017382,-3.4317384,-3.2717383,-3.1217382,-2.9917383,-2.8817382,-2.8217382,-2.7417383,-2.6417382,-2.5217383,-2.3717382
-7.771738,-7.751738,-7.771738,-7.8217382,-7.861738,-7.8317385,-7.7217383,-7.6017385,-7.521738,-7.421738,-7.2817383,-7.151738,-7.0717382,-7.0417385,-7.0617385,-7.0817385,-7.0517383,-6.9917383,-6.881738,-6.771738,-6.6217384,-6.481738,-6.3717384,-6.271738,-6.2017384,-6.151738,-6.1017385,-6.0317383,-5.9317384,-5.8017383,-5.691738,-5.591738,-5.521738,-5.461738,-5.421738,-5.381738,-5.3317385,-5.2817383,-5.171738,-5.0317383,-4.861738,-4.7017384,-4.5317383,-4.3717384,-4.2417383,-4.131738,-4.021738,-3.8617382,-3.6417382,-3.4017382,-3.1417382,-2.8717382,-2.5917382,-2.3017383,-2.0317383,-1.7617383,-1.5417383,-1.3317382
-8.341739,-8.261738,-8.251739,-8.251739,-8.211739,-8.141738,-8.0417385,-7.881738,-7.6417384,-7.381738,-7.2217383,-7.151738,-7.0817385,-7.001738,-6.8917384,-6.8117385,-6.751738,-6.7017384,-6.6617384,-6.6617384,-6.671738,-6.6417384,-6.5717382,-6.5117383,-6.4717383,-6.4517384,-6.4317384,-6.401738,-6.3317385,-6.191738,-6.0117383,-5.8117385,-5.611738,-5.3917384,-5.111738,-4.8017383,-4.4717383,-4.211738,-4.0417385,-3.9117384,-3.8117383,-3.7117383,-3.6217382,-3.5117383,-3.3517382,-3.1917384,-3.0117383,-2.8317382,-2.6217382,-2.4417384,-2.3117383,-2.1617384,-2.0217383,-1.8917383,-1.7417383,-1.5517383,-1.3717383,-1.1717383
-9.031738,-9.011738,-8.981738,-8.861738,-8.721738,-8.581738,-8.401738,-8.181738,-7.9717383,-7.751738,-7.5517383,-7.4317384,-7.4117384,-7.4517384,-7.481738,-7.461738,-7.381738,-7.251738,-7.1417384,-7.0417385,-6.941738,-6.771738,-6.5417385,-6.3217382,-6.1417384,-5.9717383,-5.7817383,-5.591738,-5.421738,-5.2017384,-4.941738,-4.611738,-4.3017383,-4.0117383,-3.7117383,-3.5017383,-3.4517384,-3.4617383,-3.4317384,-3.3117383,-3.1217382,-2.9317384,-2.7617383,-2.6217382,-2.5617383,-2.5317383,-2.4917383,-2.4317384,-2.3517382,-2.2117383,-2.0917382,-1.9517382,-1.8217382,-1.6917382,-1.5017383,-1.2617383,-1.0717382,-0.92173827
-9.211739,-9.231738,-9.181738,-9.171739,-9.101738,-8.891738,-8.651738,-8.511738,-8.371738,-8.281738,-8.211739,-8.051739,-7.921738,-7.8117385,-7.6417384,-7.441738,-7.211738,-7.0617385,-6.9517384,-6.8317385,-6.521738,-6.1217384,-5.7917385,-5.5317383,-5.1817384,-4.7817383,-4.461738,-4.2217383,-3.9917383,-3.7817383,-3.6017382,-3.4817383,-3.4417384,-3.4817383,-3.5217383,-3.5217383,-3.5317383,-3.5617383,-3.6017382,-3.5517383,-3.4217384,-3.2117383,-2.9817383,-2.7417383,-2.5217383,-2.3917382,-2.3917382,-2.4417384,-2.4317384,-2.3917382,-2.3517382,-2.2717383,-2.0817382,-1.7917383,-1.4517382,-1.1417383,-0.8417383,-0.5817383
-9.381739,-9.531738,-9.651738,-9.531738,-9.201738,-8.821738,-8.581738,-8.411738,-8.261738,-8.081738,-7.9117384,-7.651738,-7.4117384,-7.3017383,-7.0817385,-6.841738,-6.6817384,-6.4317384,-6.1617384,-5.9517384,-5.711738,-5.4517384,-5.271738,-5.131738,-4.981738,-4.771738,-4.5417385,-4.271738,-4.0317383,-3.9217384,-3.8517382,-3.7917383,-3.7517383,-3.7617383,-3.7917383,-3.7917383,-3.7017384,-3.6017382,-3.4817383,-3.3317382,-3.2317383,-3.1817384,-3.1517382,-3.1217382,-3.1017382,-3.0717382,-2.9717383,-2.7817383,-2.5117383,-2.2817383,-2.1317382,-2.0317383,-2.0117383,-1.9517382,-1.8117383,-1.6617383,-1.5017383,-1.2917383
-9.5417385,-9.551739,-9.531738,-9.361738,-8.981738,-8.671739,-8.441738,-8.281738,-8.141738,-7.8717384,-7.631738,-7.521738,-7.2917385,-7.0517383,-6.7617383,-6.441738,-6.151738,-5.8317385,-5.5117383,-5.251738,-5.0617385,-4.8217382,-4.6217384,-4.501738,-4.3717384,-4.231738,-4.111738,-3.9917383,-3.9117384,-3.8517382,-3.8017383,-3.7517383,-3.6717384,-3.6417382,-3.6217382,-3.5117383,-3.3717382,-3.2617383,-3.1717384,-3.1317382,-3.0617383,-2.9517384,-2.7917383,-2.6317382,-2.5117383,-2.4117384,-2.4017382,-2.4217384,-2.3917382,-2.3317382,-2.2717383,-2.1917384,-2.0317383,-1.8617383,-1.6517383,-1.4317383,-1.2717383,-1.1517383
-9.061738,-9.001739,-8.911738,-8.741738,-8.431738,-8.101738,-7.751738,-7.6017385,-7.5517383,-7.4717383,-7.2917385,-7.111738,-6.961738,-6.8317385,-6.6417384,-6.3017383,-5.9717383,-5.611738,-5.2917385,-5.001738,-4.7617383,-4.591738,-4.501738,-4.3517385,-4.171738,-4.021738,-3.8017383,-3.5217383,-3.2917383,-3.1117382,-3.0117383,-2.9117384,-2.8517382,-2.9017382,-2.9817383,-3.0217383,-3.0817382,-3.1517382,-3.1917384,-3.1817384,-3.1317382,-3.0517383,-3.0417383,-3.0717382,-3.0217383,-2.9017382,-2.7217383,-2.4917383,-2.1617384,-1.8517383,-1.5917382,-1.4117383,-1.3117383,-1.2417383,-1.1417383,-1.0917382,-1.0917382,-1.1217383
-9.001739,-8.731738,-8.521738,-8.311738,-8.011738,-7.6817384,-7.381738,-7.2217383,-6.9517384,-6.6817384,-6.591738,-6.501738,-6.4117384,-6.1817384,-5.901738,-5.7017384,-5.611738,-5.501738,-5.171738,-4.8517385,-4.7217383,-4.5117383,-4.3117385,-4.1817384,-4.151738,-3.9817383,-3.6117382,-3.4217384,-3.4517384,-3.4517384,-3.3117383,-3.2217383,-3.2117383,-3.2117383,-3.2317383,-3.2717383,-3.3117383,-3.2917383,-3.2317383,-3.1317382,-3.1017382,-3.1117382,-3.1017382,-2.9517384,-2.7917383,-2.6617384,-2.5717382,-2.5617383,-2.5217383,-2.3917382,-2.2517383,-1.9917383,-1.6017383,-1.3217382,-1.2017382,-1.1217383,-0.98173827,-0.9017383
-9.171739,-8.921739,-8.591739,-8.301739,-8.011738,-7.7617383,-7.4717383,-7.3317385,-7.2017384,-7.0317383,-6.841738,-6.8117385,-6.861738,-6.7417383,-6.4117384,-6.0417385,-5.8017383,-5.611738,-5.341738,-5.111738,-4.9317384,-4.5817385,-4.2017384,-4.001738,-3.8117383,-3.5117383,-3.2717383,-3.1717384,-3.1417382,-3.1517382,-3.1517382,-3.1617384,-3.1217382,-3.0517383,-3.0117383,-2.9417384,-2.8217382,-2.7417383,-2.7117383,-2.6417382,-2.5417383,-2.3617382,-2.1917384,-2.1417382,-2.0117383,-1.8417382,-1.7317383,-1.6717383,-1.6817383,-1.4717383,-1.3317382,-1.3117383,-1.1817383,-1.0817382,-1.2217383,-1.3717383,-1.4917383,-1.6717383
-9.511738,-9.411738,-9.031738,-8.771738,-8.441738,-8.211739,-8.151738,-7.881738,-7.341738,-6.841738,-6.6617384,-6.5717382,-6.3217382,-5.8917384,-5.3017383,-4.8217382,-4.5717382,-4.2917385,-3.8917382,-3.6317382,-3.5517383,-3.6217382,-3.6017382,-3.4317384,-3.2617383,-3.2117383,-3.1717384,-2.9417384,-2.6017382,-2.3717382,-2.3517382,-2.4917383,-2.5917382,-2.6417382,-2.6817384,-2.6517382,-2.5717382,-2.4717383,-2.3417382,-2.2217383,-2.1117382,-2.0417383,-1.9717383,-1.9017383,-1.9017383,-1.8217382,-1.7217383,-1.6217383,-1.5817382,-1.5817382,-1.5117383,-1.4517382,-1.3617383,-1.2017382,-1.1717383,-1.1917382,-1.3017383,-1.4317383
-10.131739,-9.701738,-9.091739,-8.491738,-7.8217382,-7.2917385,-6.861738,-6.5817385,-6.231738,-5.8017383,-5.4117384,-4.961738,-4.5417385,-4.0517383,-3.5917382,-3.3317382,-3.3717382,-3.5117383,-3.6217382,-3.6217382,-3.5017383,-3.3217382,-3.1317382,-3.0317383,-2.9317384,-2.7417383,-2.4817383,-2.2117383,-1.9817383,-1.8117383,-1.7417383,-1.8417382,-1.9917383,-2.1117382,-2.2117383,-2.2817383,-2.2517383,-2.2017384,-2.1517382,-2.2017384,-2.2317383,-2.2017384,-2.1117382,-2.0517383,-2.0017383,-1.9217383,-1.8017383,-1.7217383,-1.5917382,-1.6717383,-1.8217382,-1.8217382,-1.7617383,-1.7217383,-1.5517383,-1.3117383,-1.1217383,-1.0117383
-9.0417385,-8.451738,-7.7817383,-7.171738,-6.901738,-6.631738,-6.631738,-6.461738,-6.021738,-5.501738,-5.091738,-4.731738,-4.0517383,-3.3617382,-3.0117383,-2.7517383,-2.5017383,-2.2117383,-1.9317383,-1.7817383,-1.9817383,-2.3617382,-2.5217383,-2.3817382,-2.1317382,-1.8817383,-1.7117382,-1.5417383,-1.5017383,-1.5617383,-1.6517383,-1.6117383,-1.5917382,-1.6117383,-1.5017383,-1.5117383,-1.4517382,-1.3917383,-1.3017383,-1.1417383,-0.9517383,-0.7117383,-0.5417383,-0.6417383,-0.62173826,-0.47173828,-0.37173828,-0.19173828,0.01826172,-0.08173828,-0.3017383,-0.31173828,-0.3617383,-0.45173827,-0.38173828,-0.45173827,-0.67173827,-0.7517383
-8.561738,-8.131739,-7.861738,-7.6417384,-7.2617383,-6.8517385,-6.481738,-5.921738,-5.4517384,-4.861738,-4.3717384,-3.8617382,-3.2017384,-2.8517382,-2.6417382,-2.2317383,-1.7217383,-1.3317382,-1.1917382,-1.4017383,-1.8217382,-2.0417383,-2.0417383,-1.8617383,-1.9217383,-1.9817383,-1.9417382,-1.7217383,-1.4517382,-1.2617383,-1.2017382,-1.1517383,-0.9617383,-0.81173825,-0.5317383,-0.21173829,0.03826172,0.01826172,-0.16173828,-0.3317383,-0.25173828,-0.26173827,-0.10173828,0.07826172,0.40826172,0.5282617,0.50826174,0.5282617,0.43826172,0.19826172,0.12826172,-0.07173828,-0.22173828,-0.3317383,-0.42173827,-0.7117383,-1.1017383,-1.3417382
-8.301739,-7.9117384,-7.5717382,-7.1017385,-6.5517383,-6.1017385,-5.711738,-5.231738,-4.7017384,-4.481738,-4.3517385,-4.381738,-4.251738,-3.7617383,-3.1717384,-2.5917382,-2.2317383,-2.0617383,-2.2517383,-2.4017382,-2.1217382,-1.6817383,-1.3717383,-1.1917382,-0.9117383,-0.6317383,-0.56173825,-0.5117383,-0.38173828,-0.20173828,-0.05173828,0.12826172,0.16826172,0.048261717,-0.03173828,-0.15173829,-0.37173828,-0.4617383,-0.37173828,-0.10173828,-0.011738282,-0.0017382812,-0.05173828,-0.15173829,-0.05173828,0.09826172,0.15826172,0.40826172,0.5382617,0.24826172,-0.11173828,-0.24173827,-0.74173826,-0.74173826,-0.8317383,-1.2517383,-1.4517382,-1.6017383
-8.371738,-8.081738,-7.6617384,-6.961738,-6.3717384,-6.151738,-5.9717383,-5.6817384,-5.3017383,-5.1017385,-4.8217382,-4.4117384,-4.0717382,-3.6017382,-2.8817382,-2.1017382,-1.7817383,-1.5817382,-1.5717382,-1.2317383,-1.1217383,-1.4517382,-1.4417382,-1.2217383,-0.86173826,-0.9017383,-0.9517383,-0.80173826,-0.67173827,-0.7217383,-0.8317383,-0.86173826,-0.8417383,-0.7817383,-0.7217383,-0.7817383,-0.81173825,-0.7817383,-0.81173825,-0.7117383,-0.55173826,-0.24173827,-0.18173829,-0.05173828,0.20826171,0.3882617,0.40826172,0.48826173,0.4182617,0.33826172,0.3482617,-0.20173828,-0.29173827,-0.14173828,-0.7517383,-0.6417383,-1.0517383,-1.2717383
-8.0417385,-8.471738,-8.341739,-7.4317384,-6.611738,-6.3217382,-5.9917383,-5.691738,-5.021738,-4.421738,-4.1817384,-3.8717382,-3.0617383,-2.2317383,-2.0517383,-1.6217383,-0.87173826,-0.73173827,-1.0117383,-1.4517382,-1.5717382,-1.5717382,-1.6717383,-1.7417383,-1.9317383,-1.7617383,-1.4017383,-1.2717383,-0.74173826,-0.6017383,-0.41173828,-0.37173828,-0.3917383,-0.5217383,-0.34173828,-0.17173828,-0.08173828,-0.121738285,-0.11173828,0.01826172,0.19826172,0.09826172,0.02826172,0.09826172,0.11826172,0.12826172,0.088261716,0.27826172,0.4782617,0.42826173,0.45826173,0.40826172,0.11826172,-0.26173827,-0.32173827,-0.4017383,-0.5917383,-0.8417383
-8.421739,-7.7617383,-7.4517384,-7.151738,-6.711738,-6.171738,-5.4517384,-4.961738,-4.5817385,-4.0617385,-3.5417383,-3.0317383,-2.4117384,-1.9917383,-1.8417382,-1.7917383,-1.4817383,-1.4017383,-1.4117383,-1.4517382,-1.6817383,-1.6517383,-1.2917383,-1.1217383,-1.3117383,-0.9517383,-0.3917383,-0.67173827,-1.0617383,-1.4417382,-1.5017383,-1.2717383,-0.73173827,0.01826172,0.5582617,0.6582617,0.4782617,0.9882617,1.5682617,1.5382618,1.4582617,1.4682617,1.3682617,1.5082617,1.2782617,1.1182617,1.2582617,1.3982617,1.3982617,1.3782617,1.0482618,0.7282617,0.42826173,0.11826172,0.048261717,-0.25173828,-0.42173827,-0.5017383
-8.011738,-7.591738,-7.151738,-7.0117383,-6.441738,-5.691738,-4.881738,-4.1817384,-4.021738,-3.8517382,-3.7517383,-3.4117384,-3.1817384,-2.7517383,-2.4017382,-2.1517382,-1.9717383,-1.8617383,-2.0517383,-2.1117382,-1.7017382,-2.0717382,-2.3017383,-1.6217383,-1.2717383,-1.2017382,-0.8417383,-0.6317383,-0.9617383,-0.5117383,-0.19173828,-0.05173828,0.33826172,0.5482617,0.6582617,0.56826174,0.49826172,0.51826173,0.68826175,0.9582617,0.9182617,0.8982617,0.69826174,0.7482617,0.8682617,0.9682617,1.1482617,1.4782617,1.7982618,1.8782617,1.6382617,1.2182617,0.8082617,0.6482617,0.68826175,0.3582617,-0.011738282,-0.31173828
