views/data/weather/2019/10/02/0000-wind-isobaric-700hPa-gfs-1.0.json
{"header": { "discipline":0, "disciplineName":"Meteorological products", "gribEdition":2, "gribLength":79323, "center":7, "centerName":"US National Weather Service - NCEP(WMC)", "subcenter":0, "refTime":"2019-10-02T00:00:00.000Z", "significanceOfRT":1, "significanceOfRTName":"Start of forecast", "productStatus":0, "productStatusName":"Operational products", "productType":1, "productTypeName":"Forecast products", "productDefinitionTemplate":0, "productDefinitionTemplateName":"Analysis/forecast at horizontal level/layer at a point in time", "parameterCategory":2, "parameterCategoryName":"Momentum", "parameterNumber":3, "parameterNumberName":"V-component_of_wind", "parameterUnit":"m.s-1", "genProcessType":2, "genProcessTypeName":"Forecast", "forecastTime":0, "surface1Type":100, "surface1TypeName":"Isobaric surface", "surface1Value":70000.0, "surface2Type":255, "surface2TypeName":"Missing", "surface2Value":0.0, "gridDefinitionTemplate":0, "gridDefinitionTemplateName":"Latitude_Longitude", "numberPoints":65160, "shape":6, "shapeName":"Earth spherical with radius of 6,371,229.0 m", "gridUnits":"degrees", "resolution":48, "winds":"true", "scanMode":0, "nx":360, "ny":181, "basicAngle":0, "lo1":0.0, "la1":90.0, "lo2":359.0, "la2":-90.0, "dx":1.0, "dy":1.0 }, "data":
[rows 52 to 77 of 181, columns 232 to 289 of 360]
-7.895906,-9.275906,-9.875906,-11.015905,-10.275906,-9.045906,-6.6559057,-6.665906,-0.24590576,-1.6159058,-3.0659058,-2.2359056,2.2540941,2.7940943,5.7840943,6.124094,7.0340943,10.114094,9.724094,11.794094,6.464094,5.544094,10.784094,8.634094,8.924094,3.7140942,9.434094,7.1640944,9.284094,13.434094,14.174094,13.424094,12.574094,13.824094,13.534094,13.074094,12.634094,10.544094,8.704094,5.4340944,2.6740942,1.3340943,-0.68590575,-0.98590577,-1.0859058,-2.8359058,-4.0459056,-6.2359056,-3.8659058,-5.7559056,-6.1059055,-6.935906,-7.0859056,-7.555906,-5.825906,-5.7959056,-5.7759056,-5.1959057
-7.9659057,-9.685905,-9.165906,-10.745906,-10.605906,-8.855906,-7.2559056,-7.1759057,-4.535906,0.04409424,-0.16590576,-0.54590577,1.7840942,3.3740942,9.264094,3.1440942,6.3640943,7.374094,7.084094,8.014094,6.3940945,5.8240943,8.724094,7.924094,14.464094,7.8040943,7.5940943,9.484095,15.414094,12.284094,12.684094,11.024095,12.864094,12.404095,12.564095,11.554094,10.6040945,10.584094,7.504094,4.0340943,1.8240943,0.56409425,0.62409425,-0.73590577,-2.5859058,-4.615906,-2.3859057,-4.7759056,-7.395906,-7.4259057,-8.245906,-7.9859056,-7.145906,-5.9059057,-7.205906,-5.435906,-2.9459057,-3.3259058
-7.125906,-9.255906,-9.875906,-9.545906,-10.075906,-9.235906,-8.325906,-7.5659056,-3.9459057,-3.0859058,1.2440943,-1.6959058,1.6140943,7.924094,6.444094,8.094094,8.224094,7.654094,10.764094,8.584094,7.5540943,5.944094,8.474094,7.274094,8.034094,5.904094,5.794094,9.974094,14.384094,12.124094,11.984095,10.644094,12.554094,12.394094,10.724094,8.984095,8.034094,8.044094,6.8940945,3.1640942,2.0740943,1.4040942,0.68409425,0.22409424,-2.4759057,-3.5359058,-5.125906,-7.455906,-6.7159057,-8.745906,-9.935905,-8.095905,-8.1459055,-9.305905,-7.225906,-3.8859057,-2.3859057,-2.4859056
-6.9259057,-7.8159056,-8.845905,-8.935905,-8.095905,-9.125906,-9.165906,-7.2959056,-3.8559058,-4.225906,-4.2359056,-1.8759058,2.3340943,3.0640943,9.3540945,11.3540945,8.814095,11.804094,8.514094,7.564094,4.964094,7.524094,6.924094,5.694094,3.5440943,6.7240944,12.594094,11.784094,11.954094,8.924094,10.584094,11.924094,11.6040945,10.644094,9.914094,8.444095,6.5540943,5.734094,6.1840944,2.9340942,4.7240944,2.6440942,1.8540943,0.6640942,-3.3759058,-5.4259057,-7.9659057,-7.745906,-7.975906,-8.615906,-9.235906,-10.165906,-9.965906,-7.3559055,-5.995906,-2.1759057,-1.3859057,-3.0359058
-7.1559057,-6.475906,-7.225906,-7.395906,-6.8359056,-6.2959056,-6.8359056,-7.7159057,-6.265906,-3.1259058,-1.0059057,-0.015905762,1.1740942,5.924094,10.534094,12.244094,9.964094,9.224094,9.704094,8.994094,5.9940944,6.6640944,2.7340941,2.0740943,4.884094,13.294094,11.814095,11.8540945,6.774094,9.874094,7.6440945,9.794094,9.944095,11.174094,9.984095,8.154095,6.6640944,5.654094,5.194094,4.524094,3.7840943,2.1840942,0.36409423,-2.0859058,-3.8259058,-6.325906,-6.285906,-7.1759057,-8.1459055,-9.435905,-12.825906,-11.455906,-6.095906,-5.455906,-4.3559055,-4.095906,-3.6059058,-2.5859058
-5.8359056,-5.825906,-6.265906,-6.4259057,-6.2359056,-5.785906,-5.6359057,-4.725906,-3.3959057,-0.76590574,0.27409422,1.0240942,4.104094,7.7840943,10.1040945,9.024095,10.154095,12.004094,5.874094,6.0540943,3.4640942,1.2540942,1.8040942,3.7140942,11.544094,10.334094,9.364094,8.074094,8.044094,7.3240943,7.4740944,9.684094,9.474094,10.844094,9.564095,7.5740943,6.634094,6.834094,4.374094,2.6040943,0.074094236,0.04409424,-4.205906,-4.8559055,-4.5859056,-6.7559056,-9.495906,-9.535906,-10.555905,-11.325906,-11.485906,-7.7759056,-4.615906,-4.435906,-4.7159057,-4.9859056,-3.8459058,-3.8459058
-5.575906,-5.3559055,-4.665906,-4.6559057,-5.0659056,-5.365906,-5.055906,-4.8159056,-3.6059058,-2.9459057,-2.1459057,1.4240942,6.334094,7.7040944,5.7040944,9.014094,7.354094,4.384094,4.654094,3.2740943,3.7040942,2.9740942,4.124094,7.424094,13.534094,8.144094,7.874094,8.174094,9.624094,6.8440943,6.624094,6.9140944,9.3540945,9.424094,9.114094,7.0540943,5.8640943,5.674094,3.4740942,0.9640942,-2.4359057,-4.6759057,-4.6759057,-4.8159056,-5.745906,-7.015906,-8.575906,-9.075906,-8.245906,-8.905906,-6.8359056,-5.5059056,-4.365906,-5.805906,-5.185906,-5.805906,-3.8959057,-2.7459059
-3.8959057,-4.435906,-5.455906,-5.785906,-6.0259056,-5.865906,-5.955906,-6.055906,-5.665906,-3.9859056,-0.44590577,3.1840942,4.2440944,5.1840944,6.944094,6.0140944,4.984094,4.3240943,-0.99590576,-0.7759058,3.9440942,10.964094,8.194095,10.004094,9.634094,8.434094,6.924094,7.7240944,8.244094,4.834094,5.444094,4.354094,7.7440944,8.194095,7.3240943,5.694094,3.6640942,2.3140943,0.37409425,-2.3459058,-5.205906,-5.875906,-6.225906,-6.895906,-5.285906,-6.325906,-6.7759056,-8.635906,-9.245906,-9.475905,-7.955906,-6.3859057,-5.995906,-5.845906,-4.555906,-3.5459058,-2.7959058,-2.8259058
-3.8359058,-4.245906,-3.9459057,-4.725906,-5.185906,-6.1059055,-6.145906,-5.305906,-3.3759058,-1.0659058,-0.89590573,2.5140944,4.4340944,4.374094,3.7640944,3.9140942,1.4240942,-1.2459058,4.654094,4.0140944,1.0440942,7.404094,11.704094,9.594094,10.504094,7.2640944,7.9340944,7.694094,8.824094,6.194094,5.084094,4.9940944,6.564094,7.774094,6.1640944,4.1840944,2.3840942,1.1640942,-1.6859058,-3.1459057,-4.4459057,-7.115906,-7.595906,-7.0259056,-5.805906,-5.645906,-6.0059056,-7.0059056,-6.765906,-6.615906,-6.995906,-7.1059055,-5.2959056,-4.5659056,-4.2359056,-3.3159058,-2.7759058,-4.1559057
-4.4259057,-4.5059056,-4.375906,-4.575906,-4.975906,-4.7759056,-4.6059055,-4.205906,-3.9159057,-2.4559057,0.93409425,3.6540942,3.8640943,2.9240942,3.5540943,2.0340943,0.05409424,-3.4459057,5.604094,6.8040943,1.9340942,7.7440944,8.794094,8.694095,7.624094,7.7640944,9.174094,9.244094,6.7640944,4.374094,3.4440942,4.2640944,5.154094,4.8640943,4.484094,3.1840942,2.3640943,-0.11590576,-2.6359057,-4.8159056,-5.8359056,-6.7359056,-6.2159057,-5.555906,-4.415906,-4.435906,-5.555906,-6.205906,-6.625906,-6.595906,-5.9459057,-4.2559056,-4.3359056,-4.8859057,-4.125906,-2.6659057,-2.0159059,-3.8659058
-4.375906,-4.515906,-3.7359056,-3.5759058,-3.7259057,-4.0059056,-4.7359056,-4.0459056,-3.2759058,-1.0059057,0.93409425,3.3440943,2.4040942,3.0840943,3.0740943,1.5840943,-0.54590577,-1.2459058,7.7240944,7.254094,2.3540943,3.9640942,8.964094,9.684094,8.904095,7.6140943,5.444094,6.524094,4.4540944,3.2640944,2.8040943,3.2940943,3.0540943,3.0640943,2.1740942,1.2340943,0.39409423,-0.7159058,-2.7259057,-3.5659058,-5.4059057,-4.975906,-5.5059056,-3.9759057,-4.285906,-4.115906,-3.9259057,-3.9559057,-3.1759057,-2.9159057,-2.8759058,-3.4459057,-4.015906,-4.305906,-3.2159057,-2.2059057,-1.0859058,-1.3459058
-3.6059058,-3.9559057,-3.8259058,-3.6359057,-3.7959058,-3.9559057,-3.3759058,-3.0559058,-2.5659058,-1.1959058,-1.1259058,0.41409424,2.2040942,3.3840942,2.2040942,1.6040943,0.33409423,-2.8559058,5.334094,7.834094,7.194094,3.9240942,7.794094,9.614094,8.254094,8.324094,3.0340943,4.214094,4.124094,3.2640944,1.5340942,2.1440942,1.6640942,1.5040942,1.2440943,-0.17590576,-0.8559058,-0.88590574,-2.4059057,-2.9559057,-3.5859058,-4.7559056,-4.1059055,-4.2559056,-3.9759057,-3.0959058,-2.8459058,-2.1659057,-2.6459057,-2.0259058,-1.8159058,-2.8059058,-2.7859058,-2.2159057,-2.5559058,-2.6159058,-1.0559058,-3.3859057
-3.4159057,-3.8459058,-3.8659058,-4.125906,-4.0259056,-3.1859057,-3.5059059,-3.2359056,-2.4759057,-3.0759058,-3.2559059,-1.2659057,1.2140943,2.8140943,1.6640942,1.4640943,1.1740942,-0.95590574,2.3740942,6.4340944,13.174094,3.0640943,5.234094,7.624094,7.0740943,4.4940944,6.3040943,2.1440942,4.3240943,1.9440942,0.38409424,0.69409424,-0.105905764,-0.22590576,0.38409424,-1.2559057,-2.2859058,-2.7359056,-2.4659057,-2.8759058,-2.4759057,-3.3759058,-4.765906,-4.685906,-3.6959057,-1.9359058,-0.9059058,-0.81590575,-2.3659058,-2.6259058,-1.0059057,-0.14590576,-0.6659058,-0.9659058,-2.2959058,-1.8059058,-1.5359057,-2.2859058
-2.8459058,-3.1059058,-2.7959058,-2.9559057,-3.3759058,-3.4459057,-3.4259057,-3.2659059,-3.6459057,-4.4259057,-4.3159056,-3.3259058,0.04409424,2.5440943,2.0140944,0.43409425,1.9340942,0.73409426,-0.12590577,2.3640943,11.724094,9.824094,1.4940943,5.6140943,6.2240944,5.3940945,4.544094,2.8340943,2.7040942,1.1340942,-1.4659058,-0.26590577,-1.4759058,-1.9059057,-0.8359058,-2.1159058,-2.8859057,-4.2559056,-4.3859057,-3.4559057,-4.1559057,-3.4959059,-3.2459059,-2.6859057,-1.5459057,0.08409424,-0.92590576,-2.5759058,-3.4459057,-1.9159057,0.69409424,0.69409424,-0.70590574,-0.50590575,-1.3559058,-2.1759057,-2.0059059,-2.9059057
-2.6159058,-2.9459057,-2.6659057,-2.7859058,-3.1759057,-3.4659057,-3.3759058,-3.5159059,-4.325906,-5.285906,-5.1359057,-2.7959058,-0.16590576,2.8740942,2.2140942,0.43409425,0.31409425,1.3140942,-0.30590576,5.754094,8.704094,9.404095,3.5740943,2.2540941,4.2840943,6.124094,4.4740944,3.4040942,1.3640943,0.62409425,-2.0259058,-2.5159059,-1.4959058,-2.1759057,-1.7259058,-2.0459058,-3.7859058,-4.3859057,-4.055906,-4.875906,-3.4559057,-2.3459058,-2.3459058,-2.9059057,-0.8559058,-0.86590576,-1.7659057,-3.3059058,-3.5259058,-1.1859058,0.23409423,0.21409424,-0.76590574,-1.5459057,1.2840942,-2.1459057,-4.895906,-3.0559058
-1.5859058,-1.4159057,-1.6659057,-1.8459058,-2.1259058,-2.0759058,-2.7659059,-2.8559058,-4.1059055,-6.645906,-3.8159058,-1.1559057,1.1940942,2.7940943,1.9640943,0.8340942,-1.3759058,-1.3259058,1.0440942,4.444094,5.444094,5.404094,4.674094,0.014094238,3.9040942,3.0640943,3.5440943,3.6040943,2.7340941,-0.31590575,-1.3659058,-2.6959057,-2.4159057,-2.5359058,-2.5359058,-3.0259058,-4.075906,-5.245906,-4.8159056,-4.4859056,-3.9359057,-3.2159057,-3.7059057,-2.3759058,-1.2359058,-1.2459058,-3.1459057,-4.935906,-4.1759057,-2.8559058,-2.3759058,0.85409427,-1.1959058,-0.86590576,-2.1859057,-0.70590574,-2.0059059,-1.2859057
-1.7359058,-1.7359058,-1.6959058,-2.0159059,-2.6059058,-2.4259057,-2.2359056,-2.7359056,-3.9059057,-5.935906,-2.7059057,0.44409424,2.7140942,2.4840941,0.7240942,0.62409425,-1.3459058,-2.3359058,0.47409424,3.4840941,4.0140944,2.2040942,3.8240943,1.8040942,1.3140942,1.4240942,1.1540942,0.9740942,0.7240942,-0.36590576,-2.0959058,-2.3259058,-3.1659057,-3.2459059,-2.8559058,-3.0659058,-3.5359058,-5.2959056,-5.0859056,-5.4859056,-4.955906,-4.1759057,-4.165906,-2.1359057,-1.4259057,-3.0059059,-4.7159057,-3.9959059,0.50409424,-1.2159058,5.8040943,7.214094,2.7840943,3.2640944,1.7440943,2.3740942,0.95409423,1.3940942
-2.3659058,-1.7859057,-0.69590575,-0.68590575,-1.9159057,-1.8059058,-2.8059058,-3.3959057,-3.7559059,-3.1159058,-1.2759057,2.8040943,2.5540943,1.4340942,0.51409423,-0.47590578,-0.47590578,-1.2859057,-0.15590577,2.5640943,2.1440942,2.0440943,3.6940942,2.1240942,1.7440943,1.9340942,2.2240942,-1.7759057,-3.5659058,-1.6359057,-0.95590574,-3.1859057,-4.145906,-3.9759057,-3.9759057,-3.6359057,-4.1559057,-4.785906,-5.3859057,-5.165906,-4.625906,-3.7959058,-3.4059057,-2.0059059,-2.1859057,-3.7859058,-4.685906,-2.7959058,3.5440943,3.8240943,7.584094,6.024094,7.6140943,5.374094,4.2040944,3.8540943,3.3840942,3.5640943
-2.9259057,-2.3559058,-0.26590577,-1.4659058,-1.8659058,-2.6859057,-3.6059058,-3.3059058,-2.3659058,-1.4359058,1.7340943,2.2240942,1.6640942,1.2740942,-0.69590575,-1.0059057,-1.9859058,-3.1259058,-0.32590577,1.4840943,-0.99590576,1.5340942,3.1540942,2.5040941,4.874094,7.694094,-0.22590576,-0.48590577,-3.8159058,-4.555906,-3.0959058,-2.0759058,-4.5659056,-4.5059056,-3.5259058,-3.9859056,-3.9259057,-3.3659058,-3.0059059,-4.035906,-2.5159059,-1.7159058,-1.3059058,-3.1859057,-3.5459058,-5.0859056,-1.9859058,1.0040942,5.2640944,7.1440945,7.5340943,5.814094,5.6140943,4.794094,4.5740943,3.7840943,2.7840943,3.4840941
0.33409423,0.5840942,-0.23590577,-1.0659058,-0.105905764,-2.8659058,-1.9959058,-2.6859057,-2.0659058,0.24409424,0.49409425,0.86409426,1.4440942,0.36409423,-0.11590576,-0.88590574,-2.6859057,-3.3759058,-1.6859058,0.6640942,0.60409427,-1.2259058,1.9340942,3.1840942,7.354094,4.834094,4.004094,1.6240942,-0.86590576,0.6440942,-1.7059058,-3.6359057,-5.115906,-5.1959057,-4.9259057,-4.2959056,-3.5359058,-3.5159059,-1.0559058,-3.6359057,-3.5559058,-2.0559058,-1.9859058,-3.5959058,-2.9759057,-2.3459058,-2.0359058,3.1640942,5.4940944,6.654094,6.444094,6.334094,6.754094,5.834094,3.8140943,2.9540942,4.3440943,4.214094
-0.21590576,1.0340942,1.6740942,-2.4859056,-1.0959058,-1.8259058,-3.7959058,-1.8059058,-3.8959057,-1.5059057,-0.17590576,1.8240943,2.3840942,0.19409424,-1.7659057,-2.9359057,-5.165906,-3.6359057,-2.1559057,0.8940942,1.3140942,-2.8459058,1.2540942,0.87409425,9.084094,8.064095,6.464094,0.81409425,-0.86590576,-1.1559057,-1.0659058,-2.0859058,-4.2759056,-6.035906,-5.975906,-4.685906,-3.2759058,-2.6459057,-6.165906,-4.705906,-4.745906,-3.1659057,-3.1059058,-1.7659057,-2.5959058,-1.1559057,1.5740943,4.5340943,4.8040943,3.5440943,3.4640942,3.3040943,6.024094,6.004094,3.4540942,3.5340943,6.004094,4.2640944
-2.9659057,-3.3159058,-2.9159057,-1.7259058,-2.7159057,-2.0159059,-2.5759058,-2.0259058,-3.7959058,-1.3859057,1.4140942,1.6340942,1.3440943,-1.3459058,-3.7759058,-3.4559057,-4.415906,-2.7259057,-1.8759058,1.0340942,2.0240943,-3.8259058,-1.3059058,2.6340942,9.214094,8.724094,6.924094,3.3640943,0.13409424,-0.6659058,-1.4759058,1.0140942,-4.845906,-7.035906,-5.805906,-3.9559057,-4.7959056,-4.4659057,-2.2059057,-6.0259056,-5.8359056,-3.3459058,-2.2259057,-1.9059057,-0.74590576,0.16409424,3.1840942,3.9940941,5.0540943,3.6440942,2.2940943,3.9540942,6.084094,6.254094,4.794094,4.374094,6.314094,5.6140943
-5.8559055,-5.115906,-4.5659056,-4.3859057,-5.8559055,-2.3459058,-1.9759058,0.34409425,-0.70590574,-0.56590575,1.6940942,0.50409424,-0.6559058,-3.3159058,-4.0259056,-3.2859058,-3.8859057,-2.0259058,-1.4559058,0.7140942,1.0640942,0.34409425,2.0440943,1.5340942,8.684094,10.3540945,6.734094,4.314094,0.80409425,-1.3059058,-0.57590574,-1.4459058,-3.6859057,-5.915906,-5.515906,-1.8359058,-4.015906,-3.4859056,-3.8159058,-4.615906,-5.145906,-3.0559058,-1.9459058,-0.09590576,0.8340942,1.7140943,2.9140942,3.9040942,4.004094,2.3840942,1.4640943,3.3040943,4.884094,5.6140943,3.9540942,3.0240943,4.624094,6.444094
-4.455906,-4.1059055,-2.9459057,-6.6359057,-2.7159057,-4.685906,-3.2059057,5.9140944,0.0040942384,1.1040943,0.67409426,-0.9159058,-1.9959058,-3.7859058,-3.5559058,-3.1959057,-1.7159058,-1.5459057,-0.9759058,-0.13590576,-0.31590575,5.2240944,7.834094,11.174094,6.674094,8.3540945,5.1840944,4.0140944,0.81409425,-1.0759058,-1.4759058,-0.7859058,-3.4059057,-4.9059057,-6.1959057,-2.5059059,-1.7359058,-3.8159058,-2.4159057,-5.435906,-4.205906,-2.3059058,-1.7559057,-0.9159058,-0.79590577,0.7140942,3.5440943,4.2840943,4.1140943,5.504094,5.0540943,5.0340943,3.8040943,4.834094,3.9640942,2.0640943,2.3640943,3.6940942
-3.7759058,-1.3559058,-3.8859057,-6.625906,-7.225906,-6.325906,-6.955906,6.884094,-0.76590574,0.86409426,0.024094239,-1.9159057,-2.9959059,-3.0359058,-3.2259057,-2.5459058,-1.9859058,-1.3359058,-0.36590576,0.38409424,-1.4959058,4.134094,15.524095,10.774095,9.624094,7.084094,3.3540943,2.9040942,1.1840942,-1.7159058,-1.4759058,-1.2259058,-1.2159058,-3.3659058,-4.4859056,-4.115906,0.034094237,-2.4259057,-1.3859057,-3.8859057,-3.5559058,-2.1459057,-1.3759058,0.76409423,1.1040943,0.93409425,2.7240942,4.4940944,7.3240943,7.2040944,5.964094,4.6440945,3.8140943,4.834094,2.9140942,-0.005905762,0.55409425,3.2940943
-0.40590575,-0.42590576,-2.1059058,-2.1959057,-5.6559057,-1.4559058,1.6140943,1.1640942,-2.1759057,-0.93590575,-0.50590575,-2.9259057,-3.4659057,-3.2659059,-3.1159058,-2.1159058,-0.23590577,1.1140943,1.9640943,-4.5459056,3.3840942,11.124094,9.824094,8.944095,6.444094,3.5440943,2.3740942,2.0040941,0.48409423,-0.86590576,-2.4059057,-1.8959057,-0.49590576,-1.2459058,-2.4959059,-5.0659056,-2.8259058,-3.0959058,-3.0559058,-4.145906,-3.3459058,-1.2259058,-0.51590574,-0.86590576,-0.055905763,-0.13590576,0.074094236,3.0540943,9.884094,8.724094,5.7440944,6.2840943,3.9440942,2.7440941,3.9240942,-2.2759058,0.45409423,1.5440942
