views/data/weather/2019/10/02/0000-wind-isobaric-70hPa-gfs-1.0.json
{"header": { "discipline":0, "disciplineName":"Meteorological products", "gribEdition":2, "gribLength":69865, "center":7, "centerName":"US National Weather Service - NCEP(WMC)", "subcenter":0, "refTime":"2019-10-02T00:00:00.000Z", "significanceOfRT":1, "significanceOfRTName":"Start of forecast", "productStatus":0, "productStatusName":"Operational products", "productType":1, "productTypeName":"Forecast products", "productDefinitionTemplate":0, "productDefinitionTemplateName":"Analysis/forecast at horizontal level/layer at a point in time", "parameterCategory":2, "parameterCategoryName":"Momentum", "parameterNumber":2, "parameterNumberName":"U-component_of_wind", "parameterUnit":"m.s-1", "genProcessType":2, "genProcessTypeName":"Forecast", "forecastTime":0, "surface1Type":100, "surface1TypeName":"Isobaric surface", "surface1Value":7000.0, "surface2Type":255, "surface2TypeName":"Missing", "surface2Value":0.0, "gridDefinitionTemplate":0, "gridDefinitionTemplateName":"Latitude_Longitude", "numberPoints":65160, "shape":6, "shapeName":"Earth spherical with radius of 6,371,229.0 m", "gridUnits":"degrees", "resolution":48, "winds":"true", "scanMode":0, "nx":360, "ny":181, "basicAngle":0, "lo1":0.0, "la1":90.0, "lo2":359.0, "la2":-90.0, "dx":1.0, "dy":1.0 }, "data":
[rows 27 to 53 of 181, columns 0 to 59 of 360]
7.170016,6.300016,6.130016,6.120016,6.300016,7.0400157,7.930016,8.080016,7.960016,7.970016,7.570016,7.590016,7.360016,8.110016,8.020016,7.7500157,7.740016,6.900016,6.7300158,6.990016,7.970016,8.830016,9.430016,8.810016,8.910016,9.550015,9.470016,9.550015,9.610016,9.390016,9.730016,9.800015,9.960016,9.990016,10.070016,10.520016,10.690016,11.120016,11.560016,11.930016,11.940016,11.490016,10.840015,10.580016,10.410016,10.170016,10.500016,10.220016,10.080016,10.280016,10.280016,10.320016,10.100016,10.320016,10.080016,10.140016,10.340015,10.870016,11.090015,11.770016
8.370016,8.310016,6.950016,7.6000156,7.820016,7.5600157,8.120016,7.860016,7.7500157,8.050015,7.660016,7.960016,8.000016,7.8300157,7.240016,6.890016,6.370016,6.8100157,8.210016,8.520016,9.820016,10.230016,10.570016,10.440016,10.350016,10.200016,10.140016,10.230016,10.110016,10.140016,10.150016,10.430016,10.600016,10.910016,11.5100155,11.940016,11.870016,11.460016,11.740016,12.220016,12.020016,11.840015,11.820016,11.640016,11.440016,11.130016,11.020016,10.620016,10.960016,10.780016,10.710016,10.590015,10.160016,9.7600155,10.100016,10.650016,10.830016,11.340015,12.130016,12.550015
7.970016,8.690016,9.540016,9.670016,9.500016,8.960016,8.750016,9.090015,9.530016,8.980016,8.910016,8.520016,8.730016,8.660016,9.040016,9.320016,9.340015,9.590015,9.530016,10.060016,10.630016,10.820016,11.150016,11.350016,11.290016,10.920016,10.390016,10.660016,10.830016,11.240016,11.720016,11.710016,11.290016,11.930016,12.750016,12.290016,11.560016,11.500016,12.120016,12.790016,12.910016,12.370016,11.980016,12.080016,12.580016,11.430016,11.620016,11.310016,11.5100155,11.590015,11.450016,11.200016,10.410016,10.470016,10.590015,10.550015,10.730016,11.190016,11.930016,11.160016
8.300015,8.540016,9.770016,10.830016,10.640016,10.130016,10.130016,9.600016,9.970016,10.620016,10.220016,9.900016,9.620016,9.570016,10.440016,11.420016,11.420016,11.450016,12.140016,12.610016,12.360016,12.100016,12.050015,11.970016,11.350016,12.030016,12.670016,13.150016,12.020016,13.140016,13.560016,13.100016,13.020016,13.890016,13.910016,12.820016,11.860016,12.240016,12.130016,12.880016,13.280016,13.530016,13.560016,12.730016,12.550015,12.130016,12.070016,11.900016,12.790016,12.720016,11.970016,11.320016,11.110016,10.710016,10.210016,10.570016,11.200016,11.680016,11.690016,9.110016
9.050015,8.840015,9.780016,10.300015,10.080016,10.530016,10.030016,10.270016,10.610016,11.220016,11.690016,11.900016,12.290016,13.630016,14.030016,13.780016,12.900016,12.060016,13.560016,14.040016,13.570016,13.720016,14.130016,14.800015,13.160016,13.270016,14.670016,15.600016,12.950016,12.840015,13.240016,13.900016,12.490016,13.860016,14.360016,13.300015,12.600016,13.440016,13.5100155,14.020016,13.890016,13.250016,14.320016,13.270016,12.790016,12.570016,12.750016,13.270016,13.000016,12.7600155,12.970016,12.400016,11.490016,10.730016,10.290016,11.040016,11.350016,11.500016,11.020016,8.560016
10.670016,9.910016,11.280016,12.180016,11.290016,10.070016,11.120016,11.340015,11.340015,11.940016,12.410016,12.500016,14.550015,16.440016,15.830016,16.720016,15.870016,14.730016,15.520016,15.720016,15.860016,15.7600155,15.310016,15.910016,14.480016,14.180016,14.310016,13.370016,14.550015,13.020016,14.540016,14.360016,13.200016,12.650016,14.340015,14.550015,14.310016,13.250016,14.360016,14.560016,14.810016,14.300015,13.660016,13.170016,12.600016,13.150016,13.520016,13.5100155,13.250016,13.720016,13.160016,12.270016,11.680016,10.890016,10.270016,11.360016,11.270016,11.840015,11.110016,9.600016
13.320016,12.360016,11.220016,11.480016,12.900016,13.430016,12.630016,12.870016,13.390016,14.240016,14.050015,13.650016,13.560016,15.690016,15.940016,16.190016,17.410015,17.100016,17.500015,18.080015,18.670015,19.330015,18.260015,17.490015,17.070015,16.750015,15.930016,15.950016,15.690016,15.880016,14.920016,16.380016,15.620016,14.300015,14.270016,15.730016,15.530016,15.080016,15.080016,15.270016,14.700016,15.350016,14.410016,13.2600155,13.570016,14.250016,14.100016,13.720016,13.710016,13.280016,12.580016,12.000016,11.710016,10.920016,10.600016,11.130016,11.430016,11.240016,10.990016,10.360016
12.980016,12.990016,13.090015,13.160016,13.100016,13.100016,13.700016,14.480016,14.160016,13.350016,12.920016,13.640016,14.300015,14.690016,16.800016,15.960016,16.720016,16.850016,16.790016,17.800016,18.770016,18.140017,16.610016,17.090015,17.790016,18.310017,17.060017,16.600016,16.940016,17.350016,18.500015,18.710016,17.650017,15.420016,15.990016,15.200016,15.960016,15.890016,16.320015,16.580015,16.650017,14.780016,14.470016,14.5100155,14.920016,14.670016,14.400016,13.120016,12.890016,12.850016,13.080016,12.310016,12.270016,11.190016,10.790016,10.450016,11.450016,12.020016,11.440016,10.730016
13.0100155,13.870016,13.810016,14.300015,14.660016,14.790016,13.450016,12.890016,13.280016,14.030016,14.800015,15.300015,15.850016,16.270016,16.510015,16.880016,16.380016,16.990015,17.370016,17.100016,16.560017,16.630016,17.530016,17.430016,17.450016,16.970016,16.790016,17.740015,18.250015,17.830015,17.950016,17.950016,18.410015,17.700016,18.070015,17.370016,17.250015,16.700016,17.510015,17.930016,17.470016,16.780016,15.610016,16.050016,15.890016,15.420016,13.980016,13.620016,13.710016,12.530016,13.190016,12.780016,12.770016,12.370016,11.560016,11.300015,12.170016,12.440016,11.660016,11.560016
13.400016,13.750016,14.300015,13.700016,13.620016,13.970016,13.890016,13.840015,14.200016,14.5100155,15.140016,15.320016,16.780016,16.590015,16.670015,17.170015,17.450016,16.830015,16.340015,17.180016,16.490015,16.740015,18.270016,17.110016,16.700016,16.860016,17.320015,17.020016,16.360016,17.730017,18.160015,18.770016,17.330015,17.190016,17.760015,17.910015,16.730017,17.200016,18.310017,19.120016,18.420015,17.740015,17.000015,17.080015,16.690016,15.210016,14.690016,14.900016,13.460016,12.910016,13.250016,13.300015,12.740016,12.990016,12.230016,11.890016,12.410016,12.940016,12.400016,11.670016
14.160016,14.050015,13.2600155,13.200016,13.300015,13.690016,14.5100155,14.660016,14.180016,14.860016,14.590015,16.120016,15.770016,16.280016,16.840015,16.960016,15.660016,17.160015,16.550016,15.820016,16.520016,17.270016,17.860016,17.190016,16.940016,16.700016,16.480017,16.580015,17.830015,17.630016,18.380016,18.000015,17.150017,18.120016,18.170015,19.190016,17.740015,18.110016,19.170015,19.650017,19.020016,18.140017,18.570015,17.810017,16.780016,15.980016,16.140017,15.2600155,13.610016,13.600016,13.130016,12.980016,12.720016,12.400016,12.060016,12.320016,12.570016,13.290016,11.970016,11.830016
14.200016,13.030016,12.570016,12.450016,13.580016,14.290016,15.170016,14.600016,14.740016,14.680016,15.180016,16.100016,16.140017,15.670016,17.040016,17.560017,16.350016,15.520016,13.340015,13.940016,16.370016,17.440016,15.720016,14.310016,15.560016,16.000015,15.670016,16.590015,16.970016,17.330015,17.940016,18.020016,18.450016,17.740015,17.880016,18.430016,18.200016,18.580015,19.090015,18.090015,18.520016,18.920015,19.440016,19.110016,18.000015,17.810017,16.060017,15.130016,13.570016,14.040016,12.910016,12.460016,12.780016,11.750016,11.810016,12.2600155,12.910016,12.960016,12.360016,11.890016
12.560016,12.710016,12.680016,13.280016,13.960016,15.290016,15.630016,15.350016,15.890016,15.460016,16.290016,15.810016,14.600016,13.960016,17.090015,16.270016,14.430016,15.060016,15.120016,14.890016,16.700016,15.270016,14.100016,13.560016,15.330016,15.0100155,15.340015,15.180016,15.700016,15.440016,16.410015,16.510015,16.690016,16.420015,17.720016,17.980017,17.900017,17.870016,17.210016,16.180016,15.910016,17.290016,18.480017,18.630016,18.580015,18.320015,16.650017,16.060017,14.330016,13.780016,13.110016,12.2600155,12.300015,11.5100155,11.840015,12.640016,12.840015,13.340015,12.320016,11.530016
12.610016,12.170016,13.650016,14.120016,14.840015,15.440016,13.680016,15.920016,15.400016,16.130016,15.670016,12.550015,13.540016,13.680016,16.650017,15.830016,12.5100155,11.700016,15.540016,12.590015,14.040016,14.200016,10.860016,13.090015,15.160016,12.5100155,13.170016,14.790016,15.160016,15.650016,16.020016,16.160015,16.320015,16.030016,16.020016,16.750015,16.790016,17.090015,15.920016,15.270016,14.990016,14.620016,15.090015,15.740016,16.460016,17.000015,16.870016,16.420015,14.830016,13.410016,12.680016,12.0100155,12.360016,12.2600155,12.070016,12.530016,13.090015,13.560016,11.880016,11.590015
12.800015,12.390016,12.930016,13.820016,14.450016,13.920016,14.030016,15.830016,14.460016,16.080015,11.570016,13.800015,13.650016,13.060016,17.210016,14.530016,13.630016,13.610016,11.780016,14.460016,14.270016,13.570016,10.940016,14.320016,14.990016,13.780016,14.620016,14.870016,14.450016,15.7600155,15.910016,16.740015,17.590015,17.570015,17.260015,16.230017,15.420016,15.2600155,15.140016,13.820016,13.250016,13.740016,14.270016,14.560016,14.330016,14.740016,15.390016,15.130016,14.180016,12.990016,11.550015,11.360016,12.930016,11.700016,12.480016,12.860016,13.160016,12.450016,11.950016,11.250016
13.070016,13.300015,13.270016,12.7600155,15.040016,11.900016,13.780016,14.090015,15.210016,12.2600155,13.690016,13.720016,12.890016,15.020016,14.970016,14.640016,14.490016,14.810016,14.830016,14.960016,14.250016,15.780016,14.750016,13.550015,15.610016,11.960016,15.290016,14.300015,14.580016,14.110016,14.290016,15.560016,16.520016,17.260015,17.710016,17.500015,16.240015,14.410016,13.5100155,13.890016,13.990016,14.080016,14.0100155,12.750016,12.200016,12.320016,12.810016,13.200016,13.480016,12.970016,11.630016,11.540016,12.190016,11.150016,12.780016,12.930016,13.450016,12.310016,12.230016,11.890016
12.920016,12.2600155,11.660016,13.290016,13.490016,12.100016,12.180016,13.000016,13.180016,12.910016,14.070016,14.130016,12.500016,14.600016,15.120016,15.040016,14.680016,16.090015,14.840015,15.170016,15.640016,15.830016,15.340015,15.110016,14.620016,14.640016,14.460016,14.700016,13.750016,12.970016,14.800015,15.960016,16.150017,16.460016,15.750016,13.900016,13.950016,14.580016,14.660016,14.540016,13.850016,12.490016,11.830016,11.690016,11.720016,12.830016,12.150016,11.570016,11.900016,11.710016,11.350016,10.320016,11.650016,11.310016,13.310016,12.680016,13.190016,12.430016,12.530016,12.570016
12.7600155,11.660016,11.030016,11.870016,9.990016,12.610016,12.110016,14.140016,11.930016,13.000016,14.540016,13.500016,12.590015,13.650016,15.240016,15.920016,14.690016,15.000016,15.550015,15.130016,15.820016,15.580016,14.610016,14.710016,13.560016,15.470016,13.860016,15.450016,14.2600155,16.100016,14.640016,15.130016,15.780016,15.380016,14.200016,13.820016,13.700016,14.090015,13.990016,13.630016,13.060016,10.390016,9.850016,10.530016,10.990016,13.070016,10.830016,11.120016,10.580016,11.790016,11.000016,11.110016,11.910016,11.490016,12.540016,12.750016,14.0100155,12.610016,12.730016,12.800015
11.330016,9.590015,13.130016,10.580016,10.390016,14.090015,12.440016,13.990016,11.5100155,13.720016,13.0100155,13.230016,12.120016,13.420016,13.630016,13.410016,14.630016,14.650016,15.210016,14.620016,14.480016,14.230016,13.630016,13.500016,13.770016,14.800015,13.710016,15.580016,15.560016,15.600016,16.040016,16.220016,16.150017,14.340015,14.490016,13.840015,14.180016,13.410016,13.800015,12.930016,11.130016,10.670016,11.470016,12.400016,11.330016,11.370016,10.400016,9.580016,9.240016,9.900016,10.850016,11.180016,11.970016,11.550015,12.430016,13.390016,13.790016,13.7600155,13.170016,13.520016
9.520016,10.570016,11.880016,10.390016,10.600016,12.740016,12.230016,13.200016,11.900016,13.350016,12.610016,12.440016,11.990016,13.240016,13.250016,12.960016,13.530016,14.170016,14.0100155,13.190016,14.160016,13.210016,12.670016,13.210016,14.600016,13.060016,14.230016,14.380016,15.050015,15.450016,15.890016,15.410016,15.100016,15.160016,14.910016,14.540016,14.560016,13.500016,14.690016,13.170016,12.390016,13.160016,12.600016,12.130016,11.320016,12.690016,13.650016,12.170016,11.290016,11.780016,12.440016,11.890016,12.020016,11.770016,12.530016,13.270016,13.980016,14.040016,13.140016,12.850016
11.700016,10.5100155,10.690016,10.550015,12.340015,12.500016,12.210016,12.670016,11.960016,11.660016,11.960016,11.310016,11.040016,11.670016,12.060016,11.550015,11.890016,12.200016,12.120016,11.980016,12.050015,12.220016,12.490016,13.820016,12.850016,14.270016,13.590015,14.750016,14.660016,15.020016,14.470016,14.000016,13.750016,14.060016,14.230016,14.250016,14.220016,13.690016,14.750016,13.930016,14.100016,14.190016,13.120016,11.440016,13.300015,14.030016,13.630016,12.690016,13.070016,12.400016,13.730016,11.970016,12.980016,12.830016,12.520016,13.150016,13.7600155,14.080016,13.780016,12.990016
11.190016,10.850016,10.790016,10.500016,11.740016,11.540016,11.960016,11.830016,10.970016,10.880016,10.170016,9.910016,10.040016,8.940016,10.220016,10.160016,10.450016,10.150016,10.030016,10.650016,11.290016,10.910016,11.730016,12.940016,11.680016,11.940016,12.060016,12.720016,12.720016,12.980016,13.380016,13.270016,12.850016,12.560016,13.030016,13.700016,13.710016,13.940016,14.150016,13.880016,14.420016,13.610016,13.460016,13.680016,14.650016,15.180016,13.410016,12.5100155,11.690016,13.030016,13.140016,12.320016,13.790016,14.050015,13.800015,14.240016,14.070016,13.440016,13.750016,13.0100155
10.710016,9.140016,10.500016,10.840015,11.430016,10.700016,10.850016,10.620016,10.020016,8.980016,8.530016,8.560016,7.660016,8.840015,8.140016,8.480016,8.350016,8.420016,8.440016,8.870016,9.090015,9.570016,10.080016,10.330016,10.050015,9.490016,10.880016,11.420016,11.620016,12.390016,12.040016,12.220016,12.310016,11.960016,12.280016,13.070016,13.710016,13.440016,14.400016,14.340015,15.060016,13.920016,12.170016,11.780016,13.7600155,13.740016,12.820016,12.340015,13.500016,15.210016,12.810016,13.380016,12.400016,14.550015,13.870016,13.680016,13.070016,12.780016,13.880016,13.960016
11.380016,8.7600155,9.700016,10.140016,9.240016,9.300015,8.630016,7.9800158,7.650016,6.050016,6.5000157,6.150016,6.890016,7.720016,6.180016,6.3100157,6.7300158,7.2900157,7.280016,7.910016,8.470016,8.570016,9.120016,9.170016,8.830016,8.160016,8.180016,8.440016,8.290016,9.240016,10.340015,10.740016,10.640016,11.110016,11.420016,11.870016,13.060016,13.490016,14.470016,15.070016,15.490016,14.860016,13.900016,14.090015,14.100016,12.790016,13.310016,13.340015,13.780016,15.330016,12.680016,11.250016,13.650016,14.130016,14.600016,13.180016,12.890016,13.740016,13.800015,13.600016
9.130016,6.2500157,8.360016,7.530016,7.5800157,7.6000156,5.880016,5.860016,4.970016,4.610016,4.910016,5.150016,5.0200157,5.7300158,5.2300158,4.340016,5.670016,5.5600157,6.0800157,6.150016,6.440016,6.210016,6.450016,6.6000156,6.490016,6.610016,6.150016,6.220016,7.0600157,7.120016,7.280016,9.320016,9.390016,9.620016,10.530016,11.870016,12.460016,13.560016,14.800015,15.840015,16.530016,16.970016,15.700016,15.000016,12.580016,14.230016,12.860016,12.640016,14.960016,16.570015,14.310016,9.940016,14.830016,15.210016,12.950016,13.360016,13.400016,13.210016,12.920016,13.2600155
6.180016,6.150016,7.390016,6.010016,5.140016,4.990016,5.930016,3.9000158,4.620016,4.440016,3.9400158,4.670016,4.200016,4.260016,4.700016,3.540016,4.0800157,4.220016,4.3300157,4.3100157,4.860016,5.010016,4.8500156,4.6000156,4.7700157,5.240016,5.2300158,4.900016,4.7500157,5.450016,6.5600157,6.7900157,7.200016,8.700016,9.5100155,10.080016,10.380016,12.090015,13.790016,14.770016,15.130016,14.820016,15.650016,13.920016,12.340015,13.590015,13.860016,14.340015,15.380016,15.420016,12.950016,10.200016,11.700016,14.230016,12.780016,12.090015,13.590015,12.960016,11.320016,13.5100155
4.7500157,4.010016,5.650016,3.530016,4.610016,3.4400158,3.8800159,2.9800158,3.8900158,4.050016,4.0800157,3.570016,2.990016,2.7300158,2.8800159,2.8500159,2.8700159,3.4000158,2.6700158,2.530016,3.260016,3.6500158,3.520016,2.9400158,2.530016,2.6800158,2.820016,2.9300158,3.560016,3.560016,4.220016,4.180016,4.570016,5.9800158,5.880016,7.0600157,7.390016,9.910016,11.220016,11.850016,11.200016,11.460016,11.850016,12.910016,13.150016,12.550015,13.930016,11.7600155,14.130016,12.650016,13.520016,12.730016,10.650016,12.900016,12.710016,10.090015,12.700016,9.720016,12.990016,13.940016
