views/data/weather/2019/10/02/0000-wind-isobaric-700hPa-gfs-1.0.json
{"header": { "discipline":0, "disciplineName":"Meteorological products", "gribEdition":2, "gribLength":77965, "center":7, "centerName":"US National Weather Service - NCEP(WMC)", "subcenter":0, "refTime":"2019-10-02T00:00:00.000Z", "significanceOfRT":1, "significanceOfRTName":"Start of forecast", "productStatus":0, "productStatusName":"Operational products", "productType":1, "productTypeName":"Forecast products", "productDefinitionTemplate":0, "productDefinitionTemplateName":"Analysis/forecast at horizontal level/layer at a point in time", "parameterCategory":2, "parameterCategoryName":"Momentum", "parameterNumber":2, "parameterNumberName":"U-component_of_wind", "parameterUnit":"m.s-1", "genProcessType":2, "genProcessTypeName":"Forecast", "forecastTime":0, "surface1Type":100, "surface1TypeName":"Isobaric surface", "surface1Value":70000.0, "surface2Type":255, "surface2TypeName":"Missing", "surface2Value":0.0, "gridDefinitionTemplate":0, "gridDefinitionTemplateName":"Latitude_Longitude", "numberPoints":65160, "shape":6, "shapeName":"Earth spherical with radius of 6,371,229.0 m", "gridUnits":"degrees", "resolution":48, "winds":"true", "scanMode":0, "nx":360, "ny":181, "basicAngle":0, "lo1":0.0, "la1":90.0, "lo2":359.0, "la2":-90.0, "dx":1.0, "dy":1.0 }, "data":
[rows 52 to 77 of 181, columns 174 to 231 of 360]
3.2464478,3.5564477,5.556448,5.8164477,9.546448,12.046448,14.726448,17.106447,18.636448,17.496449,15.256448,13.866447,12.746448,12.706448,9.8264475,8.586448,6.636448,4.7664475,2.1864479,3.6764479,3.9864478,2.6764479,3.2564478,3.8664477,3.3864477,3.2964478,3.6364477,3.1364477,2.9964478,3.1064477,3.0864477,2.2564478,2.0864477,0.92644775,0.46644774,-0.26355225,0.16644776,1.7464478,2.9164476,3.6664476,7.696448,9.5764475,9.946447,11.536448,8.486447,7.556448,7.2664475,5.6664476,4.696448,5.276448,4.846448,4.306448,3.7364478,3.0664477,2.5364478,3.2164478,1.8264477,1.6364478
3.7864478,4.906448,6.366448,8.146448,10.936448,15.496448,17.776447,19.546448,18.856447,17.196447,15.886448,14.526447,12.936448,10.626448,8.806448,7.8564477,6.5664477,1.6364478,2.6664476,1.4164478,3.8364477,2.4164476,1.1664478,1.5664477,1.8264477,2.2164478,1.4164478,1.7564478,2.5764477,3.0164478,3.0864477,2.8964477,2.4764478,1.7464478,1.4164478,1.1664478,2.0264478,4.176448,6.1664476,7.9364476,7.986448,6.846448,7.4364476,4.926448,5.1264477,3.9664478,3.1764479,3.0264478,3.3564477,4.1664476,2.7564478,3.2264478,2.9464478,2.1264477,1.8564477,2.6964478,2.1664476,1.8564477
4.8164477,5.426448,6.5464478,8.316448,10.106448,13.096448,15.146448,15.976448,15.356448,15.226448,13.846448,13.726448,11.896448,9.646448,7.1864476,5.0864477,5.2864475,1.7064477,1.2764478,0.36644775,3.0264478,0.8964478,0.18644775,0.15644775,0.50644773,1.4664477,1.4464477,1.6764477,1.0364478,1.0764477,1.0764477,2.3764477,1.9264477,2.1164477,2.0464478,2.3464477,5.4564476,6.616448,5.696448,4.656448,3.0564477,2.2464478,1.7164477,2.8064477,2.4164476,1.5564477,1.4264477,1.9864478,1.8064477,0.42644775,0.78644776,1.3664478,1.1664478,1.1964477,0.7664478,1.5064478,2.3364477,2.1664476
5.8364477,7.4764476,7.986448,8.896448,10.356448,10.566448,11.626448,12.256448,13.676448,12.296448,13.556448,11.836448,10.556448,8.796448,7.806448,6.386448,4.3564477,1.3764478,-1.0735523,0.116447754,0.36644775,0.34644777,0.73644775,0.61644775,0.29644775,0.026447754,-1.0535523,0.15644775,-0.09355225,0.46644774,0.65644777,0.7164478,1.7264477,1.3064477,1.0964477,3.4564478,3.8764477,2.9364479,1.2664478,0.7664478,0.75644773,-0.36355224,-0.34355223,0.47644776,-0.20355225,0.65644777,0.61644775,-0.41355225,-1.4335523,-1.5535523,-1.4935522,-0.95355225,-1.1935523,-0.7235522,-0.77355224,0.7164478,1.8764478,2.5664477
4.776448,5.5164475,6.196448,7.886448,8.226448,9.466448,9.586448,9.756448,10.286448,11.046448,12.396448,10.616447,9.0764475,7.826448,7.826448,3.4664478,1.0364478,1.0264478,-0.6135523,0.60644776,-1.2535522,-0.42355224,1.0364478,0.36644775,-0.9235523,-1.4835522,-2.2035522,-2.0835524,-2.3735523,-3.0835524,-1.2035522,-0.36355224,0.06644776,0.30644774,-0.8635523,1.7064477,1.0164478,-0.9235523,-1.5335523,-1.0735523,-1.4835522,-1.7735523,-1.6735523,-2.0235522,-1.0835522,-1.7335522,-2.4135523,-2.3935523,-2.6435523,-3.2335522,-2.2035522,-2.4135523,-1.8735522,-1.3635522,-1.2835523,-0.15355225,1.2864478,2.4464478
3.5364478,4.0864477,5.5164475,6.2064476,6.276448,7.426448,8.876448,8.416448,10.086448,12.046448,11.166448,9.466448,8.3264475,6.7964478,6.5664477,5.826448,1.2064477,3.4764478,1.3464477,1.8064477,0.6364477,-0.34355223,-1.0235523,-1.1735523,-0.51355225,-1.0135522,-1.0635523,-0.56355226,0.85644776,-0.19355224,-0.7935522,0.14644775,0.22644776,-0.42355224,-0.30355224,-0.9835522,-1.6435523,-2.5635521,-2.2635522,-3.3935523,-3.6835523,-2.8035522,-3.0035522,-2.5035522,-2.6535523,-3.3235521,-3.9235523,-3.9035523,-2.9535522,-1.9235523,-2.7835522,-2.0135522,-2.0935524,-1.4235523,-1.0335523,-0.33355224,0.7164478,1.7164477
2.4564478,3.4664478,3.4564478,4.846448,5.276448,6.2964478,8.336448,11.036448,11.896448,10.736447,10.016448,8.336448,6.886448,6.006448,5.306448,5.236448,2.4264479,1.1264478,2.5264478,0.69644773,1.4464477,-1.3735522,-2.3935523,-1.9735522,-2.7435522,-1.8735522,-2.9335523,-3.6035523,-3.6135523,-3.2135522,-3.2735522,-3.1335523,-1.7535522,-1.3435522,-3.2535522,-3.5235522,-2.8835523,-3.9035523,-3.6835523,-4.5435524,-3.6335523,-3.8135521,-4.0635524,-4.193552,-4.4335523,-4.403552,-4.2335525,-3.4835522,-2.3135521,-1.5435523,-1.6135522,-1.8735522,-1.7435522,-1.6135522,-0.64355224,-0.31355226,0.13644776,1.2464478
4.326448,3.4164476,4.196448,5.756448,7.0464478,9.546448,10.466448,12.426448,10.696447,8.356448,8.966448,7.006448,6.4164476,5.966448,6.3164477,4.406448,2.3364477,1.9264477,1.8364477,1.5264478,0.75644773,-0.25355226,-1.3035523,-1.4635522,-2.7135522,-2.9035523,-2.1835523,-1.8835522,-2.5635521,-2.6835523,-2.7235522,-1.8535522,-2.6135523,-3.3935523,-3.1835523,-3.4935522,-3.7535522,-4.7335525,-5.1435523,-4.4335523,-4.223552,-4.743552,-5.473552,-5.883552,-5.493552,-5.073552,-4.2735524,-3.1035523,-2.3935523,-1.7035522,-1.7835523,-2.4335523,-2.4235523,-1.8735522,-1.0635523,-0.14355224,-0.30355224,0.13644776
6.696448,6.6264477,7.466448,7.7864475,8.886448,9.486447,9.016448,7.3564477,7.926448,7.9364476,7.846448,6.1864476,5.526448,5.5464478,4.5664477,3.1164477,2.0164478,1.0564477,1.0364478,0.74644774,-0.65355223,-2.5035522,-3.3735523,-4.173552,-4.263552,-3.8235521,-4.053552,-4.2935524,-4.0235524,-3.6635523,-3.4335523,-3.9635522,-3.9135523,-4.3535523,-5.133552,-5.153552,-5.403552,-5.4635525,-5.5035524,-5.363552,-4.633552,-5.6235523,-6.5835524,-6.7335525,-5.693552,-4.5435524,-3.8735523,-3.4935522,-3.2635522,-2.5435522,-2.1435523,-2.2635522,-1.9535522,-2.0435522,-1.2835523,-0.44355226,0.16644776,-0.063552245
7.346448,7.716448,7.3764477,7.696448,8.226448,6.4364476,6.7064476,6.4764476,6.776448,7.8364477,6.806448,5.156448,4.446448,3.7864478,4.0864477,1.8464477,0.056447756,-0.7335522,-0.21355225,-0.71355224,-2.9135523,-3.2335522,-3.9335523,-4.5635524,-4.633552,-5.243552,-5.8135524,-5.7535524,-6.1435523,-6.243552,-6.653552,-7.033552,-6.9835525,-7.493552,-7.223552,-6.403552,-5.423552,-5.843552,-5.8135524,-6.4635525,-6.783552,-6.383552,-6.5835524,-6.013552,-5.5435524,-4.4335523,-3.8635523,-3.5235522,-3.1035523,-2.1035523,-1.9035523,-1.3135523,-0.37355223,0.15644775,0.42644775,0.16644776,0.44644776,0.65644777
8.056448,8.106448,7.7964478,8.166448,7.2264476,6.466448,6.3364477,6.4164476,6.506448,7.7064476,5.1664476,4.076448,3.1364477,2.4364479,1.6064477,0.06644776,-0.80355227,-2.2435522,-1.8335522,-3.1935523,-3.9635522,-4.6435523,-4.403552,-6.2535524,-6.533552,-6.7735524,-7.223552,-7.3335524,-7.693552,-8.4235525,-9.363552,-9.083552,-8.893552,-8.583552,-7.533552,-6.843552,-6.493552,-6.9335523,-7.193552,-7.693552,-8.043552,-7.0235524,-6.2035522,-5.993552,-5.823552,-5.493552,-4.6035523,-3.7735522,-3.0835524,-1.8435522,-0.90355223,0.21644776,0.7764478,0.55644774,0.65644777,0.16644776,0.65644777,1.1564478
8.386448,8.226448,6.506448,5.5664477,5.676448,5.4564476,4.346448,4.366448,5.256448,4.596448,3.6664476,2.1764479,1.6064477,1.0264478,-0.013552246,-1.2935523,-2.6035523,-2.7335522,-3.5135522,-5.3335524,-5.303552,-6.493552,-8.163552,-8.403552,-8.973553,-9.093553,-9.133553,-8.863552,-9.033552,-9.203552,-9.763553,-9.783552,-8.803553,-7.533552,-7.153552,-6.9835525,-7.3335524,-7.9335523,-8.023552,-7.7335525,-7.2035522,-5.9335523,-5.133552,-4.4535522,-4.803552,-4.823552,-5.4535522,-4.2935524,-3.2235522,-2.4235523,-1.1635523,-0.71355224,-0.56355226,-0.57355225,-0.37355223,0.27644774,0.35644776,1.2764478
5.386448,4.806448,5.116448,4.076448,3.4064476,4.116448,3.8064477,3.7064478,3.0464478,2.2564478,1.7664478,2.0664477,1.5664477,-0.9235523,-1.3135523,-3.4135523,-3.3735523,-4.3735523,-5.113552,-6.8335524,-8.003552,-9.043552,-9.853552,-10.343553,-11.4235525,-10.803553,-10.503552,-10.563552,-10.273552,-9.753552,-9.333552,-8.843553,-7.8935523,-7.6635523,-7.283552,-7.5235524,-8.013553,-8.193552,-7.5435524,-6.6035523,-5.3335524,-4.4635525,-3.4335523,-3.4135523,-3.0835524,-3.1435523,-3.4335523,-3.4335523,-5.033552,-4.763552,-3.4535522,-2.2135522,-1.4735522,-1.3835522,-0.69355226,-0.68355227,-0.40355223,-0.6635522
3.9764478,2.4764478,2.6964478,3.1464477,4.2264476,3.5864477,2.4464478,1.4264477,1.4664477,1.4564477,0.19644776,-1.3135523,-2.8135521,-2.5435522,-2.3435524,-4.053552,-4.9535522,-6.2035522,-6.4635525,-8.643552,-9.323552,-9.893552,-10.013553,-10.743552,-11.393552,-10.843553,-11.933552,-12.443552,-11.293552,-11.343553,-10.533552,-9.4235525,-8.683552,-7.693552,-7.6835523,-8.183552,-8.013553,-8.303553,-8.043552,-7.323552,-6.423552,-5.443552,-5.0435524,-3.5635521,-2.2435522,-1.7035522,-1.6935523,-1.5535523,-1.5735523,-2.2235522,-0.55355227,-0.16355224,0.08644775,0.60644776,0.78644776,1.1464478,1.2264477,1.5064478
3.5764477,3.9964478,5.096448,3.8764477,3.3464477,1.8964478,0.23644775,-0.27355224,0.30644774,-1.6335522,-2.4435523,-4.053552,-3.7635522,-3.8135521,-4.093552,-5.1835523,-7.1235523,-6.473552,-7.5635524,-7.943552,-8.633553,-9.653552,-10.803553,-10.703552,-11.843553,-11.543552,-12.093553,-11.653552,-12.733552,-11.203552,-11.053553,-10.433552,-9.603552,-9.323552,-9.163552,-8.633553,-8.473553,-7.3335524,-6.573552,-5.923552,-5.7135525,-5.803552,-5.3135524,-4.6235523,-4.2035522,-4.033552,-3.4635522,-2.6435523,-1.2835523,-3.1835523,-1.2035522,-1.1935523,-1.2235522,-0.93355227,-0.69355226,-0.58355224,-0.08355225,-0.043552246
2.6364477,2.9964478,3.4364479,2.9764478,0.78644776,-0.21355225,-0.5335522,-0.95355225,-1.6835523,-2.3235521,-4.0235524,-3.4135523,-4.8535523,-4.553552,-5.1235523,-7.093552,-8.003552,-7.5435524,-8.873552,-8.383553,-8.313552,-8.503552,-8.143552,-8.553553,-7.093552,-8.733552,-10.153552,-10.053553,-10.693552,-9.583552,-9.573552,-8.333552,-8.713552,-10.983552,-10.333552,-9.703552,-8.913552,-7.8535523,-6.993552,-6.763552,-5.993552,-6.8935523,-8.473553,-7.673552,-5.4535522,-4.473552,-2.9535522,-2.8235521,-2.0035522,-2.7135522,-2.2035522,-1.0735523,-0.74355227,0.09644775,-0.09355225,-0.43355224,-0.29355225,-0.39355224
1.4564477,1.3664478,0.9564478,-0.07355224,-1.3935523,-2.2035522,-2.3735523,-2.0735521,-3.2735522,-4.593552,-4.0235524,-4.7335525,-5.1435523,-5.0035524,-6.5035524,-7.573552,-7.7935524,-8.983552,-8.973553,-7.033552,-7.1035523,-8.523552,-9.393552,-8.163552,-7.903552,-9.113552,-8.303553,-9.193552,-9.823552,-12.083552,-12.343553,-11.853552,-9.853552,-10.303553,-10.363552,-10.363552,-10.063552,-10.623552,-9.263553,-8.033552,-7.4835525,-8.183552,-6.2035522,-4.3335524,-2.8435524,-1.3135523,-1.0435523,-0.48355225,0.42644775,0.08644775,1.5664477,1.1864477,0.13644776,-0.71355224,-0.96355224,-0.30355224,-0.30355224,-0.84355223
-0.48355225,-1.8735522,-2.1635523,-3.0435522,-3.4035523,-3.6635523,-3.6935523,-4.3735523,-5.4335523,-4.2035522,-4.423552,-4.8335524,-6.133552,-6.303552,-8.223553,-7.193552,-7.863552,-10.103552,-9.023552,-8.453552,-8.643552,-7.9335523,-6.343552,-5.673552,-5.573552,-5.8735523,-5.783552,-7.4135523,-8.1735525,-7.533552,-9.343553,-9.4235525,-8.963552,-8.743552,-7.9335523,-9.953552,-8.603552,-6.693552,-5.493552,-6.173552,-5.0635524,-4.263552,-3.7335522,-2.7535522,-2.1435523,-1.6035522,-1.2335522,-0.70355225,0.056447756,0.50644773,0.67644775,0.17644775,-0.90355223,0.036447752,0.7064478,0.12644775,1.0264478,-0.17355224
-3.6635523,-3.9135523,-4.2035522,-3.9935522,-4.613552,-5.5035524,-5.993552,-5.2735524,-5.3535523,-4.033552,-4.7935524,-6.443552,-6.943552,-7.2035522,-8.613552,-7.743552,-8.603552,-8.523552,-7.943552,-8.9235525,-8.493552,-7.9535522,-6.6035523,-5.7135525,-4.4835525,-4.133552,-6.2135525,-6.763552,-7.283552,-7.6235523,-6.0035524,-6.8535523,-6.6435523,-7.7335525,-6.843552,-5.2735524,-4.7535524,-4.343552,-3.6935523,-2.4335523,-0.93355227,-0.0035522461,-1.3135523,-1.6435523,-0.75355226,0.28644776,-0.51355225,-0.043552246,0.27644774,-1.3635522,-0.57355225,0.75644773,1.3664478,1.8064477,2.9764478,2.4064476,2.1964478,2.9264479
-5.2335525,-5.7735524,-5.5435524,-5.843552,-6.153552,-5.173552,-4.903552,-4.863552,-3.9635522,-4.513552,-5.973552,-7.803552,-7.2735524,-7.1635523,-8.053553,-8.333552,-8.333552,-6.993552,-7.693552,-7.493552,-7.8335524,-7.2535524,-6.133552,-5.0635524,-5.613552,-5.9335523,-4.323552,-2.8935523,-3.7035522,-2.6335523,-5.513552,-6.613552,-6.993552,-7.6835523,-6.2335525,-5.0835524,-4.0835524,-3.3735523,-2.3535523,-1.9135523,-1.2135522,-0.7835522,0.5864478,0.7764478,0.17644775,0.24644776,1.4364477,1.0964477,2.2164478,2.9764478,2.1364477,1.9764477,1.6364478,1.9664477,3.0064478,4.1064477,4.8764477,3.7864478
-7.113552,-7.0635524,-6.783552,-6.743552,-7.2735524,-5.553552,-4.763552,-5.1035523,-5.4335523,-6.1035523,-7.113552,-8.163552,-8.413552,-7.943552,-8.433552,-8.333552,-8.063552,-6.0835524,-5.1035523,-4.863552,-5.513552,-6.383552,-6.243552,-5.673552,-5.403552,-5.5235524,-6.073552,-5.723552,-5.7735524,-5.4335523,-5.923552,-4.4635525,-5.783552,-5.303552,-5.8535523,-4.6835523,-3.8635523,-2.3935523,-1.2035522,0.13644776,-0.043552246,1.4564477,3.5864477,3.2264478,3.2964478,4.2864475,4.3164477,5.7464476,4.3764477,2.2864478,3.4164476,3.2864478,3.8064477,5.3564477,5.5364475,5.0164475,4.776448,4.196448
-7.2135525,-7.4135523,-7.1635523,-6.8935523,-6.3335524,-6.9535522,-5.0035524,-5.613552,-6.7735524,-7.903552,-7.4135523,-8.383553,-7.7035522,-8.013553,-7.7735524,-7.093552,-5.803552,-4.2535524,-3.1135523,-1.6235522,-1.3135523,-4.0035524,-6.6235523,-6.903552,-6.423552,-5.553552,-6.4135523,-6.7935524,-6.613552,-4.5035524,-5.173552,-4.843552,-5.8535523,-6.153552,-5.423552,-2.8135521,-1.4235523,-0.70355225,-0.99355227,-1.2035522,-0.43355224,0.22644776,0.41644776,0.6464478,2.5264478,3.0964477,3.6464477,3.4364479,4.136448,3.8564477,1.4064478,2.1764479,2.5364478,4.5164475,3.2164478,5.6464477,6.4764476,5.1064477
-8.463552,-7.993552,-7.4135523,-6.283552,-6.133552,-5.923552,-5.993552,-6.033552,-6.4835525,-7.9635525,-7.6035523,-7.7135525,-6.763552,-6.1835523,-5.943552,-3.8835523,-3.1635523,-2.0935524,-2.0435522,-1.5535523,-2.6435523,-3.4835522,-4.6035523,-6.1435523,-6.9135523,-7.013552,-7.8335524,-7.8135524,-6.193552,-5.693552,-4.843552,-5.2135525,-6.723552,-4.6835523,-3.0735521,-2.4635522,-3.0835524,-1.6835523,-0.62355226,-1.9635522,-2.2735522,-2.1235523,-2.5035522,-0.84355223,0.46644774,1.3364477,2.4464478,2.3264477,2.0364478,-0.37355223,0.69644773,0.06644776,1.1164478,3.1564476,2.7664478,2.1564476,4.866448,3.9064476
-4.973552,-4.2935524,-3.3235521,-2.5235522,-3.5235522,-4.193552,-4.883552,-5.863552,-5.8535523,-6.423552,-6.6235523,-6.7735524,-5.283552,-3.9035523,-5.073552,-4.9635525,-4.573552,-4.7335525,-5.1635523,-5.2535524,-4.6835523,-4.3535523,-3.6835523,-4.8935523,-6.263552,-6.653552,-6.1835523,-5.763552,-6.1435523,-5.4835525,-4.403552,-6.723552,-7.673552,-7.033552,-1.6535523,-0.6735523,-1.7235522,-0.6035522,-0.58355224,0.8264477,-1.1735523,-2.8035522,-2.1535523,-1.9735522,0.37644777,1.1164478,2.4864478,1.5064478,1.0464478,1.7864478,2.5264478,1.6864477,0.87644774,1.6364478,3.8764477,3.5764477,1.9564477,1.1764477
-1.1435523,-1.7935523,-0.063552245,-0.26355225,-1.8935523,-2.9535522,-3.7735522,-4.133552,-5.013552,-4.8335524,-4.573552,-5.0635524,-5.4135523,-6.4135523,-6.0835524,-5.1835523,-4.6235523,-4.823552,-5.0835524,-4.783552,-4.403552,-3.5235522,-2.4535522,-1.5835522,-1.0035522,-1.1235522,-2.4035523,-1.8035523,-1.5735523,-1.2435522,-1.8235523,-3.5335522,-3.7235522,-1.4535522,-1.9735522,-1.4335523,-1.5535523,-0.9135522,-2.1535523,-5.6835523,-3.7335522,-3.3835523,-3.0835524,-2.5535522,-1.8435522,-1.0635523,2.3164477,4.4564476,6.176448,15.066448,7.866448,7.7464476,8.366447,6.696448,5.196448,3.4764478,4.026448,3.1564476
-0.053552248,-0.37355223,-0.26355225,0.8964478,1.4564477,-1.4735522,-2.6235523,-3.4735522,-4.323552,-3.6135523,-3.7435522,-4.9835525,-4.993552,-5.493552,-6.133552,-6.3335524,-5.7035522,-5.173552,-4.7535524,-4.473552,-3.8435524,-3.1935523,-2.7335522,-1.3635522,0.16644776,-0.34355223,0.85644776,0.6364477,0.19644776,1.1364478,0.61644775,1.5264478,1.4264477,0.97644776,-0.48355225,-0.9235523,-0.40355223,-0.56355226,-2.9435523,-3.8135521,-5.943552,-5.8135524,-2.1935523,0.49644774,2.5364478,7.636448,7.7864475,7.946448,8.066448,9.676448,9.346448,12.416448,7.216448,3.7564478,5.3364477,5.7064476,4.3764477,6.1664476
