views/data/weather/2019/10/02/0000-wind-isobaric-850hPa-gfs-1.0.json
{"header": { "discipline":0, "disciplineName":"Meteorological products", "gribEdition":2, "gribLength":79057, "center":7, "centerName":"US National Weather Service - NCEP(WMC)", "subcenter":0, "refTime":"2019-10-02T00:00:00.000Z", "significanceOfRT":1, "significanceOfRTName":"Start of forecast", "productStatus":0, "productStatusName":"Operational products", "productType":1, "productTypeName":"Forecast products", "productDefinitionTemplate":0, "productDefinitionTemplateName":"Analysis/forecast at horizontal level/layer at a point in time", "parameterCategory":2, "parameterCategoryName":"Momentum", "parameterNumber":2, "parameterNumberName":"U-component_of_wind", "parameterUnit":"m.s-1", "genProcessType":2, "genProcessTypeName":"Forecast", "forecastTime":0, "surface1Type":100, "surface1TypeName":"Isobaric surface", "surface1Value":85000.0, "surface2Type":255, "surface2TypeName":"Missing", "surface2Value":0.0, "gridDefinitionTemplate":0, "gridDefinitionTemplateName":"Latitude_Longitude", "numberPoints":65160, "shape":6, "shapeName":"Earth spherical with radius of 6,371,229.0 m", "gridUnits":"degrees", "resolution":48, "winds":"true", "scanMode":0, "nx":360, "ny":181, "basicAngle":0, "lo1":0.0, "la1":90.0, "lo2":359.0, "la2":-90.0, "dx":1.0, "dy":1.0 }, "data":
[rows 130 to 155 of 181, columns 174 to 231 of 360]
24.094297,20.714296,19.724297,17.814297,16.534296,12.204297,7.5242968,7.944297,6.214297,5.2742968,8.744297,6.304297,4.634297,2.7542968,0.38429686,-0.82570314,0.8142969,0.32429686,6.254297,9.524297,8.294297,5.994297,5.434297,5.224297,5.8742967,6.174297,5.734297,3.6642969,3.9242969,5.3542967,4.634297,5.824297,5.634297,6.234297,6.404297,5.5842967,5.244297,4.5242968,3.7342968,3.5042968,3.2542968,2.4642968,2.4642968,2.374297,2.584297,2.4442968,2.6942968,3.544297,5.0442967,5.254297,6.3942966,6.074297,7.734297,9.854297,10.924297,12.694297,13.724297,13.8042965
18.224297,12.284297,11.544297,9.754297,10.134296,9.104297,8.404297,6.8742967,5.964297,3.9542968,4.6242967,6.634297,5.754297,5.214297,4.704297,-2.0757031,-2.3057032,0.8342969,2.584297,10.164297,7.704297,6.974297,8.524297,8.674297,9.594296,9.574297,8.564297,7.614297,6.784297,6.8742967,6.404297,6.284297,5.924297,5.744297,5.034297,5.714297,5.844297,5.7742968,4.734297,4.554297,4.204297,4.234297,3.894297,3.7042968,3.364297,3.2742968,2.544297,2.0242968,3.094297,4.614297,4.614297,6.404297,6.964297,7.904297,9.294297,9.084297,11.864297,9.894297
7.3542967,14.144297,3.294297,10.414297,5.384297,6.534297,6.734297,6.694297,6.094297,4.924297,3.4442968,3.644297,3.0142968,6.5842967,3.624297,3.7342968,2.304297,-2.395703,-0.16570312,6.3142967,4.074297,5.654297,7.8542967,9.844296,10.394297,11.084297,10.454297,9.424297,8.974297,8.114297,7.3542967,7.074297,6.7942967,6.574297,6.3942966,6.574297,6.764297,7.154297,6.244297,5.694297,5.924297,5.0242968,4.934297,4.554297,4.324297,3.7442968,3.4742968,3.074297,2.054297,3.894297,3.9842968,5.204297,5.684297,7.264297,8.794297,8.484297,7.134297,6.464297
7.234297,6.3742967,10.454297,3.9542968,6.574297,8.044297,8.374297,6.824297,6.964297,4.3342967,3.6642969,0.8442969,-1.1957031,-0.16570312,2.4342968,4.284297,2.034297,-0.41570312,0.23429687,1.9042969,4.004297,7.754297,9.034297,10.964297,10.864297,9.124297,8.534297,9.184297,8.5542965,8.354297,7.924297,7.424297,7.924297,8.144297,7.344297,7.154297,7.0242968,7.934297,7.8942966,7.134297,7.384297,7.484297,6.0842967,5.494297,4.474297,3.804297,2.4642968,1.7542969,2.344297,2.6842968,3.104297,3.9042969,4.424297,6.284297,7.5842967,7.344297,8.114297,3.864297
11.214297,7.664297,7.594297,5.404297,10.204297,10.324297,8.904297,8.944297,6.914297,5.694297,2.854297,2.894297,0.06429687,-0.49570313,0.9542969,0.5642969,1.2542969,1.5842968,3.844297,3.894297,4.234297,5.5242968,8.354297,9.764297,9.564297,13.744297,10.564297,9.474297,9.154297,9.3042965,8.454297,8.174297,8.544297,9.474297,9.904297,8.684297,7.654297,7.404297,8.144297,7.684297,7.304297,7.884297,8.184297,7.1242967,6.384297,4.924297,3.354297,2.064297,1.4442968,2.804297,1.8542969,2.4942968,3.1542969,1.9142969,2.2542968,3.7042968,2.634297,2.2442968
12.514297,11.614297,10.494297,10.124297,10.874297,15.614297,10.224297,9.004297,7.484297,7.694297,5.5842967,3.644297,1.9442968,-0.27570313,0.6242969,0.17429687,0.79429686,2.7142968,2.894297,4.214297,4.5642967,5.3542967,6.664297,8.454297,9.084297,11.5542965,13.634296,13.5542965,10.594296,10.184297,11.314297,10.884296,10.834297,10.944297,10.934297,11.884296,10.604297,9.374297,8.504297,8.404297,7.864297,7.684297,7.6242967,8.144297,7.8942966,7.5242968,5.914297,3.344297,1.9742969,2.0042968,1.2642969,1.3942969,1.2142968,-0.45570314,0.49429688,0.14429687,-0.9357031,0.8342969
14.014297,13.124297,12.694297,12.454297,14.254297,14.974297,13.604297,8.8042965,8.684297,8.374297,7.364297,5.214297,3.2342968,1.6442969,-0.44570312,-0.005703125,0.41429687,2.0142968,2.634297,3.534297,4.094297,4.864297,7.444297,7.414297,9.444297,12.184297,8.524297,11.654297,14.344296,15.144297,13.994297,14.434297,13.504297,13.734297,12.644297,12.434297,12.324297,11.984297,12.134296,10.784297,10.0542965,8.994297,8.3042965,7.3142967,7.194297,8.014297,7.864297,6.6042967,5.154297,2.054297,1.5742968,0.7542969,-0.27570313,-2.375703,-0.6157031,-0.56570315,-0.21570313,-0.27570313
16.384296,14.724297,13.614297,12.044297,11.244297,11.954297,14.874297,11.884296,8.044297,9.074297,7.674297,6.404297,4.7942967,3.324297,2.1842968,2.044297,1.1442969,0.44429687,1.5442969,2.9442968,4.3142967,5.664297,8.534297,8.884296,8.954297,10.264297,11.344296,12.004297,17.504297,13.814297,13.764297,16.014297,18.164297,16.724297,15.004297,14.274297,13.024297,12.8042965,12.724297,12.8042965,13.284297,12.424297,10.584297,9.404297,8.024297,7.824297,7.214297,6.444297,4.574297,2.1642969,2.2342968,0.67429686,-1.6857032,-3.925703,-3.375703,-3.945703,-4.315703,-1.2657031
16.024298,14.354297,13.164297,11.604297,10.544297,10.794297,15.274297,15.674297,11.034297,9.074297,8.944297,7.574297,7.114297,5.214297,4.8542967,4.734297,4.6242967,4.6042967,4.1242967,4.164297,4.5842967,6.344297,7.424297,10.444297,11.844296,12.164297,13.624297,14.484297,15.814297,14.744297,14.5542965,16.604298,17.244297,20.494297,16.864296,15.354297,14.704297,13.794297,12.524297,12.514297,13.224297,14.284297,14.474297,13.064297,11.674297,11.114297,10.174297,9.084297,6.634297,3.4042969,2.294297,0.5142969,-1.9057031,-4.065703,-4.3557034,-4.3757033,-3.9757032,-2.2957032
12.974297,13.634296,11.294297,10.964297,10.144297,11.484297,11.344296,15.594296,12.124297,9.404297,10.164297,8.854297,8.694297,7.864297,6.494297,6.194297,5.974297,4.404297,6.2742968,6.8942966,6.5242968,6.864297,7.464297,8.374297,10.8042965,13.644297,16.254297,16.354298,15.284297,17.074297,18.294296,17.054296,16.904297,16.844297,16.484297,16.434298,15.754297,16.084297,15.964297,14.824297,14.904297,14.0542965,14.544297,14.0542965,14.154297,13.314297,11.174297,10.244297,7.944297,4.8942966,2.7342968,1.2242969,-0.9957031,-3.425703,-5.005703,-4.515703,-3.665703,-3.135703
9.974297,9.364297,8.264297,9.194297,9.524297,9.854297,10.674297,13.824297,13.684297,11.444297,10.334297,10.474297,10.124297,9.684297,8.874297,9.324297,10.204297,9.874297,9.784297,9.474297,9.924297,10.124297,8.634296,9.694297,9.944297,11.594296,12.674297,14.194297,16.674297,17.664297,16.764297,19.664297,17.534296,17.024298,17.144297,16.934298,16.684298,16.954296,15.414297,15.074297,14.764297,15.104297,13.944297,14.624297,14.794297,15.414297,13.244297,10.424297,9.044297,6.864297,4.904297,2.7042968,-0.42570314,-1.8157032,-3.8157032,-4.6857033,-5.015703,-3.2657032
6.884297,5.3942966,7.0642967,8.674297,9.704297,10.464297,11.994297,11.754297,14.984297,11.944297,10.814297,10.934297,10.484297,10.344296,9.914297,10.214297,10.3042965,10.374297,10.114297,11.384296,12.0542965,11.834297,11.124297,10.724297,11.604297,10.354297,12.154297,13.774297,14.654297,16.524298,18.674297,16.484297,17.134296,17.454296,17.174297,16.374296,15.484297,15.714297,17.724297,17.094297,16.614296,15.204297,17.464296,12.3042965,11.444297,14.064297,13.484297,11.874297,9.724297,8.864297,6.744297,2.4942968,2.1842968,0.18429688,-1.9957031,-3.5857031,-4.425703,-3.715703
3.1542969,4.7742968,6.984297,7.534297,8.604297,9.564297,11.074297,13.704297,15.374297,12.834297,12.524297,11.694297,11.334297,11.594296,11.234297,11.214297,10.334297,10.784297,10.114297,10.584297,11.344296,11.834297,12.104297,11.834297,10.914297,10.134296,10.914297,13.734297,15.004297,16.074297,17.444298,18.064297,17.284296,16.604298,17.564297,18.484297,17.194298,18.324297,16.304296,15.754297,15.364297,16.444298,12.834297,14.074297,13.084297,13.534297,11.704297,12.384296,11.074297,9.824297,8.074297,5.724297,3.124297,2.7742968,0.93429685,-1.6157031,-3.425703,-3.665703
6.434297,6.8742967,8.044297,7.5842967,6.734297,6.0242968,6.3542967,7.344297,8.794297,10.734297,12.004297,12.964297,12.284297,11.694297,11.014297,10.964297,10.324297,10.244297,10.154297,10.294297,10.914297,11.724297,12.404297,11.474297,12.604297,12.734297,12.264297,12.8042965,15.3042965,16.184298,16.584297,18.284296,18.804296,18.084297,16.594297,16.944298,16.654297,18.094297,17.804296,16.684298,16.354298,17.284296,13.134296,13.634296,12.864297,9.594296,10.244297,10.454297,10.724297,10.214297,8.734297,7.344297,5.414297,4.3942966,3.144297,1.5942969,-0.9057031,-2.675703
8.544297,8.284297,8.284297,9.164297,7.934297,6.864297,6.264297,6.184297,8.344296,12.354297,13.574297,13.3042965,12.394297,12.834297,11.084297,11.094296,10.274297,10.574297,10.254297,10.384296,10.634296,10.864297,11.774297,12.654297,13.774297,13.144297,14.144297,14.614297,15.484297,16.624296,18.154297,18.514297,18.194298,18.184298,18.654297,18.514297,17.784296,17.474297,16.764297,15.934297,16.224297,15.494297,13.264297,13.354297,11.324297,9.204297,8.314297,11.394297,9.934297,9.414297,8.574297,7.924297,6.414297,5.0642967,4.5642967,3.9642968,2.4342968,-0.21570313
10.114297,10.114297,9.644297,8.934297,8.234297,8.264297,7.8942966,7.574297,8.204297,11.684297,13.834297,13.754297,12.954297,13.104297,11.694297,12.494297,10.864297,9.844296,10.434297,11.574297,11.984297,12.244297,12.484297,13.134296,15.124297,15.394297,15.964297,17.454296,16.934298,16.454296,17.334297,19.384296,18.434298,17.844297,18.474297,18.984297,18.204296,18.904297,17.014297,17.884296,15.344296,15.074297,14.194297,11.614297,12.004297,11.0542965,10.444297,10.224297,7.474297,6.0642967,7.1042967,7.984297,8.374297,8.584297,7.0642967,5.724297,5.054297,3.624297
12.064297,11.764297,10.504297,10.264297,10.3042965,9.664297,8.884296,9.504297,10.374297,10.464297,13.624297,12.904297,12.404297,11.724297,10.834297,10.934297,10.084297,9.884296,10.324297,10.524297,11.074297,11.374297,12.084297,13.064297,14.014297,16.194298,17.334297,17.104298,17.464296,16.114296,15.204297,15.404297,18.124296,19.754297,18.724297,18.804296,18.164297,17.304296,17.004297,15.074297,15.044297,12.404297,9.504297,11.224297,10.724297,10.004297,9.694297,6.8742967,7.1042967,7.684297,8.324297,8.734297,8.194297,7.2742968,6.654297,6.5842967,6.614297,6.214297
12.914297,12.564297,11.984297,11.044297,10.864297,10.124297,10.794297,11.134296,10.914297,10.294297,13.254297,11.314297,10.854297,9.634296,10.544297,10.104297,9.714297,8.914297,8.754297,8.674297,8.224297,8.524297,9.134296,10.204297,12.144297,12.384296,11.584297,12.854297,12.954297,14.484297,14.594296,13.954297,13.074297,13.594296,13.534297,14.514297,13.794297,14.494297,14.394297,14.644297,14.664297,11.424297,10.944297,9.764297,8.184297,10.0542965,9.354297,9.404297,9.024297,8.904297,9.004297,6.954297,7.0842967,7.7942967,6.944297,7.3342967,7.8342967,7.8142967
14.114297,14.254297,13.854297,12.834297,13.224297,12.644297,11.014297,11.274297,11.284297,10.014297,11.964297,9.284297,8.704297,9.024297,8.724297,8.444297,8.384296,9.104297,8.004297,7.194297,6.504297,6.434297,5.8942966,4.864297,0.8742969,-0.6657031,6.0242968,7.8742967,8.204297,8.544297,9.134296,8.944297,9.194297,9.664297,9.954297,10.634296,11.644297,10.484297,10.684297,8.394297,6.164297,5.514297,5.264297,3.9742968,4.934297,6.434297,6.764297,7.244297,7.654297,7.6042967,8.574297,9.004297,9.834297,10.134296,10.444297,10.794297,10.864297,10.354297
16.074297,14.814297,14.864297,13.774297,12.924297,12.904297,12.934297,11.794297,11.844296,8.794297,9.454297,6.904297,7.344297,7.7742968,7.454297,7.904297,8.574297,7.3542967,6.6242967,5.924297,5.464297,4.054297,3.394297,1.3742969,0.37429687,-4.245703,-8.705703,-11.165703,-6.485703,-2.405703,-2.945703,-3.425703,-0.75570315,-0.10570312,-0.23570313,0.32429686,-0.10570312,-0.4857031,-1.6957031,-2.365703,-1.4057031,-0.10570312,1.0742968,1.0942969,0.25429687,1.3342968,4.3342967,6.3542967,8.164297,9.564297,10.624297,11.734297,12.694297,13.824297,14.904297,15.754297,16.484297,16.994297
15.844296,15.614297,14.8042965,14.714297,12.984297,12.334297,11.024297,10.774297,10.094296,8.844296,7.574297,7.464297,7.8342967,6.734297,7.234297,7.594297,7.244297,5.284297,5.134297,4.264297,3.644297,2.4142969,1.2042968,-0.50570315,-3.205703,-3.195703,-4.785703,-8.035703,-11.355703,-14.085703,-15.595703,-15.335703,-14.825703,-14.975703,-13.4457035,-11.9457035,-10.6957035,-9.465703,-8.115704,-7.695703,-5.4757032,-2.5957031,-0.8557031,0.35429686,1.6942968,3.1842968,4.694297,5.694297,6.5242968,7.154297,8.044297,9.084297,10.634296,11.894297,13.224297,14.464297,15.764297,17.124296
15.5542965,15.224297,14.634296,14.724297,12.714297,12.3042965,11.264297,10.494297,9.684297,8.704297,6.684297,9.244297,9.354297,7.6042967,6.904297,6.954297,6.214297,4.484297,4.734297,3.9942968,4.614297,4.244297,1.1042969,1.2042968,0.124296874,-0.83570313,-2.645703,-5.7257032,-8.245703,-8.755703,-8.955703,-8.9457035,-8.935703,-8.615704,-7.7057033,-6.995703,-6.345703,-5.535703,-4.6457033,-3.695703,-2.915703,-2.115703,-0.9657031,0.54429686,2.1542969,4.074297,5.964297,7.5242968,8.814297,9.744297,10.404297,10.964297,11.744297,12.684297,13.744297,14.404297,14.504297,14.694297
16.054296,15.004297,12.814297,13.664297,13.174297,12.474297,11.374297,10.434297,9.124297,8.694297,8.584297,9.354297,10.484297,7.094297,6.364297,6.884297,5.444297,3.804297,4.164297,4.8342967,4.634297,6.214297,2.6942968,1.4842969,0.5942969,-0.5557031,-2.3157032,-4.1457033,-5.4157033,-5.755703,-5.995703,-6.285703,-6.175703,-5.845703,-5.175703,-4.715703,-4.3957033,-4.015703,-3.7757032,-2.705703,-1.2257031,0.5642969,2.574297,4.714297,6.574297,8.014297,8.744297,9.114297,9.0542965,8.854297,8.864297,9.104297,9.584297,10.764297,11.824297,12.224297,12.534297,13.674297
14.014297,13.674297,11.204297,12.654297,12.524297,12.534297,13.284297,11.014297,9.884296,8.094296,7.904297,9.974297,10.134296,6.994297,5.974297,6.074297,4.3342967,3.4142969,3.324297,3.4642968,4.7742968,5.034297,3.7642968,2.794297,2.284297,1.2342969,0.09429687,-0.63570315,-1.3857031,-1.8657031,-1.8957031,-1.6257031,-1.8057032,-2.0357032,-2.155703,-1.9557031,-1.4057031,-0.7857031,-0.045703124,1.1742969,2.2542968,3.084297,3.4542968,4.214297,4.924297,5.664297,6.754297,7.664297,8.104297,8.194297,7.884297,7.014297,6.7942967,6.304297,6.6042967,7.714297,9.384296,11.044297
13.234297,12.394297,11.574297,10.454297,11.844296,12.524297,11.844296,10.394297,9.844296,7.8342967,5.174297,9.634296,9.534297,7.764297,5.904297,6.244297,5.714297,4.6442966,4.074297,4.134297,5.634297,6.454297,4.784297,3.584297,3.5242968,3.2242968,2.9942968,2.644297,2.364297,2.1742969,2.074297,1.6342969,1.4542968,1.4442968,1.6842968,1.6742969,1.8642969,2.344297,3.074297,3.854297,4.714297,5.5642967,6.464297,6.514297,6.684297,6.8742967,6.994297,7.154297,7.744297,8.024297,7.974297,7.364297,6.534297,5.994297,6.004297,5.3742967,6.184297,7.7742968
12.014297,10.964297,9.574297,8.894297,10.474297,10.684297,11.964297,11.884296,10.414297,8.904297,7.3742967,7.594297,11.394297,8.344296,6.804297,7.2742968,7.514297,7.594297,6.304297,5.304297,5.284297,5.224297,5.954297,5.434297,5.204297,5.0842967,5.234297,5.3142967,5.224297,5.174297,5.164297,5.2742968,5.504297,5.714297,5.664297,5.904297,6.6442966,7.784297,8.674297,8.884296,8.914297,8.934297,9.024297,8.904297,8.634296,8.124297,7.694297,7.6242967,7.614297,7.844297,8.064297,7.784297,7.6042967,6.5442967,5.504297,4.514297,4.004297,3.9942968
