views/data/weather/2019/10/02/0000-wind-isobaric-850hPa-gfs-1.0.json
{"header": { "discipline":0, "disciplineName":"Meteorological products", "gribEdition":2, "gribLength":79057, "center":7, "centerName":"US National Weather Service - NCEP(WMC)", "subcenter":0, "refTime":"2019-10-02T00:00:00.000Z", "significanceOfRT":1, "significanceOfRTName":"Start of forecast", "productStatus":0, "productStatusName":"Operational products", "productType":1, "productTypeName":"Forecast products", "productDefinitionTemplate":0, "productDefinitionTemplateName":"Analysis/forecast at horizontal level/layer at a point in time", "parameterCategory":2, "parameterCategoryName":"Momentum", "parameterNumber":2, "parameterNumberName":"U-component_of_wind", "parameterUnit":"m.s-1", "genProcessType":2, "genProcessTypeName":"Forecast", "forecastTime":0, "surface1Type":100, "surface1TypeName":"Isobaric surface", "surface1Value":85000.0, "surface2Type":255, "surface2TypeName":"Missing", "surface2Value":0.0, "gridDefinitionTemplate":0, "gridDefinitionTemplateName":"Latitude_Longitude", "numberPoints":65160, "shape":6, "shapeName":"Earth spherical with radius of 6,371,229.0 m", "gridUnits":"degrees", "resolution":48, "winds":"true", "scanMode":0, "nx":360, "ny":181, "basicAngle":0, "lo1":0.0, "la1":90.0, "lo2":359.0, "la2":-90.0, "dx":1.0, "dy":1.0 }, "data":
[rows 104 to 129 of 181, columns 58 to 115 of 360]
-6.755703,-6.035703,-2.3157032,-3.445703,-5.985703,-6.715703,-6.925703,-6.9757032,-7.995703,-8.135703,-8.115704,-7.525703,-8.205703,-7.845703,-8.435703,-7.985703,-7.565703,-9.315703,-10.235703,-10.895703,-9.515703,-8.475703,-9.105703,-8.415703,-9.565703,-9.365704,-9.035703,-9.145703,-9.215703,-7.745703,-7.545703,-5.765703,-5.305703,-4.525703,-5.255703,-6.2057033,-5.135703,-5.6457033,-7.385703,-7.4157033,-6.715703,-6.3757033,-6.085703,-7.155703,-7.745703,-9.215703,-9.405704,-8.485703,-8.585703,-9.015703,-10.285703,-10.985703,-11.555703,-12.135703,-11.935703,-12.025703,-11.885703,-11.625703
-10.135703,-8.9457035,-7.8557034,-3.165703,-3.195703,-5.025703,-5.6257033,-5.9157033,-5.845703,-6.285703,-6.545703,-6.735703,-6.8957033,-7.245703,-7.865703,-7.495703,-8.1957035,-9.925703,-10.705703,-10.965703,-10.105703,-10.135703,-9.185703,-8.705703,-9.205703,-9.215703,-9.965703,-9.105703,-8.555703,-8.035703,-5.615703,-5.6457033,-8.585703,-4.965703,-4.175703,-6.045703,-4.515703,-6.545703,-6.1857033,-7.195703,-6.1257033,-5.745703,-5.005703,-5.905703,-8.405704,-7.525703,-7.7257032,-7.1657033,-6.785703,-6.655703,-7.405703,-8.595703,-8.975703,-9.805703,-10.235703,-9.705703,-9.915703,-9.785703
-11.335703,-10.775703,-10.815703,-8.4457035,-3.915703,-1.6557031,-3.0557032,-3.165703,-3.2957032,-3.7957032,-4.485703,-5.325703,-6.9557033,-7.945703,-6.8557034,-9.125703,-10.655704,-9.545703,-9.895703,-9.455703,-10.465703,-11.405704,-11.125703,-10.485703,-9.555703,-9.595703,-10.295703,-9.015703,-6.795703,-6.245703,-6.285703,-6.385703,-6.6857033,-6.785703,-6.385703,-6.995703,-4.735703,-5.675703,-5.3957033,-5.325703,-4.525703,-3.965703,-4.245703,-5.3557034,-6.8757033,-6.635703,-5.815703,-4.785703,-4.815703,-4.785703,-4.925703,-5.4157033,-6.425703,-7.305703,-7.525703,-7.3557034,-7.2057033,-7.2257032
-10.385703,-11.765703,-12.765703,-10.865704,-10.535703,-7.445703,-2.965703,-2.915703,-2.605703,-2.2757032,-2.7357032,-3.625703,-6.2257032,-8.185703,-10.155704,-11.175703,-9.855703,-10.365704,-8.585703,-8.985703,-7.615703,-8.505703,-9.135703,-8.435703,-7.615703,-8.485703,-8.835703,-6.4557033,-6.565703,-5.585703,-6.825703,-8.055703,-7.6857033,-6.1857033,-6.735703,-5.055703,-6.155703,-4.815703,-5.1257033,-5.195703,-5.925703,-5.345703,-5.535703,-5.795703,-5.9757032,-5.325703,-4.8557034,-3.955703,-2.465703,-2.605703,-2.605703,-3.145703,-3.5657032,-4.2257032,-4.545703,-4.525703,-4.6057034,-4.515703
-8.925703,-9.995703,-10.285703,-11.045703,-11.935703,-10.555703,-9.735703,-8.035703,-7.8557034,-7.695703,-8.395703,-8.285703,-7.995703,-9.125703,-8.105703,-8.325703,-7.9357033,-8.835703,-7.1257033,-6.745703,-6.255703,-5.865703,-4.885703,-6.775703,-7.085703,-5.235703,-4.8757033,-4.505703,-5.995703,-7.065703,-6.025703,-6.065703,-7.6057034,-6.795703,-6.615703,-5.695703,-2.7957032,-4.115703,-3.925703,-3.965703,-4.055703,-4.675703,-5.1457033,-5.085703,-3.7557032,-3.8457031,-4.6257033,-3.865703,-2.675703,-1.1457031,-0.70570314,-0.7257031,-1.0657032,-1.8757031,-1.9757031,-1.7357031,-1.8857031,-1.4257032
-8.9457035,-8.755703,-9.925703,-8.185703,-11.375703,-11.995703,-10.435703,-11.115704,-10.595703,-9.735703,-10.845703,-10.055703,-9.125703,-7.945703,-10.205703,-9.265703,-7.965703,-7.825703,-9.045703,-8.935703,-8.955703,-8.055703,-7.345703,-5.965703,-4.635703,-4.6457033,-5.655703,-5.495703,-4.1457033,-3.2257032,-3.675703,-5.4157033,-6.085703,-4.905703,-6.1257033,-5.8757033,-3.5757031,-2.2957032,-2.2357032,-3.0257032,-3.2957032,-3.0357032,-3.0357032,-2.3157032,-3.625703,-3.135703,-2.0557032,-2.935703,-3.5657032,-1.7157031,-0.6157031,0.20429687,0.49429688,0.4842969,0.36429688,0.38429686,0.6242969,1.2242969
-6.2257032,-6.465703,-6.9357033,-9.155704,-9.435703,-9.355703,-9.1957035,-9.685703,-9.815703,-10.355703,-9.705703,-9.805703,-10.595703,-7.985703,-6.7257032,-5.6057034,-7.045703,-9.845703,-10.485703,-10.355703,-11.375703,-12.565703,-13.325703,-13.365704,-12.425703,-10.915703,-9.485703,-7.6257033,-7.525703,-6.315703,-5.565703,-5.1657033,-6.295703,-5.945703,-4.3757033,-4.175703,-4.925703,-2.5357032,-2.215703,-3.2457032,-1.9157032,-1.8357031,-0.51570314,-1.6457031,-1.9957031,-2.115703,-3.2657032,-3.2557032,-2.5057032,-2.965703,-1.7957032,-0.8057031,0.29429686,0.6942969,2.084297,2.9042969,2.834297,3.2642968
-4.245703,-5.195703,-6.7057033,-7.015703,-7.6657033,-8.435703,-7.8757033,-9.345703,-8.865704,-8.865704,-9.595703,-10.4457035,-9.585703,-6.195703,-8.645703,-11.465703,-9.665703,-11.605703,-12.455703,-13.665703,-12.665703,-12.335703,-12.345703,-11.935703,-9.835703,-7.565703,-8.275703,-7.295703,-6.035703,-5.075703,-4.335703,-3.7857032,-3.715703,-3.165703,-3.3057032,-3.615703,-1.5357032,-2.3457031,-1.2057031,-1.7457031,-2.675703,-1.5757031,-0.2957031,-0.70570314,-2.405703,-2.455703,-2.7357032,-4.9357033,-5.995703,-5.425703,-4.325703,-2.135703,-1.6257031,0.29429686,0.7042969,3.4342968,4.914297,5.7742968
-5.745703,-3.7757032,-3.2657032,-4.445703,-6.795703,-9.425703,-7.265703,-8.145703,-8.365704,-9.075703,-10.405704,-9.065703,-8.265703,-9.795703,-8.435703,-9.335703,-10.475703,-10.085703,-10.055703,-10.715703,-10.435703,-9.875703,-9.425703,-8.845703,-8.285703,-6.1457033,-5.1257033,-6.545703,-7.3957033,-5.9757032,-4.445703,-2.7457032,-1.5957031,-0.7457031,0.46429688,-0.095703125,-2.165703,0.6442969,-0.18570313,0.93429685,1.8242968,0.39429688,-1.6057031,-0.37570313,-0.28570312,-0.30570313,-1.1957031,-2.2257032,-3.445703,-3.8357031,-3.5257032,-3.455703,-3.0757031,-2.365703,0.19429688,1.0542969,6.0442967,7.5242968
-6.385703,-5.845703,-5.615703,-6.045703,-5.925703,-6.265703,-6.655703,-8.035703,-6.265703,-4.865703,-5.745703,-7.2057033,-9.6957035,-9.615704,-9.575703,-10.145703,-10.525703,-10.155704,-10.675703,-11.205703,-10.615704,-9.895703,-8.315703,-7.595703,-7.425703,-9.305703,-8.085703,-7.4357033,-7.805703,-7.175703,-6.405703,-5.175703,-3.2757032,-1.6757032,-1.0257031,2.4642968,3.354297,2.1842968,2.384297,1.6942968,0.98429686,2.594297,3.394297,1.8342968,1.4942969,1.2642969,0.7642969,0.6942969,0.67429686,-0.13570313,-1.5457032,-1.7757031,-1.7157031,-1.3757031,-1.4757031,0.73429686,4.0242968,8.764297
-4.255703,-3.945703,-4.985703,-6.9157033,-8.885703,-7.695703,-7.4757032,-6.4757032,-4.2057033,-4.555703,-7.315703,-7.545703,-7.805703,-8.565703,-10.765703,-12.125703,-12.255703,-12.185703,-12.1957035,-11.535703,-11.205703,-10.795703,-10.1957035,-10.035703,-8.615704,-8.065703,-6.495703,-4.745703,-4.315703,-4.305703,-4.175703,-4.6257033,-4.3957033,-3.9957032,-2.115703,0.07429688,1.2842969,3.2542968,3.7242968,4.414297,3.054297,0.8942969,0.6542969,2.7542968,3.884297,3.554297,1.7442969,1.1742969,2.5242968,2.394297,1.6742969,2.854297,0.7542969,0.73429686,0.86429685,-0.07570312,2.7242968,6.304297
-1.7157031,-3.7557032,-4.3757033,-6.215703,-7.1457033,-7.365703,-8.185703,-6.845703,-6.055703,-6.745703,-6.585703,-8.475703,-10.225703,-10.585703,-9.015703,-9.045703,-8.935703,-8.725703,-9.105703,-9.995703,-9.835703,-8.855703,-7.8557034,-6.805703,-6.465703,-5.2257032,-4.075703,-2.8057032,-2.455703,-2.415703,-1.9557031,-0.41570312,1.0042969,0.91429687,0.28429687,-1.6357031,0.18429688,2.854297,4.134297,5.6442966,3.9642968,2.094297,2.5242968,2.4042969,2.1542969,2.2142968,4.5442967,4.974297,6.034297,6.484297,6.934297,7.114297,6.664297,3.1542969,3.304297,2.6642969,1.8142968,3.2142968
-0.6657031,-0.9857031,-2.0757031,-3.195703,-4.535703,-5.485703,-4.965703,-4.6057034,-6.1257033,-7.3957033,-9.635703,-9.785703,-6.995703,-6.565703,-8.545703,-9.895703,-9.465703,-9.105703,-9.155704,-8.585703,-7.735703,-7.315703,-7.085703,-5.775703,-4.675703,-4.3557034,-3.5457032,-2.945703,-2.185703,-1.1757032,-0.83570313,-0.27570313,1.3142968,1.9642968,2.9442968,4.554297,2.384297,3.4042969,3.9942968,2.104297,4.3542967,3.6842968,5.444297,5.324297,4.034297,3.854297,2.864297,3.4042969,4.074297,4.284297,5.344297,6.114297,6.884297,8.5542965,5.714297,5.154297,2.9942968,2.794297
1.6142969,0.5242969,-0.2657031,-0.42570314,-2.365703,-2.605703,-2.125703,-2.195703,-3.7757032,-6.365703,-5.035703,-3.625703,-5.515703,-7.845703,-8.355703,-8.825703,-8.615704,-8.135703,-7.595703,-7.215703,-6.795703,-6.135703,-4.495703,-4.1657033,-3.0357032,-2.155703,-1.9557031,-1.7757031,-1.7157031,-0.8657031,-0.4857031,-0.055703126,0.9642969,2.4742968,2.134297,3.2442968,6.3542967,6.914297,7.244297,8.174297,5.674297,7.804297,11.094296,8.514297,7.714297,5.284297,5.404297,5.284297,7.384297,6.8542967,4.8142967,3.6942968,3.884297,6.554297,6.694297,6.6442966,5.864297,3.9542968
3.614297,3.7742968,3.6542969,2.6742969,-0.10570312,-1.2457031,0.93429685,0.98429686,-0.045703124,0.084296875,-0.37570313,-0.9157031,-4.615703,-7.085703,-6.565703,-6.755703,-6.7057033,-7.075703,-6.755703,-6.035703,-5.595703,-4.155703,-3.405703,-2.625703,-3.3257031,-3.4757032,-3.415703,-1.8557031,-0.8757031,-0.025703125,0.55429685,1.7242969,2.9642968,4.3542967,4.734297,3.874297,3.9642968,4.1442966,6.5242968,9.814297,9.014297,7.344297,8.174297,7.154297,7.884297,10.574297,11.204297,8.274297,6.864297,7.174297,7.694297,6.474297,4.0242968,3.2142968,4.984297,6.664297,7.724297,7.464297
5.534297,6.204297,4.8342967,5.014297,2.564297,1.3142968,2.2442968,3.334297,2.7142968,3.0242968,1.7642969,-1.1357031,-3.9957032,-4.245703,-4.585703,-5.255703,-5.755703,-6.015703,-5.4757032,-4.7257032,-3.655703,-3.2857032,-2.5657032,-4.575703,-4.175703,-3.915703,-2.155703,-1.6857032,-1.4657031,0.38429686,1.1142969,3.284297,3.4942968,5.094297,6.994297,7.0642967,6.8342967,5.914297,6.434297,4.984297,6.2942967,8.964297,6.694297,6.454297,6.8142967,7.164297,6.424297,8.184297,10.354297,9.024297,8.254297,7.1442966,5.914297,4.704297,3.7642968,4.824297,7.994297,8.934297
7.964297,6.784297,5.724297,5.2942967,3.074297,0.47429687,1.5742968,3.6742969,3.574297,2.2042968,-1.3157032,-2.365703,-3.455703,-3.0557032,-3.935703,-4.065703,-4.6257033,-3.7457032,-3.2857032,-2.875703,-3.0457032,-4.3757033,-4.365703,-4.445703,-3.2257032,-2.165703,-1.0457032,0.054296874,1.3342968,2.804297,4.504297,5.764297,7.2942967,8.254297,9.384296,9.944297,9.384296,9.114297,7.994297,5.404297,4.724297,5.674297,7.7942967,11.454297,6.694297,7.494297,4.954297,6.2942967,8.184297,5.6242967,5.964297,5.614297,6.2742968,6.8542967,4.594297,3.9142969,3.114297,7.0642967
10.084297,8.414297,7.1242967,6.1042967,4.504297,1.8442969,2.344297,5.0642967,4.3742967,0.38429686,-0.5957031,-1.3957031,-1.8457031,-2.3057032,-2.955703,-2.8457031,-2.7757032,-2.3357031,-1.8857031,-1.9957031,-3.185703,-4.015703,-3.8357031,-2.5057032,-1.8957031,-0.6157031,-0.47570312,0.054296874,0.9042969,2.354297,4.664297,6.634297,8.514297,9.734297,10.074297,9.674297,10.774297,10.744297,9.454297,6.5242968,4.7742968,5.384297,4.014297,8.394297,10.154297,9.464297,6.664297,5.174297,6.984297,6.004297,9.444297,7.1042967,6.164297,7.3142967,5.614297,7.494297,6.704297,8.364297
13.034297,11.374297,9.214297,7.914297,6.954297,5.264297,5.1042967,4.114297,4.0242968,2.584297,0.93429685,-0.49570313,-0.6657031,-1.3257031,-0.7357031,-1.3057032,-1.1157031,-1.1857032,-0.9757031,-1.3357031,-2.7257032,-2.625703,-2.625703,-2.0157032,-0.58570313,-0.6557031,-1.6957031,0.9642969,2.4742968,2.9742968,5.2742968,6.204297,9.494297,8.814297,8.624297,8.674297,10.644297,10.524297,9.774297,9.714297,5.984297,5.444297,5.284297,3.5042968,4.8742967,7.824297,9.944297,7.944297,9.314297,7.324297,7.184297,9.854297,9.434297,7.944297,11.734297,10.774297,11.964297,11.364297
15.954297,13.784297,11.924297,9.214297,9.3042965,7.574297,8.264297,7.0642967,7.234297,4.594297,2.9842968,1.6742969,1.3242968,0.6942969,1.4142969,0.5342969,1.0042969,0.39429688,-0.36570314,-0.89570314,-1.5657032,-1.8357031,-1.6057031,-0.34570312,-0.045703124,-1.5557032,1.0342969,2.044297,1.5242969,2.864297,4.6042967,6.474297,6.8342967,7.914297,9.364297,7.614297,8.464297,9.274297,10.194297,8.934297,8.014297,5.3942966,4.694297,4.284297,4.7742968,5.014297,8.484297,6.824297,7.8942966,9.854297,8.274297,7.1242967,8.344296,9.224297,10.504297,9.164297,11.544297,8.624297
18.954296,16.814297,15.094296,12.004297,10.984297,11.314297,10.004297,9.144297,9.074297,6.204297,5.5242968,3.794297,3.6842968,2.9642968,3.594297,2.7442968,2.544297,1.9342968,0.2642969,0.36429688,-0.27570313,-0.5457031,-0.76570314,0.44429687,-0.23570313,-0.24570313,2.2242968,1.6642969,2.134297,3.4442968,4.094297,5.884297,6.1442966,6.414297,7.094297,7.974297,8.774297,9.344296,9.524297,8.834297,8.544297,8.144297,6.5842967,5.764297,6.004297,3.9642968,4.824297,10.004297,8.734297,9.314297,9.824297,8.144297,6.744297,8.434297,6.164297,9.774297,7.424297,7.3742967
17.254297,19.294296,17.594297,15.174297,14.394297,12.524297,12.314297,10.434297,9.254297,7.384297,7.8942966,7.264297,6.2742968,5.5842967,5.304297,4.444297,4.0842967,2.784297,1.9442968,1.8142968,1.7442969,0.8742969,1.2742969,1.2542969,0.8142969,1.4042969,1.5042969,1.4642968,1.1042969,3.604297,4.8342967,4.6242967,4.684297,6.0642967,6.054297,5.934297,6.534297,5.974297,7.974297,8.694297,8.914297,9.134296,8.384296,7.204297,7.164297,6.984297,6.004297,4.8742967,9.154297,10.184297,10.154297,11.074297,7.2742968,8.014297,6.704297,10.004297,8.954297,6.5642967
19.114296,18.834297,21.334297,18.904297,16.014297,15.644297,13.724297,13.514297,11.334297,9.774297,9.524297,10.114297,9.834297,8.794297,7.364297,6.1242967,5.724297,4.824297,3.7142968,3.844297,3.844297,2.4842968,2.574297,2.094297,1.3842969,2.7342968,1.2642969,1.8142968,3.304297,3.034297,2.4742968,4.114297,4.494297,4.484297,4.504297,3.9542968,3.9942968,6.804297,5.3542967,6.004297,6.3942966,7.414297,7.8142967,8.384296,7.714297,6.3742967,9.194297,8.844296,6.8742967,8.934297,11.284297,9.964297,8.564297,7.3742967,7.914297,9.314297,9.174297,7.254297
16.704296,20.274298,22.884296,20.754297,17.144297,18.164297,17.194298,15.454297,15.514297,12.3042965,11.514297,11.844296,12.374297,12.224297,10.254297,8.254297,7.3742967,6.984297,5.114297,4.934297,5.3142967,4.3742967,4.344297,2.104297,2.4142969,3.794297,2.0042968,3.284297,2.7442968,2.2142968,2.6742969,3.7342968,3.7642968,3.334297,3.104297,3.834297,2.784297,1.3842969,2.7142968,4.804297,4.974297,6.214297,7.114297,8.274297,8.254297,8.294297,7.844297,7.844297,7.554297,8.634296,8.694297,11.454297,9.824297,6.8342967,9.274297,7.944297,8.614297,6.224297
20.054296,16.484297,20.774298,26.464296,18.484297,22.304296,20.284296,19.154297,18.344297,17.574297,13.914297,12.874297,13.444297,14.224297,12.814297,10.924297,9.884296,8.244297,6.964297,6.504297,6.214297,6.3342967,5.784297,3.7142968,3.844297,4.014297,3.7542968,4.224297,3.5042968,2.134297,2.854297,2.314297,2.824297,3.5042968,3.814297,4.384297,4.0842967,4.454297,4.5442967,3.854297,6.694297,7.414297,8.064297,9.534297,9.3042965,9.344296,9.044297,9.284297,9.0542965,6.884297,8.524297,9.044297,11.534297,10.364297,8.944297,8.864297,6.0442967,6.464297
17.394297,19.364296,16.564297,22.794296,21.364296,22.624296,25.014297,21.954296,21.584297,20.504297,18.114296,15.764297,14.454297,14.754297,14.294297,13.044297,11.834297,10.954297,9.134296,7.6242967,7.364297,7.324297,6.734297,4.844297,4.634297,3.784297,4.384297,4.244297,2.9642968,3.064297,2.894297,3.6642969,3.4442968,4.244297,4.904297,5.464297,5.6042967,6.414297,6.1442966,6.494297,7.674297,7.164297,8.894297,9.194297,11.034297,11.794297,10.944297,10.414297,10.024297,9.624297,8.374297,9.264297,12.964297,12.534297,9.734297,9.584297,8.584297,8.104297
