views/data/weather/2019/10/02/0000-wind-isobaric-70hPa-gfs-1.0.json
{"header": { "discipline":0, "disciplineName":"Meteorological products", "gribEdition":2, "gribLength":67665, "center":7, "centerName":"US National Weather Service - NCEP(WMC)", "subcenter":0, "refTime":"2019-10-02T00:00:00.000Z", "significanceOfRT":1, "significanceOfRTName":"Start of forecast", "productStatus":0, "productStatusName":"Operational products", "productType":1, "productTypeName":"Forecast products", "productDefinitionTemplate":0, "productDefinitionTemplateName":"Analysis/forecast at horizontal level/layer at a point in time", "parameterCategory":2, "parameterCategoryName":"Momentum", "parameterNumber":3, "parameterNumberName":"V-component_of_wind", "parameterUnit":"m.s-1", "genProcessType":2, "genProcessTypeName":"Forecast", "forecastTime":0, "surface1Type":100, "surface1TypeName":"Isobaric surface", "surface1Value":7000.0, "surface2Type":255, "surface2TypeName":"Missing", "surface2Value":0.0, "gridDefinitionTemplate":0, "gridDefinitionTemplateName":"Latitude_Longitude", "numberPoints":65160, "shape":6, "shapeName":"Earth spherical with radius of 6,371,229.0 m", "gridUnits":"degrees", "resolution":48, "winds":"true", "scanMode":0, "nx":360, "ny":181, "basicAngle":0, "lo1":0.0, "la1":90.0, "lo2":359.0, "la2":-90.0, "dx":1.0, "dy":1.0 }, "data":
[rows 52 to 77 of 181, columns 232 to 289 of 360]
2.1182618,2.4582617,2.3282616,2.4882617,2.2082617,2.5582616,3.0382617,3.9882617,5.5682616,7.0682616,8.558262,9.008262,11.028262,11.388262,10.878262,10.688262,11.938262,9.508262,9.348262,7.7782617,5.6982617,1.0182617,1.1482617,2.5882616,3.7182617,2.3282616,4.2582617,5.118262,3.6082618,5.0082617,4.868262,3.7882617,2.5782616,2.1082618,2.9182618,1.2982618,0.05826172,-2.2717383,-4.211738,-4.2217383,-5.461738,-6.3117385,-7.361738,-7.211738,-7.481738,-7.111738,-6.771738,-7.8917384,-9.521738,-8.371738,-8.071738,-6.9117384,-5.3717384,-4.8317385,-2.5117383,-1.9317383,-2.7817383,-2.8217382
2.2682617,2.4682617,2.6382618,2.4682617,2.4882617,2.5582616,3.4482617,5.038262,6.1782618,6.768262,8.008262,10.408261,9.238262,9.648262,9.748261,10.888262,12.378262,8.558262,10.478262,9.078261,7.6282616,6.7182617,6.638262,5.6682615,2.2282617,4.7082615,4.8382616,5.1982617,4.598262,4.808262,3.2682617,2.3382616,2.8382616,2.1882617,2.0582616,0.82826173,-0.20173828,-2.4317384,-4.6817384,-4.5817385,-4.4917383,-6.5417385,-7.2817383,-7.0417385,-6.381738,-6.4517384,-7.251738,-8.0417385,-8.531738,-8.461739,-6.771738,-6.091738,-5.3017383,-4.341738,-2.1617384,-0.99173826,-1.2617383,-1.3517383
2.3382616,2.0182617,1.7482617,2.4282618,3.4782617,3.9482617,4.9582615,4.9882617,5.228262,6.388262,7.5882616,7.4482617,8.298262,8.318262,7.9882617,10.068262,10.028262,9.688262,6.6682615,6.5682616,6.1482615,6.5482616,5.888262,6.0082617,4.9482617,6.598262,6.368262,5.9382615,4.828262,4.9582615,2.9382617,3.4882617,2.9582617,2.3782618,1.9282618,0.7482617,-1.3517383,-3.1717384,-4.191738,-4.5517383,-5.7817383,-7.7817383,-7.7017384,-7.191738,-6.021738,-6.2017384,-6.771738,-7.251738,-7.6417384,-6.001738,-5.1017385,-5.7217383,-6.3217382,-3.8417382,-1.7017382,-2.3017383,-2.7717383,-2.7517383
1.9682617,2.5682616,2.9282618,3.2182617,4.2182617,5.1482615,4.7082615,5.158262,5.868262,7.1782618,6.348262,5.1982617,6.9582615,7.2182617,8.238262,8.628262,9.488262,5.9682617,8.608262,7.4382615,5.8182616,5.558262,6.038262,5.598262,6.8382616,7.4382615,6.138262,5.408262,4.9882617,3.3982618,4.038262,3.8382616,2.5782616,1.4682617,0.20826171,-0.6617383,-3.2117383,-4.4317384,-4.7017384,-5.711738,-6.7217383,-7.0617385,-6.7217383,-6.861738,-6.9317384,-6.001738,-5.3117385,-4.5617385,-4.1217384,-4.151738,-4.5517383,-4.5817385,-3.7817383,-1.9317383,-4.1617384,-5.3117385,-4.651738,-6.4917383
2.9382617,3.6682618,3.8782618,4.118262,4.228262,4.7382617,5.6782618,5.498262,6.478262,6.618262,6.6782618,7.098262,7.018262,7.6082616,8.598262,8.248261,6.248262,7.018262,3.7782617,3.6582618,5.6082616,7.558262,8.568262,6.8382616,8.238262,6.6782618,5.748262,5.9482617,5.5082617,5.7582617,5.1282616,3.6582618,2.0482616,0.6182617,-0.99173826,-1.8017383,-3.2417383,-3.7717383,-4.2617383,-4.2417383,-5.1217384,-4.7217383,-5.751738,-5.2817383,-4.671738,-4.381738,-4.7617383,-4.3517385,-4.3117385,-3.6417382,-4.461738,-4.3317385,-4.0317383,-7.3117385,-6.841738,-8.191738,-7.901738,-6.3917384
3.6982617,3.5182617,4.038262,4.6982617,5.1782618,5.3782616,4.768262,4.9682617,5.3582616,6.3382616,7.4382615,7.6882615,7.0482616,6.9482617,6.9482617,6.228262,5.658262,5.6482615,7.0082617,6.308262,7.768262,8.188262,7.7082615,7.158262,7.4182615,6.4482617,7.288262,7.368262,7.4482617,6.768262,4.8982615,3.0382617,1.6082617,-0.25173828,-1.2917383,-2.3317382,-3.2017384,-3.4517384,-2.8617382,-3.5317383,-3.8217382,-4.8017383,-3.3517382,-2.7417383,-3.1917384,-3.3717382,-4.3917384,-3.9017382,-4.3517385,-4.461738,-4.9317384,-6.7417383,-8.621738,-8.051739,-9.601738,-7.001738,-5.8317385,-6.091738
3.7382617,4.828262,5.1882615,5.9582615,5.848262,5.748262,4.9682617,4.3782616,5.2182617,6.0082617,5.748262,5.6982617,5.6282616,6.8382616,7.578262,6.0082617,6.3782616,5.158262,6.368262,7.6982617,9.198261,7.408262,7.598262,6.408262,7.018262,8.068262,8.248261,7.228262,6.9582615,4.8382616,3.1882617,1.7482617,0.11826172,-1.1217383,-1.5217383,-1.2617383,-1.9617382,-2.5917382,-1.6117383,-2.6017382,-3.2917383,-3.0217383,-4.3317385,-4.3917384,-3.1617384,-2.9517384,-4.0817385,-3.5117383,-3.6717384,-5.611738,-7.341738,-7.941738,-8.191738,-8.161738,-5.7417383,-6.021738,-6.3517385,-6.9317384
4.368262,3.3682618,4.598262,6.0682616,6.0682616,4.998262,4.9582615,5.078262,4.808262,5.768262,5.1782618,5.8382616,6.2582617,6.6882615,6.7082615,5.9582615,6.8182616,6.598262,8.788261,8.478262,8.428262,7.348262,6.728262,7.2782617,7.8982615,7.6782618,8.108262,6.558262,4.2382617,4.4382615,2.1282618,0.69826174,0.11826172,-0.5717383,-0.47173828,-1.2417383,-1.5517383,-2.1817384,-3.0817382,-3.9417384,-4.3217382,-4.271738,-3.9517384,-4.4717383,-4.481738,-5.7617383,-5.1417384,-5.5117383,-7.0617385,-6.5117383,-6.8517385,-7.0517383,-5.8717384,-6.1217384,-6.3517385,-6.901738,-7.0117383,-6.3517385
2.5082617,3.1182618,4.1982617,4.538262,3.7082617,3.8682618,4.2182617,3.5682616,4.8582616,4.9182615,5.0482616,5.7382617,3.5982618,5.6782618,6.1282616,6.9382615,7.018262,8.478262,8.218262,8.768262,7.9482617,7.748262,8.798262,8.018262,7.5882616,7.638262,5.998262,5.7182617,3.7782617,2.1582618,1.8182617,0.9982617,0.14826173,0.27826172,0.6782617,0.29826173,-0.5417383,-1.0717382,-2.1717384,-2.8117383,-2.6317382,-4.021738,-4.211738,-5.421738,-5.6217384,-5.751738,-5.981738,-6.381738,-6.4317384,-5.961738,-6.3017383,-6.921738,-6.231738,-6.2417383,-6.7417383,-6.731738,-6.771738,-7.0617385
4.578262,4.2182617,4.8382616,4.2782617,3.7882617,3.6982617,3.6382618,4.1482615,5.0882616,5.2782617,5.8582616,3.4582617,5.4282618,5.2382617,7.0282617,6.4282618,6.998262,7.4182615,8.238262,7.2982616,6.0682616,6.288262,7.7382617,8.468262,8.688262,8.058262,6.058262,4.0482616,3.2082617,2.6282618,1.5082617,2.1482618,2.3482618,2.1982617,1.3482617,1.0282617,-0.20173828,-1.0617383,-1.9217383,-2.7517383,-3.4317384,-3.9517384,-4.611738,-4.4717383,-5.0117383,-4.521738,-4.0517383,-4.191738,-4.091738,-2.5917382,-2.7117383,-3.4217384,-4.6817384,-5.861738,-6.3017383,-6.1617384,-5.7217383,-4.381738
4.3382616,4.868262,5.1782618,4.6782618,3.9082618,3.7482617,4.248262,5.0682616,5.4182615,6.4682617,4.8382616,4.748262,5.8982615,6.0482616,5.8382616,5.998262,6.6282616,7.578262,7.0682616,5.0882616,6.788262,7.388262,8.158261,7.5082617,7.5482616,5.4582615,4.6082616,5.2582617,4.0282617,2.3682618,2.2582617,2.3882618,2.2182617,1.8882617,0.8382617,0.37826172,0.15826172,0.33826172,-0.67173827,-0.8517383,-2.4517384,-3.2817383,-3.8017383,-3.9017382,-3.9417384,-3.8417382,-3.2017384,-1.9917383,-2.9917383,-3.6217382,-4.521738,-5.6017385,-5.9717383,-4.941738,-5.501738,-5.1617384,-4.3117385,-4.6417384
4.9482617,5.748262,4.9482617,4.248262,4.118262,3.2882617,4.6482615,4.268262,5.138262,5.388262,5.558262,5.0482616,6.1282616,6.2182617,5.868262,5.998262,6.138262,7.078262,5.618262,5.6482615,7.788262,7.578262,7.1482615,6.7982616,5.6682615,5.5282617,5.118262,4.118262,2.2082617,2.5482616,2.9982617,2.3882618,2.6182618,2.0182617,1.4982617,0.8482617,1.1282617,0.7382617,0.2882617,-0.10173828,-1.0317383,-1.7017382,-3.1517382,-3.5217383,-4.461738,-4.941738,-5.2917385,-4.5817385,-4.8917384,-5.8217382,-6.0317383,-5.611738,-5.441738,-5.6417384,-4.9717383,-4.521738,-4.631738,-3.9817383
4.7982616,5.038262,4.2782617,3.2882617,2.6282618,3.4082618,3.7382617,4.2082615,4.7782617,5.638262,3.5982618,5.118262,5.1982617,5.598262,4.248262,3.6582618,4.2582617,3.6082618,4.0882616,6.2382617,6.558262,5.408262,5.2582617,4.1682615,3.9382617,4.018262,3.7182617,1.1382617,0.8682617,2.3082616,2.1982617,1.9882617,2.0382617,1.6582618,1.3482617,0.56826174,-0.5917383,-1.3017383,-1.7117382,-1.4317383,-1.4517382,-2.3217382,-3.5817382,-4.211738,-4.981738,-4.591738,-4.7817383,-5.3117385,-5.8517385,-6.151738,-5.9917383,-6.1417384,-6.171738,-5.7217383,-5.521738,-4.8217382,-4.381738,-4.691738
4.7382617,3.7182617,3.6082618,2.0782616,2.3182616,3.0482616,2.6982617,3.6282618,4.658262,5.078262,4.2082615,4.3982615,3.9082618,4.618262,2.2582617,2.1282618,2.6782618,3.0982618,4.388262,5.098262,4.808262,3.5782616,3.1682618,3.5682616,3.1082618,2.4882617,0.82826173,0.29826173,1.4382617,1.5882617,1.6582618,2.4082618,1.5282617,1.6082617,1.1882617,0.13826172,-0.5117383,-1.8217382,-2.0317383,-1.5617383,-2.1217382,-2.8317382,-3.3217382,-3.9217384,-4.4117384,-4.8117385,-4.611738,-4.671738,-4.731738,-4.901738,-5.501738,-5.8217382,-6.0117383,-4.981738,-5.1217384,-5.341738,-5.2217383,-5.3117385
3.2982616,1.9682617,1.7682617,1.4982617,2.0082617,3.3582618,4.1982617,5.4282618,4.638262,3.6882617,3.7482617,2.9082618,2.8182616,2.3082616,1.3782617,0.9982617,1.3182617,2.0482616,2.0482616,2.6482618,3.3482618,3.0282617,3.2882617,3.2182617,1.7882618,-0.10173828,-1.0017383,0.10826172,1.8682617,1.9582617,1.5282617,2.0582616,2.3182616,2.1682618,1.3882617,0.11826172,-0.3917383,-0.5217383,-0.6917383,-1.9217383,-2.4817383,-3.0917382,-3.9917383,-3.8017383,-3.9017382,-4.271738,-4.151738,-3.9517384,-3.8117383,-3.7217383,-4.0617385,-4.6817384,-4.9117384,-4.9317384,-4.1617384,-4.6617384,-3.9917383,-1.8817383
2.6182618,2.5582616,2.5482616,3.0282617,3.1982617,4.1982617,4.408262,3.9682617,3.4082618,3.5382617,2.1182618,2.1582618,0.18826172,0.37826172,-0.08173828,-0.11173828,0.42826173,1.8982617,2.2082617,2.8182616,2.4482617,1.6182617,2.2382617,2.0182617,1.3682617,0.5882617,-0.041738283,-0.29173827,0.06826172,0.4482617,1.0682617,1.3682617,1.8682617,2.1182618,2.0682616,0.5382617,-0.09173828,-0.9617383,-2.0017383,-2.0817382,-2.2617383,-2.3317382,-2.0517383,-2.1017382,-2.4417384,-2.9517384,-3.0317383,-3.1417382,-3.5517383,-3.4317384,-2.8617382,-1.8417382,-2.4417384,-2.0517383,-2.1717384,-1.2317383,-1.4117383,-1.8617383
2.9982617,2.1682618,3.4382617,3.7882617,4.768262,5.1282616,4.6082616,4.5082617,2.7482617,0.8482617,-0.41173828,-1.3017383,-0.6417383,-0.29173827,-2.3217382,-0.5817383,-0.08173828,1.1182617,1.7582617,2.1282618,1.7382617,0.8682617,0.46826172,1.3282617,0.8582617,0.07826172,0.8982617,1.5682617,-0.3917383,-0.3917383,-0.4617383,0.17826171,0.82826173,1.3382617,1.2882618,0.9782617,-0.3917383,-0.7817383,-1.5717382,-2.3917382,-2.8717382,-3.1217382,-3.0317383,-2.6817384,-2.9417384,-3.1217382,-3.4917383,-2.7117383,-1.9117383,-2.2617383,-2.8917382,-2.7617383,-2.7117383,-2.7017384,-1.6117383,-1.6917382,-2.1517382,-1.7417383
2.0982618,2.8282616,3.4682617,3.8182616,5.1682615,4.2582617,3.7282617,2.2782617,-0.6917383,-0.3917383,-1.8917383,-2.2117383,-1.0217383,-2.6017382,-2.5117383,-2.1117382,-1.0117383,-0.21173829,1.0082617,0.7282617,0.9982617,1.0682617,0.4182617,0.11826172,0.4182617,0.13826172,0.2882617,-0.11173828,-1.1217383,-1.5417383,-0.9717383,-0.42173827,0.6482617,1.1582618,0.7782617,0.6182617,-0.4917383,-0.8417383,-1.6117383,-1.9717383,-2.7017384,-2.0317383,-2.0517383,-3.0417383,-1.8717383,-1.4717383,-2.7917383,-2.7017384,-2.9017382,-1.9317383,-1.0217383,-0.7217383,-0.9617383,-2.9717383,-3.4617383,-3.9517384,-2.7417383,-2.9317384
2.0082617,2.3282616,3.2182617,4.158262,4.4382615,3.1782618,2.5382617,0.008261719,-0.0017382812,-0.81173825,-1.8217382,-2.5317383,-2.1017382,-4.231738,-2.9617383,-3.0917382,-1.4617382,-1.2917383,-0.93173826,-1.3817383,0.27826172,1.2882618,-0.10173828,-1.8017383,-1.4917383,-1.6917382,-1.5317383,-1.8217382,-1.5117383,-2.2117383,-1.8617383,-0.2717383,0.7882617,0.5282617,1.7782617,2.0882616,1.4582617,1.2482617,0.2882617,-0.4617383,-1.4017383,-1.9117383,-1.4817383,-1.5917382,-2.9417384,-3.1517382,-2.4617383,-2.5517383,-2.3017383,-2.6017382,-2.2017384,-2.7317383,-2.9317384,-1.7917383,-2.8517382,-3.1217382,-2.1217382,-2.4517384
3.0482616,3.6482618,3.2282617,3.0782616,2.8482618,2.1882617,0.50826174,-0.09173828,-1.0817382,-1.7517383,-0.99173826,-2.0817382,-4.111738,-4.5117383,-3.6817384,-1.8317382,-0.87173826,-1.2117382,-2.7317383,-1.5317383,-1.4417382,-0.48173827,-0.86173826,-1.5417383,-2.3217382,-2.2317383,-2.1917384,-1.9317383,-2.4117384,-3.0417383,-2.3717382,-1.2717383,0.24826172,-0.32173827,0.7282617,1.2382617,2.2082617,0.5882617,-0.7017383,-0.9017383,-1.9917383,-2.7817383,-2.4217384,-1.8817383,-2.4217384,-1.8517383,-1.5617383,-1.6217383,-2.3817382,-1.9917383,-1.5617383,-1.6417383,-2.2417383,-1.7517383,-0.7717383,0.62826174,-0.28173828,-0.13173828
3.8582618,2.3782618,2.1382618,3.1382618,1.0082617,0.43826172,-0.61173826,-1.1417383,-1.8917383,-2.8817382,-1.8417382,-3.3917382,-4.2217383,-3.2917383,-3.0817382,-2.9017382,-2.4017382,-2.3017383,-1.8117383,-1.9117383,-1.5117383,-0.9417383,-0.3917383,-0.5217383,-0.7017383,-1.8517383,-3.3917382,-3.0917382,-2.6217382,-3.9117384,-4.0117383,-2.9617383,-2.5317383,-0.6317383,-0.21173829,1.6782618,2.0082617,2.0782616,1.6882617,1.2382617,1.1782618,0.6682617,-0.5717383,-0.15173829,-0.23173828,-0.7217383,-0.7517383,-1.2817383,-0.26173827,-0.10173828,-1.5017383,-1.7017382,-0.7817383,-0.56173825,-0.6417383,-1.0617383,-1.1517383,-1.0317383
2.6882617,2.7182617,2.1382618,-0.03173828,-0.35173827,-1.6017383,-1.6617383,-2.5117383,-1.9217383,-1.8517383,-2.4417384,-2.0117383,-3.3217382,-2.3517382,-2.0317383,-3.4017382,-3.5917382,-2.8017383,-2.4617383,-2.6017382,-1.9517382,-1.9517382,-0.5217383,-0.73173827,-1.0317383,-1.5017383,-2.0317383,-2.1617384,-3.0217383,-3.4017382,-4.0517383,-4.171738,-2.1417382,-1.0817382,-1.0817382,-0.05173828,0.17826171,0.6782617,1.2482617,1.0282617,0.8982617,0.5282617,0.26826173,-0.14173828,-0.38173828,0.05826172,1.3382617,1.3382617,0.20826171,-0.45173827,-1.7417383,-2.3217382,-2.4817383,-0.9717383,-0.08173828,-1.4017383,-2.1317382,-2.0017383
2.3882618,1.7282617,-0.4317383,-3.1417382,-2.7217383,-2.0817382,0.048261717,-0.16173828,-1.2017382,-1.1817383,-2.1217382,-1.6617383,-1.3517383,-1.2817383,-0.6517383,-0.5817383,-2.2917383,-2.7917383,-2.9517384,-2.0217383,-2.0417383,-2.3417382,-0.5917383,-0.86173826,-1.1117383,-1.4917383,-2.2317383,-2.6217382,-3.8617382,-3.4917383,-3.5117383,-3.4417384,-1.1417383,0.23826171,-0.7617383,-2.3017383,-0.68173826,0.5982617,1.4282618,0.94826174,1.2582617,0.9582617,-0.22173828,-0.03173828,0.32826173,0.6582617,0.33826172,0.6682617,-0.0017382812,-1.7917383,-1.8317382,-2.4317384,-2.5817382,-1.6717383,-1.5417383,-1.8817383,-1.7617383,-1.7717383
1.6082617,0.56826174,-1.7717383,-3.8217382,-3.1117382,-1.6217383,1.2882618,0.4782617,-0.5717383,-0.2717383,-0.5217383,-0.56173825,-0.67173827,-1.1717383,-0.7817383,-0.15173829,-1.5317383,-2.0117383,-3.0717382,-2.0617383,-0.21173829,-0.3317383,-0.7517383,-0.7917383,-0.5417383,-1.2217383,-1.0717382,-2.7917383,-3.4817383,-3.5117383,-2.1717384,-0.81173825,-0.11173828,0.7382617,-0.35173827,-0.5017383,0.3882617,1.4782617,1.7382617,1.6682618,1.7082617,0.7982617,-0.14173828,0.14826173,-1.1217383,-0.4317383,-0.3017383,-0.7717383,-1.0217383,-1.6817383,-1.9217383,-1.8217382,-1.6817383,-1.5317383,-2.0117383,-1.4917383,-1.3217382,-1.1117383
-0.38173828,-1.3417382,-2.5417383,-3.4117384,-2.2817383,-0.67173827,-0.68173826,1.0082617,1.0282617,1.0782617,0.2882617,-0.32173827,-1.2317383,-1.2217383,-0.87173826,-0.25173828,-0.4917383,-2.1217382,-2.0117383,-2.2717383,0.02826172,0.39826173,-0.011738282,-0.87173826,-0.42173827,-0.25173828,-1.1217383,-2.5417383,-3.4617383,-2.4117384,-1.7717383,-0.3617383,0.15826172,0.20826171,0.048261717,0.30826172,1.6882617,1.5282617,2.1682618,3.0182617,3.2082617,1.7282617,0.6082617,-1.2017382,-2.0217383,-0.5317383,-0.4617383,-0.25173828,-0.61173826,-0.47173828,-0.7917383,-0.6017383,-0.56173825,-0.041738283,-0.121738285,-1.9817383,-2.2217383,-2.9017382
0.37826172,-0.3017383,-1.8217382,-1.3417382,-1.9017383,-2.4517384,-1.6717383,0.9082617,1.5482618,1.7982618,1.4882617,0.63826174,-0.5117383,-0.9617383,-0.44173828,-0.8817383,-0.7717383,0.46826172,0.39826173,-0.80173826,-0.9617383,0.42826173,0.93826175,2.0382617,-0.08173828,0.42826173,-0.47173828,-1.5217383,-2.1717384,-2.4417384,-3.0817382,-1.6417383,-0.7117383,-0.35173827,-0.7717383,0.20826171,1.2082617,2.3882618,2.8582618,3.5582616,4.348262,4.0482616,2.5882616,1.4082618,0.5282617,-0.62173826,-0.23173828,0.088261716,1.4482617,2.0582616,2.5182617,1.5082617,0.6082617,-0.4317383,-1.0817382,-1.4917383,-2.5117383,-3.0317383
