views/data/weather/2019/10/02/0000-wind-isobaric-700hPa-gfs-1.0.json
{"header": { "discipline":0, "disciplineName":"Meteorological products", "gribEdition":2, "gribLength":79323, "center":7, "centerName":"US National Weather Service - NCEP(WMC)", "subcenter":0, "refTime":"2019-10-02T00:00:00.000Z", "significanceOfRT":1, "significanceOfRTName":"Start of forecast", "productStatus":0, "productStatusName":"Operational products", "productType":1, "productTypeName":"Forecast products", "productDefinitionTemplate":0, "productDefinitionTemplateName":"Analysis/forecast at horizontal level/layer at a point in time", "parameterCategory":2, "parameterCategoryName":"Momentum", "parameterNumber":3, "parameterNumberName":"V-component_of_wind", "parameterUnit":"m.s-1", "genProcessType":2, "genProcessTypeName":"Forecast", "forecastTime":0, "surface1Type":100, "surface1TypeName":"Isobaric surface", "surface1Value":70000.0, "surface2Type":255, "surface2TypeName":"Missing", "surface2Value":0.0, "gridDefinitionTemplate":0, "gridDefinitionTemplateName":"Latitude_Longitude", "numberPoints":65160, "shape":6, "shapeName":"Earth spherical with radius of 6,371,229.0 m", "gridUnits":"degrees", "resolution":48, "winds":"true", "scanMode":0, "nx":360, "ny":181, "basicAngle":0, "lo1":0.0, "la1":90.0, "lo2":359.0, "la2":-90.0, "dx":1.0, "dy":1.0 }, "data":
[rows 130 to 155 of 181, columns 58 to 115 of 360]
-9.665906,-12.705906,-14.435905,-16.195906,-11.065906,-6.2959056,-15.195906,-20.135906,-18.945906,-17.685905,-16.495905,-13.405906,-10.545906,-13.035906,-10.615906,-9.765905,-7.7759056,-6.285906,-3.9259057,-0.63590574,3.4640942,6.4540944,7.964094,9.474094,7.254094,8.474094,9.074094,11.884094,15.424094,17.664095,17.264093,18.404095,20.384094,18.384094,15.664094,14.694095,12.924094,9.814095,7.4540944,6.2440944,4.924094,3.0740943,2.7240942,2.3440943,1.5840943,0.47409424,-0.7259058,-0.8459058,-1.3659058,-2.2459059,-2.9959059,-3.9659057,-7.9859056,-11.335906,-12.915906,-7.915906,-8.905906,-12.855906
-5.5659056,-8.225905,-6.2359056,-14.985906,-16.885906,-15.045906,-12.295906,-13.065906,-22.225906,-18.665905,-19.135906,-15.735906,-12.085906,-13.505906,-11.925906,-10.825906,-9.315906,-8.6459055,-5.895906,-2.0059059,1.1340942,3.9840941,8.434094,9.774095,9.614094,8.224094,9.164094,10.744094,13.284094,16.004095,16.514093,17.624094,20.364094,21.264093,19.144094,14.924094,13.944095,11.414094,9.074094,7.774094,7.174094,4.8640943,4.624094,3.3640943,3.4940941,0.35409424,-1.5359057,-1.9759058,-2.7959058,-2.7459059,-3.9559057,-3.7959058,-5.5859056,-12.555905,-12.695906,-10.855906,-9.595905,-9.015905
-6.475906,-6.9859056,-7.2759056,-7.415906,-13.345905,-17.335905,-12.935905,-11.875906,-15.875906,-18.195906,-19.585905,-17.295906,-16.035906,-13.695906,-12.475905,-11.125906,-9.855906,-9.815906,-8.115906,-4.3159056,-1.4559058,0.9740942,6.734094,8.774095,10.434094,8.774095,9.044094,10.314095,12.054094,14.004094,15.624094,17.114094,19.444094,22.084095,22.354094,18.714094,14.734095,12.174094,10.644094,8.204094,7.234094,5.7040944,4.424094,1.9340942,0.18409424,0.67409426,0.48409423,-0.6559058,-3.5359058,-5.375906,-5.165906,-6.6559057,-6.8559055,-6.455906,-10.715906,-12.135906,-12.065906,-9.215906
-9.135906,-9.665906,-8.625906,-7.1559057,-8.755906,-12.355906,-19.035906,-18.405907,-12.825906,-13.775906,-16.195906,-17.345905,-15.415906,-14.8959055,-13.445906,-10.635906,-10.815906,-10.285906,-9.325906,-6.725906,-3.3959057,0.024094239,4.4540944,8.584094,10.844094,10.794094,8.054094,9.694095,11.304094,12.714094,14.124094,15.514094,19.404095,21.594093,23.594093,22.274094,17.904095,13.774095,12.3540945,11.804094,10.344094,7.6840944,5.3940945,1.3840942,1.9240942,0.55409425,0.09409424,-1.0659058,-2.2759058,-2.8359058,-5.895906,-8.705906,-8.3959055,-8.195906,-8.275906,-12.915906,-12.175906,-12.125906
-9.725905,-11.315906,-11.055905,-11.305905,-9.325906,-10.385906,-6.5859056,-17.385906,-16.855906,-14.155906,-16.945906,-16.045906,-17.665905,-16.305906,-13.845905,-10.765905,-11.525906,-11.305905,-10.555905,-9.475905,-4.9659057,-1.8359058,1.2540942,4.714094,8.264094,9.654095,9.494094,8.114094,10.534094,10.884094,12.284094,14.024095,17.414095,21.564095,23.404095,23.404095,20.064095,15.734095,13.164094,13.344094,12.074094,11.164094,7.814094,4.294094,2.4340942,2.6840942,2.7640944,0.39409423,-1.6659057,-4.9659057,-4.595906,-7.725906,-9.815906,-10.275906,-10.105906,-8.855906,-14.545906,-14.085906
-4.4859056,-8.835906,-11.615906,-13.275906,-13.875906,-11.835906,-11.015905,-14.985906,-14.805905,-19.615906,-17.075905,-16.455906,-17.275906,-16.185905,-12.285906,-14.805905,-11.685905,-10.845905,-9.855906,-10.225905,-8.435905,-4.7359056,-1.5559058,2.6040943,6.884094,8.054094,9.824094,7.6840944,8.984095,10.364094,10.594094,11.384094,15.744094,20.124094,24.214094,23.264093,21.444094,17.934093,14.944095,14.994094,16.004095,14.244094,9.8540945,5.794094,3.2540941,4.274094,4.5140944,3.9040942,-2.0759058,-5.9059057,-8.135906,-5.8359056,-8.185905,-10.835906,-12.045906,-12.035906,-11.015905,-15.775906
-0.04590576,-1.9359058,-8.525906,-12.685905,-14.885906,-15.055905,-13.255906,-12.475905,-17.385906,-14.135906,-18.865906,-22.335905,-18.205906,-16.255905,-15.155906,-14.005906,-16.415905,-12.735906,-10.605906,-10.215906,-9.605906,-6.785906,-4.4659057,-0.5359058,3.6840942,7.2640944,8.694095,8.954094,7.4740944,8.894094,9.154095,10.134094,13.664094,18.884094,23.164095,23.574095,21.644094,18.884094,17.294094,16.194094,15.894094,17.284094,10.834094,8.564095,9.024095,6.834094,6.044094,5.714094,2.1340942,-6.895906,-10.435905,-10.535906,-7.725906,-9.655906,-11.115906,-13.475905,-12.875906,-12.065906
-0.82590574,-1.7459058,-1.2459058,-7.9259057,-11.615906,-16.035906,-15.155906,-15.035906,-14.215906,-17.595905,-16.595905,-14.825906,-19.305906,-22.285906,-16.345905,-12.265905,-15.755906,-14.555905,-10.985906,-9.635906,-9.315906,-7.9059057,-6.7559056,-3.9959059,0.5240942,3.9040942,7.354094,7.444094,6.8940945,7.834094,8.564095,9.564095,12.364094,16.294094,21.064095,22.744095,21.104094,19.074095,18.024094,18.334095,17.464094,17.234095,14.844094,10.944095,9.944095,5.4740944,5.234094,5.8040943,1.0940943,-2.4759057,-7.9259057,-10.415906,-10.745906,-9.805905,-10.625906,-9.865906,-13.355906,-12.865906
-1.7359058,-1.7459058,-3.6159058,-2.1659057,-7.6759057,-9.975905,-16.575905,-16.405907,-14.455906,-12.8959055,-17.025906,-15.065906,-13.255906,-17.675905,-21.345905,-19.355906,-16.105906,-12.695906,-14.325906,-15.065906,-8.075906,-7.0059056,-5.5059056,-4.2759056,-3.3259058,0.33409423,4.6440945,9.184094,5.624094,6.524094,7.814094,9.004094,10.874094,14.524095,17.984095,21.324095,20.354094,18.244095,17.794094,18.204094,18.664095,16.964094,16.474094,12.594094,9.554094,7.2440944,5.194094,5.124094,3.0840943,-1.2659057,-6.2759056,-9.175906,-11.065906,-10.785906,-10.775906,-10.855906,-10.095905,-12.955906
-2.2559059,-1.6159058,-5.305906,-2.6659057,-3.4759057,-10.995906,-14.505906,-16.375906,-16.625906,-14.485906,-15.195906,-16.685905,-16.055906,-16.685905,-16.435905,-18.885906,-16.585905,-15.515905,-8.605906,-15.615906,-13.715906,-9.815906,-6.805906,-3.8859057,-4.165906,-3.5659058,0.08409424,8.194095,4.0140944,5.3640943,6.9340944,7.9940944,9.794094,12.704094,16.074095,19.224094,18.734095,17.394094,17.554094,18.894094,19.164095,17.524094,13.974094,14.194095,9.744094,8.614094,5.6140943,3.9940941,2.8140943,1.1840942,-2.6659057,-6.765906,-8.785906,-10.605906,-11.055905,-10.565906,-9.605906,-10.385906
-3.4759057,-3.0959058,-3.9059057,-4.7359056,-4.115906,-11.845905,-15.475905,-15.355906,-15.375906,-15.865906,-15.075906,-14.295906,-16.215906,-17.145906,-13.535906,-17.525906,-16.695906,-16.975906,-14.755906,-10.245906,-12.345905,-11.085906,-11.725905,-6.7359056,-8.705906,-5.4659057,-2.3159058,3.9040942,4.7040944,3.8440943,6.194094,7.4540944,8.904095,11.684094,14.614094,17.594093,17.894094,17.114094,16.954094,18.674095,19.294094,16.894094,14.284094,11.8540945,12.694095,9.384094,6.484094,4.854094,3.0640943,0.33409423,-1.0759058,-4.165906,-7.0259056,-10.205906,-11.805905,-12.445906,-10.825906,-10.255906
-6.5859056,-5.8859057,-5.495906,-5.4859056,-4.205906,-12.025906,-14.1459055,-14.695906,-14.575906,-14.885906,-13.805905,-12.585906,-13.085906,-16.855906,-18.445906,-15.635906,-10.685905,-12.855906,-13.335906,-13.795906,-13.215906,-8.365906,-12.035906,-8.825906,-4.4259057,-6.785906,-3.7159057,0.014094238,1.6440942,1.9140942,5.044094,6.634094,8.284094,11.134094,13.034094,15.624094,17.974094,17.684093,17.484095,17.944094,18.514093,17.354094,15.364094,12.274095,10.844094,12.394094,7.694094,5.384094,4.984094,1.9340942,-0.75590575,-2.9259057,-4.705906,-9.585906,-12.695906,-14.705906,-13.285906,-11.435905
-6.375906,-6.4259057,-6.245906,-6.725906,-3.6259058,-12.725905,-15.565906,-13.735906,-13.075906,-13.515905,-13.635906,-13.285906,-13.505906,-12.365906,-15.225905,-14.495906,-16.945906,-15.385906,-10.655906,-10.225905,-11.475905,-11.555905,-12.425906,-11.515905,-6.895906,-3.5459058,-6.1559057,-0.9759058,-0.89590573,0.63409424,3.9540942,6.2640944,8.304094,10.394094,11.894094,15.024095,16.994095,17.104094,17.734095,18.424095,18.774094,17.124094,15.744094,14.504094,11.764094,10.234095,10.124094,6.7240944,7.024094,5.854094,0.5240942,-2.7159057,-5.6059055,-7.2959056,-11.655906,-13.985906,-15.405906,-13.905906
-5.665906,-6.265906,-6.975906,-5.6559057,-2.6659057,-12.1459055,-14.905906,-14.185905,-10.585906,-11.695906,-14.495906,-13.485906,-13.745906,-13.635906,-14.525906,-16.415905,-16.425905,-14.365906,-14.415906,-12.515905,-11.975905,-11.665906,-11.965906,-13.005906,-8.965906,-3.1359057,-2.2259057,-3.3059058,-4.3159056,-0.5959058,3.0640943,6.194094,8.1040945,9.474094,11.824094,15.224094,16.034094,17.304094,17.774094,18.984095,19.294094,17.864094,16.354094,14.744094,13.204094,9.734095,10.154095,6.7240944,8.904095,7.4540944,3.8440943,-2.1359057,-6.515906,-8.185905,-8.605906,-13.685905,-13.915906,-15.485906
-4.9059057,-4.785906,-5.265906,-4.685906,-3.2559059,-8.585906,-13.605906,-13.8959055,-13.945906,-11.485906,-12.265905,-14.735906,-14.265905,-13.345905,-16.125906,-15.935905,-14.655906,-14.835906,-14.265905,-13.655906,-12.955906,-13.465906,-11.385906,-13.375906,-10.325906,-2.8759058,-4.8859057,-7.6959057,-5.6959057,-1.8759058,3.0640943,5.964094,7.3040943,9.364094,11.974094,14.764094,15.3540945,16.764093,17.664095,19.374094,19.864094,18.104094,16.304094,15.204094,13.904095,11.314095,9.224094,7.194094,9.564095,10.264094,8.134094,-0.22590576,-8.8959055,-9.875906,-8.225905,-10.955906,-14.375906,-15.255906
-4.995906,-4.4459057,-3.9959059,-5.0859056,-4.415906,-5.555906,-10.935905,-13.285906,-15.235906,-14.245906,-12.625906,-12.385906,-14.245906,-13.005906,-11.825906,-15.805905,-14.695906,-14.415906,-14.715906,-15.015905,-15.305905,-10.135906,-14.105906,-14.315906,-9.845905,-6.0459056,-8.325906,-7.7559056,-6.345906,-2.3059058,3.2440941,5.6140943,7.194094,9.524095,12.084094,13.694095,14.924094,16.164095,18.024094,20.014093,20.194094,18.024094,16.244095,15.244094,13.524095,11.954094,7.064094,5.6840944,7.8640943,9.894094,7.424094,-0.46590576,-7.095906,-8.025906,-6.1059055,-10.315906,-13.075906,-13.725905
-5.145906,-3.9159057,-3.2259057,-4.015906,-5.015906,-5.0459056,-8.935905,-11.755906,-13.155906,-16.825905,-17.225906,-13.3959055,-13.695906,-12.515905,-12.505906,-11.715906,-14.185905,-13.225905,-13.335906,-14.445906,-10.315906,-13.755906,-11.845905,-11.595905,-9.3959055,-6.415906,-7.665906,-7.2759056,-5.555906,-1.3159058,3.1940942,5.714094,7.694094,9.694095,11.484095,12.964094,14.494094,16.434093,19.134094,20.454094,19.654095,17.544094,15.844094,14.994094,13.484095,11.234095,6.1140943,4.3240943,5.354094,6.2040944,3.9340942,-0.63590574,-5.4859056,-3.7959058,-6.4659057,-10.935905,-12.015905,-14.725905
-3.9759057,-2.7959058,-2.1459057,-3.0559058,-3.3359058,-5.015906,-8.865906,-11.075906,-12.875906,-16.995905,-20.165905,-17.725906,-14.335906,-13.005906,-12.225905,-11.975905,-11.515905,-12.305905,-13.045906,-13.3959055,-11.215906,-11.955906,-12.005906,-10.785906,-9.475905,-9.195906,-9.235906,-6.685906,-3.6059058,0.7840942,3.5940943,5.4740944,7.924094,9.964094,11.574094,13.064095,15.204094,18.034094,20.154095,20.034094,18.574095,17.004095,15.084094,14.244094,13.164094,11.164094,7.924094,3.8640943,1.7540942,1.8440943,2.9440942,-1.1559057,-4.595906,-5.435906,-5.5459056,-8.135906,-10.675906,-12.815906
-2.5259058,-1.3559058,-1.1659057,-2.4059057,-3.2059057,-6.035906,-10.295906,-12.195906,-12.565906,-15.885906,-19.795906,-19.145906,-16.665905,-14.185905,-12.545906,-11.575906,-11.545906,-12.6459055,-12.565906,-13.455906,-11.255906,-11.455906,-12.535906,-12.215906,-10.995906,-10.935905,-7.575906,-5.0059056,-1.1359057,1.8340943,3.5440943,6.4140944,8.674094,10.124094,11.8540945,14.134094,16.974094,19.434093,19.634094,18.614094,17.754095,16.314095,14.564095,12.724094,11.644094,10.684094,8.054094,2.1540942,0.92409426,-2.5059059,-1.5559058,-0.87590575,-3.6959057,-5.6559057,-7.125906,-9.255906,-10.315906,-11.785906
1.4940943,0.9740942,-0.28590575,-2.4059057,-4.115906,-6.435906,-9.825906,-12.635906,-14.215906,-16.505905,-19.065907,-20.355906,-17.575905,-14.475905,-12.975905,-11.915906,-11.255906,-14.865906,-16.045906,-14.175906,-13.425906,-13.535906,-14.115906,-12.165906,-11.795906,-8.1459055,-5.6559057,-2.3759058,0.32409424,2.3940942,5.2240944,7.024094,8.494094,10.554094,13.164094,16.274094,17.984095,17.774094,16.864094,16.864094,16.344093,14.554094,12.384094,10.814095,9.834094,9.344094,7.4940944,3.7940943,-2.0159059,-1.5459057,-4.365906,-4.705906,-3.9759057,-4.8859057,-7.075906,-8.035906,-10.175906,-13.215906
1.8940942,1.4240942,0.62409425,-0.79590577,-2.5559058,-6.0059056,-10.235906,-13.735906,-15.655906,-17.735907,-20.635906,-20.265905,-17.545906,-14.985906,-12.975905,-14.455906,-16.505905,-17.315907,-14.275906,-14.875906,-14.235906,-15.305905,-13.225905,-11.595905,-8.925906,-5.8859057,-2.9159057,-0.18590575,2.3140943,4.384094,5.3940945,7.2240944,10.364094,13.224094,16.084095,17.344093,16.474094,16.394094,16.544094,16.484095,15.044094,12.774095,11.064095,9.004094,8.164094,8.094094,6.2040944,2.6240942,-0.46590576,-3.8559058,-3.8659058,-6.0459056,-5.935906,-6.205906,-5.4859056,-6.1959057,-7.9059057,-10.1459055
3.0040941,4.1140943,3.1140943,0.15409423,-2.5159059,-8.475905,-13.085906,-16.625906,-19.495905,-21.035906,-21.245905,-18.565907,-16.805906,-17.305906,-18.355906,-18.055906,-18.305906,-17.395906,-16.315907,-17.965906,-16.015905,-13.525906,-10.585906,-8.255906,-4.8359056,-2.0759058,0.41409424,2.7240942,3.6740942,4.274094,6.7640944,10.324094,13.784094,16.364094,16.084095,15.484095,15.644094,16.024094,16.164095,15.314095,13.534094,11.534094,9.264094,7.1640944,7.5140944,7.4540944,5.834094,2.2040942,-0.82590574,-3.7259057,-2.3459058,-7.665906,-6.7359056,-5.5059056,-6.915906,-7.995906,-8.065906,-7.625906
3.6340942,1.5340942,-0.6559058,-2.9959059,-6.3159056,-11.095905,-13.245906,-18.935905,-20.165905,-20.535906,-19.825905,-19.625906,-18.785906,-19.935905,-19.545906,-19.285906,-18.235907,-20.045906,-17.285906,-14.665906,-11.925906,-9.705906,-5.785906,-2.9259057,-0.56590575,1.7440943,3.2840943,3.3540943,4.254094,6.734094,10.454094,13.954094,15.864094,15.334094,14.814095,15.534094,15.764094,16.184093,15.8540945,14.294094,11.434094,8.774095,6.944094,7.354094,7.924094,6.754094,4.584094,1.3840942,-2.1359057,-2.6459057,-3.6059058,-9.165906,-9.565906,-7.2359056,-6.955906,-6.575906,-5.325906,-7.995906
-2.1959057,-0.8359058,1.0440942,0.5840942,-4.415906,-9.265905,-14.255906,-16.075905,-17.555906,-19.705906,-19.665905,-18.575905,-18.565907,-18.795906,-21.045906,-20.365906,-17.795906,-15.965906,-13.125906,-10.775906,-6.9459057,-2.9059057,-0.38590577,1.3840942,3.1840942,3.5240943,3.7540941,5.3040943,7.8040943,10.874094,13.334094,15.204094,15.064095,14.564095,15.114094,15.394094,15.094094,14.704094,13.704094,11.734095,8.294094,6.444094,6.484094,7.7040944,7.064094,5.9340944,2.4540942,-2.0259058,-2.9159057,-1.3659058,-3.7059057,-7.185906,-11.185905,-10.355906,-8.175906,-7.185906,-7.0459056,-6.875906
-3.6459057,-4.365906,-7.205906,-9.865906,-13.325906,-15.685905,-17.325905,-18.255905,-17.805906,-17.465906,-18.475906,-20.275906,-20.225906,-18.725906,-17.555906,-15.345905,-12.425906,-9.545906,-5.8859057,-2.8959057,-0.23590577,1.3740942,2.6540942,4.134094,5.124094,6.064094,7.3440943,9.244094,11.114094,13.124094,14.784094,14.914094,14.544094,14.924094,14.984095,13.934094,13.214094,12.414094,11.024095,8.684094,6.0340943,5.274094,5.9740944,6.1840944,5.7240944,4.124094,1.1040943,-1.8359058,-2.1159058,-0.30590576,-2.0059059,-6.4059057,-7.685906,-10.415906,-9.595905,-8.195906,-6.7959056,-5.2759056
-2.3659058,-3.0659058,-5.865906,-8.705906,-11.325906,-13.415906,-15.535906,-16.825905,-17.255905,-17.185905,-17.075905,-16.865906,-16.335905,-14.295906,-12.125906,-9.295906,-6.455906,-3.3959057,-0.92590576,1.6940942,3.2340941,5.004094,5.9940944,6.8440943,7.6640944,9.204094,10.3540945,11.474094,13.044094,13.754094,14.554094,15.714094,15.694095,14.454094,13.814095,13.164094,12.144094,10.6040945,8.744094,6.2240944,4.854094,3.7140942,4.254094,4.044094,3.7840943,2.8040943,0.93409425,-1.4359058,-3.5259058,-2.5159059,-2.2359056,-3.3859057,-5.665906,-6.265906,-6.035906,-6.225906,-6.0859056,-5.285906
