views/data/weather/2019/10/02/0000-wind-isobaric-850hPa-gfs-1.0.json
{"header": { "discipline":0, "disciplineName":"Meteorological products", "gribEdition":2, "gribLength":80819, "center":7, "centerName":"US National Weather Service - NCEP(WMC)", "subcenter":0, "refTime":"2019-10-02T00:00:00.000Z", "significanceOfRT":1, "significanceOfRTName":"Start of forecast", "productStatus":0, "productStatusName":"Operational products", "productType":1, "productTypeName":"Forecast products", "productDefinitionTemplate":0, "productDefinitionTemplateName":"Analysis/forecast at horizontal level/layer at a point in time", "parameterCategory":2, "parameterCategoryName":"Momentum", "parameterNumber":3, "parameterNumberName":"V-component_of_wind", "parameterUnit":"m.s-1", "genProcessType":2, "genProcessTypeName":"Forecast", "forecastTime":0, "surface1Type":100, "surface1TypeName":"Isobaric surface", "surface1Value":85000.0, "surface2Type":255, "surface2TypeName":"Missing", "surface2Value":0.0, "gridDefinitionTemplate":0, "gridDefinitionTemplateName":"Latitude_Longitude", "numberPoints":65160, "shape":6, "shapeName":"Earth spherical with radius of 6,371,229.0 m", "gridUnits":"degrees", "resolution":48, "winds":"true", "scanMode":0, "nx":360, "ny":181, "basicAngle":0, "lo1":0.0, "la1":90.0, "lo2":359.0, "la2":-90.0, "dx":1.0, "dy":1.0 }, "data":
[rows 135 to 161 of 181, columns 236 to 294 of 360]
-10.109043,-12.219043,-12.629043,-9.359043,-19.569042,-16.729042,-14.599043,-12.479043,-9.489043,-7.019043,-5.209043,-2.089043,0.32095703,1.580957,2.560957,1.630957,-1.659043,-5.829043,-13.079043,-16.979042,-18.949043,-18.309044,-12.879043,-11.519043,-9.989043,-9.569043,-8.289043,-6.249043,-2.799043,-0.26904297,2.530957,5.4909573,5.400957,5.290957,4.540957,8.540957,9.140957,9.490957,9.170957,8.520957,6.950957,6.590957,6.710957,6.630957,6.820957,5.180957,4.040957,5.590957,1.770957,3.3809571,3.100957,-1.1890429,-2.1290429,2.540957,3.590957,3.680957,4.430957,5.750957,3.970957
-9.679043,-11.989043,-13.279043,-15.729043,-19.249043,-15.369043,-11.839043,-9.739043,-8.079043,-6.809043,-4.849043,-2.319043,0.35095704,2.850957,1.5609571,-1.259043,-9.269043,-10.119043,-15.149043,-18.679043,-19.629044,-14.4990425,-11.059043,-10.369043,-10.009043,-8.789043,-8.049043,-5.949043,-2.499043,-1.129043,3.340957,4.710957,5.440957,4.850957,5.230957,6.290957,8.630957,9.530957,10.450957,8.430957,7.690957,7.020957,5.860957,7.070957,6.7609572,5.960957,4.650957,7.390957,3.700957,2.8809571,2.150957,-0.54904294,0.030957032,0.89095706,2.450957,3.800957,5.220957,6.2609572,7.880957
-9.779043,-12.399043,-15.019043,-14.799043,-14.809043,-12.479043,-9.149043,-8.619043,-7.7390428,-6.899043,-4.539043,-1.649043,1.720957,0.38095704,-1.489043,-4.4890428,-12.769043,-13.599043,-18.609043,-18.049044,-17.779043,-12.489043,-11.419043,-9.539043,-9.769043,-8.429043,-7.709043,-5.789043,-4.169043,-0.689043,3.440957,5.060957,5.440957,4.590957,5.470957,6.200957,7.110957,8.640957,10.7509575,9.600957,7.220957,7.370957,7.640957,7.200957,8.160957,4.150957,5.500957,7.170957,3.530957,4.620957,0.33095703,-0.45904297,-0.41904297,1.740957,3.040957,5.070957,5.430957,6.4909573,5.5109572
-14.099043,-12.689043,-12.739043,-12.179043,-11.119043,-9.619043,-8.959043,-7.699043,-7.689043,-5.709043,-2.429043,-0.11904297,-0.48904297,-3.1390429,-6.0090427,-11.019043,-12.299043,-17.359043,-15.199043,-19.839043,-11.789043,-11.099043,-9.989043,-9.179043,-9.009043,-8.899043,-7.679043,-5.9890428,-4.789043,0.13095704,3.680957,4.840957,3.530957,5.320957,6.850957,6.470957,7.540957,8.090957,9.350957,10.230957,8.590957,8.170957,7.850957,7.850957,7.9909573,6.750957,7.330957,3.450957,3.910957,2.990957,1.250957,-1.029043,-1.109043,3.050957,5.470957,5.080957,7.150957,9.300957,12.900957
-12.659043,-13.419043,-11.969043,-10.409043,-8.209043,-8.549043,-8.869043,-7.189043,-6.609043,-3.509043,-1.279043,-0.84904295,-3.349043,-5.579043,-9.169043,-12.689043,-13.599043,-13.629043,-17.779043,-15.559043,-11.329043,-10.529043,-9.379043,-8.979043,-8.869043,-9.099043,-8.589043,-5.579043,-3.859043,0.08095703,2.740957,2.820957,3.800957,4.820957,6.0109572,6.570957,7.120957,8.950957,10.030957,9.280957,9.7509575,9.680957,9.680957,9.230957,8.270957,8.870957,7.220957,6.190957,3.490957,2.1109571,-0.809043,-1.159043,-2.1390429,0.880957,5.370957,8.810957,8.870957,9.860957,10.630957
-11.829043,-12.429043,-10.689043,-9.709043,-9.359043,-9.429043,-8.259043,-7.289043,-6.119043,-3.259043,-1.999043,-3.319043,-6.219043,-9.299043,-10.2490425,-13.629043,-14.139043,-17.049044,-14.229043,-11.419043,-11.159043,-10.069043,-8.549043,-8.089043,-8.289043,-9.639043,-7.449043,-6.209043,-2.6290429,-0.66904294,0.680957,1.480957,3.520957,4.660957,6.560957,7.050957,6.850957,6.600957,9.680957,10.440957,9.970957,10.150957,10.720957,9.140957,9.820957,8.390957,8.700957,7.110957,3.570957,1.980957,-1.109043,-1.219043,-0.579043,2.790957,7.550957,9.870957,10.140957,9.840957,8.2509575
-10.739043,-11.559043,-11.839043,-10.9990425,-10.9990425,-10.069043,-9.849043,-8.339043,-5.899043,-4.049043,-4.2590427,-6.579043,-8.849043,-10.669043,-13.209043,-16.119043,-17.659042,-10.599043,-11.309043,-10.819043,-10.629043,-9.029043,-8.189043,-7.689043,-9.109043,-8.419043,-6.569043,-5.409043,-3.239043,-0.97904295,-0.78904295,0.05095703,2.470957,4.720957,7.610957,7.160957,6.420957,6.470957,6.290957,8.060957,9.940957,9.830957,10.660957,10.570957,9.690957,10.380957,10.160957,6.370957,3.580957,1.350957,-1.019043,-0.749043,2.030957,7.420957,10.390957,6.4909573,6.910957,10.0009575,6.720957
-9.929043,-11.229043,-11.929043,-11.939043,-11.859043,-10.9990425,-9.809043,-8.309043,-7.119043,-7.399043,-7.659043,-10.399043,-11.2490425,-12.2490425,-14.549043,-20.079042,-12.319043,-9.679043,-11.389043,-9.779043,-8.329043,-8.479043,-8.779043,-9.489043,-8.509043,-7.629043,-6.099043,-4.189043,-3.1390429,-2.1390429,-1.419043,-0.32904297,1.900957,4.310957,6.130957,5.390957,6.5109572,7.820957,7.900957,6.460957,6.7409573,8.600957,10.0009575,10.900957,11.0009575,11.120957,10.950957,10.110957,5.450957,2.080957,2.090957,3.040957,7.850957,8.850957,9.390957,9.680957,8.970957,7.350957,4.550957
-6.799043,-7.329043,-8.859043,-9.549043,-10.789043,-10.619043,-9.909043,-9.939043,-9.009043,-12.949043,-11.949043,-13.129043,-13.199043,-14.049043,-18.159042,-10.459043,-7.139043,-10.319043,-10.429043,-10.089043,-9.489043,-10.299043,-9.649043,-8.799043,-6.709043,-5.129043,-3.469043,-2.579043,-3.199043,-2.039043,-0.49904296,0.53095704,2.010957,3.760957,4.720957,5.170957,5.350957,5.700957,7.300957,8.040957,7.7409573,7.950957,8.460957,9.740957,11.0009575,11.2509575,10.260957,10.890957,10.120957,5.5109572,6.100957,2.010957,5.630957,7.750957,9.090957,10.110957,1.830957,1.970957,3.6309571
-3.749043,-5.289043,-7.109043,-7.999043,-8.939043,-10.029043,-10.369043,-11.129043,-12.329043,-13.149043,-14.139043,-14.719043,-14.269043,-14.919043,-19.729042,-11.4990425,-7.139043,-9.939043,-10.779043,-11.199043,-10.289043,-10.399043,-9.289043,-7.579043,-5.329043,-3.489043,-2.099043,-1.249043,-1.269043,-2.229043,-0.949043,1.3109571,2.580957,2.940957,3.850957,4.280957,4.690957,4.450957,4.2609572,5.900957,6.430957,8.430957,10.460957,11.450957,12.490957,12.530957,10.470957,10.600957,10.720957,11.730957,7.210957,2.670957,7.380957,11.600957,10.740957,4.420957,0.97095704,-0.49904296,2.420957
0.24095704,-2.709043,-6.4890428,-5.639043,-7.089043,-9.709043,-10.609043,-11.579043,-12.699043,-12.699043,-14.449043,-15.2490425,-15.139043,-17.509043,-16.689043,-9.959043,-10.259043,-11.479043,-10.799043,-11.469043,-11.159043,-10.349043,-8.429043,-6.679043,-4.319043,-3.1390429,-1.609043,-0.699043,0.10095703,-0.12904297,-0.029042969,0.73095703,2.290957,4.730957,4.620957,4.170957,5.070957,5.890957,5.800957,5.830957,6.710957,8.220957,9.950957,11.650957,11.840957,11.950957,8.970957,9.310957,9.580957,9.560957,10.770957,11.670957,5.210957,2.800957,3.220957,0.97095704,4.340957,9.360957,9.020957
-0.08904297,-1.529043,-2.449043,-4.4890428,-7.409043,-8.309043,-10.099043,-10.389043,-10.879043,-13.199043,-15.459043,-14.839043,-15.629043,-19.329042,-13.349043,-8.209043,-9.829043,-12.089043,-11.159043,-11.489043,-10.949043,-9.369043,-7.939043,-6.289043,-4.589043,-2.739043,-1.9390429,-0.13904297,1.120957,1.8209571,2.460957,2.810957,3.150957,4.460957,5.110957,5.000957,4.840957,5.930957,7.380957,7.960957,8.350957,9.350957,10.110957,11.610957,11.540957,10.060957,10.410957,9.740957,10.080957,10.130957,9.590957,9.110957,9.520957,9.960957,6.680957,3.340957,4.180957,5.550957,6.850957
-1.719043,-1.7990429,-0.819043,-2.939043,-4.149043,-6.689043,-8.259043,-10.349043,-12.139043,-13.129043,-13.4990425,-13.239043,-14.109043,-14.769043,-13.659043,-9.869043,-5.089043,-9.679043,-11.719043,-11.909043,-11.239043,-9.219043,-7.479043,-7.209043,-5.629043,-3.599043,-1.619043,0.070957035,0.620957,2.090957,4.210957,3.6209571,4.310957,5.920957,3.960957,4.160957,6.420957,6.910957,6.690957,8.100957,9.510957,10.470957,10.160957,10.980957,12.310957,13.0009575,11.400957,9.200957,9.090957,9.370957,10.690957,10.030957,9.650957,8.420957,9.170957,11.890957,8.380957,4.940957,4.7409573
-0.83904296,-2.8690429,-3.8790429,-3.759043,-3.929043,-4.649043,-6.379043,-7.439043,-8.949043,-9.9990425,-11.219043,-12.299043,-13.079043,-15.049043,-11.959043,-10.079043,-8.369043,-9.789043,-12.399043,-12.579043,-11.139043,-9.7490425,-8.349043,-6.709043,-5.469043,-3.8690429,-2.209043,-1.4490429,0.31095704,2.650957,3.790957,2.800957,3.720957,3.390957,4.250957,5.020957,6.180957,6.520957,6.750957,8.780957,10.650957,11.400957,11.200957,11.590957,12.080957,11.640957,12.800957,12.2509575,11.760957,10.390957,9.850957,8.390957,10.2509575,9.420957,8.490957,8.200957,10.640957,10.210957,5.000957
-2.569043,-3.199043,-2.209043,-3.919043,-4.909043,-5.779043,-5.7390428,-6.119043,-6.499043,-8.729043,-10.699043,-14.299043,-13.519043,-11.789043,-9.529043,-7.2390428,-7.329043,-10.229043,-10.569043,-10.819043,-9.579043,-7.729043,-6.169043,-5.609043,-4.029043,-3.359043,-2.149043,-0.95904297,0.60095704,0.97095704,0.64095706,-0.66904294,1.6809571,2.980957,3.930957,5.330957,6.620957,8.220957,8.600957,9.740957,11.100957,12.720957,13.570957,13.660957,12.640957,11.950957,11.490957,11.550957,11.670957,12.020957,12.010957,12.110957,11.950957,10.710957,9.780957,9.920957,7.850957,8.620957,9.290957
-2.669043,-2.689043,-5.139043,-4.859043,-4.719043,-4.949043,-5.359043,-6.019043,-6.169043,-7.2590427,-10.279043,-10.989043,-11.139043,-10.179043,-9.489043,-10.659043,-8.859043,-7.419043,-7.019043,-6.849043,-6.419043,-6.169043,-5.869043,-5.159043,-4.609043,-3.829043,-2.6190429,-0.829043,-2.8890429,-3.979043,-2.569043,1.6709571,4.130957,5.360957,5.810957,5.710957,6.400957,8.430957,11.010957,12.030957,12.050957,12.060957,12.590957,12.310957,12.030957,11.680957,11.520957,11.810957,11.890957,12.010957,12.300957,12.790957,13.020957,11.820957,7.0109572,9.490957,10.300957,7.930957,7.270957
-2.829043,-4.689043,-4.909043,-5.119043,-4.919043,-3.809043,-5.809043,-7.609043,-8.959043,-7.879043,-8.089043,-8.559043,-9.029043,-8.799043,-8.729043,-9.039043,-8.539043,-9.079043,-7.749043,-6.859043,-6.249043,-6.019043,-5.859043,-4.939043,-4.289043,-4.179043,-5.639043,-5.069043,-2.839043,-0.47904298,0.940957,2.690957,3.730957,4.620957,7.140957,9.130957,9.650957,8.940957,9.240957,9.870957,10.160957,10.5009575,10.590957,10.7509575,10.760957,11.140957,11.850957,12.590957,13.310957,13.5009575,12.990957,12.760957,11.930957,12.220957,10.890957,7.130957,6.320957,8.150957,7.2409573
-1.109043,-0.939043,-3.849043,-5.279043,-5.999043,-6.839043,-5.559043,-2.8790429,-5.189043,-9.169043,-8.869043,-6.479043,-6.819043,-7.309043,-7.549043,-7.779043,-7.379043,-7.829043,-7.379043,-6.329043,-6.719043,-6.379043,-7.189043,-6.809043,-6.599043,-5.069043,-3.319043,-2.729043,-2.779043,-1.969043,0.06095703,4.050957,6.150957,7.450957,7.100957,8.010957,8.670957,8.360957,8.5009575,8.880957,9.270957,9.880957,10.270957,9.890957,9.990957,10.400957,11.010957,11.420957,11.450957,11.930957,12.450957,12.550957,11.230957,10.910957,11.320957,11.770957,12.080957,5.250957,4.940957
-0.47904298,-1.609043,0.030957032,-0.11904297,-3.919043,-5.479043,-8.579043,-7.339043,-5.289043,-3.179043,-6.049043,-4.979043,-4.139043,-4.439043,-3.649043,-5.599043,-6.599043,-6.799043,-6.629043,-7.129043,-7.729043,-8.039043,-8.049043,-7.2390428,-6.329043,-5.669043,-6.889043,-5.839043,-2.909043,0.26095703,2.8809571,2.990957,3.960957,5.120957,6.090957,6.780957,7.380957,7.850957,7.840957,8.110957,8.530957,8.110957,8.080957,8.540957,9.060957,9.590957,10.120957,10.7509575,10.950957,10.770957,9.910957,11.2509575,11.470957,10.220957,9.910957,10.060957,9.610957,8.610957,1.850957
1.210957,0.47095704,-0.31904298,-0.71904296,-0.41904297,-2.909043,-6.889043,-7.809043,-6.799043,-5.709043,-5.439043,-3.049043,-1.789043,-1.859043,-1.879043,-2.859043,-5.7390428,-7.429043,-5.479043,-4.749043,-6.559043,-8.629043,-9.879043,-9.919043,-9.239043,-7.769043,-5.089043,-2.599043,-1.609043,-0.35904297,1.220957,2.740957,4.200957,4.910957,5.190957,5.640957,6.330957,6.440957,6.360957,6.820957,7.220957,7.190957,7.860957,8.520957,9.380957,9.660957,9.760957,9.940957,11.190957,11.450957,7.0109572,11.160957,11.880957,11.210957,7.680957,10.060957,8.460957,6.200957,1.630957
2.3809571,1.4409571,0.43095702,-0.28904298,0.25095704,-3.499043,-4.629043,-5.279043,-4.2390428,-4.129043,-4.269043,-4.5090427,-2.979043,-2.909043,-1.909043,-2.169043,-2.349043,-2.529043,-2.3790429,-2.949043,-2.859043,-1.8290429,-1.4390429,-2.719043,-2.299043,-1.469043,-1.8290429,-1.919043,-1.169043,0.48095703,2.1309571,3.1309571,3.540957,3.770957,3.700957,4.470957,5.360957,6.000957,6.460957,6.860957,7.360957,7.640957,7.590957,7.830957,7.880957,8.870957,9.150957,10.370957,10.570957,10.460957,10.620957,10.380957,12.2509575,8.330957,7.700957,8.630957,4.580957,2.690957,1.000957
3.210957,2.180957,0.70095706,0.12095703,0.09095703,-1.3290429,-2.8890429,-2.6390429,-4.419043,-3.399043,-1.909043,-0.07904297,0.28095704,-1.0590429,-2.359043,-2.589043,-3.219043,-3.189043,-2.469043,-1.8190429,-2.589043,-3.1190429,-3.309043,-3.1290429,-2.399043,-1.229043,-0.20904297,1.4309571,2.750957,2.430957,3.440957,3.450957,3.410957,3.760957,4.270957,5.330957,6.380957,7.100957,7.380957,7.330957,7.120957,7.280957,7.630957,8.680957,9.840957,10.640957,10.880957,11.950957,11.590957,11.720957,10.2509575,9.870957,6.540957,6.130957,8.380957,4.130957,4.310957,-1.5690429,-10.069043
5.980957,3.8709571,0.73095703,0.18095703,1.250957,0.0109570315,-2.589043,-2.559043,-2.099043,-2.289043,-0.26904297,0.13095704,-0.65904295,-0.76904297,-1.4490429,-2.339043,-3.899043,-4.999043,-4.5090427,-4.669043,-5.619043,-6.319043,-4.769043,-1.369043,1.1909571,2.1309571,1.380957,1.380957,2.200957,2.000957,1.870957,2.970957,3.310957,3.930957,4.840957,6.120957,7.530957,8.350957,9.290957,10.320957,10.690957,11.910957,12.490957,12.600957,12.480957,12.150957,11.780957,11.370957,11.080957,8.050957,5.040957,5.460957,5.880957,7.020957,4.460957,-0.59904295,-10.799043,-12.259043,-4.149043
3.980957,3.770957,3.3609571,2.540957,1.880957,1.3209571,-0.12904297,-1.899043,-2.059043,-1.489043,0.05095703,0.630957,1.740957,1.210957,-1.6990429,-3.179043,-2.779043,-4.209043,-4.7590427,-3.949043,-2.709043,-0.44904298,1.8009571,4.560957,5.0109572,2.550957,2.030957,2.240957,2.390957,2.290957,3.050957,4.2609572,4.460957,5.180957,7.480957,9.330957,10.670957,11.410957,11.910957,12.060957,13.2509575,13.660957,12.870957,11.710957,10.970957,10.080957,8.890957,8.060957,7.470957,5.420957,4.140957,4.360957,6.450957,3.150957,-0.11904297,-10.389043,-8.589043,-4.559043,-1.3290429
4.700957,4.120957,3.570957,2.940957,2.330957,1.860957,1.3009571,0.670957,0.39095703,0.38095704,0.34095705,0.32095703,-0.14904296,-1.4390429,-4.799043,-6.959043,-7.789043,-7.289043,-5.249043,-2.499043,-1.009043,-0.27904296,-0.07904297,-0.829043,-0.679043,0.10095703,0.810957,2.020957,3.020957,4.270957,4.590957,4.840957,5.970957,8.230957,9.760957,9.960957,10.600957,11.710957,13.020957,13.210957,12.400957,11.550957,10.060957,7.780957,6.500957,5.980957,6.540957,4.460957,4.050957,3.780957,4.140957,2.470957,-2.149043,-0.929043,-7.499043,-9.549043,-8.879043,-3.749043,-1.1990429
8.410957,7.650957,6.660957,5.630957,4.970957,4.290957,3.580957,2.980957,2.390957,1.9309571,1.640957,1.380957,1.010957,0.690957,0.21095704,-0.15904297,-0.48904297,-0.679043,-0.46904296,-0.16904297,0.21095704,0.60095704,1.240957,1.970957,2.560957,2.710957,2.670957,2.960957,3.740957,5.130957,5.890957,6.050957,6.710957,7.9909573,9.470957,10.170957,10.510957,10.830957,10.760957,9.170957,9.280957,8.980957,7.870957,5.170957,2.940957,2.890957,2.470957,3.170957,2.520957,2.330957,1.9209571,0.17095703,-4.359043,-1.259043,-1.5490429,-7.189043,-9.699043,-4.349043,-3.079043
11.020957,10.700957,9.490957,8.620957,8.400957,7.670957,6.000957,4.300957,3.400957,2.820957,2.410957,2.050957,1.610957,1.250957,1.110957,1.040957,1.030957,0.940957,1.0509571,1.1909571,1.630957,2.080957,2.290957,2.440957,2.520957,2.560957,2.6109571,3.000957,3.540957,4.350957,5.680957,6.950957,6.770957,7.620957,8.680957,9.660957,10.280957,9.820957,8.370957,6.700957,5.120957,4.060957,2.780957,1.4209571,0.46095702,0.740957,0.920957,0.29095703,0.800957,-0.72904295,-3.419043,-2.009043,-2.679043,-5.849043,-2.459043,-1.7990429,-6.459043,-8.949043,-4.0090427
