views/data/weather/2019/10/02/0000-wind-isobaric-850hPa-gfs-1.0.json
{"header": { "discipline":0, "disciplineName":"Meteorological products", "gribEdition":2, "gribLength":80819, "center":7, "centerName":"US National Weather Service - NCEP(WMC)", "subcenter":0, "refTime":"2019-10-02T00:00:00.000Z", "significanceOfRT":1, "significanceOfRTName":"Start of forecast", "productStatus":0, "productStatusName":"Operational products", "productType":1, "productTypeName":"Forecast products", "productDefinitionTemplate":0, "productDefinitionTemplateName":"Analysis/forecast at horizontal level/layer at a point in time", "parameterCategory":2, "parameterCategoryName":"Momentum", "parameterNumber":3, "parameterNumberName":"V-component_of_wind", "parameterUnit":"m.s-1", "genProcessType":2, "genProcessTypeName":"Forecast", "forecastTime":0, "surface1Type":100, "surface1TypeName":"Isobaric surface", "surface1Value":85000.0, "surface2Type":255, "surface2TypeName":"Missing", "surface2Value":0.0, "gridDefinitionTemplate":0, "gridDefinitionTemplateName":"Latitude_Longitude", "numberPoints":65160, "shape":6, "shapeName":"Earth spherical with radius of 6,371,229.0 m", "gridUnits":"degrees", "resolution":48, "winds":"true", "scanMode":0, "nx":360, "ny":181, "basicAngle":0, "lo1":0.0, "la1":90.0, "lo2":359.0, "la2":-90.0, "dx":1.0, "dy":1.0 }, "data":
[rows 54 to 80 of 181, columns 0 to 58 of 360]
-6.409043,-4.549043,-4.139043,-6.439043,-5.749043,5.4909573,5.2609572,0.44095704,1.830957,1.640957,1.410957,4.980957,-1.379043,-4.069043,-4.389043,0.610957,1.730957,2.740957,3.650957,2.1109571,1.130957,0.990957,1.380957,1.530957,1.5709571,1.5609571,-0.639043,-2.349043,-1.8290429,-0.29904297,0.13095704,0.10095703,-1.279043,-0.819043,0.560957,-0.39904296,1.210957,-0.869043,-1.489043,0.45095703,3.3809571,1.8209571,-0.04904297,-2.179043,-3.329043,-3.659043,0.860957,-0.15904297,0.49095702,0.77095705,-3.239043,-1.339043,-0.19904298,-0.31904298,-0.64904296,0.58095706,-2.719043,-0.16904297,1.840957
-7.549043,-7.569043,-8.339043,-5.059043,-3.089043,-1.009043,3.270957,3.910957,1.860957,-0.12904297,-0.22904296,0.06095703,-1.979043,-5.119043,-3.949043,0.48095703,0.38095704,2.040957,2.310957,1.9309571,1.8109571,1.130957,0.73095703,0.930957,1.5709571,0.39095703,-1.3190429,-2.969043,-1.649043,-0.819043,-1.229043,-0.43904296,2.800957,0.12095703,1.290957,1.410957,0.46095702,-2.739043,-5.179043,-0.78904295,5.750957,5.390957,2.390957,1.0609571,-1.8090429,-1.629043,-1.209043,1.5509571,1.600957,-0.78904295,-0.42904297,-2.599043,0.83095706,1.580957,1.470957,-1.349043,-1.909043,0.70095706,0.870957
-8.169043,-7.299043,-6.819043,-10.769043,-8.069043,1.3209571,4.360957,-0.879043,1.6809571,-0.60904294,-1.209043,-1.639043,-3.539043,-5.9890428,-4.209043,-2.529043,-0.60904294,1.5609571,0.53095704,0.43095702,1.1809571,1.120957,0.880957,0.33095703,0.47095704,0.070957035,-1.009043,-2.249043,-1.9490429,-1.259043,-0.37904298,0.48095703,1.9409571,2.240957,1.000957,-0.20904297,-3.159043,-3.579043,-3.519043,2.590957,1.4409571,9.300957,9.300957,4.430957,2.220957,-1.749043,-0.59904295,0.52095705,1.340957,1.760957,0.91095704,1.380957,-0.71904296,0.46095702,0.54095703,-0.23904297,-3.169043,-1.5490429,-0.15904297
-9.009043,-9.319043,-7.519043,-8.139043,-9.9990425,2.970957,4.860957,-2.299043,0.14095703,-1.849043,-1.979043,-3.019043,-4.999043,-4.279043,-3.789043,-2.1390429,-1.4390429,-1.509043,0.39095703,-0.14904296,-0.10904297,3.020957,3.700957,1.040957,-1.3090429,-1.6890429,-1.6790429,-1.709043,-0.989043,-1.0690429,-0.009042969,0.45095703,0.760957,0.45095703,-0.34904298,-1.409043,-1.399043,-2.259043,0.04095703,1.370957,2.6209571,9.480957,7.4909573,6.880957,5.700957,2.400957,2.580957,-0.58904296,-1.759043,-0.36904296,1.4509571,2.310957,-2.499043,-0.999043,1.970957,-1.539043,-2.549043,-3.819043,-4.479043
-7.219043,-13.109043,-7.019043,-5.339043,-3.789043,4.910957,1.610957,-2.999043,-0.14904296,0.690957,-0.18904297,-1.5790429,-6.479043,-4.7590427,-3.529043,-1.339043,-1.489043,-4.629043,-1.619043,0.45095703,0.670957,4.850957,1.530957,2.040957,-0.90904295,-0.97904295,-1.109043,-2.789043,-3.089043,-2.209043,-1.169043,-0.20904297,-0.059042968,-0.37904298,0.680957,1.6709571,-1.529043,1.520957,-2.049043,1.100957,1.230957,4.210957,5.880957,9.340957,7.880957,3.200957,2.830957,-3.769043,-0.009042969,-2.749043,-0.999043,0.39095703,1.8009571,1.1809571,0.810957,-3.349043,1.090957,1.4209571,3.890957
-2.229043,-5.919043,-4.599043,-3.179043,1.640957,3.310957,-0.90904295,-4.559043,-3.299043,-0.42904297,-2.839043,-2.259043,-2.919043,-4.199043,0.670957,0.670957,-0.37904298,-3.809043,-3.499043,-3.859043,-0.30904296,5.040957,2.180957,0.560957,-1.109043,-0.39904296,0.510957,-0.14904296,-2.779043,-4.2590427,-1.639043,-1.9490429,-0.739043,-0.71904296,1.9409571,1.470957,-0.79904294,2.930957,-0.53904295,3.8709571,2.820957,2.8709571,5.150957,7.200957,6.420957,6.090957,3.470957,1.870957,-5.0090427,-6.209043,-6.809043,-0.699043,-2.399043,1.490957,-4.999043,-1.649043,-2.339043,2.790957,0.18095703
0.23095703,-4.799043,-1.969043,2.590957,0.570957,1.3009571,-4.039043,-6.149043,-5.749043,-4.589043,-3.189043,0.760957,3.540957,1.880957,1.030957,0.48095703,1.5609571,-0.10904297,-2.099043,-4.129043,-3.559043,1.230957,1.750957,-3.669043,-2.769043,1.720957,5.870957,0.05095703,-2.849043,-3.569043,-5.809043,-5.2390428,-0.26904297,0.750957,0.800957,-0.78904295,1.640957,1.040957,0.08095703,1.1809571,5.480957,6.250957,4.930957,2.800957,6.560957,4.910957,5.880957,4.430957,-1.019043,-5.939043,-8.009043,-7.619043,-0.829043,-0.89904296,-1.769043,-3.089043,3.800957,3.6209571,-2.959043
0.48095703,-3.099043,-1.3190429,-0.23904297,-1.459043,-2.559043,-6.099043,-4.279043,-6.7390428,-8.919043,-6.729043,-5.679043,1.790957,3.850957,2.010957,5.810957,5.190957,2.100957,0.21095704,-3.939043,-3.349043,-1.359043,-0.13904297,-2.409043,-2.359043,2.670957,5.680957,0.18095703,-4.649043,-3.149043,-5.159043,-8.989043,-1.5690429,-0.509043,1.1709571,3.520957,1.4409571,1.090957,-0.38904297,-1.279043,1.400957,3.3809571,3.100957,1.890957,5.660957,5.810957,7.440957,5.330957,0.680957,-3.029043,-6.809043,-9.619043,-5.619043,-2.019043,-1.629043,-0.36904296,1.250957,-1.609043,2.190957
-0.76904297,-2.859043,-4.949043,-3.1290429,-5.469043,-7.089043,-7.589043,-7.049043,-5.179043,-6.899043,-9.059043,-7.389043,6.610957,2.160957,3.060957,6.280957,4.670957,2.010957,1.220957,-3.399043,-6.029043,-0.04904297,-2.259043,-1.739043,-1.499043,2.480957,2.520957,2.300957,-2.239043,-4.829043,-5.549043,-7.189043,-2.709043,2.3709571,2.300957,3.390957,3.950957,2.010957,3.410957,0.25095704,-3.6190429,1.4209571,-2.219043,-1.589043,8.270957,7.460957,5.810957,6.820957,1.110957,-3.399043,-6.709043,-9.559043,-10.989043,-5.359043,-1.519043,0.740957,0.96095705,0.030957032,0.31095704
-3.719043,-5.2590427,-6.049043,-7.819043,-11.679043,-9.459043,-4.419043,-2.359043,-0.059042968,-1.5490429,-5.279043,0.0109570315,3.570957,1.1809571,0.43095702,1.760957,2.950957,2.240957,0.030957032,-3.779043,-3.489043,-2.699043,-0.71904296,-0.15904297,0.32095703,-0.30904296,-0.15904297,2.300957,-0.51904297,-3.679043,-7.209043,-6.799043,-4.159043,1.470957,3.280957,3.960957,2.080957,2.070957,3.040957,2.600957,-3.689043,-7.159043,-1.789043,1.6909571,3.600957,6.370957,4.590957,6.110957,3.530957,-0.19904298,-4.069043,-7.279043,-11.489043,-11.379043,-2.499043,-1.0490429,2.840957,2.1109571,0.46095702
-2.719043,-5.319043,-9.379043,-8.289043,-9.679043,-4.469043,1.040957,0.26095703,-0.89904296,-5.229043,1.160957,2.230957,4.600957,3.260957,-0.10904297,-0.749043,-2.409043,-3.259043,2.040957,0.110957034,-1.479043,-1.919043,-1.4390429,-1.509043,0.78095704,-3.279043,1.230957,1.780957,-1.8290429,-4.069043,-7.679043,-8.009043,-4.689043,0.860957,3.570957,3.600957,0.79095703,1.750957,2.6109571,2.440957,9.5703127E-4,-3.669043,-2.489043,7.660957,4.720957,5.210957,3.6209571,2.350957,2.030957,1.270957,-1.659043,-4.569043,-7.999043,-9.169043,-6.639043,0.510957,3.000957,1.140957,-0.91904294
-4.189043,-6.809043,-8.699043,-6.389043,1.020957,-2.3890429,0.29095703,-1.9390429,-4.2590427,-1.1990429,2.580957,1.780957,2.6309571,-0.829043,-2.249043,-3.939043,-2.829043,-2.789043,-0.84904295,-0.18904297,-2.549043,-1.539043,-1.219043,0.45095703,-2.569043,-3.799043,-0.949043,-0.90904295,-3.909043,-4.469043,-6.139043,-8.339043,-2.479043,3.640957,5.380957,2.480957,3.300957,0.760957,1.6709571,-0.31904298,-6.969043,-0.809043,2.450957,4.910957,5.170957,2.040957,2.190957,-0.08904297,2.390957,0.810957,0.65095705,-0.059042968,-3.549043,-4.5090427,-4.7390428,-2.439043,-0.18904297,-1.009043,-0.77904296
-5.909043,-5.359043,-5.7390428,-5.7590427,-1.519043,-2.3690429,-1.459043,0.38095704,1.770957,-0.79904294,-2.899043,0.690957,0.06095703,-3.349043,-5.299043,-3.299043,-3.799043,-3.929043,-3.659043,-3.269043,-1.609043,-2.359043,-1.9390429,-1.709043,-4.219043,-3.609043,-1.269043,-3.579043,-6.769043,-7.189043,-6.069043,-8.049043,-0.069042966,4.030957,4.540957,1.790957,0.42095703,0.25095704,-3.219043,-3.479043,-5.399043,-11.089043,0.90095705,5.9909573,6.930957,7.950957,4.340957,5.450957,4.890957,-0.29904297,-1.5690429,-1.409043,-1.459043,-2.909043,-1.629043,-1.499043,-0.069042966,-0.879043,-1.219043
-7.139043,-1.999043,-4.479043,-3.8790429,-4.749043,-2.1190429,-1.419043,-1.479043,-0.45904297,-4.629043,-3.079043,-5.349043,-4.209043,-5.2590427,-8.509043,-4.909043,-3.299043,-3.929043,-3.459043,-3.259043,-4.929043,-3.259043,-1.729043,-2.729043,-3.279043,-4.359043,-2.349043,-4.889043,-7.9890428,-8.549043,-6.299043,-7.829043,0.34095705,3.640957,2.3609571,3.1109571,-0.26904297,-1.129043,-1.669043,-2.609043,-0.96904296,-10.859043,4.350957,9.280957,6.800957,2.960957,5.520957,4.780957,4.000957,2.050957,0.95095706,-2.899043,-3.029043,0.670957,3.430957,0.52095705,-1.409043,-0.29904297,-0.21904297
-3.529043,-4.059043,-3.729043,-5.019043,-8.849043,1.4309571,2.8609571,0.820957,-2.289043,-0.989043,-3.979043,-6.199043,-6.459043,-5.069043,-6.169043,-5.4890428,-5.409043,-3.469043,-4.289043,-0.029042969,-2.749043,-1.4390429,-2.609043,-3.719043,-6.519043,-4.269043,-2.019043,-5.189043,-7.579043,-10.549043,-9.109043,-9.009043,-2.259043,2.030957,0.14095703,2.780957,0.05095703,-0.46904296,-0.59904295,-1.0790429,-2.489043,-7.139043,0.10095703,7.090957,9.800957,8.430957,5.820957,4.950957,2.980957,2.020957,1.100957,2.040957,1.880957,3.100957,0.820957,-0.40904295,-4.389043,-2.749043,-2.189043
-4.549043,-6.069043,-5.289043,0.29095703,2.150957,-0.689043,-1.959043,-1.669043,-4.399043,-4.399043,-6.199043,-5.589043,-5.459043,-6.999043,-7.969043,-6.199043,-4.599043,-1.669043,-1.149043,-2.459043,-2.359043,-1.229043,-1.959043,-5.039043,-6.589043,-7.2590427,-4.529043,-6.369043,-8.339043,-9.919043,-9.029043,-8.579043,-4.0090427,-2.459043,-6.899043,0.14095703,2.540957,1.380957,0.06095703,1.0509571,-1.479043,-1.039043,-5.419043,9.830957,7.690957,5.690957,5.960957,4.370957,3.800957,2.320957,0.750957,0.48095703,1.780957,0.71095705,-0.65904295,-2.859043,-2.819043,-1.509043,-2.769043
0.09095703,2.980957,0.45095703,-1.739043,-2.059043,-1.539043,-5.149043,-5.549043,-5.919043,-5.529043,-8.379043,-10.039043,-5.659043,-4.309043,-7.449043,-5.749043,-4.919043,-4.049043,1.390957,-4.629043,-1.1990429,-2.779043,-3.279043,-5.119043,-6.619043,-6.729043,-6.519043,-7.5090427,-8.699043,-11.059043,-9.329043,-7.019043,-2.289043,-2.6290429,-0.40904295,-2.329043,-1.1790429,1.660957,0.66095704,-0.84904295,-0.569043,-4.539043,3.420957,8.100957,5.370957,3.590957,2.240957,4.870957,3.340957,2.580957,0.920957,1.590957,1.610957,-2.319043,-3.059043,-0.89904296,-1.4290429,0.09095703,-0.03904297
2.890957,4.730957,0.77095705,-2.159043,-4.629043,-4.469043,-7.929043,-5.099043,-1.229043,-6.379043,-6.849043,-8.659043,-7.0090427,-6.199043,-6.659043,-5.169043,-5.579043,2.010957,0.95095706,-1.6990429,-3.929043,2.020957,1.990957,-1.469043,-2.199043,-6.019043,-8.109043,-7.639043,-9.319043,-9.029043,-9.029043,-10.459043,-2.719043,-1.219043,-2.449043,-1.629043,-1.039043,-1.0590429,-1.839043,0.860957,-2.3790429,-2.709043,0.39095703,3.140957,2.170957,-0.11904297,0.40095702,2.020957,0.47095704,-0.45904297,0.32095703,2.160957,-0.17904297,-2.529043,-1.869043,-2.529043,-0.11904297,2.200957,3.020957
3.530957,5.720957,3.190957,0.870957,-1.389043,-4.319043,-4.949043,1.210957,-1.029043,-4.209043,-7.889043,-10.709043,-8.139043,-6.349043,-6.659043,-1.719043,-1.019043,0.920957,-1.259043,-4.389043,-1.999043,-0.989043,1.400957,-0.12904297,-3.969043,-5.899043,-8.369043,-8.669043,-8.9990425,-10.079043,-10.149043,-8.719043,-1.409043,-0.26904297,1.000957,0.16095704,-1.0490429,-2.1290429,-2.219043,-3.439043,-3.359043,-2.3790429,-4.319043,-0.829043,-1.5490429,-1.1890429,-0.13904297,2.8709571,0.860957,0.83095706,0.38095704,0.91095704,0.54095703,0.12095703,-2.949043,-1.289043,4.870957,3.790957,2.770957
7.310957,4.590957,3.220957,1.710957,-2.039043,0.16095704,2.100957,0.72095704,-0.84904295,-2.469043,-9.399043,-8.949043,-7.279043,1.350957,-0.78904295,-0.37904298,-1.5590429,-2.189043,-3.919043,-4.769043,1.4309571,0.21095704,-1.149043,-5.659043,-5.899043,-5.889043,-4.419043,-7.529043,-10.419043,-10.139043,-6.159043,-2.839043,-2.6190429,0.98095703,-1.669043,-1.919043,-0.09904297,-0.76904297,-2.3690429,-0.16904297,-2.479043,-3.159043,-2.279043,-3.059043,-2.989043,-2.749043,2.150957,4.700957,2.980957,1.130957,0.23095703,5.480957,5.000957,-0.71904296,3.580957,2.300957,4.300957,3.560957,2.400957
4.800957,5.550957,3.670957,-2.059043,-0.90904295,1.210957,3.750957,1.830957,-0.14904296,-5.229043,-2.8690429,-5.719043,-3.539043,1.020957,0.14095703,-2.859043,-4.249043,-3.399043,-4.869043,-4.669043,-0.48904297,-0.70904297,-2.949043,-5.969043,-3.609043,-6.089043,-5.7390428,-7.449043,-7.699043,-2.8790429,-1.769043,-1.789043,-0.809043,0.0109570315,2.200957,0.98095703,-0.11904297,-0.36904296,-1.789043,4.190957,-4.079043,-4.599043,-4.4890428,-4.149043,-1.709043,-1.519043,5.390957,2.190957,4.060957,1.990957,3.080957,4.280957,4.210957,3.450957,3.240957,2.650957,3.340957,3.1109571,2.710957
-0.53904295,1.0509571,2.060957,0.500957,2.140957,3.530957,3.240957,4.150957,1.890957,-2.3790429,4.2609572,-2.839043,2.3809571,-1.729043,-2.1190429,-3.759043,-5.749043,-1.489043,-2.569043,-1.519043,-1.909043,-0.85904294,-8.789043,-0.64904296,3.6309571,-3.499043,-3.819043,-1.8290429,-0.54904294,-2.309043,-1.4390429,1.850957,1.090957,1.5709571,2.090957,1.090957,0.83095706,0.48095703,-0.79904294,-3.359043,2.230957,-2.269043,0.930957,-4.219043,0.510957,0.22095703,1.970957,4.000957,5.070957,4.340957,1.840957,3.760957,4.020957,2.910957,1.4209571,1.760957,2.660957,2.470957,2.390957
-1.009043,-1.4390429,-0.38904297,4.480957,3.8609571,4.400957,0.44095704,2.080957,-0.679043,1.770957,-6.869043,-0.40904295,1.4409571,-1.989043,-1.409043,-3.039043,-3.469043,-0.619043,-1.509043,-1.649043,-3.479043,-3.469043,-3.279043,4.830957,0.41095704,0.860957,-1.979043,-0.18904297,-2.089043,-0.54904294,-1.219043,-0.019042969,0.59095705,0.930957,2.810957,1.110957,1.330957,-0.27904296,0.110957034,0.31095704,-2.439043,-4.299043,-2.569043,0.17095703,0.16095704,1.280957,0.610957,2.8809571,2.190957,2.090957,1.8009571,1.620957,1.370957,1.530957,1.6909571,2.970957,2.750957,1.980957,2.000957
0.19095702,1.140957,3.8609571,3.500957,3.400957,-1.419043,3.400957,1.0609571,-0.60904294,-1.3290429,-3.269043,-2.149043,1.840957,4.080957,-1.619043,-1.479043,-2.599043,-2.479043,-3.679043,-1.409043,-2.899043,0.630957,1.460957,0.83095706,-0.28904298,-1.089043,-0.66904294,-2.699043,-1.999043,-1.089043,-1.979043,0.0109570315,1.8209571,2.300957,0.90095705,0.880957,2.270957,1.970957,1.620957,0.680957,-2.009043,-3.329043,-2.459043,3.560957,0.750957,0.550957,1.510957,4.870957,-0.26904297,-0.07904297,0.60095704,-0.09904297,0.49095702,1.500957,0.95095706,2.950957,2.960957,2.250957,2.3609571
0.570957,0.59095705,-0.45904297,3.040957,2.850957,2.690957,3.1309571,-0.23904297,-0.16904297,1.540957,-1.209043,-1.389043,1.510957,-0.97904295,-4.199043,-3.829043,-1.139043,-2.759043,-3.699043,-2.429043,-0.83904296,-1.119043,-0.34904298,-2.469043,-4.859043,-4.229043,-3.849043,-1.979043,-1.8290429,-0.13904297,-0.89904296,-0.09904297,1.020957,0.78095704,1.6809571,2.3709571,1.760957,-3.699043,0.38095704,0.46095702,-7.299043,-2.219043,-2.049043,1.650957,2.170957,0.46095702,1.520957,3.980957,2.430957,2.510957,0.44095704,0.98095703,1.5609571,2.790957,3.510957,3.020957,2.890957,2.520957,1.980957
5.570957,4.110957,2.340957,2.930957,2.730957,2.900957,1.8109571,1.5709571,-0.069042966,0.880957,0.53095704,-0.53904295,0.760957,-0.17904297,-6.179043,-5.709043,-7.639043,-6.149043,-5.7390428,-2.219043,1.140957,1.530957,1.770957,-0.32904297,-2.419043,-0.76904297,-0.739043,-0.509043,-1.119043,0.58095706,1.900957,1.750957,2.010957,3.730957,0.06095703,-0.33904296,2.910957,0.14095703,1.380957,-0.48904297,-0.889043,0.940957,0.14095703,4.100957,3.840957,2.760957,3.450957,1.400957,2.540957,4.2609572,2.650957,2.6309571,2.440957,2.940957,2.490957,2.530957,2.560957,1.7009571,0.42095703
3.700957,3.890957,1.4409571,-1.249043,2.540957,3.570957,2.980957,1.980957,0.40095702,-1.8190429,0.58095706,-0.009042969,2.650957,-1.499043,-4.709043,-3.479043,-8.439043,-6.519043,-2.1290429,-3.509043,-0.879043,-1.409043,-0.929043,-1.3290429,-0.78904295,1.3109571,1.910957,1.5709571,2.410957,2.8809571,2.020957,2.160957,3.660957,4.450957,-0.46904296,0.84095705,1.460957,0.35095704,0.09095703,-0.579043,2.670957,0.96095705,1.580957,4.180957,6.220957,3.850957,6.050957,4.370957,3.480957,5.070957,2.220957,2.1109571,1.370957,2.480957,2.540957,2.750957,2.450957,1.980957,1.610957
