views/data/weather/2019/10/02/0000-wind-isobaric-700hPa-gfs-1.0.json
{"header": { "discipline":0, "disciplineName":"Meteorological products", "gribEdition":2, "gribLength":77965, "center":7, "centerName":"US National Weather Service - NCEP(WMC)", "subcenter":0, "refTime":"2019-10-02T00:00:00.000Z", "significanceOfRT":1, "significanceOfRTName":"Start of forecast", "productStatus":0, "productStatusName":"Operational products", "productType":1, "productTypeName":"Forecast products", "productDefinitionTemplate":0, "productDefinitionTemplateName":"Analysis/forecast at horizontal level/layer at a point in time", "parameterCategory":2, "parameterCategoryName":"Momentum", "parameterNumber":2, "parameterNumberName":"U-component_of_wind", "parameterUnit":"m.s-1", "genProcessType":2, "genProcessTypeName":"Forecast", "forecastTime":0, "surface1Type":100, "surface1TypeName":"Isobaric surface", "surface1Value":70000.0, "surface2Type":255, "surface2TypeName":"Missing", "surface2Value":0.0, "gridDefinitionTemplate":0, "gridDefinitionTemplateName":"Latitude_Longitude", "numberPoints":65160, "shape":6, "shapeName":"Earth spherical with radius of 6,371,229.0 m", "gridUnits":"degrees", "resolution":48, "winds":"true", "scanMode":0, "nx":360, "ny":181, "basicAngle":0, "lo1":0.0, "la1":90.0, "lo2":359.0, "la2":-90.0, "dx":1.0, "dy":1.0 }, "data":
[rows 78 to 103 of 181, columns 116 to 173 of 360]
-1.2935523,-2.8435524,-2.6835523,-3.3835523,-3.8635523,-4.1235523,-4.763552,-4.923552,-4.5235524,-3.8335524,-3.3335524,-3.0735521,-2.0535522,-0.77355224,0.74644774,1.6764477,3.3164477,2.6764479,1.0564477,-1.2535522,-2.4935522,-2.6435523,-2.2635522,-1.9935522,-2.9635522,-2.0735521,-1.8235523,-2.0335522,-1.5735523,-1.9735522,-2.3735523,-1.6835523,-2.8135521,-2.4535522,-1.6135522,-0.36355224,-0.69355226,0.28644776,-0.6135523,-0.11355224,0.41644776,-0.42355224,-0.88355225,-0.70355225,0.48644775,0.85644776,0.19644776,-0.99355227,-0.69355226,-0.99355227,-0.76355225,-1.6335522,-1.3235523,-0.7835522,-0.28355226,-0.33355224,1.6164478,1.2064477
-4.033552,-4.5235524,-4.423552,-4.3135524,-4.693552,-5.973552,-5.7535524,-6.8335524,-5.673552,-5.2735524,-3.4535522,-2.1835523,-2.4635522,-0.32355225,1.6564478,2.6964478,3.9464478,2.7764478,0.7064478,-1.9035523,-3.2135522,-2.9135523,-2.6835523,-2.9635522,-3.0435522,-2.5135522,-1.6635523,-1.6435523,-1.8035523,-0.76355225,-0.6635522,-0.21355225,-0.20355225,-1.0735523,-1.0535523,-1.3235523,-0.37355223,-0.18355225,0.08644775,-0.29355225,0.19644776,1.4464477,-0.20355225,0.90644777,1.5564477,2.0764477,1.6664478,1.1564478,0.33644775,0.54644775,0.10644776,-0.47355226,0.15644775,0.25644776,-0.19355224,0.24644776,2.6364477,2.8464477
-5.0435524,-4.1435523,-4.0235524,-4.423552,-6.5235524,-7.223552,-8.073552,-8.993552,-7.2035522,-5.7035522,-4.2535524,-2.0235522,-1.0335523,-0.0035522461,1.3664478,1.6764477,1.1064477,1.3464477,-0.41355225,-1.6235522,-3.8235521,-3.7335522,-3.9135523,-3.2235522,-2.5935524,-1.8135523,-1.5235523,-1.3735522,-1.1835523,-0.89355224,0.30644774,0.8964478,2.1364477,1.5164478,-0.053552248,-0.59355223,0.006447754,1.4764477,1.2364478,0.50644773,-0.7335522,0.056447756,1.0864477,1.4864478,2.6264477,2.8064477,0.61644775,0.50644773,-0.31355226,-0.50355226,0.44644776,0.56644773,1.5064478,0.47644776,0.29644775,0.62644774,-0.16355224,0.016447755
-7.033552,-6.263552,-4.6635523,-3.6335523,-3.7235522,-12.843553,-5.303552,-7.033552,-6.6435523,-6.593552,-5.823552,-3.8835523,-3.5735521,-1.4635522,-1.3835522,0.09644775,-0.8635523,-0.6035522,-1.4135523,-3.7235522,-4.093552,-4.533552,-4.7535524,-3.6435523,-2.6035523,-1.8635522,-1.1835523,-1.0835522,-0.62355226,0.5764477,0.60644776,0.8264477,0.80644774,1.1464478,1.4664477,0.34644777,0.56644773,3.4864478,2.0964477,-0.12355225,0.86644775,0.97644776,0.47644776,1.5364478,2.1564476,1.4264477,1.1964477,0.8964478,0.38644776,-0.14355224,-0.07355224,0.5864478,-0.07355224,0.13644776,2.3364477,1.3164477,0.5764477,-0.6035522
-8.393552,-6.673552,-5.303552,-4.0235524,-3.2835522,-9.323552,-2.5335522,-3.9735522,-4.8535523,-5.493552,-6.053552,-4.9635525,-3.9635522,-1.1635523,-1.3735522,-0.82355225,-1.2335522,-2.8835523,-3.8235521,-4.2535524,-4.8135524,-5.323552,-5.5835524,-4.2935524,-2.9135523,-1.6635523,-1.0235523,-0.6635522,-0.14355224,-0.39355224,-0.12355225,-0.11355224,0.046447754,0.5264478,0.18644775,1.4764477,2.0764477,2.3164477,2.4264479,2.2664478,1.6564478,0.46644774,1.9664477,1.9664477,1.2364478,1.4764477,0.93644774,-0.35355225,-0.44355226,-1.3235523,-0.8535522,-0.96355224,0.14644775,1.0264478,1.1164478,0.97644776,-0.7335522,-1.8335522
-7.1635523,-5.9135523,-6.5635524,-4.7535524,-5.303552,-3.6435523,-3.8135521,-2.9135523,-4.2935524,-4.2035522,-4.1635523,-4.1835523,-3.4535522,-3.2435522,-1.9935522,-2.1835523,-2.1935523,-2.9835522,-4.7335525,-4.493552,-5.5635524,-6.5035524,-6.1835523,-4.7735524,-3.6135523,-2.9635522,-2.1835523,-1.3035523,-0.71355224,-1.4335523,-0.95355225,-1.7635522,-1.5635523,-0.68355227,0.13644776,-0.13355225,1.2764478,0.44644776,1.1764477,2.0164478,1.5264478,1.3864478,0.31644776,1.1164478,0.5164478,-0.50355226,-0.89355224,-2.3935523,-2.1235523,-2.2035522,-1.5435523,0.54644775,0.30644774,0.62644774,-0.7335522,-1.4035523,-1.6335522,-2.9035523
-5.593552,-6.343552,-5.5835524,-5.223552,-6.283552,-5.4635525,-4.383552,-4.9635525,-5.1635523,-4.7735524,-4.3735523,-3.6735523,-3.1835523,-3.4235523,-3.8235521,-3.8935523,-4.323552,-5.1235523,-5.053552,-5.8335524,-7.073552,-6.5835524,-6.5035524,-5.5635524,-4.8135524,-4.4835525,-3.9135523,-3.2435522,-3.2835522,-2.8435524,-3.1535523,-2.5035522,-2.9335523,-2.2035522,-1.4735522,-1.5035522,-1.3535522,-0.55355227,-0.23355225,0.19644776,-0.47355226,-0.9135522,0.36644775,-0.38355225,-1.8735522,-3.3435524,-4.223552,-3.8435524,-3.3035522,-2.3335524,-1.2535522,-1.8635522,-1.4435523,-2.0235522,-2.3435524,-2.9935522,-2.7835522,-3.4935522
-5.4635525,-5.7735524,-5.8735523,-7.0435524,-4.263552,-5.7335525,-5.923552,-6.723552,-6.443552,-6.5035524,-5.033552,-4.8535523,-5.4135523,-5.153552,-5.013552,-5.4535522,-5.903552,-6.0035524,-6.243552,-7.263552,-7.2735524,-7.2035522,-6.4835525,-6.3735523,-6.2335525,-5.593552,-5.553552,-6.283552,-6.363552,-5.803552,-5.473552,-5.243552,-4.5435524,-3.6035523,-3.2935522,-3.1935523,-2.6835523,-2.6935523,-2.2235522,-1.9035523,-2.1235523,-1.0435523,-1.4535522,-2.6235523,-3.8135521,-5.073552,-5.993552,-4.1835523,-3.5135522,-2.2335522,-0.93355227,-1.5935522,-3.1435523,-3.2535522,-2.9335523,-3.2935522,-3.8235521,-3.8735523
-6.403552,-5.633552,-6.763552,-6.113552,-5.323552,-6.1235523,-6.763552,-7.513552,-8.363552,-8.273552,-7.533552,-6.823552,-6.693552,-5.8135524,-5.113552,-5.1435523,-5.363552,-5.9135523,-7.6035523,-7.4535522,-7.2135525,-7.323552,-6.7135525,-6.5435524,-6.3335524,-7.2135525,-7.9635525,-8.333552,-7.9535522,-7.323552,-7.383552,-6.943552,-5.7735524,-5.403552,-5.383552,-4.423552,-3.8135521,-3.9335523,-3.4435523,-3.0635521,-2.4935522,-2.4435523,-2.9135523,-3.6835523,-5.9335523,-5.863552,-5.6235523,-4.5435524,-2.8735523,-2.2235522,-2.8135521,-3.8635523,-4.343552,-4.363552,-3.8135521,-4.0635524,-4.133552,-4.1635523
-6.903552,-6.423552,-6.823552,-8.333552,-7.4835525,-7.3135524,-8.033552,-9.4235525,-9.053553,-8.373552,-8.643552,-8.623552,-7.153552,-6.823552,-6.363552,-6.4635525,-6.2335525,-6.533552,-7.1235523,-6.6235523,-6.973552,-7.1835523,-7.8335524,-7.343552,-7.7535524,-7.1235523,-8.393552,-8.753552,-7.903552,-7.443552,-8.053553,-7.883552,-7.383552,-6.863552,-5.923552,-5.303552,-4.823552,-4.633552,-3.9435523,-3.6835523,-3.5735521,-3.5935524,-4.5035524,-5.2135525,-5.943552,-5.5235524,-4.823552,-4.243552,-3.5935524,-4.263552,-5.0235524,-6.053552,-5.863552,-4.9835525,-5.5435524,-5.383552,-5.2535524,-4.903552
-8.873552,-8.583552,-9.4235525,-9.483552,-8.603552,-9.513553,-9.403552,-7.903552,-9.053553,-7.7035522,-7.243552,-7.4135523,-6.443552,-7.323552,-6.8335524,-5.8335524,-5.533552,-7.633552,-4.2735524,-6.363552,-5.883552,-5.973552,-6.7535524,-6.973552,-8.273552,-8.293552,-8.883553,-9.203552,-8.773552,-7.763552,-7.593552,-8.123552,-6.7335525,-6.443552,-6.1835523,-5.693552,-5.263552,-5.013552,-5.863552,-5.033552,-5.2035522,-5.1835523,-5.613552,-5.093552,-4.9535522,-5.1835523,-4.3535523,-4.1835523,-5.4135523,-5.783552,-6.7535524,-6.8535523,-5.943552,-6.3735523,-6.5635524,-6.593552,-6.133552,-6.513552
-5.473552,-7.0035524,-8.813552,-9.033552,-8.653552,-8.383553,-8.143552,-8.003552,-6.363552,-5.303552,-4.903552,-5.573552,-6.033552,-4.763552,-6.783552,-7.673552,-6.423552,-7.1035523,-7.383552,-6.9135523,-6.0235524,-6.343552,-6.0235524,-7.7135525,-7.5035524,-8.433552,-9.073552,-8.493552,-8.163552,-7.6635523,-7.263552,-6.6835523,-6.5035524,-6.533552,-5.763552,-5.7035522,-5.9335523,-5.383552,-5.193552,-3.7435522,-4.133552,-4.5235524,-5.403552,-2.5035522,-5.2735524,-4.3535523,-5.9835525,-6.593552,-6.243552,-7.343552,-7.6635523,-7.493552,-7.7735524,-8.073552,-9.263553,-8.913552,-8.443552,-7.2535524
-9.563552,-6.3735523,-6.0635524,-8.723553,-9.033552,-9.073552,-7.693552,-7.553552,-7.193552,-6.0035524,-5.2135525,-4.693552,-5.473552,-6.4835525,-6.513552,-6.2135525,-7.633552,-7.613552,-7.5235524,-7.113552,-6.573552,-6.343552,-7.193552,-8.083552,-7.8935523,-7.073552,-7.9535522,-7.593552,-7.553552,-7.783552,-7.2335525,-7.0835524,-6.9335523,-5.7935524,-5.883552,-5.5035524,-3.8235521,-3.7435522,-4.2735524,-4.923552,-5.193552,-7.073552,-6.673552,-4.533552,-6.193552,-6.0235524,-6.743552,-6.9135523,-7.323552,-7.5435524,-7.653552,-7.4335523,-8.723553,-9.553553,-9.773552,-10.523552,-9.703552,-9.303553
-5.743552,-8.323552,-9.543552,-8.053553,-8.903552,-7.133552,-7.383552,-8.273552,-7.783552,-6.113552,-5.303552,-9.073552,-6.693552,-8.453552,-8.233552,-7.4535522,-7.1435523,-4.5835524,-8.123552,-6.9835525,-7.5635524,-7.3135524,-7.6235523,-6.4835525,-6.6835523,-6.8735523,-7.593552,-8.783552,-7.973552,-7.1435523,-5.9835525,-4.9135523,-5.2335525,-4.653552,-4.4135523,-4.423552,-4.1835523,-4.423552,-6.053552,-5.903552,-4.013552,-4.903552,-4.883552,-6.133552,-5.863552,-6.9535522,-7.513552,-8.203552,-8.213552,-6.903552,-7.993552,-7.3735523,-7.4335523,-10.273552,-10.033552,-10.083552,-11.503552,-10.793552
-8.683552,-8.943552,-9.1735525,-8.933552,-8.133553,-8.643552,-8.143552,-9.163552,-8.6735525,-8.653552,-8.753552,-8.073552,-8.6735525,-6.5235524,-7.573552,-10.143552,-9.513553,-8.373552,-8.463552,-6.633552,-6.653552,-7.7935524,-6.9135523,-6.8935523,-5.0435524,-5.883552,-7.7035522,-8.153552,-8.043552,-7.5835524,-6.5235524,-6.513552,-5.8935523,-4.7335525,-5.073552,-5.2335525,-3.5135522,-4.0035524,-5.263552,-4.7335525,-3.8635523,-2.9735522,-5.673552,-5.073552,-6.0835524,-6.903552,-7.263552,-7.9835525,-8.493552,-7.243552,-6.653552,-8.163552,-7.7935524,-9.193552,-10.623552,-10.703552,-12.443552,-11.433552
-9.883553,-8.313552,-6.843552,-7.4835525,-8.713552,-9.483552,-9.893552,-10.083552,-10.503552,-9.633553,-9.853552,-9.593553,-8.233552,-8.443552,-9.573552,-9.883553,-10.503552,-9.663552,-8.243552,-7.8535523,-9.013553,-8.143552,-5.8935523,-5.113552,-6.783552,-7.173552,-8.493552,-8.583552,-7.9535522,-7.533552,-7.133552,-6.7035522,-5.9335523,-5.843552,-5.2035522,-4.593552,-4.763552,-4.7135525,-4.4535522,-1.6235522,-4.3135524,-4.7335525,-6.133552,-7.073552,-7.073552,-6.0235524,-6.7735524,-8.873552,-9.683552,-9.413552,-8.063552,-7.053552,-9.593553,-7.153552,-9.963552,-11.383553,-11.633553,-12.033552
-10.703552,-9.943552,-9.893552,-9.783552,-11.053553,-11.513553,-12.193552,-13.013553,-11.943552,-11.383553,-12.333552,-12.033552,-12.193552,-12.773552,-11.643552,-9.473553,-7.513552,-5.4135523,-4.3935523,-3.8235521,-0.45355225,0.5864478,0.36644775,-1.9435523,-7.3535523,-6.7035522,-7.533552,-7.8935523,-7.613552,-7.133552,-6.653552,-6.403552,-5.403552,-5.843552,-5.283552,-5.783552,-5.6035523,-3.8935523,-3.1035523,-3.0935524,-3.5235522,-3.5435522,-5.823552,-6.593552,-5.343552,-5.6635523,-7.4635525,-7.173552,-6.843552,-7.323552,-8.363552,-7.993552,-7.403552,-7.593552,-10.1735525,-11.403552,-11.383553,-12.163552
-10.463552,-9.493552,-8.643552,-10.733552,-12.243552,-11.683552,-12.363552,-13.963552,-13.243552,-13.213552,-12.953552,-13.203552,-12.1735525,-12.103552,-12.163552,-11.443552,-10.033552,-7.593552,-5.783552,-5.553552,-6.173552,-8.223553,0.91644776,0.66644776,-1.8435522,-1.1735523,-3.9235523,-4.8335524,-5.3735523,-5.903552,-5.763552,-5.3335524,-6.133552,-5.173552,-5.093552,-5.2735524,-5.553552,-5.0435524,-4.4635525,-5.1435523,-5.863552,-6.4135523,-6.1035523,-3.9635522,-4.8335524,-4.3335524,-10.623552,-8.373552,-7.9835525,-8.413552,-7.1435523,-9.943552,-8.993552,-10.193552,-10.713552,-11.153552,-11.263553,-11.543552
-9.183552,-9.523552,-9.773552,-10.953552,-12.153552,-11.053553,-11.973553,-13.333552,-13.793552,-13.6735525,-13.033552,-12.753552,-12.153552,-12.613552,-11.963552,-11.273552,-10.6735525,-8.993552,-7.8935523,-8.583552,-10.203552,-9.4235525,-11.543552,-3.9135523,-5.0635524,-1.3435522,0.17644775,0.41644776,-1.5835522,-1.3535522,-2.3135521,-4.1035523,-3.4635522,-2.9735522,-2.8335524,-4.5835524,-4.283552,-4.763552,-4.2535524,-3.8235521,-5.903552,-5.473552,-3.9135523,-4.153552,-0.36355224,-8.883553,-11.443552,-10.963552,-8.533552,-6.763552,-11.403552,-10.753552,-11.483552,-11.243552,-11.773552,-11.883553,-10.473553,-11.913552
-11.343553,-11.343553,-10.863552,-11.073552,-10.9235525,-10.693552,-12.463552,-13.563552,-13.743552,-12.823552,-11.823552,-12.903552,-13.213552,-11.733552,-12.073552,-11.523552,-11.643552,-10.163552,-9.863552,-11.1735525,-10.243552,-9.763553,-8.9235525,-11.473553,-8.993552,-8.803553,-5.903552,-4.803552,-1.8435522,-1.7935523,-2.3435524,-5.4335523,-2.7335522,-2.7335522,-2.7235522,-1.3135523,-1.4235523,-0.62355226,-1.5235523,-2.7435522,-3.3735523,-4.513552,-2.1935523,-2.9935522,-5.193552,-11.753552,-9.103552,-8.113552,-7.743552,-8.353552,-9.643552,-11.863552,-11.583552,-12.723553,-12.643552,-11.933552,-11.653552,-12.333552
-12.493552,-12.703552,-11.903552,-10.863552,-9.983552,-10.363552,-11.593553,-13.013553,-13.123552,-12.303553,-11.313552,-12.183552,-12.083552,-11.623552,-12.223553,-11.273552,-12.053553,-12.523552,-11.603552,-11.603552,-11.043552,-10.683552,-11.893552,-7.0235524,-5.6035523,-7.193552,-7.923552,-11.253552,-6.013552,-4.493552,-4.903552,-2.3635523,-3.0735521,-4.6635523,-2.7735522,-2.5435522,-2.2435522,-1.1935523,0.06644776,0.016447755,0.19644776,-1.2435522,-4.3335524,-4.513552,-1.1635523,-5.4835525,-9.033552,-9.223553,-9.913552,-9.763553,-10.353552,-11.793552,-12.703552,-12.813552,-12.553553,-12.933552,-13.043552,-13.183552
-11.943552,-11.903552,-10.823552,-10.993552,-10.873552,-11.953552,-10.9235525,-10.243552,-11.613552,-11.863552,-11.253552,-11.863552,-11.243552,-10.493552,-10.523552,-10.453552,-9.973553,-9.363552,-10.1735525,-10.413552,-10.913552,-11.473553,-12.633553,-9.543552,-8.903552,-7.4635525,-6.073552,-5.823552,-3.3535523,-1.3835522,-1.5735523,-1.8235523,-2.4635522,-5.2335525,-3.9935522,-3.7035522,-2.7635522,-2.5635521,-0.23355225,-0.64355224,-1.2135522,-1.4035523,-0.95355225,0.5864478,-0.39355224,-7.363552,-10.723553,-8.053553,-8.573552,-8.563552,-10.193552,-10.773552,-12.343553,-13.083552,-12.583552,-12.603552,-13.343553,-13.503552
-12.603552,-12.493552,-12.703552,-12.273552,-11.893552,-12.663552,-12.303553,-13.933552,-13.103552,-14.963552,-15.373552,-14.193552,-11.763553,-10.443552,-10.003552,-10.833552,-10.213552,-9.393552,-8.073552,-8.053553,-9.213552,-10.393552,-10.933552,-11.243552,-10.093553,-8.003552,-4.9335523,-6.8335524,-4.5235524,-5.6635523,-3.4335523,-2.3735523,-3.6035523,-1.7735523,-3.1035523,-3.5935524,-7.303552,-3.3535523,-2.3735523,-1.0635523,-0.34355223,0.41644776,2.8364477,0.5264478,-4.1835523,-12.293552,-9.433552,-8.223553,-8.163552,-9.253552,-9.223553,-8.943552,-12.803553,-12.813552,-11.6735525,-11.773552,-11.883553,-11.583552
-12.323552,-14.243552,-13.373552,-12.553553,-14.093553,-15.873552,-15.873552,-13.773552,-13.003552,-13.9235525,-13.263553,-12.573552,-12.703552,-12.753552,-13.413552,-13.763553,-14.773552,-14.803553,-12.1735525,-9.453552,-8.163552,-8.583552,-9.283552,-9.853552,-9.263553,-8.213552,-7.4535522,-7.263552,-5.7935524,-5.6235523,-5.863552,-3.9435523,-2.4435523,-2.4135523,-1.7335522,-4.153552,-3.9635522,-1.8635522,-4.243552,-1.0735523,0.93644774,-1.5135522,-2.4635522,-2.1035523,-10.253552,-9.353552,-8.203552,-6.723552,-10.733552,-8.343553,-9.733552,-11.293552,-10.123552,-10.643552,-9.633553,-9.703552,-9.353552,-8.953552
-12.063552,-13.103552,-13.083552,-12.873552,-15.053553,-14.9235525,-13.343553,-12.403552,-13.993552,-14.553553,-15.763553,-16.713552,-17.873552,-18.633553,-17.463552,-15.193552,-14.473553,-16.113552,-16.983553,-13.783552,-10.793552,-9.383553,-9.303553,-8.753552,-8.193552,-8.323552,-7.6035523,-5.013552,-6.2135525,-3.8235521,-4.013552,-4.2035522,-3.0835524,-2.9735522,-1.2935523,-1.1235522,-2.0735521,-3.4535522,-1.3235523,-3.0835524,0.06644776,-0.64355224,-2.7335522,-8.733552,-6.4635525,-7.153552,-6.903552,-7.013552,-8.1735525,-8.543552,-7.843552,-8.603552,-7.1635523,-7.3335524,-6.1235523,-6.3135524,-7.743552,-7.823552
-11.693552,-12.873552,-13.4235525,-14.003552,-16.543552,-15.453552,-14.653552,-13.973553,-14.573552,-15.083552,-17.153553,-18.533552,-18.743553,-19.563553,-19.153553,-19.043552,-17.053553,-15.463552,-14.573552,-13.363552,-12.523552,-10.9235525,-9.203552,-8.063552,-7.2335525,-7.493552,-7.1635523,-3.6735523,-6.1835523,-3.1335523,-3.1235523,-3.0635521,-1.7635522,-1.9035523,-0.21355225,-0.21355225,-0.59355223,-2.0435522,-3.0535522,-0.22355224,-2.4135523,-0.32355225,-0.56355226,-3.4335523,-7.0435524,-6.4635525,-6.4535522,-6.283552,-6.823552,-6.5435524,-7.0835524,-7.573552,-8.433552,-7.1035523,-6.443552,-5.883552,-5.9335523,-5.553552
