views/data/weather/2019/10/02/0000-wind-isobaric-250hPa-gfs-1.0.json
{"header": { "discipline":0, "disciplineName":"Meteorological products", "gribEdition":2, "gribLength":50270, "center":7, "centerName":"US National Weather Service - NCEP(WMC)", "subcenter":0, "refTime":"2019-10-02T00:00:00.000Z", "significanceOfRT":1, "significanceOfRTName":"Start of forecast", "productStatus":0, "productStatusName":"Operational products", "productType":1, "productTypeName":"Forecast products", "productDefinitionTemplate":0, "productDefinitionTemplateName":"Analysis/forecast at horizontal level/layer at a point in time", "parameterCategory":2, "parameterCategoryName":"Momentum", "parameterNumber":2, "parameterNumberName":"U-component_of_wind", "parameterUnit":"m.s-1", "genProcessType":2, "genProcessTypeName":"Forecast", "forecastTime":0, "surface1Type":100, "surface1TypeName":"Isobaric surface", "surface1Value":25000.0, "surface2Type":255, "surface2TypeName":"Missing", "surface2Value":0.0, "gridDefinitionTemplate":0, "gridDefinitionTemplateName":"Latitude_Longitude", "numberPoints":65160, "shape":6, "shapeName":"Earth spherical with radius of 6,371,229.0 m", "gridUnits":"degrees", "resolution":48, "winds":"true", "scanMode":0, "nx":360, "ny":181, "basicAngle":0, "lo1":0.0, "la1":90.0, "lo2":359.0, "la2":-90.0, "dx":1.0, "dy":1.0 }, "data":
[rows 104 to 129 of 181, columns 171 to 227 of 360]
9.714953,9.514954,5.1149535,5.314954,4.4149537,6.314954,8.114954,9.014954,9.514954,8.214953,7.314954,6.1149535,5.5149536,4.4149537,3.0149536,4.6149535,3.7149537,4.314954,3.6149535,3.2149537,1.6149536,1.3149536,1.7149537,1.8149536,1.6149536,0.31495363,0.8149536,0.9149536,0.61495364,1.4149536,3.9149537,4.7149534,5.4149537,7.314954,8.114954,8.814954,10.814954,12.914953,14.814954,16.214954,18.014954,19.114954,20.414953,21.014954,19.414953,18.514954,18.014954,19.614954,19.514954,17.714954,16.114954,16.114954,15.714953,16.214954,17.214954,16.814953,17.114954
11.014954,10.114954,8.514954,9.014954,10.314954,10.714953,12.014954,13.514954,13.014954,14.814954,14.314954,9.714953,9.414953,9.714953,8.514954,8.314954,7.5149536,8.314954,6.1149535,6.9149537,6.4149537,5.9149537,5.6149535,5.7149534,5.2149534,5.6149535,5.5149536,4.5149536,6.6149535,6.7149534,5.5149536,7.4149537,9.914953,10.914953,12.414953,13.114954,16.114954,17.314953,17.814953,19.014954,21.014954,22.714954,23.814953,23.814953,23.714954,23.414953,21.914953,21.414953,21.314953,21.214954,19.414953,19.014954,17.814953,17.114954,16.414953,16.814953,18.514954
11.814954,14.714953,13.014954,11.914953,13.314954,15.314954,16.514954,16.814953,18.714954,18.014954,15.814954,13.614954,13.314954,12.514954,11.714953,11.514954,10.314954,9.614954,9.414953,9.814954,9.314954,9.514954,8.214953,8.814954,8.814954,8.214953,8.014954,9.414953,10.914953,11.214953,12.114954,11.314954,12.014954,13.214953,15.114954,16.914953,19.114954,20.114954,22.114954,24.114954,25.514954,26.814953,26.714954,27.614954,27.214954,27.214954,26.614954,25.614954,25.114954,23.914953,23.614954,21.514954,20.314953,18.514954,19.114954,19.414953,19.314953
17.014954,15.914953,17.914953,17.914953,19.514954,19.914953,20.914953,20.614954,20.914953,21.514954,21.014954,19.314953,17.414953,17.514954,15.314954,15.914953,14.514954,14.014954,13.814954,13.214953,12.614954,12.114954,12.514954,11.514954,12.514954,11.914953,12.514954,12.514954,14.214953,15.214953,16.914953,16.014954,16.114954,18.614954,19.814953,21.714954,22.814953,24.414953,26.514954,27.714954,28.414953,30.714954,31.314953,32.014954,31.714954,30.614954,31.314953,30.014954,29.214954,28.514954,27.614954,25.614954,24.714954,22.814953,21.614954,21.814953,21.814953
22.014954,21.714954,21.014954,20.714954,22.014954,22.714954,23.214954,22.714954,24.114954,22.414953,22.014954,20.814953,20.314953,19.714954,19.214954,17.814953,17.814953,15.414953,16.214954,16.414953,14.714953,13.914953,15.614954,15.714953,15.214953,16.114954,18.014954,19.314953,19.514954,20.014954,20.614954,19.714954,22.714954,24.714954,25.714954,26.914953,28.314953,28.514954,29.614954,32.414955,34.014954,34.314953,34.814953,35.714954,35.314953,36.314953,35.914955,34.914955,33.914955,32.714954,31.514954,30.814953,28.614954,26.914953,26.014954,24.314953,24.914953
26.614954,26.814953,26.714954,26.714954,25.914953,25.614954,26.314953,26.614954,25.714954,24.614954,23.914953,23.714954,24.214954,23.214954,21.714954,21.214954,20.914953,20.014954,19.614954,19.714954,19.114954,18.514954,18.614954,18.414953,19.514954,21.514954,22.714954,23.014954,23.814953,24.914953,25.714954,26.714954,26.614954,29.314953,31.014954,31.814953,33.614952,34.414955,36.314953,37.014954,36.814953,38.514954,39.914955,40.214954,40.214954,40.114952,38.414955,39.614952,39.414955,37.714954,36.414955,34.814953,33.514954,31.514954,30.014954,28.514954,27.114954
30.814953,29.614954,29.514954,30.414953,29.914953,29.914953,30.014954,29.914953,29.614954,28.614954,27.114954,26.214954,26.714954,26.514954,26.014954,24.514954,23.814953,23.114954,23.614954,22.814953,23.214954,22.814953,22.114954,22.714954,23.714954,25.914953,26.014954,27.114954,27.714954,28.614954,29.714954,29.814953,31.514954,34.114952,34.814953,36.414955,36.314953,37.514954,39.314953,41.414955,42.414955,44.414955,45.514954,44.914955,45.314953,44.614952,44.314953,42.214954,42.614952,42.014954,42.014954,39.314953,37.714954,35.714954,34.114952,33.014954,32.414955
33.114952,33.614952,34.214954,34.614952,34.614952,35.214954,35.114952,34.714954,34.614952,33.814953,32.514954,30.814953,30.714954,29.014954,29.214954,28.414953,28.314953,28.214954,27.814953,28.014954,27.614954,27.714954,28.114954,28.714954,29.314953,29.314953,29.414953,29.814953,32.114952,32.914955,33.614952,34.014954,35.214954,36.514954,37.414955,39.014954,40.514954,42.714954,44.314953,46.314953,47.014954,47.514954,50.114952,52.514954,51.614952,49.214954,47.814953,46.614952,44.614952,44.214954,44.014954,45.114952,42.714954,40.314953,38.614952,37.314953,36.214954
37.714954,39.414955,39.214954,39.114952,38.914955,39.314953,39.614952,38.614952,38.614952,37.914955,37.614952,37.114952,35.314953,34.314953,34.414955,33.614952,33.514954,33.014954,31.914953,32.514954,33.014954,33.414955,32.814953,33.314953,33.714954,33.614952,34.214954,36.014954,36.814953,36.114952,37.114952,38.714954,38.614952,39.514954,39.514954,41.214954,43.914955,46.214954,47.014954,48.014954,46.314953,45.114952,45.414955,46.714954,50.814953,53.214954,50.814953,49.014954,49.314953,50.214954,47.914955,47.714954,46.814953,45.814953,44.714954,42.714954,40.414955
40.914955,40.714954,41.514954,42.014954,41.714954,42.414955,43.314953,44.214954,43.314953,43.414955,43.414955,43.414955,41.414955,40.014954,38.814953,38.114952,37.914955,38.814953,38.814953,37.714954,38.214954,38.514954,39.214954,37.814953,37.114952,38.514954,39.214954,40.614952,39.614952,40.514954,40.614952,40.814953,41.414955,42.414955,43.514954,44.514954,46.014954,45.914955,43.814953,41.414955,39.814953,39.114952,38.114952,39.014954,43.314953,49.514954,53.214954,53.414955,52.414955,52.114952,51.814953,50.114952,50.314953,49.214954,48.714954,47.014954,46.314953
44.914955,45.914955,46.214954,46.714954,47.314953,47.414955,48.214954,48.514954,48.614952,48.914955,48.814953,48.314953,46.914955,46.414955,46.014954,43.114952,42.714954,44.014954,44.314953,43.914955,43.314953,42.814953,43.314953,44.114952,42.914955,43.614952,43.514954,43.514954,43.714954,42.914955,43.614952,43.614952,44.614952,45.314953,45.814953,45.714954,44.914955,42.414955,39.414955,35.914955,36.514954,38.014954,38.414955,39.114952,39.114952,41.214954,47.914955,53.314953,55.414955,55.814953,54.414955,53.214954,51.614952,53.014954,53.214954,51.114952,48.914955
51.414955,51.114952,50.414955,51.014954,52.014954,52.914955,53.614952,54.214954,54.314953,54.814953,54.814953,54.814953,54.614952,53.614952,52.514954,50.514954,48.814953,48.314953,48.614952,48.114952,49.014954,48.414955,48.414955,48.514954,48.314953,48.414955,47.914955,47.714954,45.714954,45.914955,46.214954,46.014954,46.114952,47.214954,46.214954,45.514954,43.014954,37.814953,34.914955,35.014954,35.014954,32.814953,32.314953,34.214954,37.614952,40.714954,42.214954,44.514954,50.114952,55.214954,57.814953,56.514954,55.214954,54.714954,54.814953,53.514954,53.014954
56.714954,56.614952,56.414955,57.214954,57.914955,58.314953,59.514954,59.814953,60.114952,59.914955,59.314953,59.314953,59.314953,58.514954,56.914955,55.314953,53.614952,52.514954,52.114952,53.714954,54.214954,53.914955,54.014954,53.314953,52.814953,51.514954,50.114952,49.414955,48.214954,47.614952,48.214954,48.514954,47.814953,48.014954,46.214954,43.814953,39.414955,33.714954,33.714954,32.814953,29.914953,29.514954,29.514954,29.914953,31.714954,35.014954,38.314953,42.214954,44.414955,47.014954,51.014954,55.714954,57.114952,56.914955,57.414955,57.214954,55.714954
65.31496,65.51495,65.71495,65.414955,65.11495,65.01495,65.31496,65.61495,65.71495,66.61495,67.414955,67.81496,67.81496,66.81496,64.51495,62.314953,61.614952,60.214954,58.814953,58.214954,58.514954,58.714954,58.114952,57.014954,55.314953,54.414955,52.914955,51.614952,51.114952,50.614952,49.514954,49.114952,48.914955,48.514954,46.514954,41.514954,35.614952,33.514954,31.414953,27.614954,26.314953,24.714954,23.914953,23.314953,24.514954,27.114954,31.414953,35.414955,40.514954,43.814953,46.614952,48.314953,52.614952,57.614952,59.714954,59.214954,59.014954
70.21495,71.51495,72.01495,72.01495,72.31496,72.31496,72.914955,73.414955,73.81496,74.61495,74.81496,74.71495,74.81496,73.21495,71.31496,69.51495,67.11495,65.71495,63.714954,61.514954,60.914955,61.014954,59.514954,58.514954,58.114952,56.914955,56.114952,53.214954,52.014954,51.114952,49.614952,49.314953,49.214954,48.714954,45.014954,38.614952,34.514954,31.014954,27.114954,23.414953,23.014954,21.714954,19.914953,19.614954,19.814953,21.714954,24.114954,27.314953,32.714954,37.114952,41.714954,45.814953,49.514954,51.514954,57.314953,61.014954,62.714954
73.414955,74.01495,74.51495,75.21495,75.71495,75.71495,76.414955,77.81496,78.914955,80.01495,81.21495,82.914955,83.81496,79.51495,76.71495,73.31496,70.914955,68.01495,66.11495,64.414955,63.114952,61.914955,61.214954,59.914955,59.814953,59.414955,57.714954,54.214954,52.814953,51.714954,49.714954,50.914955,49.914955,47.014954,43.114952,36.714954,32.714954,28.414953,22.714954,19.514954,17.014954,15.514954,15.014954,14.714953,15.614954,17.114954,18.514954,20.314953,23.714954,28.114954,33.714954,37.114952,43.914955,48.114952,52.814953,55.814953,61.114952
67.11495,69.11495,71.21495,72.81496,74.914955,77.11495,78.11495,79.01495,80.61495,83.21495,85.11495,88.01495,88.01495,84.21495,80.914955,78.51495,76.11495,73.01495,69.01495,67.51495,64.61495,62.514954,62.414955,61.814953,61.514954,61.314953,57.114952,55.014954,54.314953,52.314953,51.614952,49.914955,49.114952,45.714954,40.414955,34.914955,28.914953,24.214954,18.614954,14.214953,11.314954,8.414953,8.214953,9.214953,10.314954,11.914953,14.114954,15.914953,17.914953,21.714954,25.614954,29.214954,34.214954,40.714954,45.414955,50.614952,54.814953
54.514954,57.414955,59.814953,61.714954,63.814953,65.61495,67.51495,70.414955,72.81496,76.61495,80.31496,84.11495,82.31496,80.11495,78.61495,76.914955,78.414955,77.11495,74.61495,69.61495,66.81496,61.814953,55.514954,57.214954,54.914955,61.814953,59.314953,57.214954,55.514954,52.814953,51.014954,50.214954,48.314953,43.414955,36.214954,31.214954,24.914953,19.214954,14.114954,10.814954,7.2149534,4.314954,4.314954,4.7149534,5.7149534,7.0149536,8.414953,10.814954,13.914953,17.314953,20.514954,24.014954,28.014954,31.814953,35.314953,40.514954,46.014954
31.414953,33.414955,35.614952,38.514954,42.214954,44.914955,47.914955,52.414955,55.614952,61.414955,67.21495,70.31496,66.01495,62.414955,63.214954,61.014954,63.114952,68.51495,70.51495,68.71495,67.21495,64.31496,60.714954,63.014954,63.214954,63.014954,60.414955,57.814953,56.414955,53.514954,51.714954,50.214954,44.014954,38.714954,33.514954,26.014954,21.214954,15.714953,12.514954,10.114954,8.114954,7.314954,7.9149537,8.314954,8.814954,9.914953,12.114954,14.314954,16.914953,19.514954,22.014954,24.514954,26.614954,29.014954,31.514954,34.214954,38.314953
23.514954,25.914953,28.214954,31.714954,34.914955,38.514954,41.914955,46.814953,50.014954,53.514954,56.014954,53.014954,48.514954,45.114952,45.014954,44.514954,46.014954,49.614952,56.714954,61.814953,62.514954,63.214954,64.01495,61.814953,63.114952,59.014954,59.514954,58.214954,56.214954,54.114952,48.614952,42.614952,36.814953,32.414955,27.814953,22.314953,16.914953,13.514954,12.014954,10.514954,10.314954,11.614954,13.314954,13.914953,15.414953,15.414953,18.014954,20.514954,22.614954,24.914953,26.614954,27.514954,29.714954,31.114954,32.314953,33.614952,34.814953
28.614954,30.514954,31.614954,34.614952,37.314953,39.714954,41.314953,42.514954,45.014954,46.414955,46.414955,41.314953,37.014954,35.714954,35.914955,34.814953,36.914955,39.114952,44.014954,49.714954,53.714954,57.314953,59.714954,59.314953,58.214954,59.514954,59.914955,58.514954,53.114952,46.014954,41.014954,36.014954,33.014954,27.614954,22.414953,18.414953,14.114954,12.214953,11.314954,10.714953,11.414953,13.114954,14.614954,16.014954,17.214954,17.614954,19.214954,20.114954,21.514954,22.714954,22.414953,24.814953,27.514954,29.914953,32.114952,34.214954,36.214954
33.014954,35.214954,37.114952,37.714954,39.014954,39.314953,38.614952,37.914955,38.414955,37.014954,35.914955,30.614954,27.814953,27.914953,28.314953,28.814953,30.614954,33.114952,35.414955,39.514954,41.114952,43.714954,50.014954,50.014954,49.614952,51.914955,50.914955,49.314953,47.314953,42.014954,35.314953,31.614954,26.914953,23.014954,18.614954,14.514954,11.214953,10.614954,11.214953,10.214953,11.414953,12.214953,12.814954,12.914953,13.314954,13.414953,14.214953,14.614954,15.914953,15.514954,15.714953,17.214954,20.314953,23.214954,26.114954,28.614954,30.814953
36.114952,38.014954,38.914955,38.714954,37.614952,37.314953,33.814953,33.214954,30.414953,29.114954,27.914953,21.514954,21.614954,21.414953,21.814953,22.114954,24.114954,27.614954,29.914953,31.714954,32.614952,36.614952,39.214954,42.114952,39.214954,41.614952,46.214954,45.814953,44.014954,37.814953,29.214954,25.014954,21.214954,19.614954,16.414953,12.814954,10.514954,9.614954,9.914953,10.614954,10.714953,10.114954,10.814954,10.014954,10.614954,8.914953,10.414953,12.114954,13.714953,13.214953,13.114954,13.614954,14.114954,16.114954,18.714954,21.614954,24.414953
37.514954,38.514954,38.614952,38.814953,36.814953,33.414955,33.814953,27.514954,26.314953,25.014954,22.714954,18.714954,17.614954,17.614954,16.914953,16.514954,18.314953,21.314953,23.414953,24.914953,26.714954,30.514954,33.214954,30.514954,37.914955,43.514954,44.414955,42.914955,36.914955,28.814953,21.714954,19.714954,17.414953,17.614954,14.814954,12.114954,11.114954,9.114954,9.414953,9.314954,9.314954,10.014954,8.214953,8.014954,6.4149537,6.6149535,8.314954,10.514954,11.114954,9.914953,9.414953,8.914953,9.814954,11.714953,15.014954,16.914953,18.414953
39.614952,40.314953,38.114952,37.414955,36.214954,31.114954,35.214954,27.014954,25.314953,23.414953,19.714954,17.914953,14.214953,14.314954,13.414953,14.814954,14.014954,16.214954,17.114954,18.614954,21.314953,20.714954,29.314953,29.814953,34.614952,38.514954,37.414955,36.414955,27.814953,21.614954,19.314953,17.214954,15.414953,16.814953,13.014954,11.314954,10.514954,9.414953,8.314954,8.014954,7.6149535,7.0149536,6.4149537,5.4149537,4.9149537,5.7149534,7.6149535,8.614954,8.314954,5.2149534,4.6149535,5.5149536,7.5149536,9.714953,11.914953,14.314954,16.514954
34.714954,35.314953,34.514954,34.614952,37.214954,31.314953,33.214954,26.614954,24.214954,22.214954,19.714954,17.114954,13.414953,12.714953,11.514954,12.114954,10.514954,9.914953,13.714953,11.214953,14.714953,16.114954,23.014954,25.214954,23.314953,28.314953,29.614954,25.914953,22.914953,17.714954,17.314953,16.914953,16.314953,15.714953,14.014954,11.714953,10.914953,10.214953,8.214953,7.1149535,6.7149534,5.1149535,4.2149534,4.4149537,4.1149535,5.6149535,5.314954,6.2149534,5.2149534,3.8149536,3.6149535,4.5149536,6.2149534,7.4149537,9.214953,10.914953,13.014954
