views/data/weather/2019/10/02/0000-wind-isobaric-250hPa-gfs-1.0.json
{"header": { "discipline":0, "disciplineName":"Meteorological products", "gribEdition":2, "gribLength":50270, "center":7, "centerName":"US National Weather Service - NCEP(WMC)", "subcenter":0, "refTime":"2019-10-02T00:00:00.000Z", "significanceOfRT":1, "significanceOfRTName":"Start of forecast", "productStatus":0, "productStatusName":"Operational products", "productType":1, "productTypeName":"Forecast products", "productDefinitionTemplate":0, "productDefinitionTemplateName":"Analysis/forecast at horizontal level/layer at a point in time", "parameterCategory":2, "parameterCategoryName":"Momentum", "parameterNumber":2, "parameterNumberName":"U-component_of_wind", "parameterUnit":"m.s-1", "genProcessType":2, "genProcessTypeName":"Forecast", "forecastTime":0, "surface1Type":100, "surface1TypeName":"Isobaric surface", "surface1Value":25000.0, "surface2Type":255, "surface2TypeName":"Missing", "surface2Value":0.0, "gridDefinitionTemplate":0, "gridDefinitionTemplateName":"Latitude_Longitude", "numberPoints":65160, "shape":6, "shapeName":"Earth spherical with radius of 6,371,229.0 m", "gridUnits":"degrees", "resolution":48, "winds":"true", "scanMode":0, "nx":360, "ny":181, "basicAngle":0, "lo1":0.0, "la1":90.0, "lo2":359.0, "la2":-90.0, "dx":1.0, "dy":1.0 }, "data":
[rows 52 to 77 of 181, columns 114 to 170 of 360]
12.714953,12.714953,13.614954,14.414953,16.514954,17.514954,18.814953,19.714954,18.614954,19.614954,16.914953,15.914953,14.614954,18.514954,25.814953,27.714954,30.514954,32.414955,34.314953,35.014954,37.614952,37.614952,38.614952,39.914955,41.214954,41.414955,39.814953,44.014954,45.814953,46.014954,46.314953,45.914955,42.914955,38.614952,35.214954,31.514954,28.814953,26.514954,23.014954,19.514954,18.214954,16.914953,16.614954,15.414953,11.914953,6.9149537,1.0149536,5.6149535,13.814954,17.214954,17.714954,20.214954,19.914953,20.414953,21.214954,22.814953,25.314953
14.114954,13.514954,11.614954,14.414953,15.314954,16.814953,14.614954,13.514954,11.714953,9.614954,8.014954,7.1149535,11.714953,15.514954,19.314953,23.814953,26.414953,26.114954,25.214954,29.614954,33.614952,35.114952,36.214954,37.714954,38.214954,39.814953,41.414955,43.514954,43.114952,45.114952,46.114952,47.114952,46.514954,45.214954,42.714954,39.014954,35.214954,31.514954,27.514954,23.514954,21.714954,19.714954,18.414953,18.014954,15.914953,13.214953,7.1149535,12.414953,15.514954,19.914953,22.714954,24.714954,26.514954,28.014954,30.914953,32.714954,36.414955
12.614954,11.114954,11.914953,12.714953,13.914953,12.214953,10.814954,10.114954,4.9149537,2.9149537,4.1149535,4.4149537,6.9149537,11.414953,18.514954,19.814953,22.414953,21.714954,25.314953,28.214954,29.314953,30.614954,32.614952,33.714954,35.714954,36.114952,38.314953,38.514954,40.714954,42.214954,42.814953,43.614952,46.414955,47.614952,47.514954,45.714954,41.814953,37.314953,32.114952,27.414953,22.714954,20.514954,19.814953,17.914953,17.814953,17.214954,17.914953,20.214954,22.014954,25.914953,28.714954,30.314953,32.914955,36.014954,38.114952,37.914955,43.014954
12.914953,10.914953,13.714953,13.614954,11.614954,10.814954,8.514954,-0.18504639,0.014953613,2.1149535,0.014953613,3.9149537,6.0149536,7.1149535,10.514954,13.114954,17.014954,21.414953,22.414953,24.014954,23.614954,25.714954,28.014954,30.214954,31.214954,32.514954,33.014954,33.014954,34.814953,36.114952,38.414955,40.514954,41.614952,43.214954,46.714954,48.214954,47.414955,43.414955,40.114952,35.114952,29.714954,24.314953,20.614954,18.914953,19.114954,21.314953,23.914953,25.714954,32.614952,35.814953,35.714954,33.914955,37.914955,38.214954,36.514954,38.014954,38.814953
15.414953,13.014954,14.214953,15.314954,11.114954,9.114954,7.6149535,4.4149537,1.9149536,-10.285047,-1.4850464,3.7149537,2.8149536,3.6149535,7.4149537,11.614954,13.514954,15.714953,18.314953,18.114954,20.314953,23.214954,24.714954,26.114954,28.414953,28.314953,28.414953,29.614954,30.914953,30.514954,32.414955,33.514954,35.414955,38.314953,41.114952,43.014954,45.814953,46.414955,46.414955,43.214954,39.114952,34.414955,28.414953,23.614954,24.714954,29.514954,34.914955,36.814953,35.314953,32.714954,32.814953,36.814953,36.014954,40.814953,40.114952,36.414955,33.114952
15.714953,14.414953,16.914953,15.614954,12.514954,9.514954,7.314954,4.7149534,0.8149536,-5.2850466,-4.185046,1.9149536,8.514954,15.414953,15.414953,11.814954,16.214954,15.714953,15.914953,18.614954,19.014954,22.514954,24.314953,24.014954,24.414953,23.514954,23.414953,24.714954,26.814953,28.814953,30.614954,31.514954,32.114952,33.914955,35.814953,37.714954,38.914955,41.714954,43.014954,43.914955,43.614952,41.514954,38.314953,33.714954,30.414953,32.714954,37.514954,37.114952,37.014954,38.114952,38.314953,42.914955,37.814953,35.514954,35.014954,35.214954,31.614954
14.114954,16.314953,18.614954,15.414953,12.714953,10.014954,5.4149537,5.4149537,-0.18504639,3.5149536,0.61495364,11.714953,13.014954,16.514954,16.314953,11.514954,11.414953,14.114954,13.714953,15.514954,15.514954,16.914953,19.014954,20.114954,21.314953,20.014954,19.714954,20.814953,21.414953,23.514954,21.814953,23.414953,25.614954,26.814953,28.514954,31.914953,36.114952,37.014954,38.514954,40.314953,42.214954,41.714954,40.414955,37.314953,33.714954,27.814953,30.214954,32.014954,42.614952,38.514954,32.714954,29.914953,29.114954,27.214954,24.114954,31.314953,30.714954
15.514954,18.514954,18.414953,15.414953,13.714953,11.114954,4.5149536,3.4149537,2.5149536,8.314954,15.014954,15.214953,13.214953,13.014954,15.214953,9.814954,12.214953,9.414953,13.514954,13.914953,13.614954,16.014954,16.414953,15.814954,14.814954,16.714954,17.114954,19.714954,20.614954,20.714954,21.314953,20.414953,19.414953,20.614954,22.314953,25.114954,28.414953,31.914953,34.414955,36.014954,37.214954,39.714954,40.414955,38.214954,31.814953,29.014954,27.614954,31.814953,34.414955,39.714954,40.614952,33.414955,23.414953,22.414953,23.714954,23.614954,28.714954
17.914953,17.014954,15.714953,14.814954,13.314954,12.314954,11.014954,10.114954,3.7149537,19.714954,19.714954,14.314954,11.314954,11.814954,9.214953,9.014954,8.714953,11.414953,11.314954,12.414953,13.014954,13.614954,15.214953,16.114954,15.714953,15.914953,16.814953,18.114954,19.314953,19.314953,20.814953,21.914953,22.414953,23.214954,24.614954,23.914953,25.714954,27.714954,28.814953,30.714954,32.314953,32.914955,33.114952,34.414955,31.514954,27.114954,17.914953,26.414953,30.614954,21.514954,27.714954,31.214954,35.414955,34.314953,28.114954,24.214954,23.214954
14.314954,13.414953,13.214953,13.714953,13.014954,13.014954,12.614954,14.614954,19.514954,20.214954,13.814954,11.914953,9.814954,7.4149537,6.5149536,6.0149536,6.7149534,7.814954,7.5149536,9.114954,9.414953,9.514954,10.114954,11.314954,11.314954,12.014954,12.214953,12.314954,14.314954,16.314953,16.114954,17.114954,18.414953,19.014954,20.514954,21.614954,21.214954,23.014954,25.814953,27.614954,28.514954,27.714954,28.114954,27.514954,24.514954,24.514954,21.714954,21.514954,21.614954,26.014954,27.814953,26.514954,26.214954,24.814953,25.914953,24.714954,22.014954
10.014954,11.214953,12.114954,12.714953,11.414953,10.714953,10.214953,15.314954,16.514954,12.614954,11.614954,9.514954,8.214953,4.314954,4.6149535,3.9149537,4.7149534,5.1149535,5.814954,7.0149536,6.4149537,6.2149534,6.5149536,6.2149534,7.5149536,8.714953,8.614954,9.314954,9.914953,11.114954,11.914953,12.214953,14.114954,14.614954,15.114954,16.914953,18.714954,19.014954,18.714954,21.014954,22.414953,22.214954,23.814953,25.214954,25.214954,22.114954,20.814953,23.114954,25.614954,25.014954,23.814953,25.314953,24.214954,23.214954,21.914953,21.014954,19.214954
9.114954,10.014954,10.114954,10.714953,11.314954,12.014954,12.014954,13.914953,12.014954,8.814954,8.114954,6.2149534,3.7149537,4.314954,3.1149535,3.1149535,3.7149537,2.3149536,2.1149535,1.8149536,2.3149536,2.8149536,3.1149535,4.2149534,4.9149537,5.0149536,5.2149534,5.9149537,6.2149534,7.2149534,7.1149535,7.9149537,9.214953,10.914953,12.414953,12.914953,12.814954,15.214953,14.914953,17.614954,19.114954,19.414953,19.614954,20.214954,21.014954,20.914953,19.814953,23.014954,23.514954,21.014954,19.714954,20.314953,19.114954,20.614954,17.114954,18.614954,19.914953
7.314954,8.614954,9.614954,11.614954,12.714953,11.614954,12.014954,9.014954,7.0149536,5.1149535,4.6149535,3.1149535,1.8149536,2.0149536,0.5149536,0.5149536,-1.8850464,-2.8850465,-1.9850464,-2.1850464,-2.9850464,-1.5850464,0.114953615,1.2149537,2.1149535,2.6149535,2.2149537,1.2149537,2.0149536,2.5149536,2.0149536,2.8149536,4.1149535,5.5149536,5.2149534,6.2149534,7.5149536,8.414953,11.314954,11.914953,13.114954,13.814954,15.014954,15.614954,17.214954,16.514954,18.314953,18.014954,19.314953,18.814953,17.814953,17.914953,17.114954,20.714954,15.314954,17.014954,12.814954
11.614954,13.214953,13.214953,12.814954,11.914953,9.514954,8.414953,6.0149536,3.9149537,1.5149536,0.41495362,0.014953613,-0.9850464,-3.1850464,-3.5850463,-5.685046,-6.0850463,-6.685046,-7.4850464,-6.7850466,-6.7850466,-6.2850466,-4.5850463,-2.6850464,-1.9850464,-0.3850464,0.21495362,-0.7850464,-0.9850464,-1.0850464,-1.5850464,-1.8850464,-1.5850464,0.41495362,1.9149536,2.9149537,4.5149536,5.0149536,5.9149537,7.5149536,9.214953,11.014954,11.614954,12.014954,12.414953,13.314954,13.714953,14.514954,15.114954,14.614954,15.514954,10.914953,16.314953,14.214953,12.414953,9.314954,10.414953
13.814954,13.414953,12.414953,9.414953,7.7149534,7.1149535,4.5149536,3.2149537,0.114953615,-0.9850464,-2.5850463,-3.9850464,-7.2850466,-9.685046,-7.8850465,-9.785047,-10.385046,-12.285047,-11.885046,-11.285047,-10.885046,-9.885046,-9.285047,-7.0850463,-5.0850463,-2.6850464,-1.7850463,-2.2850463,-1.4850464,-2.3850465,-3.0850463,-3.7850463,-4.8850465,-3.7850463,-1.9850464,0.21495362,1.8149536,2.6149535,2.7149537,4.2149534,5.7149534,5.7149534,6.314954,7.314954,8.714953,8.814954,8.014954,10.714953,8.514954,8.914953,7.9149537,10.514954,10.414953,8.514954,6.2149534,10.014954,9.314954
11.914953,11.214953,10.414953,5.9149537,6.0149536,4.314954,2.3149536,0.8149536,-1.5850464,-3.7850463,-6.4850464,-8.985046,-12.485046,-12.985046,-14.485046,-16.385046,-17.685047,-17.985046,-17.285046,-15.485046,-13.685046,-12.285047,-11.385046,-10.785047,-9.285047,-7.4850464,-5.8850465,-5.0850463,-3.8850465,-4.185046,-5.2850466,-4.685046,-4.8850465,-4.4850464,-3.3850465,-3.5850463,-1.5850464,-1.0850464,-1.0850464,-0.88504636,-0.4850464,-0.2850464,1.4149536,2.2149537,3.4149537,3.6149535,4.4149537,6.814954,5.1149535,4.5149536,6.6149535,6.9149537,5.5149536,4.5149536,6.5149536,4.9149537,8.514954
8.814954,6.814954,3.6149535,1.6149536,1.5149536,0.21495362,-1.0850464,-2.6850464,-5.9850464,-7.185046,-10.385046,-14.085047,-15.385046,-15.285047,-17.485046,-18.585047,-18.885046,-19.985046,-19.785046,-19.085047,-18.385046,-17.285046,-14.885046,-13.585047,-13.685046,-12.485046,-10.885046,-10.285047,-8.385046,-6.9850464,-6.185046,-6.185046,-5.685046,-6.4850464,-6.3850465,-6.185046,-7.185046,-5.9850464,-5.4850464,-4.9850464,-4.4850464,-3.9850464,-3.1850464,-2.6850464,-1.7850463,-0.18504639,3.4149537,4.0149536,2.3149536,4.5149536,4.4149537,3.0149536,2.9149537,3.3149536,4.314954,5.814954,3.3149536
3.7149537,3.5149536,0.31495363,-0.4850464,-1.9850464,-4.9850464,-3.3850465,-4.8850465,-6.3850465,-10.185046,-12.885046,-14.385046,-13.885046,-15.785047,-15.285047,-15.185046,-16.685047,-16.685047,-17.485046,-19.585047,-20.285046,-19.385046,-19.385046,-17.285046,-14.985046,-14.485046,-14.485046,-13.285047,-12.385046,-10.885046,-9.985046,-10.085047,-8.485046,-8.785047,-10.485046,-11.585047,-11.885046,-12.885046,-12.285047,-11.885046,-9.885046,-9.085047,-8.285047,-6.8850465,-3.9850464,-1.8850464,-0.3850464,1.1149536,0.21495362,0.61495364,-0.18504639,0.7149536,2.3149536,2.7149537,2.5149536,2.7149537,1.4149536
0.21495362,-0.3850464,-2.0850463,-3.9850464,-6.5850463,-6.2850466,-6.5850463,-7.2850466,-7.0850463,-8.885046,-11.485046,-12.585047,-11.885046,-10.185046,-9.985046,-9.185046,-8.485046,-11.685046,-11.485046,-10.885046,-15.985046,-19.885046,-20.885046,-20.885046,-19.185047,-16.285046,-16.685047,-16.285046,-15.885046,-16.285046,-15.285047,-12.685046,-11.885046,-10.385046,-10.385046,-12.385046,-13.985046,-14.285047,-14.585047,-13.185046,-10.785047,-9.185046,-7.685046,-5.3850465,-3.8850465,-2.7850463,-4.7850466,-3.8850465,-2.8850465,-1.8850464,-1.7850463,-0.5850464,0.21495362,1.5149536,2.0149536,0.7149536,2.3149536
-1.9850464,-3.0850463,-5.7850466,-6.685046,-8.785047,-7.5850463,-7.3850465,-7.0850463,-6.685046,-7.685046,-8.685046,-8.785047,-8.785047,-7.4850464,-8.685046,-7.2850466,-6.7850466,-6.8850465,-8.785047,-10.285047,-9.785047,-12.585047,-16.885046,-19.385046,-21.185047,-22.185047,-21.285046,-20.085047,-20.185047,-18.685047,-16.885046,-16.185047,-14.385046,-13.185046,-12.685046,-12.385046,-12.485046,-12.985046,-12.985046,-12.385046,-11.285047,-9.685046,-9.085047,-6.4850464,-4.4850464,-5.4850464,-5.3850465,-6.4850464,-5.4850464,-3.2850463,-0.7850464,-0.9850464,-0.88504636,-1.6850464,-0.4850464,4.5149536,7.2149534
-5.5850463,-5.5850463,-7.0850463,-7.8850465,-7.7850466,-6.685046,-6.7850466,-5.685046,-5.0850463,-5.4850464,-6.2850466,-5.685046,-6.8850465,-5.8850465,-9.085047,-8.885046,-7.9850464,-5.8850465,-7.7850466,-8.385046,-7.5850463,-7.5850463,-8.085047,-12.785047,-15.885046,-19.085047,-21.085047,-21.585047,-20.985046,-20.585047,-19.785046,-19.185047,-18.285046,-16.985046,-15.585047,-14.485046,-13.485046,-13.185046,-12.085047,-11.485046,-10.085047,-7.685046,-6.5850463,-5.185046,-4.8850465,-3.9850464,-3.0850463,-3.1850464,-3.4850464,-4.4850464,-4.9850464,-1.6850464,2.4149537,3.4149537,3.2149537,4.314954,5.6149535
-7.7850466,-7.685046,-8.185046,-9.085047,-7.4850464,-6.8850465,-5.3850465,-5.5850463,-3.6850464,-2.6850464,-2.7850463,-4.185046,-4.685046,-3.9850464,-5.685046,-8.085047,-6.685046,-7.185046,-6.7850466,-4.7850466,-4.7850466,-5.8850465,-7.185046,-6.685046,-8.785047,-11.785047,-15.485046,-17.285046,-17.285046,-17.285046,-16.385046,-16.585047,-17.085047,-16.685047,-15.185046,-13.685046,-11.985046,-10.485046,-7.7850466,-6.185046,-5.5850463,-5.4850464,-7.4850464,-5.8850465,-5.685046,-4.2850466,-3.1850464,-2.6850464,-2.5850463,-1.3850464,0.8149536,2.8149536,2.6149535,3.6149535,4.5149536,4.9149537,2.4149537
-10.185046,-9.685046,-9.085047,-8.785047,-7.185046,-6.5850463,-7.5850463,-6.185046,-4.7850466,-2.4850464,-0.9850464,0.014953613,-1.7850463,-2.9850464,-2.8850465,-5.7850466,-6.185046,-3.7850463,-2.7850463,-3.2850463,-3.8850465,-4.3850465,-4.685046,-6.8850465,-6.5850463,-7.185046,-10.285047,-10.485046,-12.185046,-12.885046,-11.285047,-11.785047,-11.985046,-12.385046,-12.185046,-10.885046,-9.785047,-9.385046,-7.3850465,-4.7850466,-3.3850465,-3.5850463,-2.9850464,-3.2850463,-2.7850463,0.014953613,1.1149536,3.0149536,4.4149537,6.2149534,5.814954,6.6149535,6.4149537,6.314954,6.314954,5.1149535,6.2149534
-10.785047,-10.785047,-10.185046,-8.785047,-8.085047,-6.4850464,-4.0850463,-3.5850463,-3.2850463,-1.4850464,-0.08504639,0.31495363,1.6149536,1.3149536,-0.2850464,0.41495362,1.0149536,1.5149536,-0.2850464,-0.9850464,-2.4850464,-4.4850464,-3.5850463,-3.9850464,-5.4850464,-4.7850466,-4.4850464,-7.2850466,-8.485046,-8.485046,-8.185046,-7.2850466,-5.9850464,-4.7850466,-3.2850463,-1.5850464,-1.2850463,-0.2850464,-0.2850464,1.1149536,-0.6850464,2.1149535,-0.18504639,-0.3850464,-0.88504636,-2.3850465,-0.2850464,2.3149536,4.314954,5.314954,6.1149535,6.4149537,5.4149537,5.6149535,5.4149537,5.814954,4.2149534
-9.785047,-9.785047,-9.585047,-7.5850463,-7.185046,-3.8850465,-3.0850463,-4.685046,-2.8850465,-1.7850463,-0.6850464,0.8149536,2.0149536,4.4149537,4.6149535,3.7149537,4.0149536,1.6149536,1.0149536,-0.4850464,-1.8850464,-2.3850465,-2.6850464,-3.9850464,-3.7850463,-3.2850463,-2.8850465,-3.7850463,-3.2850463,-3.5850463,-3.0850463,-3.2850463,-1.3850464,1.3149536,1.4149536,3.3149536,4.4149537,2.3149536,1.1149536,-0.2850464,-0.4850464,1.3149536,-0.2850464,1.3149536,-0.3850464,-0.2850464,0.21495362,0.21495362,2.7149537,3.1149535,5.0149536,3.8149536,1.8149536,0.7149536,0.014953613,2.6149535,-0.3850464
-9.585047,-8.085047,-6.5850463,-6.685046,-6.3850465,-3.2850463,-3.7850463,-3.4850464,-2.1850464,-0.88504636,0.7149536,-0.18504639,1.9149536,5.2149534,3.5149536,1.6149536,3.5149536,1.9149536,1.5149536,-0.08504639,-0.08504639,-0.88504636,-2.0850463,-3.7850463,-3.7850463,-3.4850464,-2.9850464,-4.0850463,-3.1850464,-2.9850464,-1.7850463,-1.7850463,-1.0850464,0.61495364,2.4149537,2.1149535,0.9149536,-0.4850464,-0.4850464,-1.8850464,-0.4850464,-2.0850463,-1.6850464,-2.4850464,1.7149537,2.5149536,3.1149535,0.7149536,-0.4850464,-1.1850464,-0.18504639,-2.9850464,-3.5850463,-3.1850464,-2.0850463,-5.9850464,-3.1850464
