views/data/weather/2019/10/02/0000-wind-isobaric-250hPa-gfs-1.0.json
{"header": { "discipline":0, "disciplineName":"Meteorological products", "gribEdition":2, "gribLength":51269, "center":7, "centerName":"US National Weather Service - NCEP(WMC)", "subcenter":0, "refTime":"2019-10-02T00:00:00.000Z", "significanceOfRT":1, "significanceOfRTName":"Start of forecast", "productStatus":0, "productStatusName":"Operational products", "productType":1, "productTypeName":"Forecast products", "productDefinitionTemplate":0, "productDefinitionTemplateName":"Analysis/forecast at horizontal level/layer at a point in time", "parameterCategory":2, "parameterCategoryName":"Momentum", "parameterNumber":3, "parameterNumberName":"V-component_of_wind", "parameterUnit":"m.s-1", "genProcessType":2, "genProcessTypeName":"Forecast", "forecastTime":0, "surface1Type":100, "surface1TypeName":"Isobaric surface", "surface1Value":25000.0, "surface2Type":255, "surface2TypeName":"Missing", "surface2Value":0.0, "gridDefinitionTemplate":0, "gridDefinitionTemplateName":"Latitude_Longitude", "numberPoints":65160, "shape":6, "shapeName":"Earth spherical with radius of 6,371,229.0 m", "gridUnits":"degrees", "resolution":48, "winds":"true", "scanMode":0, "nx":360, "ny":181, "basicAngle":0, "lo1":0.0, "la1":90.0, "lo2":359.0, "la2":-90.0, "dx":1.0, "dy":1.0 }, "data":
[rows 100 to 124 of 181, columns 232 to 289 of 360]
-13.048017,-14.348017,-13.048017,-16.548016,-17.148016,-17.548016,-13.848017,-12.648016,-9.648016,-7.3480163,-6.0480165,-1.3480164,-0.74801636,0.15198365,3.5519836,4.2519836,3.6519837,1.5519836,1.7519836,2.9519837,4.9519835,6.551984,8.951983,11.251984,13.051984,14.151983,13.951983,13.951983,13.951983,9.751984,6.3519835,6.7519836,6.3519835,4.4519835,4.1519837,4.051984,3.6519837,2.9519837,3.9519837,3.6519837,3.5519836,3.0519836,1.7519836,1.8519837,0.6519836,-1.1480163,-0.74801636,-0.8480164,2.0519836,2.7519836,-0.54801637,-4.0480165,-2.7480164,-3.8480163,-5.1480165,-5.948016,-5.5480165,-6.6480165
-9.348017,-13.048017,-14.748016,-15.748016,-16.848017,-16.148016,-15.248016,-14.048017,-10.848017,-4.8480163,-5.3480163,-4.1480165,-2.6480165,1.6519836,4.7519836,6.7519836,6.551984,4.3519835,1.8519837,2.8519835,4.2519836,6.2519836,7.551984,11.751984,13.651983,14.051984,14.051984,14.851984,14.151983,11.151983,9.051984,5.9519835,6.9519835,6.4519835,5.3519835,4.551984,3.4519837,3.1519837,3.3519835,2.7519836,3.3519835,4.4519835,4.3519835,4.1519837,1.8519837,2.0519836,0.35198364,-1.6480163,0.35198364,0.6519836,-1.4480164,-1.5480163,-2.4480164,-3.5480163,-5.8480163,-4.948016,-5.5480165,-4.7480164
-8.048017,-10.048017,-12.648016,-14.548017,-17.048016,-17.248016,-14.348017,-13.248016,-9.448016,-3.9480164,-3.0480163,-1.7480164,-0.24801636,3.8519835,5.551984,6.551984,6.9519835,6.6519837,4.9519835,2.2519836,3.7519836,5.3519835,7.8519835,10.451983,11.751984,13.151983,13.351984,14.351984,13.651983,11.651983,10.751984,10.451983,9.551984,7.2519836,6.3519835,5.6519837,4.6519837,4.051984,4.051984,4.051984,3.4519837,1.3519837,2.7519836,4.3519835,3.3519835,3.1519837,2.1519837,2.2519836,-0.64801633,-0.64801633,-2.0480163,-6.1480165,-2.2480164,-4.448016,-5.948016,-2.7480164,-6.6480165,-5.448016
-7.1480165,-7.5480165,-11.248016,-14.248016,-14.548017,-15.448016,-13.448016,-8.948016,-8.848017,-3.8480163,-0.14801636,1.3519837,1.2519836,1.8519837,5.051984,5.3519835,6.6519837,7.2519836,7.051984,2.9519837,3.9519837,3.2519836,6.551984,7.9519835,11.351984,13.151983,13.451983,13.851984,15.151983,12.651983,11.851984,10.751984,10.151983,10.751984,9.151983,8.251984,7.551984,7.051984,6.8519835,6.6519837,6.3519835,6.1519837,5.4519835,4.8519835,1.0519836,1.8519837,3.2519836,0.15198365,-0.8480164,-1.2480164,-2.7480164,-6.7480164,-6.6480165,-4.6480165,-3.6480165,-7.448016,-5.8480163,-8.448016
-6.0480165,-2.4480164,-8.048017,-12.148016,-14.148016,-13.748016,-11.748016,-9.948016,-6.948016,-3.4480164,-2.1480165,-0.04801636,0.45198363,2.9519837,4.051984,4.7519836,4.9519835,5.551984,5.6519837,5.8519835,5.8519835,4.051984,7.9519835,9.251984,10.751984,12.251984,13.051984,13.451983,14.451983,13.451983,14.151983,12.651983,11.651983,11.551984,10.351984,10.251984,10.651983,10.251984,8.951983,7.6519837,6.4519835,5.551984,5.551984,5.9519835,3.6519837,1.2519836,-0.04801636,1.0519836,0.6519836,-2.3480163,-3.8480163,-6.1480165,-7.1480165,-8.648016,-4.5480165,-3.9480164,-9.248016,-7.1480165
-7.0480165,-3.9480164,-7.5480165,-9.448016,-10.748016,-11.148016,-10.148016,-8.548017,-6.3480163,-4.3480163,-2.3480163,-0.24801636,-0.94801635,1.4519837,2.5519836,2.8519835,4.051984,4.4519835,5.6519837,5.551984,5.7519836,5.9519835,6.551984,7.6519837,9.451983,10.951983,12.151983,13.251984,12.751984,14.451983,15.051984,15.751984,15.451983,14.751984,13.251984,11.751984,11.851984,11.251984,11.451983,10.751984,8.751984,6.4519835,5.7519836,3.1519837,2.5519836,3.0519836,0.95198363,0.15198365,-1.0480163,0.75198364,-0.94801635,-6.8480163,-9.248016,-9.848017,-9.148016,-9.248016,-8.748016,-7.8480163
-5.448016,-6.1480165,-8.748016,-7.7480164,-9.648016,-9.548017,-8.548017,-6.8480163,-5.3480163,-5.2480164,-2.9480164,-1.1480163,1.2519836,0.55198365,0.6519836,2.8519835,3.4519837,5.051984,6.4519835,7.2519836,7.1519837,8.851984,9.651983,10.051984,11.451983,12.551984,13.251984,14.751984,14.851984,14.951983,15.551984,16.551983,16.751984,16.651983,16.451984,15.451983,15.251984,14.551984,13.851984,12.751984,10.951983,9.651983,8.551984,6.3519835,4.3519835,2.9519837,1.6519836,2.0519836,0.45198363,-1.1480163,-0.34801635,-0.54801637,-5.948016,-10.748016,-10.848017,-12.048017,-12.048017,-10.248016
-5.8480163,-6.7480164,-7.0480165,-8.248016,-8.748016,-8.948016,-9.048017,-7.3480163,-6.5480165,-6.3480163,-4.448016,-3.0480163,-0.44801635,0.25198364,1.3519837,2.1519837,3.0519836,5.051984,6.1519837,7.1519837,8.151983,9.451983,10.151983,11.951983,13.151983,14.051984,14.851984,15.051984,16.651983,17.751984,18.051983,19.051983,19.651983,19.851984,19.051983,17.751984,18.151983,17.551983,17.451984,17.251984,16.451984,15.751984,15.051984,12.951983,10.851984,8.051984,4.551984,-0.44801635,-1.3480164,-2.5480163,-3.1480165,-2.9480164,-3.7480164,-7.448016,-10.948016,-12.848017,-14.448016,-13.748016
-5.7480164,-5.948016,-6.948016,-7.5480165,-7.6480165,-6.948016,-6.6480165,-6.448016,-5.8480163,-4.7480164,-3.9480164,-1.7480164,0.051983643,0.85198367,1.5519836,1.4519837,3.2519836,5.3519835,6.551984,7.6519837,8.151983,9.151983,10.051984,11.351984,12.751984,14.051984,15.351984,15.951983,17.251984,18.651983,19.751984,21.051983,21.251984,21.151983,20.151983,19.551983,19.151983,18.351984,17.851984,17.551983,17.351984,16.551983,15.751984,14.451983,12.651983,10.551984,7.6519837,5.6519837,3.4519837,2.3519835,-3.5480163,-5.8480163,-6.7480164,-8.748016,-8.748016,-15.248016,-15.548017,-17.248016
-7.7480164,-6.948016,-6.2480164,-7.0480165,-8.148016,-7.8480163,-7.5480165,-6.5480165,-5.448016,-4.448016,-3.1480165,-1.7480164,-0.44801635,0.95198363,1.0519836,2.5519836,4.8519835,6.6519837,8.051984,8.551984,9.851984,10.351984,11.351984,12.251984,13.651983,14.751984,15.951983,17.751984,19.651983,20.351984,21.351984,20.951984,20.351984,20.551983,20.851984,21.151983,20.951984,19.751984,18.651983,18.151983,17.051983,16.451984,16.351984,15.551984,13.651983,12.051984,10.151983,6.9519835,4.4519835,3.0519836,1.8519837,-3.1480165,-10.948016,-10.748016,-12.248016,-12.648016,-17.748016,-17.948017
-8.648016,-7.7480164,-6.3480163,-7.0480165,-6.6480165,-5.948016,-5.8480163,-5.948016,-6.2480164,-5.8480163,-4.6480165,-3.2480164,-2.3480163,-1.2480164,0.95198363,2.8519835,4.7519836,6.8519835,7.9519835,9.651983,10.551984,11.051984,12.051984,13.651983,15.651983,16.651983,18.451984,19.851984,20.951984,21.451984,21.251984,22.151983,22.951984,22.851984,22.751984,22.451984,22.751984,23.351984,22.951984,21.151983,19.151983,17.351984,16.051983,14.051984,12.251984,9.351984,7.8519835,7.7519836,4.051984,2.3519835,-0.04801636,-5.3480163,-10.348017,-13.448016,-14.348017,-16.048016,-16.248016,-20.248016
-11.048017,-10.148016,-8.348017,-7.8480163,-6.6480165,-5.1480165,-4.8480163,-3.9480164,-4.7480164,-5.0480165,-5.1480165,-4.5480165,-3.5480163,-2.5480163,-0.74801636,1.4519837,4.1519837,6.7519836,7.7519836,9.051984,11.251984,12.951983,14.851984,16.751984,19.251984,19.651983,20.251984,20.651983,20.451984,19.751984,21.051983,22.451984,23.851984,23.351984,23.551983,24.351984,25.251984,25.651983,24.851984,24.351984,23.551983,22.451984,19.351984,16.451984,13.951983,11.151983,8.851984,5.051984,1.0519836,-1.4480164,-6.0480165,-8.948016,-11.948016,-16.148016,-17.748016,-19.448017,-20.148016,-20.948017
-14.648016,-12.748016,-11.848017,-10.648016,-9.848017,-8.948016,-7.7480164,-7.0480165,-5.948016,-4.8480163,-4.6480165,-4.1480165,-3.5480163,-2.6480165,-1.6480163,0.35198364,3.9519837,6.551984,8.751984,11.151983,13.851984,16.051983,17.551983,19.351984,20.851984,21.451984,21.351984,21.651983,21.351984,22.151983,23.451984,25.451984,25.651983,26.351984,27.451984,27.851984,28.151983,27.451984,27.451984,27.251984,25.651983,23.951984,21.551983,19.651983,17.551983,11.351984,5.3519835,0.95198363,-3.1480165,-6.8480163,-9.048017,-10.648016,-14.648016,-16.848017,-21.248016,-22.248016,-24.148016,-24.748016
-17.648016,-16.048016,-13.548017,-12.948016,-10.948016,-9.448016,-8.848017,-8.248016,-7.0480165,-6.0480165,-4.448016,-3.0480163,-2.7480164,-2.2480164,-1.0480163,1.5519836,4.4519835,6.9519835,9.351984,12.351984,15.651983,17.651983,19.051983,20.651983,21.551983,22.151983,21.851984,21.351984,22.751984,24.351984,26.351984,27.151983,27.851984,28.951984,30.151983,29.251984,29.151983,29.251984,27.951984,25.651983,25.451984,24.151983,22.951984,18.451984,11.551984,5.6519837,1.6519836,-2.4480164,-6.3480163,-8.848017,-10.448016,-12.048017,-15.648016,-18.748016,-21.348017,-24.248016,-25.948017,-26.848017
-18.648016,-18.148016,-16.848017,-14.948016,-13.048017,-11.448016,-10.748016,-9.748016,-8.548017,-6.948016,-5.2480164,-3.7480164,-2.3480163,-0.64801633,0.6519836,2.8519835,4.7519836,7.1519837,9.651983,12.651983,15.051984,18.051983,19.951984,20.251984,21.051983,22.151983,22.551983,23.651983,25.251984,26.051983,26.451984,27.851984,29.851984,30.851984,31.151983,30.051983,28.451984,26.851984,26.251984,26.351984,23.751984,22.051983,17.751984,11.651983,5.8519835,2.0519836,-2.1480165,-4.3480163,-6.1480165,-7.5480165,-9.048017,-12.148016,-16.048016,-19.248016,-21.948017,-23.748016,-25.448017,-28.148016
-22.148016,-20.348017,-19.248016,-18.148016,-16.148016,-13.448016,-11.548017,-9.348017,-8.248016,-7.0480165,-5.948016,-4.948016,-3.0480163,-1.4480164,0.25198364,2.0519836,4.9519835,6.8519835,9.251984,13.451983,16.651983,17.851984,18.151983,19.451984,21.051983,21.551983,22.151983,23.551983,24.551983,25.651983,27.351984,29.151983,31.451984,31.051983,30.751984,30.151983,28.051983,27.451984,27.851984,22.751984,20.551983,15.451983,10.351984,6.4519835,2.5519836,3.5519836,-0.54801637,-2.7480164,-3.2480164,-4.5480165,-6.6480165,-7.5480165,-11.748016,-15.848017,-20.948017,-22.748016,-24.848017,-27.748016
-25.248016,-24.248016,-22.448017,-20.748016,-17.548016,-16.548016,-14.248016,-12.548017,-10.948016,-9.048017,-6.5480165,-4.448016,-2.7480164,-1.2480164,1.0519836,2.8519835,4.6519837,7.051984,9.651983,12.451983,14.951983,17.151983,18.451984,19.851984,20.851984,21.451984,21.851984,23.451984,24.651983,26.351984,27.551983,28.651983,29.251984,29.251984,30.351984,28.951984,28.351984,26.551983,19.051983,16.951984,12.951983,10.251984,8.851984,6.551984,5.4519835,3.9519837,1.7519836,-0.54801637,-3.1480165,-5.448016,-6.3480163,-6.0480165,-8.648016,-12.048017,-17.448017,-21.648016,-24.448017,-29.148016
-24.748016,-24.648016,-24.348017,-22.848017,-20.848017,-17.748016,-14.948016,-11.848017,-11.348017,-10.248016,-7.5480165,-5.1480165,-3.0480163,-1.5480163,0.6519836,2.8519835,5.551984,7.9519835,10.251984,12.951983,14.751984,15.751984,17.251984,18.951984,20.351984,21.551983,22.751984,23.851984,25.051983,26.151983,27.151983,27.751984,29.051983,30.251984,30.151983,27.751984,24.451984,14.651983,13.351984,10.551984,9.651983,8.151983,6.051984,5.3519835,8.251984,9.651983,8.151983,3.5519836,-0.8480164,-5.448016,-7.2480164,-7.5480165,-9.248016,-11.348017,-16.248016,-20.748016,-26.448017,-29.848017
-25.048016,-23.248016,-22.548016,-22.648016,-22.548016,-20.748016,-17.548016,-14.048017,-10.648016,-9.248016,-9.348017,-5.1480165,-2.9480164,-1.7480164,-0.34801635,2.4519837,4.8519835,6.551984,9.851984,12.651983,15.151983,16.651983,17.251984,18.351984,20.051983,21.851984,22.051983,22.751984,23.751984,24.851984,26.351984,27.751984,29.451984,28.651983,26.951984,22.251984,13.251984,11.051984,9.651983,7.051984,9.251984,7.9519835,8.451983,11.351984,13.351984,12.251984,10.551984,6.9519835,3.5519836,0.15198365,-4.1480165,-7.3480163,-11.048017,-14.348017,-16.848017,-20.948017,-29.048016,-34.548016
-23.048016,-21.748016,-19.648016,-22.048016,-21.348017,-18.948017,-16.548016,-15.848017,-12.048017,-8.048017,-7.448016,-4.2480164,-2.8480163,-1.5480163,-1.1480163,1.3519837,4.551984,7.2519836,8.851984,10.551984,11.951983,14.851984,16.551983,17.351984,18.051983,20.051983,21.051983,21.851984,23.151983,24.651983,27.551983,27.051983,27.051983,23.851984,18.751984,11.651983,10.851984,7.9519835,8.151983,7.6519837,9.651983,11.351984,13.051984,14.751984,15.251984,13.051984,12.151983,9.251984,7.8519835,3.4519837,-1.9480164,-7.0480165,-11.248016,-14.648016,-20.248016,-24.948017,-31.448017,-39.148018
-23.648016,-23.748016,-21.948017,-19.348017,-19.848017,-19.748016,-18.248016,-16.948017,-14.448016,-11.848017,-7.3480163,-6.5480165,-4.2480164,-0.64801633,2.7519836,3.2519836,6.551984,8.751984,10.951983,12.751984,13.851984,14.751984,15.851984,16.251984,17.451984,17.451984,20.451984,23.051983,24.351984,26.051983,26.351984,23.751984,23.251984,17.251984,11.851984,9.151983,8.951983,9.351984,9.251984,10.351984,11.751984,14.851984,17.151983,16.651983,15.251984,14.551984,15.251984,13.551984,10.451983,5.7519836,0.55198365,-3.9480164,-10.048017,-17.448017,-22.148016,-27.348017,-33.248016,-41.548016
-20.648016,-22.048016,-23.148016,-21.348017,-21.048016,-20.448017,-18.148016,-16.148016,-14.948016,-13.348017,-9.948016,-7.948016,-4.5480165,-2.0480163,-0.24801636,2.3519835,6.8519835,9.851984,11.251984,13.951983,14.151983,16.951984,17.151983,17.951984,18.751984,18.851984,20.251984,21.551983,22.751984,20.751984,19.451984,19.151983,15.551984,8.151983,6.6519837,7.8519835,8.051984,7.6519837,10.651983,13.051984,15.651983,17.951984,17.651983,16.951984,18.451984,19.051983,18.051983,14.751984,9.651983,6.2519836,1.9519837,-2.3480163,-8.348017,-13.948016,-21.948017,-31.248016,-36.148018,-44.748016
-18.248016,-18.348017,-18.348017,-19.348017,-21.148016,-19.348017,-19.048016,-17.548016,-16.048016,-13.248016,-11.748016,-9.648016,-7.0480165,-5.1480165,-2.3480163,-0.54801637,1.6519836,3.1519837,6.7519836,8.551984,11.451983,11.951983,14.751984,16.051983,16.851984,16.851984,17.751984,18.151983,16.551983,14.751984,10.851984,13.751984,4.7519836,6.3519835,7.051984,6.3519835,6.3519835,7.9519835,10.951983,16.351984,19.151983,18.651983,18.251984,22.251984,22.051983,20.051983,17.651983,15.451983,11.351984,7.1519837,2.4519837,-2.0480163,-6.8480163,-12.948016,-19.748016,-28.348017,-37.648018,-43.848015
-15.448016,-15.248016,-15.848017,-17.348017,-17.748016,-17.548016,-17.548016,-17.948017,-16.348017,-15.148016,-14.248016,-11.448016,-8.948016,-7.8480163,-6.2480164,-3.8480163,-1.9480164,0.6519836,3.7519836,7.051984,10.651983,11.451983,12.851984,13.051984,13.651983,12.651983,14.051984,13.351984,10.451983,7.2519836,3.9519837,3.0519836,0.95198363,3.4519837,5.551984,7.2519836,9.751984,11.951983,14.851984,18.651983,19.351984,20.151983,24.251984,23.351984,20.051983,18.751984,17.851984,15.351984,12.251984,8.351984,4.3519835,-0.64801633,-6.2480164,-11.748016,-19.148016,-26.048016,-34.748016,-41.448017
-11.748016,-12.648016,-13.648016,-14.448016,-15.048017,-15.448016,-15.848017,-16.448017,-17.248016,-15.748016,-14.648016,-12.748016,-11.148016,-8.948016,-7.6480165,-4.7480164,-2.0480163,0.051983643,3.5519836,6.1519837,8.851984,8.751984,10.051984,10.051984,9.351984,9.551984,9.151983,4.6519837,4.1519837,2.6519837,-1.0480163,-4.948016,-1.4480164,5.051984,5.7519836,8.151983,11.251984,13.951983,16.551983,19.751984,22.251984,25.551983,23.851984,21.151983,21.851984,20.651983,18.651983,16.851984,14.051984,10.051984,5.3519835,1.1519836,-4.948016,-11.348017,-18.648016,-25.048016,-31.648016,-38.248016
