public/data/weather/2019/10/01/0000-wind-isobaric-70hPa-gfs-1.0.json
{"header": { "discipline":0, "disciplineName":"Meteorological products", "gribEdition":2, "gribLength":70298, "center":7, "centerName":"US National Weather Service - NCEP(WMC)", "subcenter":0, "refTime":"2019-10-01T00:00:00.000Z", "significanceOfRT":1, "significanceOfRTName":"Start of forecast", "productStatus":0, "productStatusName":"Operational products", "productType":1, "productTypeName":"Forecast products", "productDefinitionTemplate":0, "productDefinitionTemplateName":"Analysis/forecast at horizontal level/layer at a point in time", "parameterCategory":2, "parameterCategoryName":"Momentum", "parameterNumber":2, "parameterNumberName":"U-component_of_wind", "parameterUnit":"m.s-1", "genProcessType":2, "genProcessTypeName":"Forecast", "forecastTime":0, "surface1Type":100, "surface1TypeName":"Isobaric surface", "surface1Value":7000.0, "surface2Type":255, "surface2TypeName":"Missing", "surface2Value":0.0, "gridDefinitionTemplate":0, "gridDefinitionTemplateName":"Latitude_Longitude", "numberPoints":65160, "shape":6, "shapeName":"Earth spherical with radius of 6,371,229.0 m", "gridUnits":"degrees", "resolution":48, "winds":"true", "scanMode":0, "nx":360, "ny":181, "basicAngle":0, "lo1":0.0, "la1":90.0, "lo2":359.0, "la2":-90.0, "dx":1.0, "dy":1.0 }, "data":
[rows 78 to 103 of 181, columns 240 to 299 of 360]
-9.832889,-10.062888,-11.312888,-11.302888,-12.232888,-11.582889,-11.342888,-10.572888,-11.112888,-10.302888,-7.972888,-9.062888,-10.822888,-10.902888,-10.192888,-10.212888,-12.122889,-12.372889,-12.232888,-12.7028885,-10.922888,-12.722888,-11.762888,-11.872889,-12.332889,-10.432888,-10.132888,-11.282888,-11.552888,-12.592888,-12.7028885,-12.992888,-12.242888,-11.352888,-10.842888,-9.502888,-8.252888,-8.7028885,-8.552888,-7.062888,-5.9228883,-4.5328884,-5.4428883,-6.4428883,-7.6528883,-8.302888,-6.202888,-4.8228884,-3.9928882,-4.142888,-3.2428882,-3.6928883,-3.852888,-2.5728881,-2.9628882,-2.9628882,-3.6828883,-3.7228882,-2.5228882,-2.8228881
-9.252888,-9.652888,-10.802888,-10.912889,-10.162889,-9.942888,-11.672888,-10.642888,-9.272888,-7.7828884,-8.152888,-8.802888,-10.882888,-9.982888,-8.882888,-8.492888,-11.412889,-10.312888,-11.692888,-11.652888,-10.142888,-11.012888,-10.972888,-11.342888,-10.562888,-10.022888,-9.252888,-9.992888,-10.382888,-11.882888,-11.262888,-12.852888,-11.782888,-10.822888,-11.402888,-9.102888,-8.122889,-6.9228883,-5.312888,-4.8628883,-4.6528883,-4.1128883,-4.272888,-4.932888,-7.012888,-5.8028884,-4.482888,-3.9828882,-4.7128882,-3.3328881,-2.362888,-2.362888,-2.7728882,-3.4128883,-1.6928881,-1.9928882,-3.0528882,-3.842888,-3.1928883,-3.2428882
-8.372889,-8.472888,-10.012888,-10.872889,-9.732888,-9.742888,-10.882888,-10.2028885,-7.812888,-8.472888,-9.572888,-9.282888,-9.112888,-9.852888,-8.712888,-8.742888,-9.082889,-10.172888,-10.862888,-10.2028885,-9.132888,-9.652888,-9.622889,-10.152888,-9.262888,-9.132888,-8.622889,-8.642888,-8.582889,-9.812888,-10.512888,-11.652888,-11.382888,-9.302888,-9.242888,-8.362888,-7.452888,-5.0328884,-4.6928883,-3.9428883,-2.592888,-2.392888,-3.7128882,-4.6528883,-4.502888,-4.262888,-3.0428882,-1.1128882,-1.2428882,-2.0028882,-1.4728882,-0.92288816,-0.9428882,-2.7628882,0.58711183,-1.5328882,-2.5328882,-3.7728882,-2.9828882,-3.3128881
-8.402888,-8.852888,-9.372889,-10.052888,-9.472888,-9.272888,-8.902888,-8.542889,-6.9428883,-7.872888,-9.042889,-8.652888,-8.102888,-7.852888,-7.6128883,-6.872888,-8.052888,-9.222888,-9.652888,-8.752888,-7.482888,-8.672888,-7.732888,-7.372888,-8.292889,-8.812888,-8.162889,-6.8428884,-5.992888,-6.892888,-7.9228883,-8.512888,-9.332889,-8.992888,-8.622889,-7.232888,-6.732888,-5.8228884,-4.792888,-1.5728881,-1.3328881,0.11711182,-1.7928882,-3.9028883,-2.2728882,-2.2128882,-1.0228882,-0.052888185,-0.07288818,0.5371118,0.5071118,1.8271118,1.9171119,1.4571118,1.5671118,0.8571118,-1.3228881,-2.4528883,-1.5928882,-1.6728882
-7.372888,-7.932888,-8.662889,-8.872889,-9.612888,-9.062888,-8.412889,-7.582888,-6.702888,-8.082889,-7.3628883,-7.762888,-8.002888,-7.272888,-6.9628882,-7.002888,-6.6128883,-6.582888,-6.742888,-7.4028883,-7.4428883,-6.722888,-7.372888,-7.8428884,-7.8028884,-8.792889,-7.232888,-5.662888,-4.9228883,-5.5928884,-5.8828883,-6.912888,-6.142888,-6.662888,-7.392888,-7.252888,-7.022888,-6.202888,-3.5128882,-1.0228882,-1.0528882,-0.5228882,-0.20288819,-1.2828882,-0.16288818,-0.85288817,-2.0428882,-0.66288817,1.0371118,1.4071118,3.2471118,3.7671118,3.7971117,4.437112,3.3471117,4.1771116,1.6771119,-0.17288819,-0.8228882,-0.8728882
-6.3628883,-6.912888,-7.242888,-7.702888,-7.1928883,-7.3428884,-7.372888,-7.772888,-7.812888,-6.9628882,-5.6328883,-5.5328884,-6.762888,-6.8828883,-6.1328883,-5.6328883,-5.502888,-5.512888,-6.3628883,-6.0928884,-6.1928883,-6.722888,-6.872888,-7.6128883,-8.032888,-8.662889,-6.472888,-6.022888,-5.792888,-4.9428883,-4.702888,-3.5228882,-3.642888,-4.662888,-5.982888,-5.312888,-6.6728883,-4.6328883,-2.4328883,0.51711184,-0.07288818,-0.9328882,0.2971118,0.6171118,0.46711183,0.19711182,-1.6228882,-0.46288818,1.1971118,1.7071118,2.607112,4.397112,4.8071117,4.707112,6.2171116,6.747112,4.9671116,3.9471118,1.9771118,0.88711184
-5.242888,-5.3028884,-6.992888,-4.982888,-5.2128882,-4.762888,-4.1928883,-4.9428883,-4.9428883,-5.242888,-5.3228884,-4.6928883,-4.472888,-4.502888,-4.5528884,-4.662888,-5.0728884,-5.682888,-5.332888,-5.432888,-5.4628882,-5.482888,-5.732888,-5.7828884,-6.5528884,-6.012888,-6.892888,-6.3428884,-5.1728883,-4.1528883,-2.7628882,-2.342888,-2.4528883,-4.0328884,-4.242888,-4.1728883,-3.8128881,-2.602888,-1.2228882,0.8671118,0.007111816,-0.052888185,1.1671119,2.107112,0.5471118,0.7771118,0.31711182,-1.0028882,1.4371119,2.5271118,2.9471118,3.157112,5.087112,4.667112,5.837112,6.6971116,6.6971116,5.6371117,4.3671117,4.017112
-4.542888,-3.8128881,-5.0528884,-3.592888,-3.642888,-3.0728881,-2.7128882,-2.142888,-2.3128881,-2.7128882,-3.3328881,-3.9728882,-3.3228881,-2.8028882,-2.8028882,-2.7428882,-3.9628882,-5.1128883,-5.202888,-4.8628883,-3.7428882,-3.392888,-3.9828882,-3.7728882,-4.1928883,-3.7428882,-4.6728883,-4.642888,-3.362888,-2.4828882,-1.7128882,-1.1628882,-1.6128882,-2.4128883,-2.882888,-2.362888,-2.8328881,-2.5028882,-0.40288818,1.3771118,1.0171118,0.7971118,3.7271118,2.9471118,1.4171119,1.3471118,0.15711182,0.047111817,0.9071118,2.2271118,3.3471117,2.907112,4.3871117,4.257112,5.337112,5.167112,6.087112,6.707112,5.977112,5.777112
-3.1528883,-2.5628881,-2.4228883,-2.1728883,-1.7228882,-1.2928882,-1.0428882,-0.9328882,-0.8928882,-0.19288819,-0.6828882,-1.0228882,-1.1128882,-0.8728882,-0.8128882,-1.4228882,-2.1528883,-3.0028882,-3.8128881,-3.6928883,-2.5728881,-1.9328882,-2.0828881,-2.2228882,-1.3828882,-1.7728882,-0.8428882,-0.6928882,-1.8828882,-1.5128882,-0.10288818,0.2971118,-1.2128882,-2.0028882,-1.8428882,-1.3528882,-0.61288816,-1.1228882,-0.46288818,0.8471118,0.88711184,1.2971119,3.1771119,1.2471118,1.0671118,-0.082888186,-0.85288817,0.2971118,0.51711184,1.9571118,3.8071117,2.627112,3.5271118,2.2771118,3.137112,4.187112,5.4671116,6.047112,6.6571116,6.627112
-1.8828882,-0.3528882,-1.1328882,-1.4028882,-0.6428882,1.0871118,1.1071118,0.5371118,1.4571118,1.4671118,1.4671118,1.3371118,1.2871118,1.4371119,0.95711184,-0.022888184,-0.6228882,-1.9028882,-2.4428883,-2.0428882,-2.2828882,-1.1928881,-1.1328882,-1.0428882,-0.052888185,0.017111816,1.0271118,0.5671118,0.28711182,-0.3228882,-0.042888183,1.1071118,-0.082888186,-2.382888,-2.382888,-1.7228882,0.33711183,0.51711184,2.3471117,1.9071118,0.6871118,1.2371118,2.7271118,1.6671119,0.4171118,0.17711182,-0.5228882,-0.4528882,0.83711183,1.6771119,3.1771119,1.8971118,2.7171118,2.0771117,2.127112,3.6771119,4.767112,5.897112,6.0571117,6.457112
-0.8128882,1.0971118,0.8171118,0.5671118,1.8671118,3.0971117,3.607112,4.007112,4.5371118,3.877112,3.387112,3.0971117,3.0371118,3.0271118,2.887112,2.397112,1.5271118,0.40711182,-0.5728882,-0.22288819,0.4271118,0.6671118,0.9971118,1.2471118,1.5571119,1.5171118,1.5371118,2.2371118,2.2571118,2.1771119,0.9271118,0.9271118,1.0571119,-0.8828882,-1.2428882,-0.80288815,0.007111816,0.9971118,2.137112,1.4671118,0.88711184,1.8371118,2.407112,2.7571118,1.8971118,0.6171118,-0.30288818,-0.91288817,0.07711182,1.1871119,1.8871118,1.5271118,1.4571118,2.0271118,2.7371118,3.7671118,4.937112,5.317112,5.107112,5.207112
1.5771118,3.2771118,3.0271118,2.8471117,3.7171118,4.667112,4.917112,6.2171116,5.797112,5.337112,5.4271116,5.3271117,5.587112,4.937112,4.767112,4.277112,3.4971118,3.0271118,3.2871118,2.9771118,1.9071118,1.5671118,2.5371118,2.2771118,3.0271118,2.7971117,2.9671118,3.637112,3.387112,3.7471118,3.4471118,2.407112,1.9371119,1.4671118,1.1971118,1.0971118,1.6571118,2.387112,1.8771118,2.137112,1.8371118,3.2271118,3.9671118,2.7071118,3.6871119,1.9171119,1.3971118,-1.0128882,0.9671118,1.0171118,1.3371118,1.0071118,1.5971118,3.5171118,3.4271119,4.107112,4.5971117,4.9471116,4.317112,5.6771116
4.737112,4.767112,4.587112,5.3871117,6.647112,6.0571117,5.987112,5.647112,5.9271116,6.3071117,6.257112,6.147112,6.4271116,6.8271117,7.0571117,7.4671116,6.8471117,5.7171116,5.257112,5.317112,5.1171117,4.1371117,5.2171116,6.017112,5.0771117,3.3371117,4.007112,3.9271119,4.5371118,5.167112,4.417112,3.5571117,3.4571118,3.2971117,3.2071118,3.2471118,3.5871117,3.3171117,2.387112,3.117112,2.8271117,3.5471117,4.3271117,3.5271118,3.6771119,3.4871118,1.7971119,1.8171118,2.5071118,1.9271119,2.107112,0.8171118,1.2471118,3.4171119,4.277112,4.227112,5.227112,5.5571117,5.397112,6.417112
8.2971115,7.2871118,7.507112,8.077112,7.627112,6.687112,6.837112,6.0371118,5.977112,5.897112,5.767112,5.517112,6.0971117,6.3071117,6.997112,7.5971117,8.277112,8.237112,8.377111,8.457111,8.707111,8.227112,6.587112,7.1771116,6.297112,5.207112,4.737112,5.0771117,6.457112,5.6771116,4.737112,5.4071116,5.527112,4.567112,5.1971116,5.247112,5.0371118,4.2871118,3.3271117,3.387112,3.647112,4.737112,4.8671117,3.147112,3.7371118,4.797112,3.1971118,2.1771119,2.7471118,3.147112,2.117112,1.1171118,1.3571118,3.0071118,4.0971117,3.8071117,4.8671117,5.4671116,5.937112,6.267112
9.957111,9.057112,8.867112,8.907112,8.5471115,8.237112,7.7171116,6.3671117,5.587112,5.707112,5.587112,4.8671117,4.8871117,4.8271117,6.1171117,7.087112,7.3671117,7.857112,8.877111,10.617112,10.397112,9.747112,7.707112,7.3671117,6.3671117,7.257112,7.6971116,7.547112,8.457111,8.227112,7.4271116,7.397112,7.8071117,7.017112,6.0571117,6.127112,5.487112,5.227112,4.8671117,4.9471116,4.757112,5.487112,4.607112,4.497112,4.337112,4.937112,3.8071117,4.087112,4.107112,3.7571118,2.2971117,0.7471118,0.3671118,1.2171118,2.9671118,3.5471117,4.357112,5.2871118,5.9071116,6.027112
11.377111,10.177112,8.267112,7.477112,7.5971117,6.837112,5.797112,4.9671116,4.5371118,4.027112,4.5771117,3.7471118,3.5171118,3.9871118,4.227112,4.8471117,5.167112,5.8271117,7.027112,8.117112,9.227112,9.457111,9.677112,10.037112,9.927112,9.377111,9.387112,9.787112,10.237112,10.067112,9.697112,9.327112,9.387112,8.237112,7.877112,7.167112,7.187112,7.0371118,6.8471117,6.8471117,6.147112,6.2871118,5.337112,5.0571117,5.6171117,5.147112,3.7871118,3.7971117,5.317112,3.5371118,2.157112,2.4171119,0.47711182,0.6071118,1.0471119,2.8371117,3.5471117,4.6971116,5.3671117,4.2871118
9.387112,8.367112,7.777112,7.567112,7.457112,6.317112,5.747112,4.667112,4.027112,3.7171118,3.7071118,3.3371117,2.4471118,2.4871118,3.0471117,3.5771117,3.5371118,4.857112,5.357112,6.4071116,7.7171116,9.177112,9.587111,10.607112,11.147112,11.157112,10.827112,11.277112,11.347112,11.357112,11.207111,11.437112,11.437112,9.837111,9.007112,8.617112,8.837111,8.177112,8.497112,8.077112,6.837112,6.687112,6.297112,5.8271117,6.257112,4.737112,4.247112,5.1971116,4.997112,3.6971118,2.5071118,2.0671117,1.9071118,1.1071118,0.58711183,2.3371117,3.887112,3.4371119,4.1171117,4.377112
7.997112,7.5771117,7.997112,7.567112,7.3671117,6.227112,5.9071116,4.667112,3.367112,3.2371118,3.407112,3.3271117,3.0371118,2.5971117,2.2071118,2.7371118,3.0871117,3.8371117,5.207112,6.457112,7.337112,7.9071116,7.6771116,8.787112,9.337111,10.827112,12.987112,12.427112,13.207111,13.647112,14.147112,14.347112,13.437112,12.107112,11.147112,10.707111,11.257112,9.917111,9.717112,9.877111,8.427112,7.2871118,7.3071117,8.287112,6.7871118,5.687112,6.297112,5.767112,5.297112,5.1371117,3.2171118,2.3071117,2.4271119,0.89711183,2.0771117,1.8871118,3.4771118,2.6971118,3.2071118,4.4271116
7.4271116,7.297112,7.337112,7.647112,7.297112,6.4271116,6.3671117,5.007112,4.3871117,3.647112,3.7871118,2.9571118,2.107112,2.9971118,3.0371118,2.907112,3.157112,4.527112,5.297112,6.167112,7.527112,7.757112,7.5771117,7.6971116,9.287112,10.127111,11.677112,12.947112,13.367112,14.747112,15.747112,16.597113,15.187112,14.447112,14.217112,11.957111,12.557112,11.417111,11.187112,10.807112,9.737112,8.827112,7.9071116,9.367112,8.617112,7.5971117,8.127111,7.507112,5.3671117,6.6571116,5.1571116,2.7671118,3.1971118,2.4571118,2.107112,2.7671118,2.7271118,3.3271117,3.647112,5.647112
7.737112,8.2971115,7.727112,7.377112,6.587112,6.757112,6.747112,6.147112,4.997112,4.497112,4.727112,4.6171117,3.8171117,4.0971117,4.187112,3.7671118,3.7071118,4.397112,5.1171117,5.4271116,6.607112,7.3871117,7.897112,8.217112,8.2971115,9.117112,10.507112,12.837111,13.727112,14.257112,15.967112,16.337112,16.327112,15.827112,14.997112,14.977112,13.857112,12.777112,11.727112,11.557112,11.917111,9.877111,9.817112,9.527112,9.937112,9.467112,9.527112,8.397112,6.8471117,7.397112,6.7871118,4.607112,3.7071118,2.5771117,2.6671119,3.0771117,3.7171118,3.9471118,4.767112,5.587112
7.417112,8.247112,8.377111,7.297112,7.1371117,6.277112,6.6771116,6.497112,6.647112,5.737112,6.107112,5.6771116,6.567112,5.6371117,5.527112,5.4271116,4.817112,4.4071116,4.747112,5.567112,5.8671117,6.3271117,6.8271117,7.1971116,8.257112,8.897112,10.327112,11.877111,13.067112,13.357112,13.827112,15.757112,16.427113,16.427113,15.627111,14.827112,14.757112,14.777112,13.577112,13.127111,12.277112,11.587111,10.397112,10.627111,10.937112,10.077112,10.457111,9.127111,7.707112,5.6171117,5.587112,6.047112,6.297112,4.0971117,3.377112,4.087112,3.3271117,5.187112,4.687112,6.127112
8.527112,8.447112,8.737112,8.567112,7.897112,7.4271116,6.9471116,7.857112,7.707112,7.837112,7.3071117,6.877112,6.6371117,7.1771116,6.877112,6.997112,7.247112,6.8871117,6.397112,6.497112,6.227112,5.8271117,6.1571116,5.977112,6.917112,8.647112,9.867112,10.457111,11.437112,12.467112,14.237112,15.687112,17.017113,16.967112,16.787111,15.527112,16.077112,16.027111,16.107111,15.467112,14.107112,12.357112,12.057112,11.167111,11.137112,10.787112,10.527112,9.507112,7.727112,6.727112,6.337112,5.0971117,6.5571117,7.107112,3.857112,3.7671118,3.6871119,7.0971117,7.0971117,7.207112
9.037112,8.647112,9.177112,9.957111,9.477112,9.707111,8.727112,8.827112,9.067112,9.037112,8.757112,8.277112,8.127111,8.257112,8.417111,8.507112,8.397112,7.8271117,6.917112,6.627112,6.817112,7.147112,6.017112,6.0571117,6.1571116,5.7871118,7.837112,9.347112,10.487112,11.0471115,12.357112,13.057112,14.857112,15.357112,16.397112,17.057112,17.637112,16.257113,16.427113,15.447112,15.087111,13.807112,12.787112,11.517112,11.637112,10.957111,10.467112,10.077112,9.017112,7.4471116,7.457112,5.917112,6.9071116,6.877112,6.1571116,3.4871118,4.6371117,7.0571117,6.187112,6.8871117
9.837111,9.867112,9.587111,10.357112,10.767112,10.387112,10.557112,9.537112,9.147112,9.007112,8.947112,9.337111,9.087111,8.907112,9.097112,8.657112,8.477112,8.247112,7.647112,6.497112,6.5571117,6.567112,7.297112,7.017112,6.507112,6.247112,5.707112,6.1171117,8.757112,10.337111,11.017112,12.677112,14.337111,14.377111,14.387112,15.217112,17.087112,16.497112,16.087112,15.277112,15.817112,15.2971115,13.057112,11.827112,13.277112,12.477112,12.457111,10.717112,8.397112,7.6571116,7.767112,7.607112,7.587112,7.4271116,4.877112,3.3371117,5.277112,4.9471116,4.6771116,5.207112
10.747112,11.437112,10.557112,10.097112,10.767112,10.867112,10.607112,9.537112,8.897112,8.457111,8.097112,8.247112,8.407112,8.7971115,8.707111,8.337111,7.5371118,7.4671116,7.3071117,6.877112,6.727112,6.9271116,6.5571117,7.207112,7.4271116,6.7171116,5.6371117,5.6571116,4.737112,6.267112,8.157112,10.0471115,11.947112,12.587111,11.857112,11.157112,11.827112,13.687112,14.777112,14.987112,14.907112,13.5471115,12.787112,12.387112,14.397112,13.767112,12.427112,10.577112,9.517112,7.5771117,8.087111,8.497112,8.787112,5.6571116,5.1771116,1.9871118,4.207112,3.8471117,1.9971118,3.7071118
12.0471115,11.917111,11.877111,11.717112,11.157112,11.017112,10.937112,9.967112,8.837111,8.447112,8.027112,7.6171117,7.377112,7.1971116,7.1171117,7.187112,6.997112,7.067112,6.987112,7.507112,7.6971116,7.8271117,7.397112,6.937112,7.0371118,7.527112,6.5571117,5.987112,5.257112,4.917112,4.897112,6.377112,8.237112,9.027112,10.457111,11.127111,11.527112,11.467112,12.357112,12.437112,13.207111,12.337111,11.687112,12.777112,14.077112,13.237112,13.667111,13.007112,9.767112,8.077112,8.117112,7.317112,7.997112,4.6771116,4.5571117,0.69711185,2.117112,2.6871119,2.3071117,1.4671118
