public/data/weather/2019/10/01/0000-wind-isobaric-500hPa-gfs-1.0.json
{"header": { "discipline":0, "disciplineName":"Meteorological products", "gribEdition":2, "gribLength":79176, "center":7, "centerName":"US National Weather Service - NCEP(WMC)", "subcenter":0, "refTime":"2019-10-01T00:00:00.000Z", "significanceOfRT":1, "significanceOfRTName":"Start of forecast", "productStatus":0, "productStatusName":"Operational products", "productType":1, "productTypeName":"Forecast products", "productDefinitionTemplate":0, "productDefinitionTemplateName":"Analysis/forecast at horizontal level/layer at a point in time", "parameterCategory":2, "parameterCategoryName":"Momentum", "parameterNumber":3, "parameterNumberName":"V-component_of_wind", "parameterUnit":"m.s-1", "genProcessType":2, "genProcessTypeName":"Forecast", "forecastTime":0, "surface1Type":100, "surface1TypeName":"Isobaric surface", "surface1Value":50000.0, "surface2Type":255, "surface2TypeName":"Missing", "surface2Value":0.0, "gridDefinitionTemplate":0, "gridDefinitionTemplateName":"Latitude_Longitude", "numberPoints":65160, "shape":6, "shapeName":"Earth spherical with radius of 6,371,229.0 m", "gridUnits":"degrees", "resolution":48, "winds":"true", "scanMode":0, "nx":360, "ny":181, "basicAngle":0, "lo1":0.0, "la1":90.0, "lo2":359.0, "la2":-90.0, "dx":1.0, "dy":1.0 }, "data":
[rows 78 to 103 of 181, columns 177 to 235 of 360]
3.344414,1.7644141,1.584414,2.124414,1.904414,1.284414,-0.84558594,-1.6555859,-2.895586,-3.0555859,-3.525586,-3.495586,-2.915586,-2.625586,-2.525586,-1.6355859,-1.7555859,-1.425586,-1.465586,-0.96558595,-0.8755859,-1.055586,-1.4755859,-1.6355859,-1.595586,-1.215586,-1.5255859,-1.0255859,-0.9855859,-2.235586,-1.6155859,-1.305586,-1.3755859,-1.565586,-1.095586,-0.29558593,-0.78558594,0.034414064,0.92441404,-0.16558594,-1.1555859,0.21441406,-0.15558594,-6.2155857,-6.605586,2.554414,-1.195586,4.594414,-0.21558593,3.534414,5.8244143,2.4644141,1.064414,-2.705586,-1.4055859,-0.015585938,-0.14558594,0.54441404,0.6944141
3.394414,2.794414,3.064414,1.2444141,1.414414,0.5144141,-0.83558595,-2.195586,-2.625586,-3.8355858,-3.2955859,-3.0655859,-3.755586,-2.5855858,-2.875586,-1.595586,-0.6755859,-1.3955859,-1.835586,-1.7455859,-0.76558596,-0.025585938,-0.15558594,-0.025585938,-0.16558594,0.86441404,0.044414062,-0.82558596,-1.665586,-2.175586,-1.695586,-1.825586,-1.215586,-1.795586,-2.615586,-0.16558594,2.354414,2.7144141,3.4144142,-0.025585938,0.054414064,0.90441406,-1.965586,-5.415586,-6.385586,4.204414,4.974414,3.584414,3.284414,4.0744143,3.014414,0.6344141,0.64441407,-1.675586,1.1244141,-1.0255859,0.19441406,0.124414064,1.044414
4.234414,3.854414,3.1844141,1.824414,0.014414063,-0.11558594,-0.95558596,-3.265586,-3.105586,-4.915586,-4.915586,-4.805586,-3.7855859,-2.865586,-3.3355858,-1.075586,-0.63558596,-1.325586,-0.97558594,-0.77558595,0.96441406,1.6244141,1.664414,0.72441405,-0.58558595,-0.40558594,-0.77558595,-0.055585936,-1.345586,-1.5355859,-1.435586,-1.2255859,-2.3255858,-3.8455858,-3.145586,-2.455586,5.464414,1.174414,-0.60558593,-0.17558594,0.5144141,4.234414,-0.71558595,-1.1555859,2.4644141,8.564414,0.54441404,0.46441406,-0.28558594,3.394414,-0.89558595,-1.195586,-0.78558594,-2.205586,-0.82558596,-1.305586,-1.075586,-0.24558593,1.6244141
2.224414,3.4544141,5.014414,1.5244141,-1.2655859,-1.7555859,-2.8355858,-4.795586,-3.165586,-3.455586,-4.055586,-4.295586,-3.405586,-1.7555859,-2.0855858,-1.8655859,-0.97558594,0.25441405,1.2144141,1.814414,2.564414,0.77441406,3.894414,1.6444141,-0.71558595,-1.9955859,-1.6155859,-0.8755859,-1.3855859,-2.255586,-2.155586,-1.2255859,-2.8355858,-6.845586,-9.685586,5.164414,4.584414,-1.6355859,-2.8255858,-1.8555859,1.1144141,12.774414,-5.475586,-5.055586,-2.625586,-1.585586,2.6644142,-2.265586,0.124414064,-1.075586,-2.8355858,-1.2455859,-1.215586,-1.205586,-2.635586,-2.2955859,-1.665586,-0.19558594,-0.71558595
4.064414,2.834414,3.074414,-2.8055859,-3.135586,-2.115586,-3.185586,-4.325586,-4.075586,-3.905586,-4.455586,-3.8055859,-2.935586,-2.5955858,-3.505586,-1.935586,-0.095585935,0.53441405,0.89441407,1.2444141,1.204414,0.43441406,1.3744141,1.324414,-0.66558594,-1.6055859,-4.225586,-3.915586,-2.995586,-3.505586,-3.655586,-4.435586,-5.515586,-5.9455857,-2.965586,-1.8955859,-4.285586,-0.8155859,-4.145586,-3.3455858,7.874414,-0.045585938,-5.7155857,-8.235586,-5.205586,4.174414,0.42441407,-1.215586,-3.935586,-2.765586,-3.395586,-2.0955858,-1.2655859,-3.365586,-4.065586,-3.445586,-1.3655859,-0.8055859,-1.695586
2.984414,1.794414,0.89441407,-1.465586,-4.135586,-1.8755859,-3.685586,-3.985586,-4.325586,-5.225586,-4.4455857,-2.7955859,-3.735586,-2.935586,-2.605586,-1.085586,-0.8755859,-1.715586,-0.52558595,-0.9855859,-1.2655859,-0.6255859,-0.10558594,-0.17558594,-1.7455859,-3.205586,-5.685586,-4.155586,-3.665586,-6.1755857,-3.705586,-3.765586,-2.245586,-2.665586,0.58441406,-1.1355859,0.5044141,-0.10558594,-2.0355859,-1.9755859,-0.9855859,-5.765586,-7.535586,-5.135586,-5.605586,0.20441407,-2.615586,-0.65558594,-3.375586,-3.115586,-3.705586,-2.655586,-2.915586,-2.405586,-3.3255858,-3.3355858,-1.2455859,-0.5655859,-1.3955859
0.30441406,1.794414,-0.30558595,-1.325586,-2.8455858,-1.915586,-3.215586,-4.255586,-3.5755858,-3.185586,-3.025586,-2.5555859,-1.955586,-1.415586,-1.945586,-0.76558596,-1.195586,-2.2855859,-1.815586,-1.055586,-0.34558594,-1.055586,-1.665586,-1.435586,-3.615586,-2.955586,-2.8155859,0.034414064,-1.5355859,-3.725586,-4.525586,-4.855586,-5.115586,-3.725586,-2.265586,-4.525586,-4.775586,-5.345586,-3.0455859,-2.945586,-3.365586,-4.595586,-1.545586,-6.6755857,-2.7955859,-2.385586,-1.2755859,-1.095586,-4.525586,-4.4655857,-3.765586,-2.885586,-2.455586,-3.605586,-2.145586,-1.935586,-1.205586,-1.085586,-1.075586
-0.5655859,-0.33558595,-2.155586,-3.0555859,-3.695586,-3.495586,-3.0655859,-3.435586,-3.3055859,-3.3255858,-4.095586,-2.885586,-2.375586,-2.015586,-0.9855859,-2.125586,-3.695586,-3.115586,-3.115586,-2.155586,-2.235586,-0.7355859,-0.39558592,-3.005586,-3.735586,-3.865586,-2.525586,-0.88558596,-0.85558593,-2.725586,-2.645586,-2.745586,-3.215586,-4.1755857,-2.935586,-1.945586,-2.735586,0.034414064,1.0944141,-2.8355858,-1.425586,-1.075586,-0.64558595,-1.2655859,-1.815586,-1.315586,-2.005586,-2.365586,-4.345586,-4.775586,-4.985586,-3.475586,-1.965586,-1.8555859,-1.6355859,-0.20558594,0.14441407,0.28441405,-0.8755859
-0.08558594,-1.1455859,-1.2455859,-2.395586,-1.7455859,-2.895586,-3.3255858,-3.435586,-3.415586,-4.205586,-3.665586,-2.8055859,-2.425586,-1.2655859,-0.94558597,-0.43558595,-1.715586,-2.0755858,-2.235586,-1.835586,-2.515586,-0.49558595,-2.025586,-2.385586,-1.8655859,-3.225586,-2.355586,-2.475586,-2.215586,-4.025586,-3.615586,-3.255586,-2.855586,-2.935586,-1.0255859,-0.18558593,-2.105586,-1.295586,-2.8055859,-2.855586,-1.6255859,-0.52558595,-2.5755858,-0.84558594,0.6344141,-0.44558594,-1.4855859,-4.045586,-5.045586,-5.1955857,-5.435586,-2.525586,-1.6155859,-0.21558593,0.19441406,0.29441407,1.084414,1.304414,1.1344141
-0.035585936,-0.59558594,0.32441407,-0.7455859,-1.315586,-2.255586,-2.0655859,-3.3255858,-3.465586,-2.0755858,-0.46558595,0.19441406,-0.47558594,0.044414062,-0.95558596,-0.89558595,-0.6855859,-0.72558594,0.54441404,-2.0455859,-2.855586,-2.8355858,-3.2855859,-2.675586,-2.425586,-3.0955858,-4.2155857,-4.045586,-4.9655857,-2.645586,-2.0655859,-1.795586,-1.8755859,-1.3555859,-0.89558595,-1.665586,-2.745586,-2.7855859,-4.355586,-3.165586,-3.365586,-0.30558595,-0.91558594,-0.6255859,-0.89558595,-0.72558594,-1.435586,-2.855586,-4.655586,-4.265586,-3.915586,-0.7555859,-0.045585938,-0.36558592,0.59441406,1.794414,1.324414,1.8844141,1.8744141
-1.4855859,-1.295586,-0.8655859,-0.6755859,-0.41558594,-0.37558594,-0.43558595,-1.075586,-0.94558597,-0.26558593,-0.13558593,0.32441407,0.19441406,0.30441406,0.7444141,0.72441405,-0.24558593,-0.46558595,0.034414064,-2.705586,-3.265586,-0.9255859,-2.515586,-4.135586,-3.615586,-3.605586,-3.7955859,-5.685586,-4.375586,-3.215586,-2.275586,-2.2955859,-2.165586,-1.8855859,-3.415586,-4.785586,-3.665586,-3.025586,-4.495586,-3.415586,-1.9755859,-1.575586,-0.29558593,0.18441406,-0.60558593,-1.1255859,-2.385586,-1.6455859,-1.1355859,-1.205586,-1.585586,-0.28558594,-0.33558595,0.044414062,1.924414,2.7144141,2.1644142,2.224414,1.7744141
-0.65558594,-2.415586,-0.44558594,-0.97558594,0.92441404,1.3544141,1.554414,1.5044141,0.22441407,-0.5055859,-1.685586,-0.88558596,0.42441407,2.074414,2.334414,1.324414,1.954414,0.22441407,0.084414065,-1.555586,-3.255586,-1.055586,-1.7355859,-1.3855859,-2.0755858,-2.5455859,-3.175586,-3.605586,-2.5355859,-1.575586,-1.9055859,-0.6855859,-1.925586,-2.465586,-4.045586,-3.5655859,-4.035586,-2.615586,-2.505586,-2.175586,-1.185586,-0.53558594,-0.025585938,0.72441405,0.36441407,-0.055585936,1.2144141,0.8844141,-0.19558594,-0.8155859,-1.0355859,-0.60558593,-0.095585935,0.66441405,1.794414,2.644414,3.1944141,1.444414,0.90441406
-0.16558594,-0.14558594,-0.57558596,-0.8055859,-0.94558597,0.54441404,0.8144141,0.40441406,-0.39558592,0.42441407,1.324414,1.304414,2.104414,2.264414,2.544414,2.314414,2.594414,2.014414,1.3944141,0.16441406,-0.48558593,-0.21558593,-0.27558595,-0.85558593,-0.88558596,-1.7255859,-1.7555859,-0.7355859,-1.445586,-0.12558594,-1.575586,0.07441406,0.32441407,-0.37558594,-0.23558594,-0.65558594,-0.08558594,-0.19558594,0.0044140625,-0.38558593,-0.44558594,-1.065586,0.034414064,0.114414066,-0.36558592,-0.54558593,-0.5655859,-0.66558594,-1.455586,-0.90558594,-1.095586,-0.7355859,0.5044141,0.6944141,1.7144141,2.374414,2.124414,1.574414,0.60441405
-0.8755859,-0.48558593,-0.19558594,-1.195586,-0.015585938,0.114414066,0.49441406,0.34441406,-0.21558593,0.39441407,1.9744141,2.864414,2.724414,3.574414,4.414414,4.494414,2.6944141,2.734414,2.074414,2.134414,1.8744141,0.61441404,-0.71558595,-0.9855859,-0.7555859,-1.555586,-1.185586,-1.1455859,-0.52558595,-0.0055859373,-0.29558593,0.014414063,0.73441404,0.19441406,-1.3955859,-1.2455859,0.97441405,0.86441404,1.314414,0.9444141,1.8544141,2.034414,1.654414,1.2444141,-0.015585938,-0.33558595,-1.065586,-0.96558595,-0.70558596,0.48441407,1.0944141,0.9444141,0.44441405,0.43441406,0.96441406,1.0044141,1.574414,1.0044141,0.34441406
-0.27558595,-0.21558593,0.09441406,0.18441406,0.07441406,1.194414,1.574414,1.8644141,1.7544141,0.97441405,2.834414,3.584414,4.014414,4.454414,5.274414,5.524414,4.224414,4.184414,3.394414,2.734414,1.794414,1.294414,-0.025585938,-2.2855859,-2.475586,-1.455586,-1.575586,-1.705586,-1.0355859,-0.37558594,-0.14558594,-0.65558594,0.90441406,-0.24558593,0.17441407,1.2444141,0.6244141,3.4144142,4.484414,3.4544141,3.114414,2.254414,1.284414,1.444414,1.534414,0.98441404,0.60441405,0.90441406,1.2144141,1.1344141,1.154414,1.804414,0.45441407,1.2444141,1.4744141,1.174414,1.174414,1.194414,0.9344141
1.7544141,1.7644141,0.65441406,-0.9855859,0.024414062,0.29441407,1.3944141,1.8444141,2.4544141,2.504414,2.744414,4.274414,4.774414,4.204414,3.744414,4.044414,3.364414,3.144414,2.634414,2.4344141,1.6444141,0.90441406,0.29441407,-0.79558593,-1.715586,-1.8855859,-2.0855858,-1.5255859,-2.0755858,-0.6255859,-0.095585935,-0.33558595,0.26441407,-0.51558596,1.294414,1.7744141,3.094414,5.614414,5.154414,4.5344143,3.524414,3.604414,3.544414,2.524414,2.794414,3.024414,2.614414,2.324414,1.074414,0.95441407,1.554414,1.054414,0.97441405,0.7544141,1.4744141,1.184414,1.2644141,1.164414,1.2344141
2.4044142,2.564414,1.294414,1.194414,1.3844141,1.434414,0.96441406,1.2644141,2.4444141,3.4344141,3.314414,4.584414,4.434414,4.384414,4.344414,3.6644142,3.284414,3.584414,3.1844141,2.344414,1.654414,1.2544141,1.4944141,-0.0055859373,-0.33558595,-1.1555859,-1.595586,-1.945586,-1.6355859,-1.5255859,-0.77558595,0.7544141,0.84441406,1.924414,2.974414,4.124414,5.104414,4.994414,5.094414,4.154414,4.694414,4.544414,3.6844141,3.724414,3.254414,3.344414,2.574414,1.204414,1.0944141,1.404414,1.444414,1.954414,0.83441406,0.83441406,0.15441406,-0.31558594,0.45441407,0.80441403,1.414414
1.454414,1.204414,0.44441405,-0.16558594,0.124414064,0.9944141,1.3444141,2.254414,2.2044141,1.8844141,3.034414,2.784414,4.854414,3.634414,3.574414,3.974414,3.294414,3.334414,2.9544141,2.9044142,3.334414,2.474414,1.3644141,1.2744141,-0.025585938,-0.52558595,-1.8855859,-1.325586,-2.3355858,-0.43558595,1.294414,2.9344141,4.0344143,4.004414,5.644414,6.094414,5.464414,4.644414,4.134414,4.5344143,4.364414,3.6744142,4.134414,3.834414,3.864414,2.864414,2.044414,1.8544141,1.684414,1.7744141,1.074414,1.4944141,1.934414,1.284414,1.0044141,1.174414,0.28441405,0.9344141,1.064414
0.89441407,0.19441406,-0.06558594,0.15441406,0.48441407,-0.11558594,0.5144141,1.7444141,2.824414,3.6844141,3.274414,3.6544142,3.6844141,3.1844141,2.854414,3.1844141,3.9444141,3.784414,2.634414,2.544414,2.314414,1.9944141,1.404414,1.284414,0.9944141,1.8944141,0.43441406,-0.6755859,0.26441407,0.20441407,1.6444141,3.4544141,4.314414,5.094414,4.0544143,4.904414,5.664414,4.114414,4.024414,3.094414,3.764414,4.434414,4.5744143,3.794414,3.034414,2.874414,2.644414,2.614414,1.6344141,1.0244141,0.9344141,1.1444141,1.174414,1.154414,1.404414,1.2744141,1.6044141,1.6044141,0.55441403
1.3544141,-0.13558593,-0.055585936,0.40441406,-0.06558594,0.8744141,1.3544141,2.4644141,3.4244142,3.874414,3.494414,2.7144141,3.024414,3.234414,3.614414,2.734414,3.6844141,3.324414,2.784414,2.524414,1.9844141,1.694414,1.9844141,1.324414,0.5744141,1.064414,1.3544141,1.5244141,0.86441404,2.134414,2.874414,3.2044141,2.524414,2.9644141,3.7044141,4.174414,4.154414,4.744414,4.194414,3.4644141,3.134414,3.384414,2.374414,1.2144141,1.534414,2.024414,2.504414,2.4244142,2.004414,1.6244141,1.4944141,1.8644141,1.704414,1.3644141,1.2644141,1.284414,1.204414,1.304414,1.184414
-1.715586,0.53441405,0.5744141,1.194414,1.154414,2.574414,2.524414,1.6444141,2.824414,3.334414,3.6744142,3.064414,2.4644141,2.844414,2.644414,3.244414,2.734414,2.9344141,2.764414,3.314414,2.644414,1.8944141,1.694414,2.354414,1.784414,1.8644141,2.9644141,2.584414,2.534414,1.554414,3.4544141,3.624414,3.2144141,3.814414,3.784414,4.434414,4.604414,5.0744143,5.364414,4.514414,3.4444141,2.524414,2.334414,2.4444141,2.2044141,1.7644141,1.9644141,2.754414,2.764414,2.334414,2.594414,1.914414,2.1644142,2.364414,2.004414,2.2044141,2.6644142,1.8744141,1.944414
-1.3755859,-1.7855859,-0.5055859,0.18441406,1.6244141,2.604414,2.4444141,1.584414,1.704414,2.264414,2.754414,3.314414,1.8944141,1.2644141,2.014414,2.7044141,2.384414,2.6644142,2.734414,3.514414,2.9144142,2.1544142,2.144414,2.074414,2.384414,2.784414,2.894414,3.254414,3.284414,3.024414,3.9144142,3.234414,5.044414,5.454414,5.094414,4.744414,4.404414,5.004414,5.174414,4.594414,3.6844141,1.924414,1.9744141,1.904414,2.544414,2.494414,3.104414,2.9644141,3.004414,2.9644141,2.894414,2.784414,2.4544141,2.784414,2.4644141,1.824414,1.284414,0.97441405,0.85441405
1.084414,-0.96558595,-0.41558594,-0.36558592,0.8144141,1.184414,2.304414,2.094414,1.9844141,2.834414,3.1744142,3.884414,3.6744142,2.524414,2.734414,2.534414,2.844414,2.614414,2.4144142,2.814414,2.2144141,1.2444141,1.6244141,2.094414,2.9244142,3.134414,3.794414,4.0344143,3.9544141,4.504414,4.454414,4.764414,4.864414,3.974414,4.674414,5.0344143,5.144414,5.154414,5.3244143,5.234414,3.9444141,3.244414,2.534414,1.8544141,1.784414,2.514414,2.084414,1.9644141,1.674414,2.064414,2.554414,2.314414,2.484414,3.374414,2.384414,1.7644141,1.674414,2.244414,2.884414
0.8844141,0.8144141,0.48441407,0.73441404,0.79441404,0.9444141,1.1144141,1.704414,1.5244141,2.134414,2.2144141,2.524414,2.6844141,4.134414,3.4644141,2.544414,2.074414,1.5944141,1.694414,2.1944141,2.744414,2.294414,2.234414,1.664414,2.6644142,3.384414,3.824414,3.504414,3.894414,4.014414,4.334414,5.134414,5.334414,6.3044143,5.124414,5.214414,4.864414,4.674414,4.994414,5.084414,5.794414,5.524414,4.264414,2.104414,1.3944141,1.4644141,1.6444141,1.314414,1.4644141,1.5044141,1.794414,2.034414,2.2044141,2.7044141,2.824414,2.334414,1.694414,1.564414,1.454414
0.42441407,0.65441406,0.98441404,0.19441406,0.10441406,1.2244141,1.054414,-0.0055859373,1.6444141,1.824414,2.044414,2.7044141,2.9244142,2.884414,2.524414,1.8444141,2.394414,2.4644141,1.7144141,1.2444141,1.3444141,1.4744141,1.554414,1.314414,1.424414,2.014414,2.854414,2.894414,3.394414,3.514414,2.974414,3.534414,4.404414,5.754414,5.424414,4.744414,4.974414,4.774414,5.144414,4.084414,3.494414,4.154414,3.084414,3.864414,2.9544141,1.924414,1.8844141,1.944414,2.264414,2.314414,2.334414,1.7544141,1.414414,1.3444141,0.124414064,-0.51558596,-0.23558594,-0.11558594,0.5044141
-2.0755858,-0.53558594,-0.59558594,-0.8155859,-0.72558594,0.64441407,1.8944141,1.834414,0.34441406,1.064414,1.654414,2.024414,3.034414,4.044414,4.294414,1.9644141,2.014414,1.404414,1.1144141,1.694414,1.9844141,2.074414,2.004414,1.064414,1.2144141,0.9444141,1.304414,1.574414,1.814414,2.054414,2.034414,2.824414,4.404414,4.894414,4.734414,4.194414,4.104414,4.124414,3.844414,4.164414,4.194414,3.9144142,3.134414,2.574414,2.244414,2.284414,2.564414,1.7644141,1.554414,1.914414,2.244414,2.304414,2.014414,1.554414,0.114414066,0.33441406,-0.64558595,-0.23558594,0.26441407
