public/data/weather/2019/10/01/0000-wind-isobaric-700hPa-gfs-1.0.json
{"header": { "discipline":0, "disciplineName":"Meteorological products", "gribEdition":2, "gribLength":77787, "center":7, "centerName":"US National Weather Service - NCEP(WMC)", "subcenter":0, "refTime":"2019-10-01T00:00:00.000Z", "significanceOfRT":1, "significanceOfRTName":"Start of forecast", "productStatus":0, "productStatusName":"Operational products", "productType":1, "productTypeName":"Forecast products", "productDefinitionTemplate":0, "productDefinitionTemplateName":"Analysis/forecast at horizontal level/layer at a point in time", "parameterCategory":2, "parameterCategoryName":"Momentum", "parameterNumber":2, "parameterNumberName":"U-component_of_wind", "parameterUnit":"m.s-1", "genProcessType":2, "genProcessTypeName":"Forecast", "forecastTime":0, "surface1Type":100, "surface1TypeName":"Isobaric surface", "surface1Value":70000.0, "surface2Type":255, "surface2TypeName":"Missing", "surface2Value":0.0, "gridDefinitionTemplate":0, "gridDefinitionTemplateName":"Latitude_Longitude", "numberPoints":65160, "shape":6, "shapeName":"Earth spherical with radius of 6,371,229.0 m", "gridUnits":"degrees", "resolution":48, "winds":"true", "scanMode":0, "nx":360, "ny":181, "basicAngle":0, "lo1":0.0, "la1":90.0, "lo2":359.0, "la2":-90.0, "dx":1.0, "dy":1.0 }, "data":
[rows 0 to 25 of 181, columns 57 to 113 of 360]
-1.1282983,-1.2382983,-1.3482983,-1.4482983,-1.5582983,-1.6682984,-1.7782984,-1.8782983,-1.9882983,-2.0882983,-2.1982985,-2.2982984,-2.4082983,-2.5082984,-2.6082983,-2.7082984,-2.8082983,-2.9082983,-3.0082984,-3.1082983,-3.1982985,-3.2982984,-3.3882983,-3.4882984,-3.5782983,-3.6682982,-3.7582984,-3.8482983,-3.9382982,-4.018298,-4.1082983,-4.188298,-4.2782984,-4.3582983,-4.438298,-4.518298,-4.5882983,-4.6682982,-4.7382984,-4.8182983,-4.8882985,-4.958298,-5.0282984,-5.0982985,-5.1582985,-5.228298,-5.288298,-5.3482985,-5.4082985,-5.4682984,-5.518298,-5.5782986,-5.6282983,-5.6782985,-5.728298,-5.7782984,-5.8182983
2.1217017,2.0417016,1.9617016,1.8817017,1.7817017,1.6917017,1.6017016,1.5017017,1.4017017,1.3017017,1.2017016,1.1017016,1.0017017,0.89170164,0.7817017,0.68170166,0.57170165,0.46170166,0.36170167,0.25170165,0.14170165,0.03170166,-0.08829834,-0.19829834,-0.30829835,-0.40829834,-0.5182983,-0.62829834,-0.72829837,-0.82829833,-0.93829834,-1.0382984,-1.1282983,-1.2182983,-1.3182983,-1.4082984,-1.4882983,-1.5882983,-1.6682984,-1.7582984,-1.8282983,-1.9182984,-1.9982983,-2.0782983,-2.1682982,-2.2482984,-2.3382983,-2.4282982,-2.4982984,-2.5882983,-2.6582983,-2.7282984,-2.7982984,-2.8682983,-2.9282982,-2.9982984,-3.0682983
5.1017017,4.9917016,4.8717017,4.7617016,4.6517015,4.5517015,4.4517016,4.3517017,4.251702,4.1517015,4.0517015,3.8917017,3.7217016,3.5517015,3.3517017,3.1217017,2.8917017,2.6717017,2.4817016,2.3317018,2.1917017,2.0617018,1.9717016,1.9017017,1.8317016,1.7817017,1.7817017,1.7817017,1.7917017,1.8017017,1.8217016,1.8317016,1.8617016,1.8717017,1.8917017,1.9117017,1.9317017,1.9617016,2.0017016,2.0317016,2.0617018,2.0517015,2.0317016,2.0317016,1.9917016,1.9417017,1.9017017,1.8517016,1.8017017,1.7417016,1.6517017,1.5517017,1.4517016,1.3317016,1.1817017,1.0517017,0.89170164
6.2617016,6.231702,6.1817017,6.1217017,6.0517015,5.9517016,5.8417015,5.731702,5.6217017,5.5117016,5.3917017,5.271702,5.1517015,5.021702,4.8917017,4.7817016,4.6717014,4.561702,4.441702,4.3217015,4.191702,4.0317016,3.8717017,3.6717017,3.4817016,3.2917016,3.1117017,2.9317017,2.7317016,2.5317016,2.3117018,2.0717018,1.8517016,1.6417017,1.4217017,1.2417016,1.0717016,0.92170167,0.80170166,0.68170166,0.5317017,0.37170166,0.18170166,-0.03829834,-0.26829833,-0.49829835,-0.7182983,-0.93829834,-1.1282983,-1.3382983,-1.5582983,-1.7482983,-1.9482983,-2.1282983,-2.2582984,-2.3782983,-2.4782984
8.481702,8.471702,8.461701,8.471702,8.471702,8.451702,8.391702,8.301702,8.191702,8.071702,7.9117017,7.7217016,7.501702,7.271702,7.041702,6.8217015,6.5917015,6.3717017,6.1417017,5.8817015,5.5817018,5.3217015,5.041702,4.8017015,4.561702,4.3817015,4.211702,4.1417017,4.0717015,4.021702,3.9417017,3.8617017,3.7617016,3.6717017,3.5917017,3.5317016,3.4717016,3.4317017,3.3517017,3.2517016,3.1317017,3.0017016,2.8617017,2.7117016,2.4917016,2.2417016,2.0017016,1.7617017,1.5517017,1.3517016,1.1617017,1.0117017,0.88170165,0.74170166,0.6017017,0.45170167,0.31170166
7.1617017,7.001702,6.9017015,6.8417015,6.8017015,6.771702,6.7417016,6.751702,6.711702,6.6217017,6.4917016,6.4117017,6.3517017,6.291702,6.1817017,6.0517015,5.941702,5.811702,5.691702,5.5317016,5.3817015,5.251702,5.1417017,5.001702,4.8417015,4.6417017,4.4317017,4.2217016,4.0317016,3.8517017,3.7017016,3.5917017,3.4917016,3.4117017,3.3117018,3.1617017,2.9717016,2.7917016,2.6017017,2.3917017,2.1817017,1.9017017,1.6317017,1.4217017,1.2717017,1.1817017,1.2017016,1.1917017,1.1017016,0.9017017,0.68170166,0.51170164,0.40170166,0.34170166,0.19170167,-0.01829834,-0.31829834
4.8617015,4.811702,4.751702,4.7017016,4.6717014,4.6417017,4.6317015,4.6217017,4.6117015,4.561702,4.4917016,4.3717017,4.271702,4.1417017,4.001702,3.8617017,3.7317016,3.5317016,3.3317018,3.1217017,2.9017017,2.6517017,2.3917017,2.1417017,1.9317017,1.7917017,1.7817017,1.7917017,1.7717017,1.6717017,1.4217017,0.9817017,0.7217017,0.67170167,0.70170164,0.7217017,0.6517017,0.46170166,0.19170167,-0.13829833,-0.61829835,-1.1182983,-1.4382983,-1.6182983,-1.7082983,-1.9382983,-2.0082984,-1.9882983,-1.8882984,-1.8282983,-1.9082984,-2.0582983,-2.2682984,-2.3782983,-2.3882983,-2.3482983,-2.3482983
2.7317016,2.7617016,2.7917016,2.7517016,2.6717017,2.5717018,2.4117017,2.2517016,2.0817018,1.9117017,1.7517017,1.6317017,1.5217017,1.3917017,1.2317016,1.0417017,0.81170166,0.6517017,0.50170165,0.34170166,0.23170166,0.14170165,-0.01829834,-0.21829835,-0.42829835,-0.63829833,-0.86829835,-1.0382984,-1.1582984,-1.1982983,-1.1382984,-1.2582984,-1.9382983,-2.5482984,-3.0082984,-3.3782983,-3.7282984,-4.018298,-4.1682982,-4.188298,-4.1782985,-4.248298,-4.248298,-4.0982985,-4.058298,-4.1082983,-4.1782985,-4.188298,-4.1182985,-4.038298,-3.9982984,-4.018298,-4.038298,-4.0782986,-4.1282983,-4.1982985,-4.3382983
-2.1682982,-2.2982984,-2.3982983,-2.4782984,-2.5682983,-2.6682982,-2.7982984,-2.9082983,-2.9782984,-3.0282984,-3.0682983,-3.1082983,-3.1482983,-3.1782982,-3.2382984,-3.3282983,-3.4782984,-3.5582983,-3.5682983,-3.6382983,-3.7382984,-3.8682983,-4.1082983,-4.4182982,-4.748298,-5.0682983,-5.288298,-5.4682984,-5.6682982,-5.938298,-6.038298,-6.0082984,-6.058298,-6.1582985,-6.2382984,-6.2782984,-6.2982984,-6.248298,-6.1482983,-6.0882983,-6.038298,-6.0082984,-5.938298,-5.768298,-5.5682983,-5.4182982,-5.3182983,-5.2182984,-5.0982985,-4.978298,-4.8982983,-4.8382983,-4.8282986,-4.8382983,-4.8582983,-4.8682985,-4.8782983
-6.8682985,-6.8882985,-6.938298,-6.938298,-7.038298,-7.1282983,-7.2382984,-7.1782985,-7.1582985,-7.1782985,-7.188298,-7.2582984,-7.2582984,-7.3482985,-7.4482985,-7.478298,-7.518298,-7.5082984,-7.5082984,-7.4682984,-7.4482985,-7.5282984,-7.478298,-7.4482985,-7.3782983,-7.188298,-7.058298,-6.9882984,-6.9882984,-6.9882984,-7.038298,-7.1282983,-7.308298,-7.4282985,-7.3782983,-7.3282986,-7.1182985,-6.9282985,-6.6982985,-6.4182982,-6.1182985,-5.7982984,-5.5082984,-5.2982984,-5.1482983,-5.0282984,-4.8982983,-4.7782984,-4.7182984,-4.6982985,-4.728298,-4.728298,-4.7382984,-4.7582984,-4.7382984,-4.728298,-4.728298
-9.558298,-9.508298,-9.498299,-9.548298,-9.568298,-9.648298,-9.878299,-10.038299,-10.038299,-9.978298,-9.818298,-9.608298,-9.398298,-9.178298,-8.978298,-8.788299,-8.608298,-8.428298,-8.258298,-8.068298,-7.8582983,-7.6582985,-7.458298,-7.268298,-7.1082983,-6.938298,-6.7182984,-6.5282984,-6.3482985,-6.1182985,-5.8782983,-5.5982985,-5.3282986,-5.1182985,-4.8582983,-4.7582984,-4.6182985,-4.6382985,-4.8282986,-5.2982984,-4.9682984,-4.978298,-5.1782985,-5.498298,-5.6282983,-5.6082983,-5.5482984,-5.458298,-5.3882985,-5.308298,-5.2382984,-5.1382985,-5.058298,-4.9482985,-4.7782984,-4.5782986,-4.4482985
-10.678298,-10.688298,-10.738298,-10.838299,-10.928298,-11.028298,-11.098298,-11.048298,-10.928298,-10.798298,-10.628299,-10.428298,-10.188298,-9.9082985,-9.548298,-9.148298,-8.798298,-8.488298,-8.178298,-7.8382983,-7.498298,-7.1982985,-6.9282985,-6.6482983,-6.3682985,-6.0782986,-5.768298,-5.4282985,-5.0882983,-4.748298,-4.4182982,-4.0782986,-3.7482984,-3.4582984,-3.2382984,-3.0282984,-2.7382984,-2.3282983,-1.7682984,-1.4982983,-1.9482983,-2.5882983,-2.9182982,-2.5182984,-2.6882982,-2.7182984,-2.8882983,-3.2882984,-3.7282984,-4.0682983,-4.308298,-4.4682984,-4.6282983,-4.688298,-4.6282983,-4.5482984,-4.4682984
-11.728298,-11.678298,-11.698298,-11.768298,-11.778298,-11.698298,-11.538299,-11.358298,-11.178298,-11.028298,-10.868299,-10.638298,-10.4082985,-10.1582985,-9.888298,-9.598298,-9.268298,-8.9082985,-8.618299,-8.328299,-7.958298,-7.6682982,-7.4082985,-7.1682982,-6.998298,-6.8282986,-6.6182985,-6.3882985,-6.1182985,-5.8482985,-5.518298,-5.1182985,-4.708298,-4.3682985,-4.058298,-3.7682984,-3.4682984,-3.2182984,-2.9582984,-2.6982985,-2.3682983,-2.0282984,-1.9382983,-1.9282984,-1.9482983,-2.2482984,-2.6982985,-2.9882984,-3.1582983,-3.1982985,-3.2682984,-3.3982983,-3.5582983,-3.6582983,-3.6582983,-3.6682982,-3.6582983
-11.868299,-11.778298,-11.598298,-11.458299,-11.328299,-11.138298,-10.808298,-10.518298,-10.268298,-9.988298,-9.858298,-10.088299,-9.838299,-9.578299,-9.438298,-9.398298,-9.368299,-9.398298,-9.4082985,-9.368299,-9.178298,-8.878299,-8.548298,-8.198298,-7.8182983,-7.498298,-7.1582985,-6.7582984,-6.478298,-6.268298,-5.9882984,-5.688298,-5.438298,-5.2582984,-5.038298,-4.8982983,-4.8182983,-4.808298,-4.8482985,-4.8582983,-4.6782985,-4.268298,-3.7782984,-3.2482984,-2.9082983,-2.9282982,-3.1682982,-3.3282983,-3.3582983,-3.2682984,-3.3482983,-3.4782984,-3.5982983,-3.6082983,-3.6482983,-3.8082983,-4.0482984
-12.348298,-12.6582985,-12.808298,-12.798298,-12.358298,-12.938298,-12.178298,-11.218298,-11.518298,-11.798298,-11.818298,-11.538299,-11.128299,-10.848298,-10.618299,-10.328299,-10.028298,-9.688298,-9.448298,-9.178298,-8.818298,-8.318298,-7.708298,-7.0982985,-6.688298,-6.558298,-6.538298,-6.3482985,-6.1482983,-6.228298,-6.2782984,-6.1282983,-5.8782983,-5.6582985,-5.5082984,-5.2782984,-5.0682983,-4.808298,-4.4182982,-4.4182982,-4.4682984,-4.3382983,-4.3182983,-4.6982985,-4.9482985,-4.9182982,-4.8182983,-4.6982985,-4.5482984,-4.4282985,-4.3582983,-4.6582985,-5.1282983,-5.3382983,-5.558298,-5.6982985,-5.9182982
-9.638298,-11.4082985,-11.668299,-12.1582985,-11.678298,-11.358298,-11.278298,-11.058298,-10.998299,-10.978298,-10.938298,-10.938298,-11.188298,-11.418299,-11.438298,-11.618299,-11.558298,-11.598298,-11.478298,-11.018298,-10.438298,-9.728298,-8.918299,-8.208299,-7.688298,-7.2582984,-6.768298,-5.978298,-5.3182983,-4.7982984,-4.1482983,-3.5782983,-3.3582983,-3.4282982,-3.6682982,-4.288298,-5.1182985,-5.4182982,-5.288298,-4.8982983,-4.4182982,-3.9982984,-3.7282984,-3.3382983,-3.1382983,-2.9682984,-2.7582984,-2.5282984,-2.5082984,-2.8482983,-3.2282984,-3.5782983,-3.6182983,-3.5682983,-3.4682984,-3.9282982,-4.248298
-11.358298,-11.008298,-10.148298,-9.798298,-9.268298,-9.118299,-8.9082985,-8.988298,-8.988298,-8.898298,-8.718298,-8.478298,-8.068298,-7.5482984,-6.938298,-6.4482985,-6.018298,-5.5982985,-5.1982985,-5.0982985,-5.248298,-5.3882985,-5.5882983,-5.3382983,-5.4282985,-5.3882985,-5.018298,-4.978298,-4.5282984,-4.188298,-4.1782985,-4.038298,-3.9782984,-3.3182983,-2.3282983,-1.2982984,-0.85829836,-1.4582983,-2.1182983,-2.5182984,-3.0882983,-3.9182982,-4.4282985,-4.4482985,-4.1682982,-3.9082983,-3.7282984,-3.3982983,-2.8382983,-1.9782983,-1.5882983,-1.4282984,-1.7282983,-2.1182983,-2.4182982,-2.6882982,-3.0282984
-9.808298,-9.278298,-9.238298,-9.208299,-9.068298,-8.568298,-8.058298,-7.6582985,-7.208298,-6.8182983,-6.5082984,-6.2982984,-5.9082985,-5.3382983,-4.958298,-4.4182982,-3.7882984,-3.2782984,-2.7782984,-2.3482983,-2.1582983,-1.9082984,-1.6682984,-1.3382983,-1.0882983,-0.54829836,-0.00829834,-0.80829835,-2.0682983,-2.9982984,-2.9382982,-2.2882984,-1.7482983,-1.6282983,-2.1582983,-2.8782983,-3.0382984,-2.2482984,-0.98829836,-0.24829835,-0.44829834,-0.91829836,-1.1282983,-0.97829837,-1.0582983,-1.4682983,-2.0482984,-2.6682982,-3.1782982,-3.2982984,-2.8382983,-2.3382983,-2.1482983,-1.8782983,-1.5882983,-1.2182983,-1.1682984
-5.3982983,-4.6782985,-3.8782983,-3.2982984,-2.6082983,-2.3882983,-2.3782983,-1.6882983,-1.3582983,-0.61829835,0.40170166,1.4617016,2.1217017,1.7617017,1.4017017,1.6717017,1.6117016,0.8517017,0.04170166,0.19170167,-0.10829834,-0.61829835,-1.2782984,-1.9582983,-2.3982983,-2.2782984,-1.7282983,-1.0382984,-0.31829834,0.56170166,1.1917017,0.5317017,-0.37829834,-0.74829835,-0.55829835,0.44170165,1.4317017,1.3417016,0.61170167,-0.00829834,0.19170167,0.64170164,1.3117017,1.9717016,2.1317017,1.7717017,1.3617016,1.0617017,0.81170166,0.55170166,0.26170167,-0.15829834,-0.78829837,-1.2782984,-1.6382984,-2.0182984,-2.0382984
-0.24829835,-0.24829835,0.22170167,1.0417017,1.7017016,2.7717016,3.2317016,3.4517016,3.4717016,3.2217016,2.5517015,1.7717017,0.6517017,-0.32829833,-0.01829834,0.27170166,1.0417017,0.95170164,0.24170166,0.14170165,0.46170166,0.75170165,0.24170166,-0.29829833,-0.26829833,-0.73829836,-1.0382984,-1.8582983,-2.0482984,-1.5782983,-0.81829834,0.51170164,1.7817017,2.5517015,3.0317016,3.2017016,3.5817018,3.7517016,3.7617016,4.001702,4.0517015,3.5917017,2.4217017,1.6717017,1.0217017,0.55170166,0.5317017,1.3417016,2.1617017,2.3717017,2.2417016,2.0517015,2.0517015,2.1617017,2.0417016,1.6517017,1.8917017
3.9117017,3.8017015,3.7917016,4.291702,5.2617016,6.1417017,7.0917015,7.0117016,7.6217017,6.561702,5.8517017,4.1117015,3.7017016,4.311702,4.6217017,3.9017017,4.3217015,5.7617016,5.8517017,4.191702,3.2217016,1.7117016,1.5117017,1.7117016,2.3017015,2.4617016,2.0817018,2.1317017,1.9617016,1.4917016,1.5817016,2.3617017,3.6817017,4.811702,5.3717017,5.3517017,5.3717017,4.9517016,4.6417017,4.6217017,4.3717017,4.001702,3.7817016,3.2017016,2.4017017,1.9417017,1.9217017,1.8917017,1.4717016,1.0417017,1.3617016,2.3017015,2.7217016,2.7817016,2.6617017,2.9917016,3.3917017
9.151702,9.721702,9.471702,9.021702,9.301702,9.821702,9.951702,9.371701,8.951702,8.601702,7.271702,6.561702,7.6717014,8.601702,8.491702,8.141702,7.1617017,8.171701,8.571702,9.171701,8.601702,6.6317015,4.2217016,3.7517016,4.211702,4.6417017,5.0917015,5.0717015,4.8317018,4.291702,3.9317017,3.0817018,2.2817016,2.5617018,2.5817018,2.6017017,2.5517015,2.0317016,1.2117016,1.4017017,2.3117018,3.0717018,3.6117017,3.6917017,3.4917016,3.1917017,2.5517015,2.3917017,2.2117016,2.1017017,2.3617017,2.6717017,3.0417016,3.3017015,3.8617017,4.461702,4.8917017
7.3017015,7.231702,6.691702,7.311702,7.541702,7.4017015,6.941702,6.8017015,7.6317015,6.9517016,3.8817017,5.7417016,5.4917016,5.1717014,5.7617016,6.5917015,6.9717016,8.421701,7.9317017,9.571702,9.641702,9.581701,8.171701,5.981702,5.3517017,5.1617017,5.6617017,5.5317016,5.9117017,5.811702,4.981702,4.1017017,3.4217017,2.1317017,1.6017016,1.1717017,0.57170165,1.0817016,1.3717017,1.6817017,1.8217016,1.9217017,2.2917016,2.7917016,3.2517016,3.2917016,2.8817017,2.4217017,2.3217018,2.0217016,3.4517016,4.2417016,3.7017016,4.5717015,5.3517017,5.3017015,5.561702
7.3717017,8.3417015,9.541701,10.801702,11.221702,9.731702,8.791701,8.111702,7.7217016,4.8017015,7.1517015,8.251701,7.041702,7.2417016,6.2417016,5.1517015,5.0117016,5.481702,6.1717014,7.0917015,7.5717015,7.941702,8.691702,7.7617016,6.251702,5.7017016,5.4317017,5.3017015,5.4917016,5.8017015,5.0817018,4.6617017,4.311702,4.0117016,3.2417016,2.7417016,2.8917017,4.0317016,5.751702,4.7617016,2.6717017,2.2617016,3.1817017,3.6617017,4.041702,3.9517016,3.7817016,2.9017017,2.7617016,2.1517017,3.1017017,4.521702,5.9117017,6.271702,5.2817016,4.6317015,4.4717016
7.3317018,8.811702,10.181702,11.221702,11.661701,12.361702,13.411701,12.151702,11.401702,10.771702,10.561702,9.821702,9.131701,8.8417015,8.521702,8.361702,9.071702,9.011702,8.141702,7.541702,8.271702,9.851702,9.301702,8.311702,7.4217014,6.3917017,5.6717014,5.6117015,5.5817018,5.5117016,5.4217014,5.4017015,5.7017016,6.501702,6.291702,5.6717014,5.541702,4.6317015,3.4317017,4.461702,4.6017017,4.9917016,4.3617015,3.7817016,4.6517015,5.211702,5.1017017,4.7217016,3.7117016,3.3417017,3.1717017,2.7417016,2.2017016,1.9217017,1.7117016,2.5517015,2.9217017
3.3617017,5.1117015,8.201702,11.381701,9.921701,10.261702,11.421701,11.981702,12.371701,13.881701,15.121701,13.8417015,11.641702,9.641702,8.351702,7.5817018,8.811702,9.401702,9.061702,8.331701,7.3817015,7.5317016,8.181702,8.171701,8.631701,7.521702,6.5917015,6.5317016,6.1517015,5.521702,5.501702,5.4017015,5.3317018,5.4117017,5.3317018,5.6017017,7.441702,8.461701,7.9117017,6.9317017,5.6817017,4.8217015,5.4017015,5.2817016,4.8417015,4.481702,4.8617015,4.4717016,3.6317017,1.9217017,1.4417017,1.1717017,-0.04829834,-0.47829834,0.30170166,1.8217016,3.1217017
