public/data/weather/2019/10/01/0000-wind-isobaric-500hPa-gfs-1.0.json
{"header": { "discipline":0, "disciplineName":"Meteorological products", "gribEdition":2, "gribLength":77164, "center":7, "centerName":"US National Weather Service - NCEP(WMC)", "subcenter":0, "refTime":"2019-10-01T00:00:00.000Z", "significanceOfRT":1, "significanceOfRTName":"Start of forecast", "productStatus":0, "productStatusName":"Operational products", "productType":1, "productTypeName":"Forecast products", "productDefinitionTemplate":0, "productDefinitionTemplateName":"Analysis/forecast at horizontal level/layer at a point in time", "parameterCategory":2, "parameterCategoryName":"Momentum", "parameterNumber":2, "parameterNumberName":"U-component_of_wind", "parameterUnit":"m.s-1", "genProcessType":2, "genProcessTypeName":"Forecast", "forecastTime":0, "surface1Type":100, "surface1TypeName":"Isobaric surface", "surface1Value":50000.0, "surface2Type":255, "surface2TypeName":"Missing", "surface2Value":0.0, "gridDefinitionTemplate":0, "gridDefinitionTemplateName":"Latitude_Longitude", "numberPoints":65160, "shape":6, "shapeName":"Earth spherical with radius of 6,371,229.0 m", "gridUnits":"degrees", "resolution":48, "winds":"true", "scanMode":0, "nx":360, "ny":181, "basicAngle":0, "lo1":0.0, "la1":90.0, "lo2":359.0, "la2":-90.0, "dx":1.0, "dy":1.0 }, "data":
[rows 0 to 25 of 181, columns 236 to 294 of 360]
2.212583,2.462583,2.702583,2.952583,3.192583,3.432583,3.672583,3.912583,4.152583,4.392583,4.632583,4.862583,5.102583,5.332583,5.562583,5.792583,6.022583,6.242583,6.472583,6.692583,6.912583,7.132583,7.342583,7.552583,7.762583,7.972583,8.182583,8.382583,8.582583,8.782583,8.982583,9.172583,9.362583,9.552583,9.732583,9.912583,10.092583,10.272583,10.442583,10.612583,10.772583,10.942583,11.102583,11.252583,11.402583,11.552583,11.702583,11.842583,11.982583,12.112583,12.242583,12.372583,12.492583,12.612583,12.732583,12.842583,12.952583,13.052583,13.152583
0.99258304,1.202583,1.402583,1.612583,1.812583,2.012583,2.212583,2.412583,2.602583,2.792583,2.992583,3.182583,3.372583,3.552583,3.742583,3.912583,4.092583,4.262583,4.432583,4.602583,4.772583,4.932583,5.082583,5.232583,5.382583,5.522583,5.672583,5.812583,5.952583,6.082583,6.222583,6.342583,6.472583,6.592583,6.722583,6.842583,6.962583,7.082583,7.192583,7.312583,7.422583,7.532583,7.632583,7.752583,7.862583,7.962583,8.072583,8.182583,8.282583,8.382583,8.482583,8.582583,8.682583,8.782583,8.872583,8.972583,9.062583,9.142583,9.232583
-2.837417,-2.627417,-2.427417,-2.227417,-2.037417,-1.847417,-1.667417,-1.497417,-1.327417,-1.1574169,-1.007417,-0.847417,-0.667417,-0.48741698,-0.317417,-0.147417,-0.007416992,0.14258301,0.282583,0.412583,0.552583,0.68258303,0.812583,0.952583,1.0925831,1.232583,1.372583,1.532583,1.692583,1.852583,2.002583,2.162583,2.322583,2.482583,2.642583,2.812583,2.982583,3.1525831,3.322583,3.492583,3.662583,3.822583,3.982583,4.142583,4.302583,4.472583,4.632583,4.802583,4.962583,5.132583,5.302583,5.472583,5.642583,5.802583,5.962583,6.112583,6.252583,6.392583,6.532583
-6.047417,-6.007417,-5.977417,-5.927417,-5.827417,-5.707417,-5.517417,-5.297417,-5.067417,-4.837417,-4.587417,-4.317417,-4.047417,-3.787417,-3.507417,-3.237417,-2.977417,-2.747417,-2.527417,-2.327417,-2.137417,-1.917417,-1.677417,-1.437417,-1.167417,-0.897417,-0.647417,-0.407417,-0.177417,0.03258301,0.22258301,0.412583,0.592583,0.772583,0.952583,1.132583,1.302583,1.472583,1.642583,1.802583,1.972583,2.122583,2.282583,2.432583,2.602583,2.762583,2.932583,3.112583,3.312583,3.522583,3.722583,3.932583,4.132583,4.332583,4.532583,4.732583,4.932583,5.132583,5.322583
-8.077417,-8.007417,-7.947417,-7.847417,-7.747417,-7.637417,-7.517417,-7.427417,-7.327417,-7.207417,-7.087417,-6.967417,-6.837417,-6.657417,-6.477417,-6.277417,-6.067417,-5.837417,-5.577417,-5.297417,-4.987417,-4.657417,-4.387417,-4.117417,-3.877417,-3.627417,-3.317417,-3.007417,-2.617417,-2.227417,-1.827417,-1.457417,-1.107417,-0.777417,-0.477417,-0.18741699,0.09258301,0.372583,0.642583,0.912583,1.152583,1.352583,1.532583,1.692583,1.832583,1.982583,2.142583,2.352583,2.572583,2.812583,3.042583,3.262583,3.472583,3.672583,3.842583,3.992583,4.132583,4.272583,4.412583
-8.497417,-8.557417,-8.667417,-8.727417,-8.757417,-8.767417,-8.667417,-8.517417,-8.327417,-8.177417,-8.057417,-7.997417,-7.977417,-7.957417,-7.927417,-7.767417,-7.517417,-7.167417,-6.777417,-6.397417,-6.047417,-5.767417,-5.527417,-5.297417,-5.037417,-4.757417,-4.387417,-4.027417,-3.677417,-3.327417,-2.987417,-2.667417,-2.417417,-2.207417,-2.027417,-1.857417,-1.6574169,-1.457417,-1.237417,-1.007417,-0.75741696,-0.497417,-0.24741699,-0.017416991,0.17258301,0.35258302,0.522583,0.692583,0.882583,1.0925831,1.302583,1.532583,1.782583,2.032583,2.302583,2.572583,2.832583,3.082583,3.302583
-14.077417,-14.007417,-13.897417,-13.807417,-13.607417,-13.337417,-13.057417,-12.887417,-12.597417,-12.237417,-11.867417,-11.497417,-11.087417,-10.737417,-10.457417,-10.237417,-10.077417,-9.917417,-9.707417,-9.407417,-9.067417,-8.747417,-8.517417,-8.337417,-8.107417,-7.727417,-7.177417,-6.587417,-6.107417,-5.657417,-5.277417,-4.997417,-4.837417,-4.707417,-4.447417,-4.037417,-3.537417,-3.047417,-2.557417,-2.087417,-1.617417,-1.177417,-0.837417,-0.557417,-0.26741698,0.06258301,0.362583,0.662583,0.912583,1.0925831,1.272583,1.522583,1.772583,1.972583,2.102583,2.212583,2.352583,2.512583,2.692583
-21.897417,-21.887417,-21.817417,-21.617416,-21.457417,-21.157417,-20.777416,-20.267418,-19.567417,-18.817417,-18.017418,-17.297417,-16.707417,-16.047417,-15.417417,-14.687417,-13.807417,-13.107417,-12.367417,-11.687417,-11.297417,-11.057417,-10.647417,-10.147417,-9.787417,-9.497417,-9.047417,-8.437417,-7.907417,-7.477417,-7.017417,-6.557417,-6.047417,-5.447417,-4.897417,-4.627417,-4.397417,-4.137417,-3.727417,-3.307417,-2.917417,-2.517417,-2.167417,-1.917417,-1.7874169,-1.557417,-1.177417,-0.787417,-0.497417,-0.22741699,0.11258301,0.362583,0.702583,0.962583,1.192583,1.482583,1.782583,1.862583,2.1525831
-19.147417,-19.097418,-19.147417,-19.247417,-19.467417,-19.697416,-19.907417,-20.107416,-20.297417,-20.527416,-20.597418,-20.547417,-20.387417,-20.047417,-19.577417,-18.837418,-17.737417,-16.737417,-15.877417,-15.037417,-14.357417,-13.527417,-12.527417,-11.657417,-10.767417,-10.127417,-9.707417,-9.197417,-8.667417,-8.267417,-7.757417,-7.097417,-6.447417,-5.837417,-5.367417,-4.997417,-4.557417,-4.097417,-3.697417,-3.237417,-2.807417,-2.317417,-1.777417,-1.2874169,-0.797417,-0.407417,0.022583008,0.412583,0.87258303,1.262583,1.7125831,2.422583,3.002583,3.382583,3.532583,3.622583,3.702583,3.872583,4.112583
-14.417417,-14.497417,-14.507417,-14.507417,-14.587417,-14.867417,-15.187417,-15.437417,-15.817417,-16.327417,-16.567417,-16.707417,-17.067417,-17.547417,-17.557417,-17.177418,-17.047417,-17.137417,-16.927418,-16.507418,-15.957417,-15.277417,-14.197417,-13.177417,-12.507417,-11.557417,-10.777417,-10.117417,-9.437417,-8.667417,-7.877417,-7.457417,-7.117417,-6.427417,-5.737417,-5.127417,-4.687417,-3.927417,-3.527417,-3.217417,-2.907417,-2.307417,-1.627417,-1.087417,-0.50741696,0.14258301,0.852583,1.112583,0.952583,1.482583,2.352583,2.352583,2.342583,2.352583,2.442583,2.662583,2.912583,3.182583,3.562583
-10.987417,-11.347417,-11.877417,-12.367417,-12.667417,-12.877417,-13.067417,-13.457417,-13.897417,-13.877417,-14.007417,-14.617417,-14.767417,-14.827417,-14.787417,-14.897417,-15.107417,-14.897417,-14.777417,-15.137417,-14.917417,-14.337417,-14.597417,-14.407417,-13.627417,-12.297417,-11.557417,-10.857417,-9.967417,-9.247417,-8.727417,-8.207417,-8.227417,-8.067417,-7.127417,-6.407417,-5.667417,-5.027417,-4.467417,-4.197417,-3.717417,-3.057417,-2.547417,-2.077417,-1.707417,-1.4074169,-1.487417,-1.147417,-0.987417,-0.637417,-0.19741699,0.012583008,0.492583,0.45258301,0.68258303,0.772583,1.042583,1.552583,1.9625831
-9.557417,-10.077417,-10.757417,-11.507417,-12.077417,-12.397417,-12.737417,-13.257417,-13.817417,-14.247417,-14.487417,-14.427417,-14.037417,-13.697417,-13.617417,-13.567417,-13.137417,-13.147417,-13.467417,-13.297417,-12.977417,-12.607417,-12.247417,-12.317417,-12.117417,-12.047417,-11.547417,-10.717417,-9.877417,-9.087417,-8.507417,-7.757417,-7.297417,-7.397417,-6.957417,-6.697417,-6.207417,-5.937417,-5.707417,-5.207417,-4.517417,-4.167417,-4.147417,-3.937417,-4.127417,-2.787417,-2.127417,-2.147417,-1.637417,-0.987417,-0.837417,-0.39741698,-0.07741699,0.14258301,0.432583,0.62258303,0.802583,1.192583,1.182583
-3.497417,-4.857417,-5.627417,-6.377417,-7.507417,-8.637417,-9.307417,-9.747417,-10.067417,-10.427417,-10.527417,-10.687417,-10.747417,-10.877417,-11.097417,-11.187417,-10.907417,-10.587417,-10.317417,-9.897417,-9.977417,-9.907417,-9.957417,-9.287417,-9.057417,-8.847417,-8.857417,-9.337417,-8.717417,-8.297417,-7.457417,-6.777417,-6.087417,-5.697417,-5.857417,-5.957417,-5.497417,-5.037417,-4.717417,-4.547417,-4.447417,-4.427417,-4.257417,-4.237417,-4.087417,-3.397417,-3.677417,-3.697417,-3.437417,-2.917417,-2.427417,-2.107417,-1.847417,-1.817417,-1.927417,-1.457417,-1.027417,-0.727417,-0.697417
11.282583,11.722583,11.342583,10.842583,10.092583,9.442583,8.442583,7.462583,6.512583,5.692583,4.792583,4.042583,3.262583,2.482583,2.072583,0.902583,-0.18741699,-0.657417,-1.367417,-1.877417,-3.047417,-4.387417,-4.957417,-5.037417,-5.347417,-5.057417,-5.327417,-5.297417,-6.077417,-6.247417,-5.967417,-5.247417,-4.397417,-4.037417,-3.837417,-3.917417,-4.047417,-4.017417,-4.007417,-3.827417,-3.767417,-3.897417,-3.787417,-3.527417,-3.407417,-3.107417,-3.3474169,-3.407417,-3.807417,-3.817417,-3.697417,-3.537417,-3.387417,-3.257417,-3.697417,-3.927417,-4.277417,-3.587417,-3.527417
25.522583,25.712584,25.422583,24.572582,23.652582,22.832582,22.242582,21.572582,21.492582,20.772583,19.722584,18.462584,17.312584,16.132584,14.782583,13.052583,11.242583,9.862583,8.492583,6.732583,5.592583,3.832583,2.592583,1.492583,0.652583,-0.617417,-0.977417,-1.547417,-1.817417,-2.407417,-3.467417,-3.327417,-2.897417,-2.497417,-2.447417,-2.717417,-2.877417,-2.897417,-2.5974169,-2.667417,-2.947417,-3.537417,-3.997417,-4.417417,-4.667417,-4.967417,-4.797417,-4.557417,-4.577417,-4.807417,-5.137417,-5.297417,-5.347417,-5.477417,-5.457417,-5.387417,-5.317417,-5.157417,-4.617417
26.442583,27.032583,27.632584,28.162582,28.672583,29.002583,29.362583,29.152582,28.932583,28.562584,27.582582,26.772583,25.602583,23.672583,22.222584,21.412582,20.022583,18.502583,17.192583,15.722583,13.662583,11.372583,9.522583,7.502583,5.692583,5.022583,3.702583,2.982583,1.932583,1.172583,0.442583,-1.237417,-1.367417,-1.327417,-1.247417,-0.917417,-1.277417,-1.817417,-1.847417,-2.357417,-2.447417,-3.447417,-3.767417,-4.317417,-4.707417,-5.197417,-5.377417,-5.277417,-5.417417,-5.607417,-5.847417,-6.267417,-6.487417,-6.357417,-6.287417,-6.197417,-5.947417,-5.647417,-5.387417
22.302584,23.252583,24.182583,25.222584,26.192583,26.662582,26.862583,26.822582,26.802584,26.862583,26.512583,26.092583,25.782583,25.062584,24.562584,23.972584,23.292583,22.492582,21.512583,20.172583,18.712584,17.252583,15.012583,12.462583,10.312583,9.152583,8.522583,6.272583,4.552583,3.952583,3.162583,1.402583,0.32258302,0.492583,0.45258301,0.12258301,0.642583,-0.45741698,-1.117417,-1.367417,-1.617417,-1.507417,-1.987417,-2.897417,-3.547417,-3.907417,-4.487417,-5.117417,-6.017417,-6.857417,-6.907417,-7.007417,-7.317417,-7.127417,-7.167417,-7.967417,-8.217417,-7.697417,-7.227417
18.062584,18.262583,18.742582,19.402582,20.152582,20.862583,21.462584,22.152582,22.772583,23.452583,24.072582,24.182583,23.902582,23.332582,22.922583,22.172583,21.632584,21.002583,20.482582,20.372583,19.712584,18.652582,17.282583,14.752583,12.472583,10.842583,9.782583,8.442583,6.192583,5.112583,4.352583,3.082583,1.802583,1.552583,1.432583,1.142583,0.93258303,0.26258302,-0.81741697,-0.957417,-1.307417,-1.2874169,-1.697417,-1.837417,-2.767417,-3.007417,-3.337417,-4.017417,-4.457417,-4.937417,-5.317417,-5.437417,-5.427417,-5.987417,-6.577417,-7.187417,-7.787417,-8.377417,-7.767417
18.972584,19.432583,18.762583,17.192583,16.452583,16.652582,16.952583,17.122583,17.452583,17.732582,18.192583,18.932583,19.492582,19.752583,19.692583,18.912582,18.682583,18.562584,18.192583,17.722584,17.002583,16.412582,15.532583,12.892583,11.582583,10.002583,9.512583,8.562583,6.222583,5.292583,4.132583,3.562583,2.012583,0.762583,0.502583,0.812583,0.432583,-0.287417,-0.607417,-1.397417,-2.007417,-2.877417,-2.927417,-2.927417,-3.817417,-4.227417,-4.337417,-4.287417,-4.607417,-4.737417,-4.577417,-4.877417,-5.377417,-5.517417,-5.447417,-5.987417,-6.357417,-6.887417,-7.307417
18.672583,18.752583,18.672583,17.652582,17.052584,16.942583,16.322582,16.122583,15.632583,14.882583,14.622583,14.992583,15.742583,16.282583,16.372583,16.232582,15.712583,14.982583,14.892583,14.712583,13.972583,13.342583,11.972583,10.962583,9.712583,8.962583,8.882583,7.312583,5.682583,4.502583,3.732583,3.262583,1.582583,0.03258301,-0.317417,-0.05741699,-0.277417,-0.48741698,-1.017417,-0.517417,-0.867417,-1.747417,-2.367417,-2.117417,-2.087417,-2.467417,-2.967417,-3.757417,-4.237417,-4.497417,-4.917417,-4.987417,-5.467417,-5.397417,-5.347417,-5.137417,-5.007417,-4.977417,-4.837417
18.782583,17.822582,17.892584,17.492582,16.392584,15.742583,15.272583,14.042583,13.932583,14.632583,14.602583,14.032583,12.872583,13.452583,14.012583,13.352583,12.732583,12.012583,12.152583,11.342583,10.792583,9.832583,9.592583,8.752583,8.272583,7.892583,7.732583,6.362583,5.482583,5.522583,4.152583,3.812583,2.312583,0.662583,0.022583008,0.252583,0.48258302,0.842583,0.612583,-0.307417,-0.07741699,-0.467417,-0.547417,-0.797417,-0.87741697,-1.4074169,-1.747417,-3.497417,-4.347417,-4.587417,-3.807417,-3.067417,-3.217417,-3.177417,-3.047417,-2.947417,-3.177417,-3.627417,-3.967417
19.112583,18.012583,16.592583,15.512583,14.932583,15.442583,13.942583,13.642583,14.322583,14.082583,13.232583,13.292583,10.702583,9.682583,10.712583,10.802583,10.452583,10.572583,10.302583,9.782583,9.122583,8.652583,8.222583,7.912583,8.052583,8.022583,7.672583,6.402583,5.882583,6.402583,5.632583,4.592583,3.9025831,2.082583,0.512583,0.472583,0.792583,1.142583,0.862583,0.762583,0.772583,0.392583,-0.387417,-0.407417,-0.827417,-2.497417,-2.777417,-3.387417,-4.347417,-4.807417,-5.617417,-5.527417,-5.197417,-5.127417,-4.697417,-4.297417,-4.037417,-3.687417,-3.317417
19.642584,18.312584,17.202583,16.352583,16.852583,16.172583,15.262583,15.492583,15.292583,13.332583,13.332583,13.672583,11.692583,7.992583,8.422583,8.992583,8.052583,8.332583,8.302583,8.472583,8.942583,9.302583,9.532583,9.562583,9.382583,9.642583,9.282583,7.972583,7.432583,7.522583,7.142583,6.382583,5.512583,4.862583,2.522583,0.972583,1.122583,1.5925831,1.662583,1.382583,1.062583,1.042583,0.462583,0.11258301,0.212583,-2.477417,-3.537417,-4.387417,-4.047417,-3.887417,-4.117417,-4.347417,-4.597417,-4.697417,-4.137417,-3.817417,-2.977417,-3.007417,-2.657417
17.772583,17.642584,17.472584,16.622583,16.452583,16.602583,16.042583,15.142583,14.692583,13.872583,13.242583,13.132583,12.472583,9.852583,7.502583,7.782583,7.272583,7.172583,7.592583,7.942583,8.672583,9.132583,9.362583,9.772583,10.602583,10.602583,10.302583,10.062583,9.332583,9.222583,8.752583,8.322583,7.712583,6.632583,6.762583,4.412583,2.242583,2.032583,2.862583,2.942583,2.022583,1.992583,1.0925831,0.592583,0.332583,-0.687417,-1.7874169,-2.217417,-3.317417,-4.047417,-3.587417,-3.127417,-3.227417,-2.617417,-2.907417,-2.827417,-2.797417,-3.617417,-2.167417
13.512583,13.662583,13.992583,12.662583,13.662583,14.832583,14.362583,14.832583,14.082583,13.802583,13.512583,13.542583,13.002583,11.292583,8.432583,7.962583,7.772583,7.142583,6.952583,8.102583,9.102583,9.422583,8.892583,8.812583,9.222583,9.362583,9.862583,10.012583,10.242583,10.462583,10.452583,10.142583,9.482583,8.762583,8.512583,8.012583,6.422583,3.702583,3.482583,4.072583,3.322583,2.622583,2.172583,1.702583,0.722583,0.922583,0.722583,-1.027417,-1.767417,-1.997417,-2.917417,-3.877417,-2.467417,-1.327417,-1.187417,-2.867417,-3.207417,-2.137417,-1.547417
11.842583,11.902583,11.272583,10.972583,11.192583,12.522583,12.372583,12.592583,12.682583,12.592583,12.552583,12.412583,12.292583,11.242583,9.322583,8.042583,8.062583,6.872583,6.912583,7.242583,8.212583,8.142583,8.012583,8.622583,9.042583,9.872583,10.672583,11.112583,11.312583,11.182583,11.842583,12.232583,11.942583,11.322583,10.552583,9.912583,8.962583,7.652583,4.432583,4.912583,3.842583,3.342583,2.262583,1.902583,3.192583,3.022583,2.132583,0.912583,-0.107416995,-0.677417,-1.277417,-1.677417,-2.817417,-4.537417,-4.617417,-3.817417,-3.147417,-2.707417,-2.117417
