public/data/weather/2019/10/01/0000-wind-isobaric-500hPa-gfs-1.0.json
{"header": { "discipline":0, "disciplineName":"Meteorological products", "gribEdition":2, "gribLength":79176, "center":7, "centerName":"US National Weather Service - NCEP(WMC)", "subcenter":0, "refTime":"2019-10-01T00:00:00.000Z", "significanceOfRT":1, "significanceOfRTName":"Start of forecast", "productStatus":0, "productStatusName":"Operational products", "productType":1, "productTypeName":"Forecast products", "productDefinitionTemplate":0, "productDefinitionTemplateName":"Analysis/forecast at horizontal level/layer at a point in time", "parameterCategory":2, "parameterCategoryName":"Momentum", "parameterNumber":3, "parameterNumberName":"V-component_of_wind", "parameterUnit":"m.s-1", "genProcessType":2, "genProcessTypeName":"Forecast", "forecastTime":0, "surface1Type":100, "surface1TypeName":"Isobaric surface", "surface1Value":50000.0, "surface2Type":255, "surface2TypeName":"Missing", "surface2Value":0.0, "gridDefinitionTemplate":0, "gridDefinitionTemplateName":"Latitude_Longitude", "numberPoints":65160, "shape":6, "shapeName":"Earth spherical with radius of 6,371,229.0 m", "gridUnits":"degrees", "resolution":48, "winds":"true", "scanMode":0, "nx":360, "ny":181, "basicAngle":0, "lo1":0.0, "la1":90.0, "lo2":359.0, "la2":-90.0, "dx":1.0, "dy":1.0 }, "data":
[rows 104 to 129 of 181, columns 236 to 294 of 360]
-1.705586,-1.675586,-0.44558594,0.48441407,0.6844141,0.7444141,0.65441406,0.52441406,0.89441407,0.47441405,0.77441406,1.204414,2.054414,2.764414,3.374414,3.624414,4.294414,4.844414,5.0344143,5.114414,5.314414,6.0544143,6.5544143,6.984414,7.0344143,7.314414,7.254414,7.114414,6.404414,6.854414,6.774414,5.5744143,3.984414,3.114414,1.784414,1.154414,0.5044141,1.4644141,0.114414066,0.044414062,-0.22558594,-1.2655859,-4.025586,-2.605586,-2.495586,-2.3155859,-0.88558596,0.37441406,0.6944141,2.6844141,4.0744143,-5.355586,-3.435586,0.20441407,-3.885586,-2.775586,0.024414062,1.814414,-0.89558595
-1.295586,-0.54558593,-1.2555859,-1.075586,-0.32558593,0.44441405,1.154414,0.97441405,1.2544141,0.8744141,0.6244141,1.414414,2.314414,2.244414,2.6844141,3.304414,4.564414,5.394414,5.844414,6.454414,6.7844143,7.234414,7.374414,7.274414,7.404414,8.054414,8.814414,8.734414,8.684414,8.384414,7.764414,6.414414,5.844414,4.494414,3.014414,2.4444141,1.7344141,-0.055585936,0.22441407,0.73441404,-0.41558594,-1.0055859,-5.775586,-4.745586,-3.3255858,-3.195586,-1.4055859,-1.595586,1.5144141,2.9044142,3.524414,3.334414,0.31441405,-0.46558595,1.574414,-1.1255859,0.14441407,-0.72558594,0.29441407
-1.6555859,-1.7555859,-1.465586,-1.425586,-1.915586,-1.065586,-0.30558595,0.64441407,1.434414,1.8544141,1.9844141,1.704414,1.2644141,1.534414,2.524414,2.9144142,3.554414,4.954414,4.944414,6.184414,7.254414,7.974414,8.234414,8.764414,9.024414,8.894414,8.744414,9.114414,10.174414,10.224414,9.164414,7.234414,7.0344143,5.724414,4.584414,3.634414,1.8644141,0.71441406,-0.47558594,-0.52558595,-0.18558593,1.174414,-3.755586,-7.515586,-5.105586,-3.5555859,-3.635586,-2.225586,-0.23558594,0.22441407,2.344414,2.354414,1.7344141,2.044414,1.8744141,0.30441406,-2.355586,0.024414062,-0.64558595
-2.005586,-1.205586,-1.585586,-1.7555859,-1.3755859,-1.555586,-1.185586,-0.30558595,0.89441407,1.554414,1.414414,2.104414,2.634414,2.9544141,2.4244142,2.244414,2.114414,3.534414,3.764414,4.744414,6.0744143,6.524414,7.084414,8.284414,9.174414,9.414414,10.224414,10.634414,10.034414,8.914414,9.054414,8.604414,6.344414,5.0744143,5.194414,4.374414,4.144414,2.6944141,0.47441405,-0.57558596,-1.1455859,-0.88558596,-0.24558593,-8.805586,-6.085586,-5.115586,-3.8055859,-1.575586,-1.7855859,-1.1555859,-0.6255859,0.90441406,0.48441407,0.54441404,1.6044141,1.554414,0.90441406,0.22441407,0.98441404
-4.745586,-4.635586,-3.665586,-2.245586,-1.7455859,-1.305586,-0.90558594,0.24441406,0.27441406,0.6344141,1.294414,2.134414,2.854414,3.124414,3.334414,3.574414,3.724414,3.894414,4.254414,4.484414,4.904414,5.594414,5.984414,6.894414,7.944414,8.964414,10.474414,11.074414,10.974414,10.574414,10.464414,8.344414,6.614414,5.0544143,3.754414,3.854414,4.234414,2.814414,1.8944141,0.36441407,-1.715586,-2.215586,-1.945586,-4.815586,-7.1755857,-4.7155857,-5.225586,-2.955586,-2.735586,-2.425586,-2.975586,-1.565586,-0.91558594,0.77441406,-1.325586,-2.175586,-1.2855859,2.604414,3.084414
-5.805586,-5.325586,-4.915586,-3.715586,-2.7955859,-1.345586,-0.8755859,-0.51558596,-0.035585936,-0.30558595,0.16441406,0.6844141,1.154414,1.834414,2.524414,2.774414,3.234414,3.604414,4.624414,5.434414,4.8044143,4.7844143,5.734414,6.714414,7.584414,9.0844145,10.024414,10.914414,11.734414,11.394414,11.354414,9.694414,8.174414,5.3244143,4.544414,2.4344141,2.1644142,2.984414,1.674414,0.10441406,-0.46558595,-1.965586,-3.5755858,-4.105586,-6.9655857,-6.515586,-5.165586,-4.685586,-3.965586,-3.975586,-3.485586,-3.755586,-2.855586,-1.2555859,-2.115586,-2.465586,-2.445586,-4.915586,-0.9355859
-5.825586,-5.645586,-4.595586,-4.435586,-4.305586,-3.5555859,-2.415586,-0.8755859,-1.205586,-1.1155859,-1.2555859,-0.84558594,0.59441406,1.0244141,1.6344141,2.374414,3.144414,3.804414,4.744414,5.404414,5.604414,6.484414,6.184414,6.5744143,7.234414,8.064414,8.934414,10.054414,10.804414,11.314414,11.764414,11.024414,8.744414,6.0544143,3.834414,3.034414,2.294414,1.824414,1.574414,-0.10558594,-0.6755859,-1.6555859,-2.3355858,-4.475586,-5.405586,-7.6955857,-6.625586,-4.985586,-5.545586,-3.175586,-4.4255857,-4.345586,-4.735586,-3.135586,-2.3055859,-0.53558594,-0.015585938,-2.0655859,-3.0855858
-5.225586,-4.975586,-4.825586,-4.655586,-4.325586,-4.105586,-3.105586,-3.255586,-2.405586,-1.8555859,-1.805586,-0.88558596,-0.15558594,-0.40558594,0.22441407,1.0244141,2.054414,2.864414,4.0344143,4.604414,5.204414,6.654414,7.484414,7.964414,7.264414,7.734414,8.694414,9.824414,9.914414,10.194414,9.454414,9.564414,8.034414,6.674414,4.264414,3.094414,1.9944141,1.294414,-0.015585938,-0.38558593,-0.78558594,-1.2755859,-2.205586,-2.175586,-4.325586,-5.365586,-7.415586,-6.935586,-5.1755857,-6.415586,-4.785586,-4.845586,-4.275586,-3.955586,-3.215586,-0.44558594,-2.635586,-1.7855859,-2.495586
-6.055586,-5.865586,-5.165586,-4.685586,-3.8055859,-3.495586,-4.015586,-3.855586,-3.115586,-3.485586,-3.105586,-2.165586,-1.1355859,-0.5555859,-0.08558594,0.45441407,0.85441405,2.514414,2.6944141,4.124414,4.834414,6.494414,8.3344145,8.814414,7.474414,6.704414,7.984414,8.754414,8.964414,10.304414,11.154414,9.234414,8.134414,7.254414,4.854414,4.254414,2.2044141,0.55441403,-0.7455859,-0.48558593,-1.585586,-2.0755858,-2.3255858,-2.865586,-3.5555859,-3.495586,-5.7155857,-7.525586,-7.725586,-6.665586,-8.625586,-6.375586,-5.045586,-4.805586,-4.265586,-2.245586,0.09441406,-2.0855858,-7.165586
-6.1955857,-6.495586,-6.605586,-6.045586,-5.205586,-4.025586,-3.375586,-3.485586,-3.5855858,-3.355586,-3.105586,-3.685586,-2.495586,-1.465586,-0.38558593,0.91441405,1.314414,1.294414,1.7144141,3.254414,4.8044143,6.984414,7.234414,8.604414,7.454414,7.0344143,8.0444145,9.244414,9.154414,11.494414,12.664414,10.614414,7.954414,7.5544143,5.0344143,3.364414,2.4344141,1.074414,-0.025585938,-0.7555859,-1.0355859,-0.30558595,-1.835586,-2.905586,-4.115586,-4.565586,-4.095586,-6.255586,-8.145586,-9.225586,-9.025586,-10.275586,-7.585586,-6.635586,-5.9655857,-4.205586,-5.155586,-6.065586,-8.815586
-7.345586,-8.215586,-8.235586,-7.255586,-5.915586,-5.565586,-6.025586,-4.635586,-3.475586,-3.385586,-3.425586,-3.235586,-2.3455858,-1.195586,-0.37558594,0.44441405,1.0944141,1.904414,2.604414,3.304414,6.474414,8.234414,5.254414,5.254414,6.084414,6.624414,8.0844145,8.974414,10.194414,12.644414,13.014414,10.344414,7.734414,6.494414,4.394414,3.014414,3.2144141,1.654414,0.52441406,0.8144141,-0.45558593,-1.6455859,-2.2855859,-2.935586,-3.905586,-5.025586,-6.235586,-6.2155857,-7.625586,-8.355586,-10.255586,-9.505586,-10.175586,-8.935586,-8.175586,-7.775586,-8.185586,-7.125586,-2.3255858
-4.775586,-6.005586,-7.185586,-7.435586,-7.6755857,-7.645586,-7.315586,-5.935586,-5.275586,-5.985586,-5.085586,-4.405586,-3.245586,-1.055586,0.38441408,-0.22558594,0.53441405,1.4944141,3.074414,4.024414,6.414414,8.144414,4.354414,4.444414,4.894414,6.224414,7.094414,9.114414,12.734414,13.074414,10.674414,8.554414,7.814414,5.634414,4.484414,4.364414,4.3244143,3.794414,3.374414,1.834414,-0.07558594,-0.5655859,-2.405586,-4.045586,-3.775586,-4.515586,-5.845586,-7.755586,-8.135586,-8.655586,-9.855586,-11.425586,-10.535586,-10.505586,-10.9555855,-10.585586,-9.275586,-8.035586,-4.055586
-4.855586,-4.585586,-5.4255857,-5.665586,-6.235586,-6.825586,-7.985586,-7.775586,-7.815586,-6.275586,-5.575586,-4.605586,-3.915586,-2.675586,-2.185586,-2.165586,-1.0055859,0.06441406,2.494414,4.134414,7.134414,6.994414,4.384414,5.374414,5.584414,6.044414,7.184414,10.114414,12.024414,10.7944145,8.114414,8.534414,7.194414,6.004414,5.204414,5.3244143,5.494414,4.8044143,4.774414,3.574414,2.1644142,0.58441406,-0.96558595,-2.415586,-4.405586,-4.975586,-6.125586,-8.035586,-9.885586,-10.015586,-9.715586,-11.035586,-12.305586,-12.325586,-12.265586,-12.1655855,-13.045586,-7.785586,-6.935586
-5.635586,-5.095586,-4.665586,-5.895586,-7.005586,-6.415586,-6.505586,-7.115586,-7.385586,-8.365586,-6.905586,-5.6955857,-4.375586,-4.555586,-4.435586,-3.615586,-2.635586,-0.85558593,1.784414,2.754414,6.8044143,5.744414,5.144414,6.134414,4.654414,7.0544143,8.354414,10.534414,10.464414,6.864414,6.454414,8.814414,8.804414,8.7944145,8.984414,8.384414,7.674414,7.294414,6.684414,6.024414,5.184414,3.6844141,0.46441406,-2.505586,-3.725586,-5.265586,-7.815586,-8.865586,-10.195586,-11.435586,-12.2055855,-11.765586,-13.005586,-13.855586,-14.505586,-14.875586,-13.4555855,-15.325586,-13.025586
-6.905586,-6.075586,-5.855586,-6.235586,-6.655586,-7.865586,-8.275586,-8.225586,-8.725586,-8.505586,-5.985586,-7.005586,-6.395586,-5.555586,-4.385586,-3.745586,-3.685586,-2.0755858,0.60441405,3.034414,6.384414,5.134414,3.2044141,2.644414,3.734414,6.764414,9.354414,10.414414,9.344414,8.614414,8.074414,10.0444145,10.854414,11.274414,10.384414,11.344414,12.514414,13.244414,13.464414,12.264414,10.884414,7.764414,4.424414,1.034414,-3.705586,-6.2155857,-8.025586,-9.695586,-10.925586,-12.745586,-13.135586,-13.935586,-14.095586,-14.905586,-17.755587,-21.975586,-8.935586,-13.335586,-12.605586
-5.4655857,-5.375586,-5.545586,-6.075586,-6.7155857,-7.505586,-8.515586,-9.975586,-10.215586,-10.535586,-11.045586,-7.025586,-5.325586,-7.155586,-6.185586,-2.5655859,-2.705586,-0.91558594,0.044414062,1.174414,3.334414,1.8644141,1.784414,3.254414,3.384414,5.724414,8.3344145,8.364414,9.004414,9.774414,10.404414,10.594414,12.074414,12.764414,15.394414,17.784414,18.304415,17.414413,15.764414,13.134414,11.324414,6.884414,3.4244142,0.59441406,-2.245586,-4.555586,-9.195586,-10.185586,-11.265586,-12.685586,-14.065586,-15.9555855,-14.595586,-16.425587,-21.695585,-20.005587,-15.275586,-16.285585,-11.115586
-5.275586,-5.095586,-4.795586,-4.9655857,-5.225586,-6.4455857,-8.215586,-8.585586,-8.655586,-11.475586,-12.615586,-15.315586,-8.195586,-5.765586,-8.145586,-6.9655857,-4.575586,-2.175586,-2.105586,-0.84558594,0.124414064,-1.0055859,0.07441406,1.0044141,4.104414,5.924414,7.434414,8.214414,9.384414,11.604414,11.244414,12.664414,14.214414,17.074413,18.824413,19.434414,18.914413,16.584414,14.304414,11.274414,8.654414,6.674414,2.614414,-1.1555859,-4.805586,-7.075586,-8.905586,-10.855586,-12.255586,-13.935586,-15.285586,-16.265587,-17.505587,-18.185585,-20.305586,-19.135586,-22.775585,-20.225586,-11.625586
-5.845586,-5.735586,-5.605586,-5.205586,-4.705586,-4.9455857,-5.565586,-7.115586,-6.6955857,-9.735586,-14.035586,-16.585587,-17.265587,-11.575586,-11.575586,-8.435586,-8.435586,-3.415586,-5.265586,-2.725586,-1.8955859,-0.095585935,-0.32558593,0.64441407,4.314414,6.144414,5.724414,8.164414,10.564414,10.204414,12.634414,14.344414,18.084414,19.684414,20.004414,18.324413,14.674414,13.204414,12.224414,11.914414,10.664414,9.164414,7.584414,4.474414,-1.175586,-3.855586,-9.385586,-11.495586,-13.715586,-14.925586,-16.275585,-19.165586,-20.645586,-20.885586,-22.675587,-20.425587,-19.455585,-23.095587,-20.965586
-4.805586,-6.385586,-6.725586,-6.275586,-5.7155857,-5.575586,-5.455586,-5.855586,-5.795586,-8.1655855,-13.105586,-17.505587,-20.245586,-14.295586,-8.655586,-6.4455857,-8.185586,-6.525586,-0.53558594,-2.5655859,-5.935586,-2.8055859,-0.69558597,3.774414,5.104414,4.734414,4.964414,6.954414,8.414414,11.5444145,14.474414,17.814415,20.114414,18.764414,15.564414,13.934414,12.974414,13.144414,12.894414,12.904414,11.784414,10.924414,8.454414,5.494414,2.4044142,-1.345586,-4.7155857,-7.355586,-12.315586,-17.225586,-19.425587,-20.335587,-22.575586,-23.495586,-13.185586,-23.865585,-23.995586,-22.065586,-21.325586
-4.035586,-6.135586,-6.635586,-6.955586,-5.845586,-5.315586,-4.685586,-5.515586,-5.265586,-6.605586,-10.755586,-17.075586,-20.635586,-24.665586,-12.615586,-6.495586,-9.4155855,-5.475586,-4.705586,-9.565586,-5.385586,-4.185586,1.034414,5.164414,5.024414,2.6544142,3.364414,6.404414,10.184414,13.184414,16.944414,18.914413,17.064415,14.524414,11.824414,12.384414,12.524414,14.954414,13.514414,12.774414,13.014414,11.824414,10.884414,8.824414,5.464414,3.064414,-0.89558595,-5.855586,-8.855586,-13.605586,-20.635586,-24.095587,-22.445585,-24.615585,-18.165586,-25.955585,-23.365585,-24.125586,-22.255587
-3.685586,-5.515586,-6.705586,-6.765586,-6.245586,-5.655586,-4.905586,-5.795586,-5.235586,-6.795586,-9.095586,-13.615586,-17.935585,-23.955585,-18.955585,-12.4555855,-9.075586,-10.385586,-6.495586,-9.555586,-4.795586,-1.565586,1.834414,2.4644141,1.164414,3.9644141,4.954414,8.174414,11.234414,14.674414,18.274414,15.714414,14.784414,13.624414,11.664414,11.734414,13.104414,13.254414,13.114414,13.574414,14.504414,14.694414,13.364414,10.064414,6.404414,5.3044143,2.6544142,-0.07558594,-6.795586,-10.875586,-15.655586,-22.355585,-24.385586,-25.075586,-23.025585,-20.615585,-25.275585,-22.985586,-24.385586
-4.615586,-6.385586,-6.585586,-6.555586,-7.025586,-6.4655857,-5.4455857,-5.605586,-6.765586,-8.295586,-8.835586,-10.025586,-14.605586,-20.255587,-22.315586,-14.015586,-13.335586,-7.025586,-8.815586,-4.975586,-3.5955858,0.5644141,2.574414,1.954414,3.034414,3.2044141,5.864414,7.5344143,12.554414,15.914414,14.154414,14.774414,14.134414,12.764414,10.924414,11.724414,13.014414,13.754414,15.394414,16.844414,17.054415,16.944414,15.714414,12.054414,7.974414,3.974414,2.774414,0.33441406,-2.3055859,-6.975586,-12.975586,-16.625586,-23.435585,-26.625586,-21.845587,-22.735586,-25.855585,-24.425587,-25.355585
-5.405586,-6.505586,-5.865586,-5.525586,-5.2155857,-6.075586,-6.345586,-7.015586,-7.975586,-8.555586,-9.775586,-9.1655855,-13.045586,-18.165586,-19.515587,-15.025586,-9.465586,-5.295586,-10.9555855,-8.085586,-3.515586,-0.66558594,4.434414,8.774414,4.164414,5.394414,4.024414,10.594414,13.524414,12.524414,14.0444145,14.974414,13.814414,12.474414,10.534414,12.514414,14.154414,14.7944145,16.464415,17.284414,17.534414,17.254414,17.924414,16.704414,8.664414,3.6944141,0.5144141,-0.6255859,-1.935586,-3.225586,-8.135586,-13.795586,-17.275585,-24.245586,-28.845587,-22.665586,-27.485586,-26.605585,-25.645586
-4.775586,-6.585586,-7.555586,-6.2155857,-5.615586,-4.865586,-7.335586,-7.535586,-8.025586,-8.005586,-8.7055855,-10.1655855,-11.135586,-15.025586,-16.165586,-14.335586,-13.385586,-9.625586,-8.335586,-4.725586,-0.54558593,0.18441406,6.374414,5.454414,4.914414,5.094414,7.584414,10.664414,10.424414,12.384414,14.064414,14.244414,13.2944145,10.144414,11.824414,13.464414,13.7944145,16.844414,18.084414,17.164413,17.304415,17.534414,19.404413,24.084414,16.974415,2.384414,-0.7455859,-4.455586,-3.5555859,-4.005586,-3.945586,-10.315586,-13.085586,-14.515586,-23.435585,-29.325586,-22.675587,-27.025585,-30.615585
-5.995586,-7.635586,-7.615586,-6.635586,-6.055586,-5.705586,-7.765586,-8.485586,-9.495586,-8.225586,-8.965586,-10.145586,-11.825586,-13.105586,-16.135586,-16.365585,-14.215586,-10.865586,-1.055586,-0.91558594,0.6944141,3.014414,4.144414,5.964414,2.834414,4.584414,7.8044143,8.244414,9.984414,12.934414,14.154414,13.014414,11.094414,10.554414,12.094414,13.054414,16.064415,17.844414,18.344414,17.264414,17.664413,18.904413,20.104414,22.614414,15.924414,4.024414,-2.425586,-4.835586,-5.9655857,-5.435586,-3.615586,-5.9655857,-10.515586,-13.535586,-16.515587,-26.125586,-30.755587,-30.485586,-25.685585
-6.015586,-9.265586,-8.015586,-6.1955857,-6.155586,-7.605586,-7.835586,-8.555586,-10.035586,-9.635586,-9.995586,-10.655586,-11.375586,-12.875586,-15.335586,-15.035586,-15.225586,-10.745586,-9.235586,-5.915586,-3.0355859,1.4844141,3.9144142,2.6744142,2.7144141,4.8244143,5.644414,6.944414,10.624414,12.3344145,11.934414,11.314414,10.5444145,11.864414,13.844414,14.854414,17.824413,18.444414,17.924414,16.614414,16.744413,18.564415,20.394415,20.484413,19.504414,3.514414,-0.19558594,-2.195586,-2.635586,-5.435586,-4.545586,-5.365586,-6.825586,-9.135586,-12.625586,-16.845587,-23.505587,-28.725586,-23.945585
