public/data/weather/2019/10/01/0000-wind-isobaric-700hPa-gfs-1.0.json
{"header": { "discipline":0, "disciplineName":"Meteorological products", "gribEdition":2, "gribLength":77787, "center":7, "centerName":"US National Weather Service - NCEP(WMC)", "subcenter":0, "refTime":"2019-10-01T00:00:00.000Z", "significanceOfRT":1, "significanceOfRTName":"Start of forecast", "productStatus":0, "productStatusName":"Operational products", "productType":1, "productTypeName":"Forecast products", "productDefinitionTemplate":0, "productDefinitionTemplateName":"Analysis/forecast at horizontal level/layer at a point in time", "parameterCategory":2, "parameterCategoryName":"Momentum", "parameterNumber":2, "parameterNumberName":"U-component_of_wind", "parameterUnit":"m.s-1", "genProcessType":2, "genProcessTypeName":"Forecast", "forecastTime":0, "surface1Type":100, "surface1TypeName":"Isobaric surface", "surface1Value":70000.0, "surface2Type":255, "surface2TypeName":"Missing", "surface2Value":0.0, "gridDefinitionTemplate":0, "gridDefinitionTemplateName":"Latitude_Longitude", "numberPoints":65160, "shape":6, "shapeName":"Earth spherical with radius of 6,371,229.0 m", "gridUnits":"degrees", "resolution":48, "winds":"true", "scanMode":0, "nx":360, "ny":181, "basicAngle":0, "lo1":0.0, "la1":90.0, "lo2":359.0, "la2":-90.0, "dx":1.0, "dy":1.0 }, "data":
[rows 0 to 25 of 181, columns 228 to 284 of 360]
0.13170166,0.24170166,0.35170165,0.46170166,0.57170165,0.68170166,0.80170166,0.9117017,1.0217017,1.1217017,1.2317016,1.3417016,1.4517016,1.5617017,1.6717017,1.7717017,1.8817017,1.9917016,2.0917017,2.1917017,2.3017015,2.4017017,2.5017016,2.6117017,2.7117016,2.8117018,2.9117017,3.0017016,3.1017017,3.2017016,3.2917016,3.3917017,3.4817016,3.5717018,3.6717017,3.7617016,3.8417017,3.9317017,4.021702,4.1017017,4.191702,4.271702,4.3517017,4.4317017,4.5117016,4.5917015,4.6717014,4.7417016,4.811702,4.8917017,4.961702,5.0317016,5.0917015,5.1617017,5.2217016,5.2817016,5.3517017
0.10170166,0.19170167,0.28170165,0.36170167,0.45170167,0.5317017,0.62170166,0.69170165,0.76170164,0.8517017,0.92170167,1.0017017,1.0817016,1.1517017,1.2317016,1.3017017,1.3817017,1.4517016,1.5217017,1.5917016,1.6717017,1.7417016,1.8117017,1.8817017,1.9617016,2.0317016,2.1117017,2.1817017,2.2517016,2.3317018,2.4117017,2.5017016,2.5817018,2.6617017,2.7417016,2.8217018,2.9017017,2.9917016,3.0817018,3.1617017,3.2517016,3.3317018,3.4217017,3.5117016,3.5917017,3.6717017,3.7517016,3.8417017,3.9117017,4.001702,4.0717015,4.1517015,4.2217016,4.3017015,4.3717017,4.441702,4.5117016
-1.2682984,-1.1882983,-1.0982983,-1.0282984,-0.94829834,-0.86829835,-0.7782983,-0.68829834,-0.5882983,-0.49829835,-0.39829835,-0.29829833,-0.19829834,-0.10829834,-0.00829834,0.09170166,0.17170165,0.25170165,0.32170165,0.40170166,0.48170167,0.56170166,0.64170164,0.7317017,0.83170164,0.92170167,1.0317017,1.1317017,1.2417016,1.3617016,1.4817016,1.6017016,1.7317016,1.8617016,1.9917016,2.1217017,2.2617016,2.4017017,2.5317016,2.6717017,2.8117018,2.9517016,3.0917017,3.2217016,3.3617017,3.4917016,3.6217017,3.7517016,3.8817017,3.9917016,4.1017017,4.2017016,4.3017015,4.4017015,4.4917016,4.5817018,4.6617017
-2.1182983,-2.1582983,-2.1982985,-2.2582984,-2.3382983,-2.4282982,-2.4982984,-2.5682983,-2.6282983,-2.6782982,-2.7182984,-2.7582984,-2.8082983,-2.8682983,-2.9282982,-2.9882984,-3.0282984,-3.0382984,-3.0282984,-2.9782984,-2.8782983,-2.7682984,-2.5982983,-2.4082983,-2.2082984,-1.9782983,-1.7582984,-1.5282984,-1.2982984,-1.0582983,-0.81829834,-0.55829835,-0.29829833,-0.02829834,0.24170166,0.50170165,0.77170163,1.0117017,1.2717017,1.5117017,1.7517017,1.9917016,2.2217016,2.4517016,2.6517017,2.8517017,3.0317016,3.2017016,3.3617017,3.5117016,3.6517017,3.7717016,3.8917017,4.0117016,4.1117015,4.211702,4.3017015
-3.5482984,-3.6682982,-3.8382983,-4.0782986,-4.3682985,-4.6182985,-4.8382983,-5.0082984,-5.1382985,-5.268298,-5.3882985,-5.458298,-5.4882984,-5.458298,-5.3982983,-5.3182983,-5.2182984,-5.1182985,-5.0082984,-4.8482985,-4.6682982,-4.4282985,-4.1782985,-3.9082983,-3.6182983,-3.3282983,-3.0782983,-2.8682983,-2.6782982,-2.4882984,-2.2882984,-2.0682983,-1.7882984,-1.4982983,-1.2182983,-0.91829836,-0.62829834,-0.32829833,-0.03829834,0.26170167,0.56170166,0.82170165,1.0617017,1.2517017,1.4117017,1.5617017,1.7017016,1.8317016,1.9717016,2.0517015,2.1417017,2.2517016,2.3617017,2.4517016,2.5317016,2.6117017,2.6917017
-5.2182984,-5.2582984,-5.288298,-5.3182983,-5.3782983,-5.4482985,-5.558298,-5.6582985,-5.7382984,-5.7582984,-5.688298,-5.5282984,-5.3382983,-5.1182985,-4.978298,-4.8682985,-4.768298,-4.6682982,-4.558298,-4.4482985,-4.3582983,-4.288298,-4.1982985,-4.0982985,-3.9982984,-3.8982983,-3.8282983,-3.7682984,-3.7582984,-3.7382984,-3.7082984,-3.6082983,-3.4982984,-3.3382983,-3.1482983,-2.9482985,-2.7582984,-2.5882983,-2.5082984,-2.4282982,-2.3382983,-2.2582984,-2.1582983,-2.0282984,-1.9282984,-1.8582983,-1.8582983,-1.8782983,-1.9382983,-2.0282984,-2.0082984,-1.9182984,-1.7182983,-1.5582983,-1.3882984,-1.1282983,-0.86829835
-6.0682983,-5.998298,-5.8982983,-5.768298,-5.6682982,-5.5782986,-5.438298,-5.228298,-5.038298,-4.8682985,-4.728298,-4.688298,-4.6582985,-4.6382985,-4.6182985,-4.5982985,-4.558298,-4.5082984,-4.478298,-4.478298,-4.4482985,-4.3982983,-4.3382983,-4.2782984,-4.208298,-4.0682983,-3.8782983,-3.7182984,-3.5982983,-3.5582983,-3.5882983,-3.6382983,-3.6382983,-3.5882983,-3.5582983,-3.6282983,-3.6482983,-3.5982983,-3.5182984,-3.4582984,-3.4982984,-3.4182982,-3.2482984,-3.0382984,-2.8882983,-2.8882983,-2.8182983,-2.6982985,-2.5682983,-2.4382982,-2.1982985,-1.9382983,-1.7582984,-1.6682984,-1.6282983,-1.4482983,-1.1982983
-8.828299,-9.208299,-9.558298,-9.878299,-10.1582985,-10.398298,-10.618299,-10.768298,-10.888298,-10.9082985,-10.9082985,-10.9082985,-10.9082985,-10.898298,-10.768298,-10.598298,-10.378299,-10.098298,-9.798298,-9.468298,-9.038299,-8.578299,-8.148298,-7.6482983,-7.1082983,-6.5482984,-5.998298,-5.5082984,-5.1182985,-4.8682985,-4.6582985,-4.458298,-4.288298,-4.1382985,-4.0482984,-4.0482984,-4.038298,-3.8682983,-3.7382984,-3.9482985,-4.1182985,-4.058298,-3.7682984,-3.5182984,-3.1982985,-2.8782983,-2.4582984,-1.9082984,-1.3682983,-0.9082983,-0.46829835,0.07170166,0.33170167,0.47170165,0.45170167,0.62170166,0.63170165
-10.858298,-11.008298,-10.968298,-10.838299,-10.478298,-10.108298,-9.698298,-9.358298,-9.188298,-8.958299,-8.848298,-8.848298,-8.808298,-8.878299,-8.898298,-8.828299,-8.788299,-8.768298,-8.848298,-9.018298,-9.188298,-9.318298,-9.488298,-9.698298,-9.918299,-9.988298,-9.748299,-9.398298,-8.928298,-8.528298,-7.9482985,-7.2582984,-6.3982983,-5.6482983,-5.308298,-5.1382985,-4.8682985,-4.708298,-4.8982983,-4.9482985,-4.438298,-3.8382983,-3.3082983,-2.7682984,-2.3082983,-1.8182983,-1.2282983,-0.79829836,-0.49829835,-0.26829833,-0.20829834,0.21170166,0.83170164,1.3117017,1.4717016,1.7517017,1.9017017
-8.208299,-8.068298,-7.8482985,-7.6482983,-7.4682984,-7.3682985,-7.3382983,-7.3482985,-7.3982983,-7.5282984,-7.708298,-7.9482985,-8.178298,-8.338299,-8.458299,-8.528298,-8.508298,-8.528298,-8.588299,-8.538299,-8.398298,-8.378299,-8.438298,-8.358298,-8.198298,-8.018298,-7.728298,-7.4182982,-7.0682983,-6.7782984,-6.6382985,-6.7382984,-7.0682983,-7.0482984,-6.5782986,-5.958298,-5.3782983,-4.5482984,-4.0782986,-4.3182983,-4.5882983,-4.478298,-4.4482985,-4.2182984,-3.9482985,-3.7482984,-3.2382984,-2.3082983,-2.0982983,-1.7282983,-1.4082984,-0.80829835,-0.8482983,-0.57829833,-0.40829834,0.12170166,1.3317016
-7.1382985,-7.0782986,-7.0482984,-7.0282984,-7.0782986,-7.288298,-7.5882983,-7.9082985,-8.258298,-8.618299,-9.068298,-9.448298,-9.648298,-9.848298,-10.188298,-10.4082985,-10.458299,-10.418299,-10.458299,-10.348298,-10.138298,-9.988298,-9.738298,-9.488298,-9.208299,-8.788299,-8.378299,-8.098298,-7.788298,-7.4482985,-6.978298,-6.5482984,-6.228298,-5.8682985,-5.5082984,-5.7582984,-5.808298,-5.3982983,-4.6082983,-3.6482983,-2.9882984,-3.3582983,-3.5082984,-3.9482985,-3.8782983,-4.0682983,-4.3682985,-3.6682982,-2.9382982,-2.2182984,-1.5382984,-1.2982984,-0.45829833,0.01170166,0.26170167,0.32170165,0.20170166
-8.018298,-8.148298,-8.508298,-9.028298,-9.598298,-10.058298,-10.278298,-10.238298,-10.248299,-10.328299,-10.748299,-11.358298,-11.428298,-11.378299,-11.528298,-11.588299,-11.668299,-11.788299,-11.858298,-11.898298,-11.9082985,-11.858298,-11.738298,-11.538299,-11.138298,-10.778298,-10.568298,-10.198298,-9.448298,-8.428298,-7.5082984,-7.0682983,-6.6582985,-6.188298,-5.6782985,-5.3782983,-5.0882983,-5.1582985,-5.3282986,-4.438298,-3.7982984,-3.8882983,-4.1382985,-4.6982985,-4.8582983,-5.1782985,-4.6382985,-4.1382985,-4.0782986,-2.9782984,-1.7482983,0.40170166,0.15170166,-0.6482983,-0.86829835,-0.5282983,-0.41829833
-7.1482983,-8.048298,-8.818298,-9.418299,-9.888298,-10.268298,-10.488298,-10.648298,-10.9082985,-11.108298,-11.088299,-10.788299,-10.438298,-10.298298,-10.068298,-9.868299,-9.6582985,-9.388298,-9.1582985,-8.708299,-8.148298,-7.7382984,-7.4082985,-6.938298,-6.688298,-6.8482985,-6.538298,-6.2382984,-6.3482985,-5.938298,-5.6282983,-5.5782986,-5.538298,-5.2982984,-4.7382984,-4.228298,-3.9982984,-3.7382984,-3.5382984,-3.9882984,-4.0282984,-3.5982983,-3.2982984,-3.2482984,-3.4582984,-3.8182983,-3.9382982,-4.0082984,-4.4082985,-3.5482984,-3.1282983,-2.3082983,-6.4482985,-7.6282983,-6.8682985,-4.8782983,-3.6082983
0.48170167,0.16170166,-0.19829834,-0.5182983,-0.82829833,-1.2382983,-1.5382984,-1.5982983,-1.6582984,-1.5882983,-1.3482983,-1.0182984,-0.81829834,-0.75829834,-0.82829833,-1.0082984,-1.2682984,-1.5882983,-1.9182984,-2.1382983,-2.1682982,-2.1282983,-2.3582983,-2.7082984,-2.7182984,-2.6382983,-2.7082984,-2.1782982,-1.3582983,-0.48829833,-1.1782984,-1.1482984,-0.9082983,-1.4682983,-1.4982983,-1.4882983,-1.5982983,-1.5982983,-1.5182984,-1.3082983,-1.4382983,-2.0682983,-2.1882982,-1.9682983,-1.7682984,-1.6782984,-1.3382983,-2.3482983,-3.3082983,-3.7282984,-3.9082983,-3.4682984,-4.728298,-3.8482983,-3.8782983,-3.9682984,-3.4382982
8.861702,8.581701,8.161701,7.6517015,7.3417015,7.1717014,6.9717016,6.751702,6.6117015,6.541702,6.5817018,6.751702,7.1717014,7.2417016,7.4517016,7.5117016,7.7417016,7.8217015,7.541702,7.2617016,6.5117016,6.0817018,5.7817016,5.3017015,4.5117016,4.291702,4.1617017,4.191702,3.3017015,2.5317016,2.7117016,3.4817016,3.0617018,2.3217018,1.9517016,1.9017017,1.5617017,0.9017017,0.30170166,0.19170167,0.39170167,-0.03829834,-0.56829834,-0.87829834,-0.98829836,-0.98829836,-1.0682983,-1.2782984,-1.5582983,-2.1582983,-2.6182983,-2.9882984,-3.3682983,-3.4982984,-3.0982983,-2.7882984,-3.5982983
12.261702,12.881701,13.411701,13.831701,14.171701,14.451702,14.511702,14.651702,14.8417015,14.951702,15.061702,15.251701,15.221702,15.191702,15.281702,15.241702,15.461701,15.551702,15.3417015,14.541701,14.351702,14.291701,13.411701,13.031702,11.911701,10.801702,9.771702,9.001701,7.8217015,6.7017016,5.6417017,5.7817016,6.1617017,5.7217016,4.9717016,4.0317016,3.5817018,3.6617017,2.9017017,2.1317017,1.8817017,1.6717017,0.75170165,0.04170166,-0.00829834,-0.53829837,-0.7782983,-1.0682983,-1.1182983,-1.1182983,-1.5482984,-2.2482984,-2.5882983,-2.9982984,-3.0882983,-2.9182982,-2.9182982
10.271702,10.521702,10.951702,11.461701,12.071702,12.5917015,13.031702,13.411701,13.861702,14.241702,14.581701,14.871701,15.061702,15.151702,15.411701,15.491702,15.411701,15.011702,14.791701,14.491702,14.351702,14.451702,14.101702,12.911701,11.821702,11.501701,10.871701,10.301702,9.211701,8.221702,7.9217014,6.9017015,6.751702,6.7217016,5.8317018,5.7217016,5.041702,4.4117017,4.0917015,3.4017017,2.4817016,2.5717018,1.9517016,1.2117016,0.80170166,0.41170165,-0.03829834,-0.9082983,-1.6182983,-1.7482983,-1.2982984,-1.5182984,-1.6982983,-1.7082983,-2.2882984,-2.6382983,-2.6482983
9.621701,10.581701,11.071702,11.671701,12.3417015,13.011702,13.431702,13.461701,13.391702,13.421701,13.351702,13.051702,12.881701,12.701702,12.701702,12.911701,12.851702,12.641702,12.451702,12.311702,11.871701,11.291701,11.031702,10.881701,10.151702,10.141702,9.831701,9.541701,8.941702,8.521702,8.081701,7.8817015,7.8317018,7.7017016,6.9317017,6.6017017,5.4217014,4.811702,4.2817016,3.8317018,3.1617017,2.5117016,1.9817016,1.5017017,0.95170164,0.5917017,0.02170166,-0.6482983,-1.1682984,-0.31829834,0.41170165,0.14170165,-0.6582983,-1.6582984,-1.2982984,-0.88829833,-1.3582983
4.061702,3.4617016,3.8417017,4.4717016,5.561702,6.6217017,7.441702,8.251701,8.971702,9.571702,10.611702,11.561702,12.221702,12.941702,13.381701,13.821702,14.401702,15.011702,15.221702,14.851702,13.971702,12.821702,12.181702,12.161701,11.361702,11.061702,10.901702,10.511702,10.161701,9.641702,8.761702,8.971702,8.101702,7.3517017,6.6517015,6.2417016,5.7017016,4.811702,4.4517016,3.8217018,3.5817018,2.8617017,1.9917016,1.2917017,0.62170166,0.51170164,0.06170166,-0.42829835,-1.2782984,-0.62829834,-0.88829833,-1.2482983,-0.78829837,-0.8382983,-0.60829836,-0.16829833,0.48170167
10.271702,10.011702,8.171701,8.161701,6.3717017,5.981702,5.6817017,7.1617017,7.5117016,5.961702,5.4217014,5.9217014,7.2017016,8.371701,8.811702,8.851702,9.181702,9.641702,10.481702,11.011702,11.321702,11.771702,12.031702,11.921701,11.561702,11.331701,11.031702,10.361702,9.831701,8.771702,7.9117017,7.251702,6.791702,6.3417015,6.0517015,5.2617016,5.4217014,4.6717014,4.271702,4.271702,3.4817016,2.9917016,2.4417017,1.6417017,1.0917016,0.87170166,1.0117017,0.70170164,-0.5282983,-1.3782983,-1.6682984,-1.3782983,-0.97829837,0.11170166,1.0317017,1.2517017,0.76170164
17.301702,15.971702,16.801702,17.661701,17.081701,14.911701,12.881701,11.821702,10.031702,9.201702,8.301702,8.521702,5.9517016,4.941702,3.9817016,5.941702,7.211702,7.3917017,7.6517015,8.261702,8.581701,9.151702,9.211701,9.021702,8.621701,8.621701,8.051702,8.161701,7.7417016,7.4217014,6.2417016,5.6417017,5.271702,5.541702,5.4517016,5.191702,5.3917017,4.541702,4.5317016,4.6017017,3.3717017,3.2217016,2.7417016,1.9317017,1.5017017,1.3617016,1.0517017,1.0717016,1.2017016,0.48170167,-1.0282984,-0.72829837,-0.91829836,-1.0582983,-2.4382982,-2.6582983,-4.1082983
14.191702,14.601702,14.291701,14.611702,15.471702,15.711701,16.591702,16.951702,16.471703,13.711701,13.251701,13.531702,10.871701,9.261702,7.1817017,6.811702,5.6017017,6.9017015,7.711702,7.561702,7.941702,7.4017015,7.0917015,5.6317015,5.041702,4.6517015,5.1217017,5.7017016,5.561702,5.4317017,5.1517015,5.061702,5.4917016,5.231702,5.3317018,5.0817018,5.5717015,5.5917015,4.9317017,4.9717016,4.251702,3.4717016,3.0417016,2.5017016,1.6817017,1.2817017,1.9117017,1.2917017,0.86170167,1.1617017,-0.14829834,-1.2082983,-1.5982983,-4.1482983,-4.6082983,-5.1082983,-5.3482985
10.921701,12.381701,12.141702,11.831701,12.671701,12.851702,14.011702,14.661701,14.851702,15.451702,14.081701,12.681702,13.001701,12.651702,9.661701,9.111702,8.771702,5.3817015,6.9717016,7.4217014,6.8417015,6.6817017,4.7217016,4.0917015,4.1717014,4.6017017,4.961702,5.1117015,5.2017016,5.3317018,5.5517015,5.8217015,5.9017015,5.7217016,5.8817015,5.541702,5.5717015,5.7017016,5.961702,5.8617015,5.521702,4.0817018,4.8817015,3.4217017,2.9017017,2.1317017,2.4717016,3.4917016,3.0117016,2.2517016,0.56170166,-0.05829834,-1.0982983,-2.9482985,-3.4782984,-3.3782983,-3.8882983
16.431702,14.271702,12.911701,10.991702,11.961701,11.731702,11.641702,10.041701,10.391702,10.371701,10.451702,11.611702,11.751701,12.201702,10.0917015,10.191702,10.0917015,7.691702,6.0317016,6.6217017,6.5517015,5.771702,5.2817016,4.731702,4.6117015,4.501702,5.9317017,6.6017017,6.251702,6.4517016,6.6017017,6.8717017,7.2417016,6.8617015,7.0117016,7.211702,6.8817015,7.0717015,6.7017016,6.9017015,6.6117015,6.4017015,6.2817016,5.4117017,4.2417016,4.2817016,3.9617016,2.8917017,2.4517016,2.6417017,2.8117018,1.6017016,1.1717017,0.5317017,-0.8482983,-1.5282984,-2.3482983
13.011702,13.751701,14.311702,13.851702,13.281702,12.811702,12.381701,12.041701,13.081701,13.171701,10.691702,10.431702,10.291701,10.781702,9.721702,9.141702,8.991702,7.4517016,5.6217017,5.8417015,5.6517015,5.6117015,5.7417016,5.3217015,4.731702,5.8617015,5.8417015,5.6017017,5.5817018,5.5717015,6.0717015,6.5917015,7.501702,7.8617015,8.211701,8.751701,8.761702,8.311702,8.261702,7.8417015,7.8017015,7.4217014,7.1417017,6.231702,6.4917016,5.4717016,4.3717017,4.291702,4.8017015,4.001702,3.4817016,3.3117018,3.3917017,1.8217016,1.6417017,1.5817016,0.67170167
5.001702,4.4517016,5.6117015,6.9017015,7.2617016,7.4017015,7.5517015,10.771702,11.271702,8.911701,8.981702,8.741702,7.8617015,8.121701,7.7617016,7.231702,7.711702,6.941702,6.1017017,5.8917017,5.461702,5.6817017,6.061702,6.461702,6.4917016,6.8917017,7.0517015,7.2217016,7.5917015,7.8417015,7.9517016,7.961702,8.791701,9.371701,9.0917015,9.251701,10.291701,10.081701,9.811702,9.021702,8.651702,8.731702,7.6517015,6.561702,7.1417017,6.1217017,5.1617017,4.9117017,4.8617015,5.3917017,5.3917017,4.7817016,4.0517015,3.1117017,3.4617016,2.9217017,2.9417017
