public/data/weather/2019/10/01/0000-wind-isobaric-700hPa-gfs-1.0.json
{"header": { "discipline":0, "disciplineName":"Meteorological products", "gribEdition":2, "gribLength":79375, "center":7, "centerName":"US National Weather Service - NCEP(WMC)", "subcenter":0, "refTime":"2019-10-01T00:00:00.000Z", "significanceOfRT":1, "significanceOfRTName":"Start of forecast", "productStatus":0, "productStatusName":"Operational products", "productType":1, "productTypeName":"Forecast products", "productDefinitionTemplate":0, "productDefinitionTemplateName":"Analysis/forecast at horizontal level/layer at a point in time", "parameterCategory":2, "parameterCategoryName":"Momentum", "parameterNumber":3, "parameterNumberName":"V-component_of_wind", "parameterUnit":"m.s-1", "genProcessType":2, "genProcessTypeName":"Forecast", "forecastTime":0, "surface1Type":100, "surface1TypeName":"Isobaric surface", "surface1Value":70000.0, "surface2Type":255, "surface2TypeName":"Missing", "surface2Value":0.0, "gridDefinitionTemplate":0, "gridDefinitionTemplateName":"Latitude_Longitude", "numberPoints":65160, "shape":6, "shapeName":"Earth spherical with radius of 6,371,229.0 m", "gridUnits":"degrees", "resolution":48, "winds":"true", "scanMode":0, "nx":360, "ny":181, "basicAngle":0, "lo1":0.0, "la1":90.0, "lo2":359.0, "la2":-90.0, "dx":1.0, "dy":1.0 }, "data":
[rows 78 to 103 of 181, columns 116 to 173 of 360]
2.0320117,3.7420118,4.2820115,3.9220116,4.4920115,2.2720118,3.4720118,3.0820117,2.5720117,2.2420118,2.7320118,1.0020118,-0.63798827,-2.8579884,-6.2779884,-3.8779883,-4.8579884,-0.8579883,3.9220116,6.092012,5.2720118,4.8120117,4.7720118,6.822012,6.7720118,5.442012,4.002012,3.2220118,1.9220117,1.7120117,1.5720117,0.4420117,-1.3379883,-1.9979882,-2.0779884,-3.2579882,-3.9879882,-4.1079884,-4.9179883,-4.8579884,-5.5679884,-4.4379883,-4.7979884,-3.5679884,-2.5279882,-1.3479882,-1.7279882,-2.6179883,-1.9079883,-2.1379883,-1.1879883,-1.8579882,-0.6079883,-0.17798828,1.0720117,1.2520118,1.6920117,1.1120117
2.2320118,3.0520117,3.3120117,3.4320116,2.8020117,1.5620117,2.8020117,2.2620118,1.5220118,2.1520116,1.7120117,0.8420117,0.23201172,-1.9179883,-3.7279882,-2.8079882,-0.8079883,1.5920117,1.1920117,2.1220117,3.9520118,5.4920115,4.3920116,5.322012,4.902012,4.092012,3.1820116,2.7020118,1.6120117,2.4120116,1.9220117,1.6920117,1.0120118,-0.4579883,-0.41798827,-1.9579883,-3.3479884,-4.747988,-5.017988,-5.6879883,-6.017988,-6.2079883,-5.387988,-4.5279884,-3.2779882,-2.2979882,-1.3279883,-1.8479882,-2.3679883,-3.5279882,-1.5479883,-2.8679883,-1.5879883,-0.4279883,1.2020117,1.2220117,2.8820117,1.4720117
2.0120118,2.4120116,3.4020116,2.8720117,2.9020116,1.5220118,1.4120117,1.4320117,1.3320117,2.1620116,1.8720117,2.1220117,-0.28798828,-0.8079883,-1.3979883,-0.19798829,0.33201173,0.4420117,2.4520118,2.2820117,3.6720116,5.3720117,5.0520115,4.362012,4.862012,3.3520117,2.8420117,2.7720118,1.7420117,2.6920118,2.6420116,1.9220117,1.7720118,0.6520117,-1.2279882,-2.1179883,-3.7879882,-4.827988,-4.9679885,-5.3179884,-5.407988,-5.1479883,-4.4679885,-3.8479884,-2.8879883,-2.0279882,-2.4879882,-2.5279882,-2.7479882,-3.6879883,-3.1979883,-3.0079882,-1.7579883,-0.4279883,0.60201174,0.9420117,2.7620118,1.7120117
1.0420117,2.6120117,2.0320117,2.2420118,1.5220118,0.4820117,1.1420118,0.5220117,1.6220117,1.8820118,2.1320117,2.2020118,1.3520117,-0.44798827,-1.1679883,0.6520117,0.8220117,1.0420117,8.362012,2.9720118,3.9220116,4.8320117,4.212012,4.1220117,4.4720116,3.3020117,2.4620118,2.1720116,1.5220118,1.9020118,2.1320117,2.4720118,2.1120117,1.9720117,0.60201174,-1.4179883,-3.0679884,-3.9579883,-5.177988,-5.5679884,-5.887988,-5.407988,-3.8979883,-1.6979883,-2.0279882,-2.2679882,-2.4579883,-2.8779883,-2.9379883,-4.2379885,-4.767988,-4.0479884,-2.3679883,-0.3379883,1.1220117,0.28201172,1.5220118,2.6920118
0.23201172,0.8220117,0.86201173,1.0520117,1.1620117,1.9920117,0.8920117,0.33201173,0.5920117,0.73201174,2.0120118,2.5120118,1.9820117,0.9420117,0.3820117,2.8720117,3.7520118,2.7620118,1.7420117,3.6820116,4.7420115,4.1620116,3.4120116,2.7420118,3.4520118,1.6720117,1.2420117,0.78201175,0.6520117,2.4820118,2.8420117,2.1120117,1.8820118,1.3820118,0.7720117,-0.24798828,-1.0479883,-2.4579883,-3.5279882,-4.117988,-4.4479885,-3.6479883,-2.7579882,-2.3779883,-1.8479882,-1.2379882,-1.5579883,-3.0979884,-4.4179883,-4.6879883,-5.307988,-5.117988,-2.3779883,0.22201172,0.5820117,1.7820117,3.7620118,3.5320117
0.5920117,0.7620117,1.3420117,1.3820118,0.8920117,1.0220118,0.6920117,-0.007988282,0.9420117,0.6820117,2.3820117,2.2020118,0.5520117,1.1620117,0.9920117,4.5220118,4.502012,2.7320118,3.1920118,3.4720118,3.6720116,3.1420116,2.8520117,1.9720117,2.2120118,1.8520117,0.27201173,0.86201173,0.78201175,1.9320117,2.5920117,2.2120118,1.6620117,1.0320117,1.1920117,0.08201172,-0.83798826,-1.3579882,-2.4579883,-3.6279883,-3.2479882,-2.6579883,-2.4879882,-1.8879883,-1.2579883,-1.2979883,-2.0079882,-2.4679883,-3.6479883,-4.0679884,-4.907988,-4.4679885,-1.4579883,-0.07798828,-0.7279883,1.5420117,2.7620118,3.6220117
0.8320117,0.67201173,0.6920117,1.3420117,0.9320117,0.54201174,0.23201172,0.33201173,1.3420117,1.7020117,1.7320117,1.1720117,-0.12798828,0.31201172,0.7720117,3.0220118,2.8620117,3.5620117,2.3420117,3.1120117,3.4420118,4.0120115,3.6220117,2.5820117,1.2720118,1.2920117,0.27201173,0.9020117,0.8720117,1.6720117,2.6720116,2.3620117,1.6020117,1.3620117,0.92201173,-0.15798828,-1.5179883,-2.1279883,-1.6279883,-1.7079883,-2.4279883,-2.1979883,-1.7279882,-1.3979883,-1.6379883,-2.5879884,-2.5179882,-2.4079883,-3.3079882,-4.037988,-4.0079885,-3.9179883,-1.5479883,-0.6979883,1.4920117,1.3720117,1.5320117,2.3120117
0.24201173,-0.18798828,-0.17798828,0.4420117,-0.16798829,1.1620117,2.0620117,2.1620116,1.3920118,1.0720117,1.2720118,-0.46798828,-0.43798828,-1.1279883,1.3120117,3.7120118,3.2820117,3.4820118,2.3120117,2.5420117,3.1220117,4.1620116,4.3320117,3.0020118,0.49201173,0.73201174,-0.6679883,0.02201172,0.3520117,1.5120118,1.7020117,1.9420117,1.7420117,1.1420118,0.5220117,-0.4879883,0.032011718,-0.16798829,0.032011718,-0.41798827,-1.1479883,-1.2679883,-1.3879883,-1.2979883,-1.9279883,-2.4379883,-2.6479883,-2.5279882,-3.3979883,-4.5479884,-5.6279883,-3.6779883,-1.7679883,0.06201172,1.2020117,2.3220117,2.4520118,3.3920116
-0.41798827,-0.7579883,0.08201172,-0.38798827,1.1520118,0.7720117,1.0620117,0.43201172,2.5720117,2.6020117,1.9820117,-0.52798826,-0.6279883,0.27201173,1.9420117,2.5220118,1.8220117,2.1120117,1.8720117,1.9320117,3.0820117,3.9220116,4.482012,2.9420118,1.0320117,-1.3879883,-0.31798828,-0.8179883,0.23201172,0.6420117,1.4420117,1.8720117,1.9720117,1.1920117,0.8820117,0.17201172,-0.13798828,-0.8079883,-1.0279883,-0.6179883,-0.83798826,-0.96798825,-0.7979883,-0.9279883,-1.7879883,-2.1479883,-2.9079883,-3.7879882,-4.807988,-4.617988,-4.1079884,-1.4879882,0.5020117,3.0020118,0.8120117,2.8220117,4.3020115,4.0120115
0.43201172,-0.71798825,-1.5179883,-0.3379883,-1.1479883,-0.16798829,0.4420117,1.0120118,2.7920117,-0.15798828,1.2120117,0.23201172,-0.27798828,1.3820118,1.6820117,1.2420117,1.4720117,1.7720118,1.7220117,2.7320118,3.3820117,3.2320118,4.5220118,3.7120118,-0.027988281,-1.4579883,-0.4879883,-1.1779883,-0.49798828,0.54201174,0.6820117,1.1220117,1.4020118,0.9320117,0.4120117,0.40201172,-0.16798829,-0.9179883,-0.49798828,-0.7479883,-0.9879883,-1.2979883,-0.6679883,-0.23798828,-0.6579883,-2.5179882,-3.2479882,-4.037988,-4.077988,-4.2179885,-2.8579884,-0.4279883,-1.6779883,2.1420116,2.5420117,4.462012,4.0620117,3.0720117
0.19201171,-0.9079883,-1.6079882,-2.1879883,-1.1979883,1.5420117,1.3620117,-0.11798828,1.8920118,1.2020117,0.6520117,-0.6579883,-0.64798826,0.25201172,-0.057988282,1.0220118,1.4720117,1.8520117,2.5520117,2.9720118,2.5520117,2.3020117,3.4520118,3.0220118,2.2820117,-0.58798826,-2.7979882,-1.1379883,-0.6279883,-0.32798827,-0.3379883,0.10201172,0.9920117,0.47201172,-0.007988282,-0.37798828,-0.63798827,-0.57798827,-0.82798827,-1.0479883,-1.5579883,-1.3379883,-0.9779883,-0.9779883,-1.3279883,-1.6379883,-2.3479884,-2.7079883,-3.0779884,-2.8279884,-1.4379883,-0.46798828,0.7720117,1.5920117,3.2720118,4.2720118,3.6120117,3.7020118
-1.6579883,-2.4379883,-2.9179883,-1.3779883,0.60201174,1.0320117,0.8020117,0.07201172,0.73201174,0.40201172,-0.4879883,-1.0179883,-1.5279883,-0.47798827,0.9420117,1.3920118,1.5520117,2.0320117,2.1620116,2.4320116,3.8520117,2.8620117,2.6620116,2.5920117,1.5220118,0.7120117,-0.70798826,-1.2179883,-1.6579883,-0.44798827,-0.5679883,-0.6779883,0.16201171,0.7720117,0.27201173,-0.88798827,-0.77798826,-1.6479883,-1.5379883,-2.3479884,-1.9579883,-1.8679882,-1.8279883,-1.7479882,-2.1779883,-2.2379882,-2.1979883,-1.4679883,-2.7279882,-2.4479883,-1.0979882,-0.6079883,0.5820117,1.4320117,2.9520118,3.0420117,3.0420117,2.0320117
-2.3479884,-4.0479884,-2.4579883,-1.0379883,-1.2679883,-0.49798828,0.20201172,0.3220117,0.14201172,-0.04798828,-0.6979883,-0.76798826,-0.9979883,-0.37798828,0.7420117,1.9620117,1.7520118,1.7220117,1.8620117,2.1420116,2.5120118,3.1720116,1.4320117,2.7220118,2.4220116,0.7420117,-0.7979883,-1.1279883,-2.3279884,-1.2179883,0.25201172,-0.18798828,-0.43798828,-0.18798828,-0.4279883,-0.10798828,-0.9179883,-1.6879883,-1.8679882,-2.5179882,-3.1879883,-3.1979883,-2.5879884,-2.2579882,-1.8179883,-2.7179883,-2.9179883,-2.0579882,-2.0879884,-1.7579883,-0.5479883,0.14201172,0.4120117,1.2320117,1.9920117,2.7720118,1.8120117,2.2220118
-2.9679883,-2.5579882,-3.2479882,-3.0279882,-1.6679883,-0.8579883,-1.0679883,0.67201173,0.5620117,-0.007988282,-1.0879883,-0.18798828,-0.13798828,0.6520117,2.5920117,2.0720117,1.5920117,2.2320118,3.9820118,2.2420118,3.5920117,3.5020118,1.4220117,0.91201174,1.5620117,0.9620117,0.28201172,-0.17798828,0.5220117,-0.51798826,-0.7579883,-0.2979883,-0.7279883,-0.8179883,-1.3279883,-0.6679883,-0.9279883,-1.3279883,-2.3379884,-2.5779884,-3.5779884,-2.7279882,-3.6979883,-2.7979882,-2.9279883,-2.7779882,-2.5479882,-1.8379883,-1.3879883,-1.1779883,0.30201173,0.30201173,1.8820118,2.1920118,2.5920117,2.8120117,2.2820117,2.8620117
-1.7379882,-5.0479884,0.60201174,-1.0779883,-0.7579883,-1.2479882,-0.17798828,0.8420117,0.6820117,-0.017988281,-1.0879883,-1.4979882,-0.22798829,1.2820117,1.9220117,1.3620117,3.2420118,2.5320117,2.6520116,2.9420118,2.1520116,1.8520117,1.6920117,0.8720117,1.1820117,1.0820117,1.9120117,0.60201174,0.7420117,-0.51798826,0.02201172,0.07201172,-0.21798828,-1.0279883,-1.4479883,-2.3779883,-1.7879883,-2.1879883,-2.8279884,-3.1479883,-3.6679883,-2.3779883,-2.9479883,-2.9879882,-1.8279883,-2.0679884,-1.9579883,-1.4079883,-1.8679882,-0.14798827,0.3520117,0.36201173,0.7620117,1.2720118,2.4820118,3.1020117,3.4420118,2.9720118
0.31201172,0.61201173,-1.6579883,-0.23798828,-1.6479883,-1.4179883,-1.1579883,-0.2679883,-0.28798828,-0.46798828,-0.5079883,-0.6879883,0.60201174,2.2420118,2.6620116,3.9620118,3.7020118,3.3120117,3.4920118,-2.3079882,-0.5579883,0.9020117,1.6420118,1.6120117,1.6520118,1.0620117,1.1320118,5.3320117,3.7420118,1.7820117,0.012011719,1.5720117,0.72201174,-0.76798826,-1.3179883,-3.2479882,-3.2779882,-2.8779883,-2.4979882,-2.4379883,-3.9679883,-4.427988,-2.7579882,-2.4479883,-2.5479882,-2.4579883,-1.8779883,-2.0979884,-0.9379883,-0.58798826,-0.47798827,0.21201172,0.7520117,0.8020117,2.3320117,2.8220117,2.8320117,3.0320117
-0.57798827,-1.8179883,-2.5279882,-2.8279884,-3.2979882,-2.1579883,-1.4679883,-0.64798826,0.5020117,1.8320117,2.1620116,2.1020117,1.8020117,3.7020118,4.1220117,5.0420117,4.2920117,4.2820115,3.3920116,2.6620116,1.8120117,0.4520117,-0.16798829,0.5720117,-0.9779883,0.13201171,2.7320118,4.4520116,4.7820115,2.7420118,1.1820117,2.3620117,0.012011719,-1.0279883,-2.7879882,-2.5279882,-3.0379882,-3.5179882,-4.407988,-3.1679883,-3.5379882,-4.1979885,-2.8679883,-2.9979882,-3.3979883,-2.4179883,-2.2979882,-1.6779883,-0.9879883,-0.6279883,0.23201172,0.5620117,1.1820117,-0.88798827,2.1220117,2.1820116,2.0920117,3.2420118
-2.5379882,-2.9479883,-2.2079883,-1.1879883,-1.3079883,-0.24798828,-0.007988282,1.2020117,0.9320117,1.5320117,4.0620117,3.5120118,3.1820116,4.462012,4.3320117,3.2520118,2.7320118,4.9520116,4.732012,2.9320116,3.5920117,2.5020118,3.4520118,4.7720118,1.9720117,1.9920117,0.6320117,-0.22798829,2.2720118,4.0820117,5.9920115,3.3720117,0.07201172,-1.1579883,-2.5579882,-3.4679883,-2.5479882,-3.1779883,-4.037988,-4.3979883,-3.1879883,-2.7879882,-3.5879884,-3.4679883,-3.7979882,-2.9479883,-2.3179884,-1.1979883,-1.3779883,-0.9979883,-0.7479883,0.032011718,1.4620117,1.4220117,3.1620116,2.4920118,2.1920118,3.5220118
-3.6279883,-3.1279883,-2.6579883,-0.89798826,0.12201172,1.0720117,1.7120117,0.9920117,1.9220117,2.8020117,3.4120116,3.1520116,3.4320116,2.7120118,1.0120118,2.2220118,3.2520118,5.1020117,5.2720118,4.0320115,3.7820117,3.5420117,4.0120115,3.6120117,3.8920116,4.2720118,2.5320117,0.4120117,-0.9479883,1.0020118,3.8220117,2.7620118,3.9620118,-1.5679883,-2.3179884,-2.5379882,-3.2279882,-3.4879882,-3.8379884,-4.537988,-3.2579882,-2.9279883,-3.4279883,-4.7779884,-3.7179883,-4.8979883,-2.4779882,-1.7079883,-0.58798826,-1.2979883,-0.5379883,0.31201172,0.61201173,1.3520117,0.6220117,1.3620117,2.2420118,3.0220118
-1.7179883,-1.4279883,-1.2279882,-0.9479883,1.2320117,1.4920117,1.8420117,1.6920117,1.7820117,1.9120117,0.7020117,1.2920117,1.7920117,1.5720117,1.8920118,2.2520118,2.5120118,2.7020118,2.5120118,3.1020117,3.5020118,3.6620116,4.7620115,5.1420116,4.1220117,4.192012,3.7520118,1.9120117,1.1220117,-0.6279883,-0.04798828,-0.5079883,4.172012,0.2920117,-3.1979883,-1.5079883,-0.6079883,2.1620116,-0.8479883,-3.5579882,-4.5879884,-3.2579882,-3.0679884,-2.4379883,-5.0479884,-4.1979885,-3.8379884,-1.7479882,-2.1479883,-1.2279882,-0.31798828,0.53201175,0.85201174,1.4320117,2.1720116,2.0720117,1.2520118,1.5620117
-1.1679883,-1.2379882,0.02201172,0.42201173,1.1320118,1.2420117,1.7120117,1.8020117,1.1120117,0.5720117,0.10201172,0.8120117,1.3720117,1.7620118,1.8920118,1.8020117,1.5420117,1.4020118,1.7320117,1.6620117,2.5220118,2.1620116,2.3620117,4.712012,4.112012,4.3320117,3.9920118,4.2720118,3.4420118,1.8920118,-0.20798828,0.15201172,0.4520117,1.1220117,-1.5579883,0.40201172,3.1820116,2.2720118,-0.63798827,-1.6779883,-4.3579884,-1.7679883,-1.7279882,-2.3279884,-4.867988,-4.8779883,-4.327988,-3.6379883,-2.6979883,-1.8379883,-0.3679883,0.20201172,0.2920117,2.2420118,2.9220116,1.5820117,1.2620118,1.3420117
-1.6179882,-0.37798828,-0.08798828,0.27201173,-0.10798828,-0.027988281,0.16201171,1.4920117,0.42201173,-1.2779883,-0.40798828,0.31201172,0.85201174,0.40201172,0.9020117,2.3420117,2.4720118,2.1020117,2.5220118,3.6620116,4.7620115,2.6920118,2.7320118,2.9720118,3.3420117,5.2820115,5.5120115,5.342012,4.4720116,1.8220117,1.1820117,-0.8479883,-0.5579883,1.5620117,0.3820117,5.3720117,1.5920117,-0.52798826,-2.1379883,0.15201172,1.8720117,0.0020117187,-0.8579883,0.92201173,-3.4879882,-3.9679883,-4.077988,-2.9079883,-1.9479883,-1.5979882,-0.41798827,0.17201172,1.2620118,2.1420116,0.8320117,0.5120117,-1.2779883,-0.11798828
-1.1679883,-2.2879882,-2.6079884,-1.3879883,-0.23798828,0.6220117,1.3520117,1.1520118,0.34201172,-0.9979883,-1.8379883,-1.3979883,0.91201174,2.4320116,2.6320117,3.7320118,4.8520117,4.2620115,4.712012,4.232012,3.3620117,2.4620118,1.4320117,1.9820117,2.4420118,3.2520118,4.6020117,4.0220118,5.482012,2.3020117,-0.3679883,-1.0479883,-0.9779883,-0.7479883,0.30201173,2.8720117,2.2320118,-2.4479883,-2.9679883,-0.027988281,1.0920117,0.2920117,0.8920117,-1.3679882,-1.5279883,-3.1179883,-3.3479884,-3.8779883,-2.1779883,-1.4079883,-0.14798827,0.04201172,1.8720117,0.4520117,-0.007988282,0.27201173,0.54201174,1.0020118
-2.4579883,-2.3479884,-1.3779883,-1.8779883,-0.5079883,0.73201174,1.0920117,0.91201174,-0.31798828,0.012011719,-0.20798828,0.6220117,0.5620117,5.7620115,6.0520115,4.862012,4.8020115,4.5320115,4.612012,3.4920118,3.2820117,2.6020117,2.4820118,2.1920118,2.7520118,3.2220118,2.4020116,1.5620117,2.4120116,2.7220118,-1.2479882,-0.9179883,-1.1679883,-1.4279883,-0.22798829,0.17201172,1.1820117,-1.3979883,-1.4379883,-1.7479882,0.7720117,0.5020117,-1.2079883,-4.3179884,-3.8679883,-2.8079882,-4.157988,-2.7679882,-1.0379883,-0.6879883,-0.057988282,1.3220117,0.23201172,0.012011719,-0.52798826,-0.35798827,2.3520117,2.3120117
-2.7979882,-3.0779884,-2.3179884,-1.3379883,-0.4279883,0.2920117,0.7520117,1.4520117,0.02201172,-0.12798828,0.7020117,1.3820118,3.8320117,3.4020116,5.6220117,6.0420117,3.9020116,3.4120116,3.2620118,2.3220117,1.9720117,2.6920118,3.1120117,1.9620117,2.6320117,2.2920117,2.7220118,0.97201174,-0.15798828,0.36201173,0.06201172,-0.71798825,-1.2279882,-1.0779883,-0.9279883,-1.7979883,-2.3279884,-1.7079883,-0.9279883,-0.6679883,-0.40798828,-1.1079882,-1.1379883,-4.1279883,-4.7279882,-4.037988,-2.0479882,-1.7779883,-1.2679883,-0.41798827,-0.8579883,0.22201172,-1.4779882,-1.3979883,-0.41798827,0.04201172,2.0220118,2.9620118
-4.517988,-3.7079883,-3.1779883,-2.3079882,-1.7379882,0.24201173,0.6320117,1.0320117,0.9620117,0.53201175,0.5720117,0.40201172,3.3420117,4.2420115,5.092012,5.5820117,5.2920117,3.4920118,3.1920118,2.7320118,1.6620117,1.7620118,1.3120117,2.2020118,2.8720117,3.0820117,3.4120116,2.2420118,1.7120117,-0.14798827,-0.9879883,-1.3979883,-1.1779883,-0.4579883,-0.6979883,-1.8079883,-1.6979883,-1.3279883,-2.1879883,-1.4779882,-1.0079883,-1.2779883,-0.5079883,-1.5779883,-3.1279883,-1.5579883,-1.4379883,-0.96798825,-0.8079883,-2.2179883,-2.4379883,-1.8579882,-1.4579883,-1.3379883,-0.20798828,0.34201172,1.1720117,1.3020117
