public/data/weather/2019/10/01/0000-wind-isobaric-500hPa-gfs-1.0.json
{"header": { "discipline":0, "disciplineName":"Meteorological products", "gribEdition":2, "gribLength":77164, "center":7, "centerName":"US National Weather Service - NCEP(WMC)", "subcenter":0, "refTime":"2019-10-01T00:00:00.000Z", "significanceOfRT":1, "significanceOfRTName":"Start of forecast", "productStatus":0, "productStatusName":"Operational products", "productType":1, "productTypeName":"Forecast products", "productDefinitionTemplate":0, "productDefinitionTemplateName":"Analysis/forecast at horizontal level/layer at a point in time", "parameterCategory":2, "parameterCategoryName":"Momentum", "parameterNumber":2, "parameterNumberName":"U-component_of_wind", "parameterUnit":"m.s-1", "genProcessType":2, "genProcessTypeName":"Forecast", "forecastTime":0, "surface1Type":100, "surface1TypeName":"Isobaric surface", "surface1Value":50000.0, "surface2Type":255, "surface2TypeName":"Missing", "surface2Value":0.0, "gridDefinitionTemplate":0, "gridDefinitionTemplateName":"Latitude_Longitude", "numberPoints":65160, "shape":6, "shapeName":"Earth spherical with radius of 6,371,229.0 m", "gridUnits":"degrees", "resolution":48, "winds":"true", "scanMode":0, "nx":360, "ny":181, "basicAngle":0, "lo1":0.0, "la1":90.0, "lo2":359.0, "la2":-90.0, "dx":1.0, "dy":1.0 }, "data":
[rows 52 to 77 of 181, columns 177 to 235 of 360]
-0.327417,2.952583,2.772583,2.502583,8.522583,12.012583,11.832583,14.692583,11.752583,7.422583,6.222583,8.172583,9.372583,9.102583,10.462583,11.652583,13.102583,15.152583,15.052583,14.832583,14.342583,14.452583,13.282583,13.792583,14.072583,13.062583,12.512583,10.712583,8.452583,9.512583,10.582583,9.342583,8.232583,6.152583,4.102583,2.602583,1.152583,1.122583,1.032583,2.992583,3.112583,2.972583,3.762583,5.162583,4.152583,2.352583,1.482583,1.492583,2.922583,3.232583,4.032583,5.602583,7.282583,10.132583,11.632583,13.152583,14.192583,13.262583,9.392583
5.002583,6.632583,7.822583,7.212583,13.792583,8.742583,11.332583,9.032583,13.632583,14.652583,7.912583,7.202583,7.542583,8.752583,10.072583,8.872583,10.402583,8.942583,10.282583,10.362583,9.062583,9.492583,9.882583,9.452583,9.072583,8.792583,8.262583,7.592583,7.502583,8.862583,7.412583,7.722583,6.792583,4.762583,3.322583,1.922583,1.222583,0.582583,1.4625831,3.242583,3.472583,4.222583,3.432583,3.982583,3.372583,3.102583,3.462583,2.572583,2.672583,3.4025831,4.392583,4.252583,6.592583,9.632583,12.982583,14.792583,16.962584,16.962584,11.722583
7.552583,11.842583,15.912583,15.252583,7.502583,9.882583,10.752583,8.472583,6.122583,6.832583,6.902583,5.312583,7.672583,7.682583,7.242583,8.522583,6.782583,5.572583,4.782583,3.982583,4.992583,6.512583,7.572583,7.862583,6.792583,6.532583,5.482583,5.832583,6.282583,6.002583,6.982583,6.142583,4.472583,3.312583,2.762583,1.802583,-0.177417,0.17258301,1.5925831,2.142583,3.762583,4.542583,4.172583,5.092583,6.942583,5.612583,5.642583,3.292583,1.9625831,2.812583,3.982583,5.282583,5.392583,7.642583,10.992583,14.582583,17.832582,21.322582,21.722584
13.692583,16.182583,15.142583,13.022583,14.142583,9.272583,10.212583,8.972583,8.222583,6.442583,6.112583,7.062583,6.192583,4.572583,4.322583,4.482583,5.122583,3.372583,3.022583,2.432583,3.462583,4.272583,4.862583,4.302583,4.682583,4.992583,4.122583,3.862583,4.222583,4.782583,4.152583,3.222583,2.882583,2.092583,0.03258301,-0.19741699,0.11258301,0.09258301,1.142583,2.942583,4.052583,4.272583,5.022583,4.522583,3.542583,5.922583,4.382583,3.672583,2.512583,1.882583,2.502583,3.832583,4.422583,6.222583,8.622583,11.892583,15.502583,19.762583,24.452583
17.552584,17.232582,17.082582,11.902583,14.412583,9.932583,7.862583,6.532583,8.202583,6.622583,6.292583,9.882583,5.682583,4.942583,3.932583,3.252583,2.752583,1.522583,1.322583,0.602583,2.032583,2.542583,3.252583,3.9025831,3.722583,2.102583,1.922583,3.002583,3.742583,3.642583,3.022583,1.882583,0.392583,0.212583,-0.13741699,-0.347417,-1.707417,-0.56741697,1.332583,3.6525831,3.932583,3.812583,4.562583,4.582583,5.742583,5.932583,6.112583,4.702583,3.752583,2.842583,2.002583,1.672583,2.572583,3.082583,4.902583,7.792583,11.452583,14.832583,18.242582
16.902582,16.682583,16.722584,13.022583,12.382583,8.642583,5.782583,7.232583,5.442583,4.472583,4.222583,2.332583,4.622583,3.772583,2.792583,1.072583,-0.39741698,-0.147417,0.502583,0.12258301,0.822583,1.162583,0.802583,0.492583,0.392583,0.62258303,2.282583,3.262583,2.532583,1.2125831,-0.26741698,-0.36741698,-0.837417,-1.817417,-1.717417,-1.917417,-0.277417,0.882583,1.642583,2.852583,3.172583,3.332583,4.022583,3.362583,3.822583,4.122583,3.612583,3.002583,3.032583,2.872583,2.172583,1.812583,1.942583,2.272583,3.172583,3.892583,5.692583,8.202583,10.992583
14.762583,16.852583,15.032583,11.612583,11.882583,8.772583,6.792583,5.812583,5.932583,5.772583,4.552583,3.032583,3.292583,2.962583,1.202583,-0.747417,-0.447417,-0.727417,-1.267417,-0.947417,-1.367417,-0.927417,-1.107417,-0.127417,0.11258301,1.222583,1.392583,0.842583,0.20258301,0.32258302,-2.267417,-3.257417,-3.137417,-2.627417,-2.857417,-1.577417,-0.467417,0.942583,2.432583,3.522583,3.122583,3.442583,3.602583,3.462583,3.182583,2.272583,2.872583,3.072583,2.482583,2.392583,2.6525831,2.602583,3.372583,3.592583,4.252583,4.342583,5.202583,6.902583,8.922583
13.312583,15.002583,13.452583,13.322583,11.312583,9.062583,15.082583,7.372583,5.632583,5.872583,6.782583,5.542583,2.922583,2.112583,0.0025830078,-1.127417,-3.287417,-2.547417,-2.187417,-0.857417,0.502583,0.972583,-0.13741699,-0.13741699,-0.387417,-1.467417,-2.307417,-2.237417,-1.597417,-2.967417,-3.767417,-3.247417,-3.317417,-3.547417,-1.987417,-0.837417,1.352583,4.042583,4.322583,4.512583,5.052583,3.722583,3.042583,3.212583,1.192583,1.032583,1.942583,2.9025831,3.192583,2.222583,3.532583,4.062583,3.592583,4.272583,5.402583,6.382583,7.882583,9.312583,10.162583
12.602583,14.472583,13.652583,13.722583,10.912583,8.762583,8.292583,5.192583,6.052583,5.332583,5.132583,3.502583,2.802583,1.942583,-0.717417,-2.367417,-2.317417,-1.917417,-1.977417,-1.517417,-1.377417,-1.517417,-0.677417,-1.677417,-3.357417,-3.917417,-5.037417,-5.017417,-3.507417,-3.167417,-2.947417,-3.977417,-2.887417,-1.707417,0.012583008,1.482583,2.782583,3.762583,4.312583,3.692583,2.892583,2.052583,1.932583,0.152583,-1.077417,-0.22741699,1.672583,2.392583,2.982583,3.452583,2.912583,4.052583,5.352583,5.732583,6.722583,8.252583,9.382583,9.822583,10.182583
13.442583,13.462583,12.722583,11.502583,8.432583,9.252583,8.062583,3.492583,4.462583,4.912583,4.502583,3.332583,2.292583,1.762583,-0.45741698,-0.787417,-1.9074169,-2.897417,-2.167417,-2.727417,-2.8474169,-2.927417,-3.407417,-4.337417,-5.397417,-6.117417,-5.907417,-5.527417,-4.887417,-4.717417,-3.977417,-2.867417,-2.107417,-1.397417,-0.827417,-0.36741698,-0.07741699,0.20258301,0.502583,-0.05741699,0.102583006,-1.027417,-1.387417,-2.557417,-2.287417,-0.717417,1.372583,3.892583,5.022583,5.072583,4.922583,6.042583,7.182583,8.392583,8.942583,8.812583,8.332583,7.912583,8.412583
11.642583,11.242583,10.342583,8.982583,6.612583,7.092583,7.642583,1.782583,8.792583,2.872583,4.122583,2.112583,1.382583,1.0925831,-0.417417,-0.657417,-1.097417,-2.747417,-3.777417,-3.867417,-4.237417,-5.377417,-6.207417,-6.557417,-6.487417,-6.277417,-6.187417,-5.927417,-5.387417,-5.587417,-5.537417,-5.857417,-5.777417,-5.337417,-5.347417,-5.447417,-5.307417,-5.027417,-3.997417,-2.977417,-3.657417,-3.877417,-3.387417,-3.0974169,-1.117417,-0.047416992,0.412583,1.032583,1.762583,3.102583,4.122583,6.022583,8.002583,9.892583,10.382583,9.942583,10.372583,10.582583,11.032583
8.442583,8.392583,7.532583,7.232583,5.192583,6.602583,7.332583,8.452583,7.682583,4.762583,2.632583,2.132583,1.0925831,0.32258302,-0.207417,-1.107417,-1.767417,-2.747417,-4.597417,-5.027417,-5.877417,-7.037417,-8.087417,-7.847417,-7.277417,-7.217417,-7.077417,-6.227417,-6.757417,-7.207417,-8.527417,-8.517417,-8.727417,-9.507417,-8.977417,-8.747417,-8.357417,-8.327417,-7.547417,-5.587417,-4.727417,-2.987417,-1.877417,-0.257417,0.892583,1.682583,1.912583,1.822583,2.952583,4.312583,5.722583,6.902583,8.322583,8.612583,9.532583,10.052583,9.952583,11.152583,11.752583
6.582583,6.722583,5.302583,3.852583,5.972583,5.212583,6.822583,11.942583,5.632583,3.642583,3.022583,2.192583,1.142583,-0.81741697,-1.217417,-2.887417,-3.587417,-3.607417,-5.737417,-6.157417,-7.307417,-8.807417,-8.467417,-7.797417,-7.627417,-8.457417,-8.197417,-8.077417,-8.567417,-9.337417,-9.667417,-9.867417,-9.737417,-8.877417,-9.197417,-8.457417,-7.667417,-8.367417,-7.927417,-7.297417,-6.087417,-5.227417,-3.807417,-3.707417,-2.917417,-1.397417,0.212583,1.992583,3.342583,4.682583,5.432583,6.132583,7.282583,7.702583,7.792583,8.882583,9.212583,9.382583,10.402583
3.9025831,3.872583,1.782583,3.512583,2.732583,4.692583,4.002583,5.122583,3.142583,2.352583,2.292583,0.242583,-0.607417,-1.737417,-1.147417,-2.517417,-2.967417,-5.327417,-7.097417,-7.777417,-9.287417,-9.617417,-9.247417,-8.927417,-9.677417,-9.607417,-10.057417,-10.147417,-10.367417,-10.997417,-10.757417,-10.047417,-8.097417,-8.917417,-9.507417,-8.937417,-8.007417,-8.467417,-8.587417,-8.337417,-7.997417,-7.067417,-5.817417,-5.037417,-4.267417,-2.707417,-1.687417,-0.747417,1.012583,3.092583,4.142583,5.612583,6.772583,7.382583,7.232583,7.022583,8.142583,8.852583,8.712583
1.132583,1.792583,1.482583,4.832583,2.282583,6.252583,7.042583,2.962583,0.35258302,0.29258302,0.09258301,-1.207417,-2.0974169,-1.897417,-1.857417,-3.107417,-4.087417,-7.367417,-7.517417,-8.107417,-9.837417,-9.677417,-8.877417,-9.287417,-9.347417,-9.807417,-11.367417,-11.387417,-11.527417,-11.757417,-11.517417,-9.447417,-8.417417,-7.357417,-5.037417,-4.857417,-6.207417,-6.477417,-6.647417,-6.257417,-6.187417,-6.407417,-5.527417,-4.847417,-4.787417,-2.907417,-1.667417,-1.487417,0.0025830078,0.282583,-0.257417,1.0925831,2.532583,4.242583,5.062583,5.932583,6.502583,6.942583,6.932583
0.14258301,1.292583,1.772583,2.602583,3.1525831,4.512583,3.582583,1.892583,-0.107416995,-0.87741697,-0.577417,-2.507417,-3.697417,-2.747417,-3.137417,-3.937417,-5.177417,-7.927417,-8.537417,-8.517417,-10.457417,-9.677417,-8.677417,-8.717417,-8.137417,-8.807417,-10.227417,-11.477417,-11.057417,-10.127417,-9.007417,-8.727417,-8.037417,-6.577417,-5.817417,-5.167417,-4.227417,-3.527417,-2.867417,-2.787417,-2.957417,-2.917417,-2.867417,-1.807417,-0.87741697,-0.767417,-0.87741697,0.182583,0.17258301,1.022583,1.482583,0.882583,1.322583,1.722583,2.592583,3.362583,4.472583,4.662583,4.132583
0.312583,1.692583,2.452583,2.162583,3.552583,2.882583,2.952583,1.412583,-1.5374169,-1.507417,-0.50741696,-2.197417,-3.377417,-2.8474169,-3.137417,-5.077417,-5.857417,-7.617417,-8.577417,-9.077417,-8.997417,-10.247417,-9.477417,-8.747417,-7.977417,-5.987417,-5.037417,-5.447417,-6.137417,-5.527417,-5.557417,-4.657417,-4.687417,-4.587417,-4.647417,-4.407417,-4.057417,-2.827417,-2.137417,-1.1574169,-0.767417,0.312583,0.372583,-0.19741699,0.19258301,0.722583,0.852583,1.882583,1.432583,1.642583,1.282583,1.572583,1.232583,0.982583,1.472583,1.382583,1.902583,2.342583,2.272583
2.132583,1.182583,1.142583,2.202583,2.632583,0.792583,2.082583,-0.707417,-0.557417,-1.557417,-2.297417,-2.387417,-3.287417,-4.767417,-4.227417,-5.047417,-6.847417,-7.667417,-9.277417,-9.737417,-10.187417,-9.577417,-9.257417,-8.927417,-7.797417,-5.597417,-4.787417,-2.387417,-1.7874169,-2.057417,-3.327417,-3.517417,-4.007417,-3.007417,-2.217417,-1.977417,-1.497417,-0.737417,-0.677417,0.29258302,0.14258301,0.362583,0.542583,0.942583,2.252583,2.702583,3.112583,3.052583,3.702583,2.372583,2.482583,2.872583,1.952583,2.312583,2.442583,2.172583,2.762583,3.032583,3.552583
1.502583,0.35258302,1.972583,1.372583,1.292583,0.692583,-1.707417,-1.267417,-0.727417,-1.367417,-1.767417,-3.127417,-4.677417,-6.437417,-7.317417,-7.177417,-7.297417,-7.607417,-8.117417,-9.247417,-11.137417,-13.667417,-12.827417,-11.227417,-8.037417,-6.487417,-5.337417,-4.787417,-3.377417,-1.687417,-2.707417,-2.407417,-2.357417,-1.667417,-0.687417,-0.177417,0.432583,0.782583,1.052583,1.302583,1.312583,1.432583,0.592583,1.382583,1.792583,2.332583,2.982583,4.312583,5.422583,4.652583,4.982583,4.962583,5.582583,5.222583,5.252583,5.672583,6.292583,6.282583,7.422583
1.372583,2.062583,2.612583,0.562583,-1.357417,-1.377417,-1.487417,-2.527417,-1.197417,-1.677417,-2.487417,-3.217417,-5.027417,-6.887417,-8.667417,-7.787417,-7.457417,-7.917417,-7.407417,-7.467417,-7.357417,-6.257417,-4.007417,-3.977417,-3.147417,-5.047417,-4.177417,-3.127417,-2.177417,-2.287417,-2.247417,-1.897417,-0.957417,-1.027417,0.072583005,0.68258303,1.642583,2.322583,2.332583,2.442583,1.362583,1.162583,0.99258304,1.152583,1.492583,2.232583,2.762583,3.872583,4.852583,5.652583,6.682583,7.502583,7.462583,7.772583,6.522583,6.042583,6.162583,7.182583,7.992583
-0.19741699,-0.42741698,-0.87741697,-2.187417,-3.3474169,-2.517417,-3.997417,-3.187417,-2.637417,-3.487417,-3.837417,-4.437417,-4.867417,-6.517417,-7.217417,-8.177417,-9.097417,-7.917417,-5.977417,-5.217417,-3.737417,-3.087417,-3.117417,-1.7874169,-2.067417,-4.527417,-5.557417,-4.857417,-3.977417,-3.037417,-1.857417,-0.717417,-1.527417,-1.177417,0.862583,1.122583,1.552583,1.662583,1.972583,2.892583,3.382583,3.812583,5.032583,4.652583,3.662583,3.822583,3.632583,4.542583,4.732583,5.652583,5.782583,5.262583,5.172583,5.272583,6.882583,7.302583,7.072583,7.122583,7.212583
-1.547417,-3.477417,-4.217417,-3.667417,-3.507417,-4.657417,-5.387417,-3.717417,-3.3474169,-3.617417,-4.247417,-4.017417,-4.807417,-6.057417,-6.597417,-6.417417,-5.367417,-3.987417,-2.717417,-1.527417,-1.457417,-0.36741698,-0.207417,-1.507417,-4.047417,-2.917417,-4.437417,-3.707417,-4.627417,-3.667417,-3.507417,-2.957417,-1.247417,-0.237417,-0.317417,0.772583,1.742583,1.752583,2.862583,3.712583,3.822583,5.402583,4.962583,5.052583,4.312583,5.792583,6.262583,5.702583,6.282583,6.652583,7.242583,7.612583,8.312583,8.642583,7.242583,7.262583,5.822583,6.052583,5.862583
-4.467417,-6.247417,-5.777417,-4.927417,-5.517417,-5.917417,-6.767417,-5.417417,-3.8474169,-3.117417,-3.267417,-4.187417,-3.827417,-3.777417,-4.677417,-4.437417,-3.087417,-1.597417,-0.317417,0.022583008,0.132583,1.112583,0.862583,-0.407417,-1.087417,-0.707417,-0.75741696,-2.617417,-2.637417,-3.887417,-3.417417,-2.567417,-1.197417,0.712583,1.982583,1.572583,2.182583,2.062583,2.572583,3.552583,5.302583,5.922583,5.002583,5.792583,5.562583,5.972583,4.762583,5.002583,4.172583,5.762583,7.492583,8.202583,6.652583,6.782583,5.562583,5.222583,5.392583,4.832583,4.752583
-8.577417,-8.557417,-7.367417,-7.377417,-7.697417,-6.917417,-6.227417,-6.197417,-5.437417,-4.007417,-3.637417,-3.177417,-2.517417,-1.747417,-0.50741696,0.392583,0.512583,1.532583,1.882583,2.342583,1.952583,1.492583,0.592583,1.622583,1.182583,0.45258301,0.602583,1.642583,-0.22741699,-1.857417,-1.9074169,-2.537417,-0.327417,0.252583,1.162583,1.272583,1.442583,1.632583,2.122583,4.212583,5.662583,6.022583,7.012583,7.892583,2.892583,4.142583,3.512583,2.502583,1.832583,4.282583,4.072583,2.6525831,3.9025831,5.412583,4.582583,5.102583,6.092583,5.212583,7.432583
-8.107417,-8.647417,-8.007417,-7.047417,-6.147417,-6.067417,-5.717417,-6.617417,-6.347417,-5.497417,-4.377417,-3.017417,-1.577417,0.512583,1.532583,3.132583,3.972583,2.832583,2.562583,1.692583,0.68258303,0.802583,1.062583,0.542583,0.08258301,1.112583,0.612583,0.852583,-0.647417,-0.957417,-0.207417,-0.07741699,0.35258302,0.38258302,0.422583,0.392583,-0.45741698,1.112583,2.882583,2.482583,3.702583,3.692583,5.532583,4.982583,2.462583,0.402583,-0.727417,0.612583,-0.027416993,1.832583,3.252583,2.862583,3.922583,5.362583,1.752583,5.262583,7.672583,9.892583,4.232583
-5.407417,-7.827417,-7.977417,-6.217417,-6.797417,-6.307417,-5.787417,-5.927417,-6.077417,-6.027417,-5.187417,-3.697417,-2.3474169,-0.537417,0.35258302,0.87258303,1.302583,1.232583,0.05258301,-0.147417,-0.207417,-0.177417,-0.237417,0.102583006,0.432583,0.502583,0.532583,0.942583,0.132583,0.182583,0.20258301,1.102583,1.142583,1.382583,0.712583,0.74258304,1.3425831,2.052583,2.612583,2.852583,4.202583,2.262583,2.192583,1.572583,0.48258302,-2.107417,-1.927417,-3.157417,-0.467417,-0.617417,-0.067416996,0.09258301,0.242583,2.572583,4.252583,4.812583,2.392583,0.362583,1.792583
