public/data/weather/2019/10/01/0000-wind-isobaric-700hPa-gfs-1.0.json
{"header": { "discipline":0, "disciplineName":"Meteorological products", "gribEdition":2, "gribLength":79375, "center":7, "centerName":"US National Weather Service - NCEP(WMC)", "subcenter":0, "refTime":"2019-10-01T00:00:00.000Z", "significanceOfRT":1, "significanceOfRTName":"Start of forecast", "productStatus":0, "productStatusName":"Operational products", "productType":1, "productTypeName":"Forecast products", "productDefinitionTemplate":0, "productDefinitionTemplateName":"Analysis/forecast at horizontal level/layer at a point in time", "parameterCategory":2, "parameterCategoryName":"Momentum", "parameterNumber":3, "parameterNumberName":"V-component_of_wind", "parameterUnit":"m.s-1", "genProcessType":2, "genProcessTypeName":"Forecast", "forecastTime":0, "surface1Type":100, "surface1TypeName":"Isobaric surface", "surface1Value":70000.0, "surface2Type":255, "surface2TypeName":"Missing", "surface2Value":0.0, "gridDefinitionTemplate":0, "gridDefinitionTemplateName":"Latitude_Longitude", "numberPoints":65160, "shape":6, "shapeName":"Earth spherical with radius of 6,371,229.0 m", "gridUnits":"degrees", "resolution":48, "winds":"true", "scanMode":0, "nx":360, "ny":181, "basicAngle":0, "lo1":0.0, "la1":90.0, "lo2":359.0, "la2":-90.0, "dx":1.0, "dy":1.0 }, "data":
[rows 104 to 129 of 181, columns 116 to 173 of 360]
-4.7279882,-5.787988,-4.4479885,-3.1679883,-1.5179883,0.052011717,1.7320117,2.1620116,2.1320117,2.0520117,0.5020117,1.1120117,1.0520117,2.9920118,4.632012,4.8120117,5.7420115,7.0220118,5.5620117,3.6920118,4.152012,2.9520118,2.9320116,3.0220118,3.6320117,4.1620116,4.072012,1.7220117,4.2620115,2.2320118,-0.3679883,-1.2279882,-1.1379883,-0.9079883,-0.9379883,-2.5779884,-2.5379882,-1.9679883,-1.1179882,-1.3479882,-2.1279883,-1.6579883,-1.7479882,-2.0379882,-2.4379883,-2.0279882,-1.3379883,-1.4179883,-1.3779883,-1.9179883,-1.5579883,-1.7179883,-0.2979883,-0.11798828,-0.27798828,-0.40798828,-0.20798828,0.5920117
-6.2179885,-6.557988,-5.407988,-3.5979884,-2.2479882,-0.14798827,1.0420117,1.5520117,3.1820116,3.3020117,0.42201173,-0.3379883,-1.4679883,0.78201175,3.4220116,4.6820116,5.3720117,6.2920117,6.4720116,5.0520115,3.5220118,3.7020118,4.572012,3.4520118,4.2420115,6.5120115,7.1020117,7.3020115,7.1820116,3.9920118,0.02201172,-1.2679883,-2.1979883,-1.2879883,-0.88798827,-0.8479883,-0.77798826,-1.6979883,-1.7379882,-3.0579882,-2.3479884,-3.2379882,-3.1179883,-2.9679883,-2.8479884,-2.6379883,-2.0779884,-1.7479882,-1.5479883,-1.9279883,-1.7279882,-1.7879883,-0.52798826,0.7420117,0.72201174,-0.25798827,-0.2979883,-0.057988282
-7.8779883,-8.037989,-7.2579885,-4.367988,-1.1979883,0.22201172,-0.14798827,0.4520117,1.8320117,4.072012,5.0120115,-0.9979883,-1.4879882,-0.9279883,0.4820117,2.7220118,3.0520117,4.1220117,4.9520116,1.5320117,2.0620117,4.5520115,5.092012,6.502012,6.842012,5.362012,7.422012,6.752012,7.0120115,4.9920115,2.9920118,1.4420117,0.7020117,-1.6879883,-1.1979883,-2.1079884,-1.9579883,-1.3779883,-0.64798826,-1.6279883,-2.4579883,-2.9579883,-3.7179883,-4.0279884,-3.1179883,-1.8379883,-1.7779883,-1.4979882,-1.0479883,-1.7879883,-3.3179884,-3.1879883,-1.8679882,-0.7579883,-0.57798827,-1.1379883,-0.8579883,-0.5679883
-8.477988,-11.617989,-8.987988,-6.677988,-2.9979882,-0.11798828,-1.3979883,-0.2679883,1.4520117,4.6420116,5.3320117,3.2520118,-0.9979883,-2.3979883,-1.0379883,1.6920117,2.1620116,1.1920117,2.4820118,0.54201174,1.2920117,4.1620116,6.942012,7.3720117,6.382012,5.572012,5.962012,5.902012,7.592012,6.192012,5.2420115,3.9820118,3.0020118,1.0620117,0.112011716,0.04201172,-0.51798826,-2.5879884,-3.4679883,-2.8879883,-2.4579883,-2.9879882,-3.2279882,-2.7779882,-3.3879883,-3.1779883,-2.7279882,-2.2179883,-1.8379883,-1.7979883,-2.2279882,-2.2979882,-2.4579883,-1.6779883,-1.7679883,-1.9779882,-1.7279882,-1.1879883
-11.467988,-11.337988,-10.187988,-8.507988,-5.2579885,-5.5879884,-2.6179883,-1.9679883,1.4520117,4.7920117,7.422012,2.1020117,-1.4979882,-3.7779882,-2.1479883,-0.37798828,0.37201172,0.37201172,1.8720117,5.2420115,5.862012,4.2620115,7.2420115,8.282012,8.702012,8.312012,8.882011,9.882011,10.632011,8.712011,5.5820117,3.2020118,3.4120116,5.1420116,3.4220116,1.4020118,0.73201174,-0.3379883,-2.4479883,-3.5979884,-5.037988,-4.4379883,-4.8379884,-4.997988,-4.2079883,-4.5279884,-4.2979884,-3.5479882,-3.5979884,-3.4979882,-2.2779882,-2.5879884,-2.7279882,-2.5979884,-1.3379883,-1.0779883,-1.6679883,-1.4379883
-14.997989,-12.797988,-8.767988,-6.1479883,-6.017988,-6.2779884,-4.037988,-2.0379882,0.5520117,5.362012,7.0520115,2.2920117,-3.1079884,-1.9779882,-2.4379883,-1.4879882,0.47201172,2.6920118,3.0420117,5.0120115,7.172012,8.682012,8.082012,6.1020117,5.7620115,5.2220116,6.962012,7.9520116,10.532012,10.572012,9.002011,5.2820115,5.4120116,4.3020115,3.8520117,3.5920117,1.9420117,0.33201173,-0.23798828,-0.3679883,-2.1979883,-3.6679883,-4.8979883,-5.017988,-6.0279884,-5.747988,-4.9679885,-4.847988,-4.637988,-3.7279882,-3.4079883,-3.4479883,-2.8079882,-3.1079884,-3.0179882,-2.5579882,-2.1479883,-1.7579883
-14.407989,-12.097988,-8.417988,-6.097988,-7.1879883,-6.617988,-4.617988,-3.8379884,-1.2779883,2.9720118,4.8520117,4.0220118,-1.2279882,-3.7679882,-3.3479884,-0.4579883,1.3920118,3.4620118,5.3320117,4.8520117,6.3120117,7.752012,9.092011,8.452012,6.402012,7.0620117,6.322012,5.462012,4.4920115,5.7820115,6.2720118,4.7220116,5.8320117,4.982012,5.0220118,5.5820117,4.252012,1.5320117,1.6620117,0.6320117,0.19201171,-0.8679883,-2.2879882,-3.8479884,-4.287988,-5.2079883,-6.4879885,-5.9479885,-5.787988,-5.1479883,-4.7279882,-4.037988,-3.7379882,-3.0579882,-2.2779882,-2.4779882,-2.8479884,-2.3479884
-15.927988,-14.257988,-11.957989,-11.027988,-10.757988,-8.217988,-6.747988,-4.617988,-2.0079882,-0.82798827,2.2820117,4.2720118,1.8020117,-4.0279884,-4.5879884,-0.4579883,1.3420117,1.8820118,4.4520116,6.9120116,8.592011,8.012012,10.572012,10.502011,8.382011,6.7920117,6.422012,5.342012,5.6020117,2.8220117,3.2020118,2.6320117,3.0320117,2.4920118,4.7020116,3.8320117,3.9520118,3.8720117,2.7020118,1.3620117,1.4620117,1.5220118,-0.28798828,-0.38798827,-0.8079883,-2.2479882,-3.8879883,-5.1879883,-5.4379883,-4.847988,-5.0879884,-5.327988,-5.7079883,-4.9479885,-4.3379884,-3.5679884,-2.9379883,-2.7679882
-9.727988,-15.407989,-13.537989,-9.927988,-9.147988,-10.387988,-5.537988,-5.1279883,-4.8379884,-4.1279883,0.5820117,3.3820117,1.8120117,0.5620117,-1.4279883,0.15201172,3.6620116,4.4320116,3.2920117,6.1020117,8.382011,11.882011,14.562012,13.322012,12.012012,10.262012,9.572012,10.772012,8.632011,4.112012,3.3820117,2.7220118,-0.43798828,1.0820117,3.2520118,3.0520117,4.5620117,4.9520116,4.2620115,2.3120117,1.7020117,2.1620116,1.7820117,2.1620116,2.1620116,1.2720118,0.3820117,-0.95798826,-3.3379884,-4.1979885,-4.2079883,-4.8179884,-5.0079885,-4.8779883,-4.9179883,-4.4879885,-3.5179882,-3.0779884
-11.837988,-12.047988,-14.597988,-11.587988,-11.207989,-8.807988,-7.9679885,-3.9179883,-7.7279882,-3.4479883,-1.3379883,-0.07798828,2.9620118,-3.0879884,0.5220117,0.5220117,-0.23798828,4.7220116,4.192012,4.942012,8.722012,13.642012,13.532012,11.812012,9.392012,8.072012,8.772012,6.072012,6.9520116,6.322012,5.6820116,2.0420117,1.0420117,-3.4379883,0.4520117,0.33201173,2.7420118,3.3620117,3.7720118,3.8320117,3.0620117,2.7320118,0.6820117,1.9020118,2.8120117,2.6820116,2.8520117,3.4020116,2.6920118,1.2820117,-0.25798827,-2.7779882,-3.6379883,-4.6879883,-4.7979884,-4.827988,-4.4379883,-4.267988
-9.007988,-11.407989,-13.817988,-12.737988,-11.127988,-9.187988,-10.247989,-8.287989,-6.0679884,-4.827988,-3.1079884,-2.6479883,-1.0479883,-3.3579884,0.5020117,2.5420117,2.7920117,2.4620118,4.5320115,3.9920118,8.662012,13.422011,14.702012,14.032012,12.432012,10.332012,8.172011,6.502012,6.9520116,5.3920116,4.172012,2.5020118,0.7720117,-2.8379884,-4.0279884,-0.4579883,1.5920117,3.4320116,1.9820117,2.1320117,0.91201174,0.86201173,0.7620117,2.3220117,2.6820116,2.0620117,2.2020118,2.9020116,3.9220116,3.7120118,3.6220117,3.3520117,1.6420118,-0.9779883,-2.7679882,-3.5179882,-4.0279884,-3.8579884
-10.377988,-9.267988,-12.137988,-14.857988,-11.797988,-9.647988,-8.997989,-9.427988,-5.7379885,-2.9179883,-3.3679883,-3.7979882,-2.1479883,-1.5079883,-3.4879882,-0.5079883,-0.88798827,2.8520117,2.5720117,2.6020117,8.932012,13.672011,17.152012,13.852012,11.362012,11.782012,11.032012,9.902012,7.252012,5.382012,4.822012,2.2720118,0.40201172,-2.8079882,-4.0479884,-3.1079884,-1.2479882,-0.3079883,-1.0279883,-3.8279884,-4.5279884,-1.7979883,1.6620117,3.0020118,3.6920118,4.3920116,4.0220118,5.192012,5.0620117,4.9320116,4.502012,3.1020117,3.6520116,2.8020117,1.6820117,-0.9779883,-2.8579884,-4.1979885
-11.837988,-11.227988,-13.497989,-12.547988,-13.1979885,-10.227988,-9.317988,-7.787988,-7.6279883,-6.617988,-4.2179885,-2.9379883,-4.057988,-3.3279884,-4.1679883,0.46201172,0.14201172,1.9320117,0.30201173,4.442012,8.242012,12.872012,14.922011,13.412012,12.612012,12.342011,10.932012,10.742012,11.522012,9.942012,6.592012,4.5620117,4.0620117,-1.0679883,-2.2179883,-0.8579883,-1.9379883,-3.6779883,-1.2579883,-0.3679883,1.7620118,0.98201174,5.8920116,6.252012,6.2020116,6.112012,5.982012,5.5220118,5.192012,5.092012,5.3120117,6.002012,4.362012,2.9820118,2.6320117,1.3220117,-0.13798828,-1.8379883
-10.727988,-12.167988,-13.237988,-13.727988,-13.257988,-12.547988,-6.597988,-7.307988,-6.537988,-6.517988,-5.887988,-2.4179883,-3.8779883,-3.3079882,-5.907988,0.6920117,2.5820117,3.2220118,2.3520117,5.0420117,7.152012,12.252011,12.872012,12.122012,10.062012,8.592011,9.602012,11.372012,11.332012,12.122012,7.752012,4.2420115,2.5120118,-1.2079883,0.052011717,0.5720117,-0.32798827,-1.8679882,0.28201172,5.5220118,7.3920116,5.4320116,6.2720118,8.032012,5.0820117,5.3020115,6.092012,6.1020117,5.7720118,5.232012,4.362012,3.8320117,3.3320117,3.2520118,3.0420117,1.3520117,-0.057988282,-0.64798826
-6.4579883,-12.367989,-11.927988,-13.167988,-13.507988,-11.507988,-7.9879885,-8.267988,-8.397988,-7.6279883,-2.9879882,-2.1679883,-1.9979882,-3.6979883,-2.1779883,-1.6279883,-0.44798827,1.5620117,3.1620116,4.2720118,6.692012,10.122012,11.782012,11.842011,7.232012,7.612012,10.392012,11.3020115,10.692012,9.092011,5.982012,3.4920118,2.9320116,2.0920117,2.2620118,3.6720116,3.3520117,1.7620118,2.5220118,6.112012,5.672012,6.2020116,5.8520117,5.632012,6.5220118,7.732012,8.032012,7.8720117,9.192012,8.392012,6.252012,4.0420117,2.5220118,1.4720117,1.1620117,0.85201174,0.0020117187,-2.6379883
-6.8979883,-8.167988,-10.007988,-10.297988,-11.547988,-10.997989,-10.627988,-7.2379885,-8.177988,-6.3579884,-5.747988,-4.3179884,-2.2279882,-2.7079883,-2.4179883,-3.1479883,-2.4479883,-1.4379883,0.4520117,2.9720118,6.0320115,8.962011,11.152012,8.862012,6.1820116,7.2220116,10.622012,9.872012,6.862012,5.322012,2.8120117,2.0320117,2.8120117,1.2320117,2.4520118,3.9220116,4.0820117,1.4920117,2.3720117,4.7720118,5.592012,6.962012,7.6420116,7.8720117,8.362012,9.592011,10.282012,10.412012,9.612012,8.442012,7.8020115,7.652012,5.9120116,2.7720118,0.09201172,-1.6279883,-2.7879882,-2.7079883
-3.5679884,-4.7579885,-6.327988,-7.887988,-10.027988,-11.337988,-12.167988,-9.907989,-6.677988,-7.0279884,-6.037988,-5.617988,-3.1779883,-0.19798829,-1.0579883,-1.3279883,-3.4679883,-1.1379883,-1.1579883,1.2020117,5.7720118,6.882012,9.8020115,7.092012,5.672012,6.6420116,7.9320116,8.962011,6.1020117,5.2920117,0.8120117,1.4520117,2.9320116,2.8420117,3.6820116,4.9720116,5.7420115,2.9820118,1.3820118,4.2420115,5.5220118,5.2420115,5.652012,8.362012,10.322012,11.612012,12.042011,11.642012,10.542011,9.782012,9.792011,8.512012,6.8520117,4.0620117,2.5820117,-0.95798826,-1.0379883,-1.8479882
-2.5379882,-2.2179883,-2.9179883,-3.7979882,-5.0079885,-8.377988,-10.667988,-11.717988,-8.257988,-6.7979884,-5.3779883,-2.3879883,-2.6879883,-3.2779882,0.98201174,-1.8979883,-5.0679884,-3.1579883,-1.2979883,0.78201175,4.902012,7.612012,7.382012,5.7020116,5.3020115,6.572012,6.732012,7.0520115,5.252012,3.8420117,1.1620117,1.6020117,3.1620116,3.3920116,4.4720116,4.9120116,2.9520118,2.5620117,3.4720118,4.6820116,4.8320117,5.2820115,6.9520116,8.572012,9.3020115,10.262012,11.352012,11.252011,11.142012,10.422011,9.042011,7.7020116,7.0120115,5.462012,3.2220118,0.33201173,-2.5479882,-2.3479884
-3.5479882,-2.2179883,-1.1379883,-1.5679883,-2.3379884,-4.057988,-7.4779882,-10.477988,-9.467988,-8.587988,-7.7379885,-5.867988,-5.2179885,-3.7279882,-1.7279882,-6.407988,-4.1479883,-6.177988,-2.1679883,1.9220117,3.8920116,6.2620115,5.4120116,4.962012,4.7620115,6.3320117,5.502012,5.172012,3.2420118,1.9520117,2.7820117,1.7820117,2.0020118,2.5720117,2.8420117,2.3220117,2.8720117,3.0620117,4.3920116,4.9920115,5.8120117,7.2020116,8.542011,9.422011,11.212011,12.782012,13.5520115,14.342011,15.022012,14.372012,12.002011,9.852012,6.7820115,2.6020117,1.7420117,0.9920117,-1.9179883,-5.2179885
-3.7279882,-2.3579884,-1.3479882,-1.1279883,-1.1279883,-1.2079883,-2.9579883,-7.7079883,-10.367989,-9.627988,-8.757988,-5.887988,-1.5879883,0.2920117,-9.387988,-9.087988,-8.387988,-8.347988,-2.9979882,-0.88798827,3.2820117,5.152012,1.8920118,3.8620117,3.7820117,3.9220116,3.8720117,3.0120118,2.3720117,0.5620117,0.79201174,1.1320118,0.7720117,0.23201172,1.0920117,0.73201174,0.31201172,1.1520118,3.0920117,4.572012,6.6220117,8.642012,10.372012,12.392012,13.762012,13.882011,14.752011,16.062012,17.312012,18.392012,16.312012,12.482012,6.4720116,4.232012,0.8820117,-1.2279882,-1.6779883,-2.8779883
-2.2979882,-2.1179883,-1.5979882,-0.28798828,0.3820117,0.42201173,-0.3079883,-3.8779883,-8.467988,-10.487988,-8.757988,-4.887988,2.6720116,3.8120117,-15.317988,-11.077989,-13.227988,-8.977988,-6.4179883,-0.2679883,2.9420118,0.5620117,0.7120117,2.8020117,1.2120117,2.5120118,3.1120117,2.1020117,1.6120117,0.6320117,-0.8479883,0.04201172,0.33201173,0.17201172,0.20201172,0.60201174,0.012011719,0.9020117,3.2220118,5.5120115,8.432012,10.352012,12.122012,13.792011,15.352012,14.902012,15.412012,17.242012,20.462011,21.312012,18.422012,12.692012,7.1020117,1.8520117,0.9020117,-1.5479883,-4.1879883,-3.9779882
-2.8579884,-2.1079884,-0.8579883,1.0820117,2.0520117,2.6120117,1.8120117,-0.41798827,-5.1679883,-8.327989,-8.987988,-3.7279882,-3.0179882,-9.767988,-12.967988,-17.967989,-13.117989,-9.747989,-2.1579883,0.14201172,-1.6979883,-1.6279883,0.5520117,0.6520117,-0.027988281,1.0320117,1.9920117,0.7020117,0.5220117,1.5320117,1.3220117,1.4720117,1.3920118,1.6020117,0.6220117,2.1320117,2.5620117,3.2520118,4.822012,6.5620117,8.292011,10.042011,11.892012,13.492012,14.702012,14.462011,15.5520115,19.19201,23.122011,22.162012,21.302011,13.462011,9.192012,2.2020118,-2.7379882,-2.6879883,-1.4579883,-5.287988
-0.3679883,-0.22798829,-0.017988281,1.3120117,3.2520118,3.8220117,2.6520116,1.1520118,-3.5179882,-7.0879884,-11.657989,-8.9479885,-13.817988,-16.167988,-18.097988,-14.377988,-10.477988,-5.537988,-0.08798828,-3.7779882,-4.637988,-3.1879883,0.19201171,-1.2779883,-1.8779883,-0.8679883,0.5020117,-0.2679883,0.25201172,1.9820117,2.7420118,2.6520116,2.0020118,2.4620118,3.1520116,2.8820117,3.2720118,3.5420117,4.8120117,6.6820116,8.582012,9.652012,11.372012,13.072012,14.932012,15.932012,16.562012,20.902012,24.422012,22.912012,22.02201,15.102012,12.832012,9.752011,4.1420116,0.9020117,-1.2079883,-3.2279882
0.5920117,1.0020118,1.3520117,3.7420118,5.7820115,6.0620117,5.172012,3.5220118,0.5820117,-8.017988,-12.707989,-14.557988,-20.367989,-18.167988,-16.467989,-13.137988,-8.957989,-1.7079883,-3.9779882,-5.677988,-4.6879883,-2.2679882,-1.0479883,-3.0779884,-4.2579885,-3.0779884,-0.13798828,0.112011716,0.40201172,1.9720117,2.9720118,2.9520118,1.9920117,1.8420117,2.4220116,2.4120116,3.2220118,3.2720118,4.0220118,5.982012,7.6620116,9.502011,12.0520115,14.062012,14.872012,14.742012,17.172012,21.722012,24.312012,20.092012,19.462011,18.502012,15.122012,11.122012,9.612012,5.3320117,2.4320116,-2.0579882
1.6720117,2.0920117,3.4320116,5.652012,6.862012,7.382012,5.232012,3.6120117,-1.3079883,-5.4579883,-12.997989,-20.717989,-24.437988,-20.987988,-17.137989,-16.257988,-5.407988,-1.0779883,-6.6879883,-5.7179885,-3.3079882,-2.3779883,-2.6879883,-3.6179883,-5.2579885,-4.0079885,-1.6879883,1.3220117,1.7720118,2.1620116,2.8920116,2.6820116,2.5320117,1.8520117,2.0720117,2.2820117,2.9620118,3.5920117,4.1620116,6.402012,8.752011,10.782012,13.622012,14.722012,15.122012,15.682012,18.072012,21.782011,23.862011,21.492012,15.842011,18.662012,14.772012,12.512012,8.282012,7.212012,3.4320116,-1.5579883
2.0220118,2.2920117,3.2320118,5.572012,7.462012,6.2020116,4.712012,2.9520118,-2.7679882,-4.3379884,-11.137988,-10.807988,-11.157989,-21.987988,-19.617989,-15.747989,-10.367989,-2.8879883,-6.3179884,-3.3579884,-1.6579883,-4.8179884,-5.387988,-4.9779882,-5.8779883,-4.867988,-2.3679883,-0.6979883,0.6520117,1.7420117,3.4020116,3.0320117,2.7020118,2.0620117,1.3820118,1.6520118,3.3420117,4.632012,6.322012,8.432012,10.492012,11.632011,12.902012,14.5520115,15.572012,18.322012,18.952011,21.392012,23.292011,22.852013,14.522012,14.732012,16.872011,13.192012,10.382011,8.982012,2.4520118,-1.9379883
