public/data/weather/2019/10/01/0000-wind-isobaric-70hPa-gfs-1.0.json
{"header": { "discipline":0, "disciplineName":"Meteorological products", "gribEdition":2, "gribLength":70298, "center":7, "centerName":"US National Weather Service - NCEP(WMC)", "subcenter":0, "refTime":"2019-10-01T00:00:00.000Z", "significanceOfRT":1, "significanceOfRTName":"Start of forecast", "productStatus":0, "productStatusName":"Operational products", "productType":1, "productTypeName":"Forecast products", "productDefinitionTemplate":0, "productDefinitionTemplateName":"Analysis/forecast at horizontal level/layer at a point in time", "parameterCategory":2, "parameterCategoryName":"Momentum", "parameterNumber":2, "parameterNumberName":"U-component_of_wind", "parameterUnit":"m.s-1", "genProcessType":2, "genProcessTypeName":"Forecast", "forecastTime":0, "surface1Type":100, "surface1TypeName":"Isobaric surface", "surface1Value":7000.0, "surface2Type":255, "surface2TypeName":"Missing", "surface2Value":0.0, "gridDefinitionTemplate":0, "gridDefinitionTemplateName":"Latitude_Longitude", "numberPoints":65160, "shape":6, "shapeName":"Earth spherical with radius of 6,371,229.0 m", "gridUnits":"degrees", "resolution":48, "winds":"true", "scanMode":0, "nx":360, "ny":181, "basicAngle":0, "lo1":0.0, "la1":90.0, "lo2":359.0, "la2":-90.0, "dx":1.0, "dy":1.0 }, "data":
[rows 78 to 103 of 181, columns 300 to 359 of 360]
-2.2628882,-2.4528883,-2.9128883,-3.892888,-4.5728884,-5.682888,-5.492888,-4.9628882,-5.1128883,-6.1528883,-6.1928883,-5.6728883,-6.3428884,-6.202888,-5.702888,-5.872888,-5.5728884,-5.9028883,-5.492888,-6.0928884,-5.242888,-5.0328884,-4.502888,-4.732888,-4.6128883,-5.1928883,-4.642888,-4.752888,-5.6328883,-5.4428883,-7.0728884,-7.2128882,-7.232888,-5.732888,-3.7128882,-1.8128881,-0.85288817,-0.67288816,-1.5328882,-1.5028882,-1.0328882,-1.9028882,-3.2728882,-2.2528882,-0.7528882,-0.43288818,-2.142888,-3.5228882,-4.742888,-4.122888,-5.522888,-5.972888,-3.5628881,-4.252888,-4.4428883,-7.2128882,-5.062888,-5.892888,-6.482888,-8.932888
-2.3328881,-2.6628883,-3.892888,-3.842888,-4.912888,-5.1128883,-5.252888,-4.932888,-5.0928884,-6.472888,-5.522888,-4.8228884,-5.722888,-5.982888,-5.1328883,-3.882888,-3.0228882,-4.262888,-3.7428882,-4.662888,-4.4428883,-4.542888,-4.512888,-4.522888,-4.8228884,-5.082888,-4.5728884,-4.7128882,-4.932888,-3.842888,-4.502888,-4.6328883,-3.842888,-2.2528882,-2.9528883,-2.1928883,-0.7528882,0.44711182,0.4271118,-0.8128882,-0.7228882,-0.92288816,-2.0728881,-1.2628882,-0.5128882,0.4171118,-1.9228882,-3.7828882,-3.2628882,-2.7428882,-5.012888,-5.8028884,-3.352888,-3.4028883,-3.2128882,-5.1128883,-4.252888,-5.102888,-4.6928883,-8.022888
-2.352888,-2.612888,-3.2328882,-3.8028882,-4.6528883,-4.6128883,-4.6928883,-5.022888,-4.582888,-5.542888,-4.972888,-4.352888,-5.1528883,-5.3828883,-4.502888,-2.5428882,-2.6628883,-4.2828884,-3.7428882,-2.9228883,-3.0028882,-3.2728882,-4.412888,-3.8228881,-3.4728882,-3.0128882,-2.1728883,-2.9428883,-3.6928883,-5.082888,-4.682888,-2.9528883,-1.9828882,-1.4728882,-1.3928882,-1.2828882,0.57711184,1.5771118,0.7871118,0.5971118,-1.3528882,0.3571118,0.5271118,-0.7728882,-0.022888184,-0.6328882,-1.2828882,-3.5628881,-2.892888,-2.9128883,-5.012888,-4.5328884,-3.342888,-2.3028882,-2.592888,-3.142888,-5.512888,-3.602888,-4.432888,-7.292888
-2.2828882,-2.0328882,-2.2628882,-2.2928882,-3.7028883,-4.3028884,-5.062888,-5.202888,-4.9428883,-5.622888,-5.102888,-4.3028884,-4.162888,-3.9628882,-3.2428882,-2.6928883,-2.7428882,-2.7028883,-2.9528883,-2.3328881,-2.2928882,-2.0128882,-2.2928882,-2.1628883,-2.0528882,-2.0828881,-1.8728882,-2.6928883,-3.592888,-3.3228881,-2.622888,-2.7528882,-2.2328882,-1.3228881,-1.1428882,0.4171118,2.0171118,1.7371118,1.3371118,0.4171118,-0.8328882,-0.20288819,0.64711183,0.8771118,0.17711182,-1.2028881,-2.1528883,-3.4328883,-3.4528883,-3.352888,-4.952888,-5.102888,-3.632888,-0.3928882,-1.9628882,-3.112888,-4.832888,-1.3228881,-4.3428884,-6.252888
-1.0828881,-1.5128882,-0.6428882,-0.85288817,-1.8228881,-3.8028882,-4.242888,-4.622888,-5.042888,-5.502888,-4.992888,-5.4028883,-5.2128882,-4.232888,-3.1528883,-2.0628881,-1.6828882,-1.9528881,-1.6828882,-1.4128882,-1.6628882,-1.7428882,-0.8328882,-0.6528882,-0.7728882,-0.8128882,-1.3228881,-2.4328883,-1.7128882,-2.0328882,-0.54288816,-1.4028882,-1.4528881,-0.5728882,-0.092888184,3.1671119,3.0671117,2.657112,0.63711184,0.4271118,0.047111817,0.7871118,-0.06288818,0.18711181,-0.3328882,-1.5128882,-3.2428882,-3.882888,-2.8228881,-2.5828881,-3.7228882,-3.7128882,-3.6628883,1.0371118,0.30711183,-2.3128881,-4.1328883,-5.182888,-2.872888,-2.1828883
0.3971118,-0.092888184,0.94711185,-0.25288817,-0.61288816,-1.7528882,-2.7328882,-3.5628881,-3.7028883,-3.7328882,-3.842888,-3.7928882,-4.2128882,-4.542888,-4.3828883,-3.0128882,-3.4628882,-2.7728882,-2.0728881,-1.9628882,-0.7128882,-0.8328882,-1.0928882,-0.6228882,-0.92288816,-0.5228882,-0.4528882,-0.6928882,-0.7628882,-1.0728881,-0.7128882,0.15711182,-1.0228882,-0.7728882,0.07711182,2.2771118,3.2571118,2.127112,0.7571118,1.3071119,0.8671118,0.5471118,0.9771118,0.6871118,-1.0228882,-2.7428882,-4.872888,-4.7128882,-2.7528882,-0.7028882,-2.7328882,-3.2228882,-2.362888,0.24711181,0.7371118,-1.3328881,-3.2228882,-3.2828882,-2.7828882,-1.3528882
2.9571118,2.0271118,2.4271119,1.9571118,1.2271118,0.6671118,0.27711183,-1.1128882,-2.142888,-2.842888,-2.862888,-4.042888,-3.2628882,-3.382888,-3.5828881,-2.9928882,-4.352888,-3.4228883,-2.9428883,-2.4428883,-1.4628882,-1.4928882,-1.5328882,-0.8128882,-0.86288816,-1.2128882,-0.9428882,-0.7028882,-1.7528882,-1.3028882,-0.6928882,-0.47288817,-0.11288819,0.057111815,0.8171118,1.2471118,1.9871118,1.5271118,1.1571118,2.867112,1.2771118,0.43711182,0.9871118,1.1371118,-1.0228882,-3.7128882,-4.892888,-3.7828882,-1.3028882,-1.2828882,-1.1828882,-2.4928882,-0.91288817,-0.7028882,-0.5628882,0.16711181,-1.4328882,-0.6328882,-1.3828882,-2.8028882
4.607112,4.147112,4.3671117,3.137112,3.9771118,3.0271118,3.2971117,2.3471117,0.69711185,-0.19288819,-0.6228882,-2.0428882,-2.852888,-2.9928882,-3.8228881,-3.142888,-3.2328882,-3.5228882,-3.092888,-1.7328882,-1.1428882,-1.0328882,-1.4328882,-1.9828882,-1.4928882,-0.9428882,-0.7428882,-1.3128881,-1.0628881,-1.3428882,-0.7828882,0.16711181,1.6071118,0.4271118,1.2371118,1.9271119,0.4571118,1.1571118,1.3071119,2.7871118,1.9771118,1.1371118,0.3271118,0.31711182,-0.44288817,-3.5628881,-4.1128883,-4.762888,-1.4828882,-0.8228882,-1.0528882,-1.5228882,-0.3828882,0.3671118,0.11711182,1.2071118,0.3671118,0.6271118,0.24711181,-1.5628881
5.8271117,6.297112,5.377112,5.517112,5.1371117,4.937112,4.9671116,4.3471117,2.907112,1.6571118,1.0671118,-0.34288818,-1.5628881,-2.0628881,-2.612888,-2.9428883,-2.7728882,-3.0528882,-2.4928882,-1.7528882,-0.6428882,-0.28288817,-1.0528882,-1.4428881,-1.2228882,-1.7728882,-0.66288817,-1.4428881,-0.7528882,-1.1028882,0.087111816,1.8971118,2.157112,1.6071118,2.407112,1.7271118,0.24711181,1.4071118,1.2671118,1.9071118,2.617112,0.9371118,-0.54288816,0.82711184,-0.9628882,-3.0628881,-3.882888,-2.872888,-1.3228881,-0.9628882,0.43711182,-0.67288816,-1.2428882,-0.15288818,0.23711182,0.7371118,1.6771119,0.7871118,0.64711183,-1.1728882
6.6171117,6.987112,6.997112,7.1171117,7.267112,6.777112,6.3271117,5.507112,4.7171116,3.5371118,2.0371118,0.7171118,-0.3328882,-0.9528882,-1.7528882,-2.4528883,-1.8928882,-2.2728882,-2.9428883,-2.112888,-0.80288815,-0.24288818,-0.7828882,-1.4528881,-0.91288817,-1.5728881,-1.3528882,-1.5328882,-0.66288817,-0.60288817,1.0671118,1.7171118,2.5171118,1.3971118,1.5271118,1.4371119,0.3971118,1.2571118,1.5571119,1.9171119,1.6871119,-0.9528882,-0.092888184,0.6671118,-0.8928882,-2.2528882,-1.7728882,-1.4828882,-1.6628882,-1.9428881,0.9671118,-1.1928881,-2.0028882,-1.1228882,-0.4828882,-0.24288818,1.2071118,1.0771118,1.4071118,-0.49288818
6.337112,7.3471117,7.627112,8.627111,8.887112,8.877111,8.137112,6.987112,5.627112,5.0371118,3.617112,2.3471117,0.6671118,-0.37288818,-0.6928882,-1.3828882,-1.7628882,-1.0428882,-2.592888,-2.0528882,-1.8528882,-0.92288816,-0.6528882,-1.6028882,-1.8228881,-1.4428881,-2.2128882,-2.2128882,-1.4828882,-1.3128881,0.057111815,1.8571118,3.147112,1.8471118,1.3071119,0.6771118,1.3571118,1.3971118,1.8671118,1.6471118,1.0471119,-1.6928881,0.8671118,0.46711183,0.21711181,-1.1028882,-1.5728881,-1.5828881,-1.9128882,-2.0128882,-0.8428882,-0.98288816,-1.9128882,-1.9828882,-0.9328882,0.49711183,0.22711182,1.1771119,1.0771118,0.10711182
6.3671117,7.937112,8.307112,8.957111,8.737112,8.757112,9.007112,8.347112,6.957112,5.497112,3.9771118,3.4571118,1.2271118,1.0771118,0.33711183,-0.3228882,-0.6428882,-0.8728882,-0.13288818,-0.3628882,-1.1628882,-1.4028882,-1.7228882,-1.8328881,-1.6628882,-1.9828882,-2.632888,-2.8228881,-3.2528882,-1.9528881,-1.1228882,1.1671119,2.2071118,2.5871117,2.117112,1.9071118,2.5271118,2.3271117,1.7971119,1.8871118,0.9871118,-0.5128882,0.14711182,1.4971118,1.0971118,-0.37288818,-1.2328882,-2.5828881,-2.5328882,-2.7528882,-2.5828881,-2.2528882,-2.4128883,-2.0728881,-1.5928882,0.64711183,-0.60288817,0.007111816,1.3171118,0.17711182
7.687112,7.8471117,8.017112,9.0471115,8.607112,9.167111,9.477112,9.507112,8.077112,6.837112,4.277112,3.0071118,2.0171118,1.6371118,1.5771118,1.5971118,0.12711182,-0.032888185,0.7871118,0.8671118,-0.5128882,-1.1328882,-1.8728882,-2.2728882,-2.5428882,-2.112888,-3.342888,-3.9228883,-4.522888,-3.0228882,-1.7728882,-0.4228882,0.9171118,2.157112,2.857112,2.2571118,3.1971118,2.6971118,2.7871118,1.2871118,0.20711182,-0.27288818,-0.012888184,1.1371118,0.7771118,-0.5828882,-2.0528882,-1.3728882,-3.132888,-3.2328882,-4.312888,-3.3328881,-3.0228882,-2.7828882,-1.6828882,-0.9428882,-0.98288816,-0.54288816,0.9671118,0.31711182
6.9471116,8.027112,7.8671117,9.027112,10.087111,9.577112,8.927112,9.2971115,7.477112,6.7171116,5.3871117,2.9371119,3.4671118,1.9871118,2.3471117,2.2071118,1.8971118,1.3271118,1.1071118,0.9071118,0.07711182,-0.4828882,-1.2328882,-2.7528882,-2.7628882,-2.7728882,-3.7628882,-4.812888,-4.752888,-3.6528883,-2.0328882,-1.1528882,-0.37288818,0.9371118,1.4971118,2.3171117,2.0371118,1.7071118,2.357112,2.2071118,1.5871118,0.28711182,-0.0028881836,1.1071118,0.2671118,-0.67288816,-2.2528882,-2.112888,-2.2228882,-3.2628882,-3.6928883,-4.0928884,-3.9728882,-2.0028882,-1.2928882,-1.3228881,-0.44288817,0.07711182,0.23711182,0.017111816
6.6571116,7.797112,8.487112,9.057112,9.747112,9.407112,9.637112,8.897112,7.777112,6.0371118,5.5571117,3.5871117,3.867112,2.7471118,3.3071117,2.5771117,1.6471118,1.0071118,1.1171118,1.4971118,0.46711183,-0.7228882,-1.7028881,-2.7528882,-3.112888,-3.392888,-4.252888,-5.332888,-5.1128883,-4.232888,-2.4628882,-1.3028882,-1.1728882,-0.13288818,-0.022888184,1.5571119,1.5971118,2.1971118,1.4471118,1.2371118,1.0071118,-0.012888184,-0.19288819,-0.54288816,-0.2928882,-1.1228882,-2.132888,-1.8028882,-1.4328882,-2.592888,-3.4628882,-3.622888,-3.9228883,-2.4828882,-1.6628882,-1.1228882,0.4571118,0.13711181,0.64711183,0.5671118
4.9271116,7.1571116,7.297112,7.977112,8.137112,8.837111,9.427112,9.437112,8.687112,6.6371117,5.417112,4.107112,3.8171117,3.5771117,3.147112,2.657112,2.3171117,1.0071118,0.2671118,1.1671119,0.4871118,0.10711182,-1.2528882,-1.7228882,-3.372888,-3.622888,-4.6128883,-5.232888,-5.232888,-4.562888,-3.5228882,-2.4728882,-1.9728882,-1.6428882,-0.8728882,0.28711182,0.70711184,1.0271118,0.18711181,-1.0728881,-1.0428882,-1.0528882,-0.80288815,-0.24288818,-0.9628882,-1.1328882,-2.882888,-3.0828881,-2.2828882,-2.0028882,-3.102888,-3.8328881,-3.4428883,-2.872888,-1.9828882,-0.5828882,-0.07288818,-0.5328882,0.037111815,0.8771118
4.6371117,5.6171117,6.8071117,7.497112,8.247112,8.677112,9.467112,9.477112,8.577112,6.317112,5.997112,4.3271117,4.6971116,4.487112,2.5771117,3.7971117,2.9371119,2.357112,1.0571119,0.15711182,-0.16288818,-0.16288818,-0.3328882,-0.7828882,-1.5728881,-3.842888,-5.2828884,-5.952888,-5.512888,-5.2828884,-3.8028882,-3.362888,-3.132888,-3.0128882,-1.7528882,-0.3928882,-0.6828882,-0.86288816,-2.4328883,-2.592888,-3.2328882,-2.0328882,-1.4628882,-1.2828882,-0.7228882,-1.4228882,-2.9128883,-3.592888,-4.222888,-3.1728883,-2.2428882,-2.4528883,-3.2828882,-2.9728882,-2.8128881,-1.5628881,-0.042888183,-0.21288818,-0.5228882,0.09711181
4.607112,6.757112,6.007112,8.607112,7.377112,8.447112,9.457111,8.857112,7.277112,7.007112,5.607112,4.507112,4.567112,4.1571116,3.2871118,3.107112,2.4371119,2.0471117,1.6471118,-0.15288818,0.057111815,-0.3928882,-0.3628882,-0.25288817,-1.5728881,-3.4428883,-4.952888,-6.242888,-6.182888,-5.122888,-4.452888,-3.7728882,-4.0528884,-3.9128883,-3.2028883,-2.5728881,-2.3128881,-1.5428882,-1.9028882,-2.2228882,-3.842888,-2.7728882,-2.8328881,-1.6428882,-1.4328882,-2.4428883,-3.4328883,-3.8228881,-4.3028884,-4.352888,-2.8128881,-2.4028883,-2.7428882,-3.3228881,-2.4128883,-2.3328881,-1.2628882,-0.9628882,-1.2728882,0.5671118
6.127112,6.757112,6.897112,7.007112,7.027112,7.9671116,8.787112,8.627111,7.0571117,6.0971117,5.8671117,5.437112,5.357112,4.257112,4.017112,2.3271117,2.8371117,2.3371117,1.7071118,0.7771118,0.34711182,0.06711182,-0.6528882,-1.1528882,-1.3028882,-2.7628882,-4.9428883,-6.222888,-5.872888,-5.8628883,-5.1328883,-4.6728883,-3.9328883,-4.432888,-3.7228882,-3.3028882,-2.4128883,-0.7828882,-0.4528882,-2.372888,-3.852888,-3.392888,-3.6828883,-2.9828882,-2.9328883,-2.8128881,-3.9328883,-4.682888,-4.742888,-5.012888,-4.3628883,-3.4128883,-3.5828881,-3.592888,-3.3028882,-1.8728882,-1.6228882,-1.2228882,-0.5328882,-0.3828882
8.387112,7.877112,7.477112,6.247112,6.017112,8.177112,8.457111,7.297112,7.147112,6.5371118,7.127112,6.277112,5.627112,5.567112,4.977112,3.877112,4.1171117,2.5971117,1.8971118,0.5671118,0.3871118,0.8071118,-0.092888184,-1.6928881,-2.2528882,-3.4328883,-5.1328883,-6.222888,-5.332888,-6.142888,-5.992888,-4.602888,-4.3628883,-4.6928883,-4.4628882,-3.872888,-3.1528883,-2.5528882,-2.882888,-3.862888,-4.6728883,-4.602888,-5.3028884,-4.762888,-4.482888,-4.142888,-4.1928883,-4.512888,-5.7128882,-5.3228884,-4.602888,-4.642888,-5.332888,-4.082888,-3.642888,-2.872888,-2.632888,-1.8428882,-1.3728882,-1.7528882
8.017112,8.367112,7.457112,6.0771117,7.437112,8.097112,7.857112,6.297112,7.687112,8.557112,8.027112,6.547112,4.687112,5.767112,7.027112,5.337112,5.007112,3.647112,1.1471118,0.18711181,0.06711182,-0.7728882,-0.9628882,-0.4828882,-1.8428882,-3.2828882,-5.4628882,-6.1128883,-5.4428883,-5.772888,-6.4628882,-5.722888,-4.5928884,-4.8028884,-5.062888,-4.9628882,-4.0528884,-4.0728884,-3.7328882,-4.852888,-5.972888,-6.932888,-7.1328883,-6.732888,-6.0728884,-4.992888,-4.5928884,-5.742888,-6.292888,-7.012888,-6.6128883,-6.0928884,-6.242888,-5.932888,-3.892888,-2.882888,-3.4328883,-2.7928882,-2.0128882,-1.9328882
8.497112,10.307112,8.387112,8.367112,8.227112,8.807112,8.417111,7.2871118,7.067112,8.0471115,6.977112,7.027112,5.957112,6.627112,7.3871117,8.127111,4.857112,3.4371119,1.6471118,0.6071118,-0.5928882,-1.0528882,-0.13288818,-0.47288817,-1.6728882,-3.0128882,-5.392888,-6.012888,-6.1528883,-6.432888,-6.2828884,-5.732888,-6.3028884,-6.1728883,-5.002888,-5.4028883,-5.9428883,-5.722888,-6.232888,-7.3828883,-7.982888,-8.712888,-9.032888,-8.212888,-7.0728884,-6.1728883,-5.732888,-6.3028884,-7.562888,-7.852888,-7.012888,-7.512888,-6.682888,-6.3228884,-5.912888,-4.4628882,-4.6328883,-4.102888,-3.4628882,-3.7928882
8.147112,8.877111,8.747112,9.167111,8.367112,9.037112,7.257112,9.0471115,7.3471117,7.3871117,7.067112,6.547112,8.267112,8.157112,5.817112,8.067112,6.1171117,3.357112,2.647112,1.8871118,-0.2628882,0.20711182,0.12711182,-0.60288817,-1.2828882,-2.622888,-4.522888,-5.3228884,-6.1128883,-6.5328884,-6.1328883,-5.602888,-6.022888,-7.0928884,-7.182888,-6.562888,-6.4228883,-6.122888,-6.9028883,-7.492888,-7.8628883,-9.052888,-9.222888,-8.942888,-8.672888,-7.6128883,-7.3028884,-7.3828883,-7.832888,-7.792888,-8.942888,-8.152888,-7.9628882,-7.232888,-6.3628883,-6.702888,-6.312888,-6.792888,-5.812888,-5.0328884
5.227112,6.497112,7.4071116,9.127111,9.067112,8.337111,8.277112,10.507112,8.887112,7.6171117,7.6971116,6.987112,7.687112,6.687112,7.5971117,6.0971117,6.067112,5.377112,2.4471118,0.8671118,0.3971118,0.82711184,0.4571118,-0.11288819,-0.41288817,-1.4928882,-2.4828882,-3.9928882,-4.6528883,-5.4628882,-6.3228884,-4.702888,-5.292888,-6.022888,-6.832888,-7.002888,-7.0928884,-7.5728884,-7.952888,-7.122888,-7.582888,-7.932888,-8.582889,-8.4528885,-8.102888,-8.712888,-9.4528885,-9.402888,-8.562888,-8.142888,-8.362888,-9.052888,-9.102888,-8.492888,-7.002888,-7.5328884,-7.0928884,-6.502888,-6.1328883,-6.722888
4.5371118,4.017112,4.6571116,7.6171117,8.337111,8.807112,9.287112,10.197112,10.247112,8.117112,6.707112,6.5571117,7.0771117,7.2871118,5.317112,5.767112,4.227112,3.2471118,3.3271117,2.2371118,2.387112,1.6871119,1.9671118,1.8171118,0.087111816,-0.052888185,-0.5228882,-1.7528882,-2.7928882,-3.9728882,-5.352888,-5.3828883,-5.162888,-6.1328883,-6.6528883,-6.9028883,-7.332888,-8.002888,-9.302888,-9.472888,-8.932888,-9.372889,-10.4528885,-9.622889,-8.742888,-8.562888,-9.602888,-9.562888,-9.072888,-8.422888,-7.6328883,-7.6728883,-7.562888,-7.1128883,-7.872888,-8.022888,-7.762888,-7.1928883,-6.9628882,-6.1928883
2.0371118,2.637112,2.9471118,5.707112,5.0971117,5.957112,5.377112,6.2171116,7.357112,7.607112,5.207112,4.167112,5.1171117,5.647112,4.417112,5.417112,3.9771118,3.387112,3.2571118,2.8371117,3.0271118,2.3071117,3.5271118,3.7471118,1.8571118,1.0471119,0.40711182,-0.17288819,-0.66288817,-1.8328881,-3.6628883,-5.222888,-5.5728884,-6.202888,-6.872888,-7.742888,-7.542888,-6.752888,-7.9028883,-8.432888,-9.222888,-9.172888,-9.742888,-10.052888,-10.532888,-9.712888,-9.252888,-8.842888,-8.042889,-7.9628882,-7.6928883,-7.522888,-7.662888,-7.0328884,-7.232888,-7.412888,-7.472888,-7.9628882,-7.492888,-6.5328884
