public/data/weather/2019/10/01/0000-wind-isobaric-70hPa-gfs-1.0.json
{"header": { "discipline":0, "disciplineName":"Meteorological products", "gribEdition":2, "gribLength":67619, "center":7, "centerName":"US National Weather Service - NCEP(WMC)", "subcenter":0, "refTime":"2019-10-01T00:00:00.000Z", "significanceOfRT":1, "significanceOfRTName":"Start of forecast", "productStatus":0, "productStatusName":"Operational products", "productType":1, "productTypeName":"Forecast products", "productDefinitionTemplate":0, "productDefinitionTemplateName":"Analysis/forecast at horizontal level/layer at a point in time", "parameterCategory":2, "parameterCategoryName":"Momentum", "parameterNumber":3, "parameterNumberName":"V-component_of_wind", "parameterUnit":"m.s-1", "genProcessType":2, "genProcessTypeName":"Forecast", "forecastTime":0, "surface1Type":100, "surface1TypeName":"Isobaric surface", "surface1Value":7000.0, "surface2Type":255, "surface2TypeName":"Missing", "surface2Value":0.0, "gridDefinitionTemplate":0, "gridDefinitionTemplateName":"Latitude_Longitude", "numberPoints":65160, "shape":6, "shapeName":"Earth spherical with radius of 6,371,229.0 m", "gridUnits":"degrees", "resolution":48, "winds":"true", "scanMode":0, "nx":360, "ny":181, "basicAngle":0, "lo1":0.0, "la1":90.0, "lo2":359.0, "la2":-90.0, "dx":1.0, "dy":1.0 }, "data":
[rows 52 to 77 of 181, columns 57 to 113 of 360]
-4.5358887,-1.9358886,-3.0658886,-1.6558887,-0.3958887,-1.2858887,-1.0058887,-0.25588867,0.70411134,1.5341114,2.0141113,3.6141114,4.204111,1.9141114,3.0541112,5.704111,5.374111,3.3241112,9.734112,7.374111,1.1441113,0.13411133,0.9941113,2.9041114,3.2641113,2.6641114,2.7641113,4.1341114,5.934111,5.5941114,4.914111,5.1341114,4.644111,6.8841114,4.7641115,5.814111,7.9241114,8.524112,7.4041114,4.9241114,5.5741115,3.4741113,2.0841112,0.48411134,-1.0458887,-0.8958887,-1.2958887,-2.2558887,-2.5858886,-1.7258887,0.23411132,0.19411133,0.70411134,1.2341113,1.8241113,2.3741114,3.1741114
-3.2858887,-3.2158887,0.26411134,-1.5358887,-1.6558887,-1.2858887,-1.0758886,-0.3958887,2.2541113,2.8441114,2.7841113,3.7041113,2.1941113,2.5241113,5.4841113,6.7441115,5.454111,6.7341113,3.9441113,2.7941113,0.5441113,-0.7158887,-0.48588866,1.2341113,2.6441114,3.7541113,4.954111,4.5041113,3.7641113,3.2041113,4.084111,5.394111,6.874111,6.684111,5.7941113,7.9941115,9.244111,7.8441114,7.4041114,6.4841113,4.1141114,5.564111,3.9241114,2.0241113,0.7941113,0.26411134,-0.07588867,-0.6958887,-0.36588868,-0.5358887,0.7241113,-0.25588867,-1.8058887,-1.4158887,0.03411133,1.7441113,3.9741113
-3.7358887,-1.0358887,-1.4958887,-2.7158887,-2.9358888,-0.5258887,0.62411135,0.69411135,1.4941113,1.9941113,3.4941113,1.7541113,1.5641114,1.7641113,5.1941113,5.2441115,5.6541114,3.1441114,0.7941113,0.42411134,0.52411133,0.8441113,1.1741114,1.9941113,3.9941113,4.164111,3.0241113,5.2741113,7.2741113,7.9941115,8.274112,5.164111,8.414111,6.434111,5.6941113,8.354112,8.334111,7.4941115,8.504111,7.9241114,8.604112,6.8641114,2.8641114,2.1641114,1.9641113,1.8241113,1.1541114,0.63411134,0.47411132,-0.42588866,-0.5758887,-1.0458887,-0.42588866,1.3841113,2.0941114,2.3241112,3.8041112
-0.40588868,-2.8158886,-5.5258884,-2.3258886,0.42411134,-2.4158888,-0.28588867,0.8641113,0.95411134,-0.35588866,1.8641113,2.5641112,1.4341114,4.3041115,3.4741113,2.1641114,4.0441113,0.13411133,1.4941113,-0.22588867,1.3141114,1.0941113,2.6441114,3.6841114,2.8141112,2.1841114,1.8041114,4.0941114,4.684111,4.954111,5.4241114,7.7841115,8.834111,7.2241116,7.7341113,5.4641113,7.4841113,7.5241113,8.534111,8.504111,7.7941113,7.064111,5.7741113,3.2041113,2.2841113,1.2241113,-0.17588867,-0.45588866,0.36411133,0.13411133,-0.10588867,0.11411133,1.8041114,1.2941114,0.8641113,0.6741113,2.0241113
-2.8458886,-4.435889,-2.2158887,0.7841113,1.1241113,0.52411133,-0.25588867,-2.4558887,-2.3758886,-1.2058886,0.47411132,-1.7558887,3.9341114,4.704111,2.0141113,0.5941113,3.9141114,3.1641114,0.9841113,-0.07588867,-1.6558887,-0.035888672,0.93411136,2.8541114,3.3141112,3.3841114,3.5541112,4.7441115,5.7741113,5.9241114,6.8641114,8.094111,7.854111,6.8841114,6.8841114,6.6141114,6.7341113,8.994111,8.984112,7.604111,7.2841115,7.2241116,5.814111,4.584111,4.4841113,2.2041113,1.6041113,1.1541114,0.45411134,0.51411134,1.1641114,1.1141113,0.084111325,0.52411133,1.6741114,1.8841113,2.6241114
-2.9558887,-2.6758888,-1.8258886,0.7841113,1.6841114,0.7241113,-0.86588866,-3.4658887,-2.6058886,0.004111328,0.23411132,0.18411133,3.1141114,3.4441113,3.0741112,2.5141113,2.9741113,3.8741114,3.2241113,1.4641113,-0.37588868,-1.1358887,-0.015888672,0.6641113,2.4241114,3.5141113,2.9741113,5.3841114,5.584111,5.2641115,8.434112,8.534111,7.5941114,7.604111,6.7241116,7.644111,6.7341113,6.874111,6.5441113,7.2541113,7.314111,6.4641113,5.8441114,4.954111,3.8741114,2.7041113,1.5341114,0.83411133,0.69411135,-0.16588867,-1.0458887,-1.0058887,-0.5758887,0.31411132,1.2541113,2.1041114,2.1941113
-0.9458887,-0.8358887,-0.8958887,-0.32588866,0.5541113,-0.8858887,-0.025888672,0.50411135,-1.5358887,-1.3958887,0.42411134,0.76411134,2.0141113,2.5641112,4.4741116,2.5441113,1.3141114,-0.26588866,0.23411132,0.6541113,0.11411133,-0.46588868,0.6541113,1.0741113,1.9241114,2.6241114,2.4341114,3.5741112,5.7241116,6.8841114,8.004111,7.7141113,5.644111,6.604111,6.104111,6.124111,6.6741114,5.684111,5.2541113,5.414111,5.9241114,6.084111,4.684111,4.414111,4.0541115,2.5141113,2.5841112,0.88411134,-0.55588865,-1.0158887,-1.3158886,-0.095888674,-0.9058887,-1.2258887,0.40411133,1.6541114,3.1241114
-0.015888672,1.3741113,-0.045888674,-1.5458887,-2.7558887,-0.68588865,-0.015888672,-0.9058887,-0.37588868,1.1141113,0.9241113,0.43411133,1.5641114,2.2641113,3.0141113,2.6641114,2.0341113,1.9041114,1.7241113,1.2041113,1.6341113,1.0441114,0.49411133,1.0741113,1.9641113,2.5241113,4.3241115,4.5241113,4.6941113,5.9641113,6.394111,5.9841113,5.3841114,5.9641113,6.584111,7.084111,6.684111,5.4641113,6.644111,6.0541115,5.814111,6.3841114,4.8241115,4.2741113,2.6741114,1.5041113,0.25411132,-0.40588868,-0.5958887,-0.43588868,-1.5758886,-2.6458886,-2.0058887,-0.9058887,0.9141113,2.1341114,1.5941113
-2.3058887,-2.4858887,-0.025888672,-0.25588867,1.7841114,0.47411132,-1.1358887,-1.0258887,1.2541113,0.42411134,-0.18588868,-1.0058887,0.06411133,-0.48588866,0.94411135,1.5341114,3.5841112,2.8341112,2.0541112,1.2641113,1.6141113,2.0141113,1.9241114,2.1841114,2.4241114,2.2241113,3.6641114,3.6041114,3.4641113,4.5541115,4.0141115,4.084111,4.4941115,5.394111,5.5341115,5.624111,5.5441113,6.2241116,6.104111,5.0241113,5.1941113,4.6141114,5.1141114,3.1841114,1.7741113,-0.095888674,-0.6458887,0.16411133,-0.55588865,-1.8458886,-3.0958886,-2.7758887,-1.3458886,1.2241113,2.1841114,1.9541113,0.7141113
0.18411133,-0.68588865,-0.29588866,1.3341113,-0.47588867,-1.8758887,-1.0258887,-0.6458887,0.56411135,-0.22588867,-0.7558887,-0.8258887,0.06411133,0.6641113,1.0641114,1.6341113,3.1541114,3.3541114,2.6641114,1.1741114,-0.015888672,0.39411134,1.4841113,2.1241114,3.1541114,2.7341113,2.8541114,2.6341114,3.8241112,3.9141114,3.7241113,3.8341112,3.8141112,3.3941114,4.1341114,3.6841114,4.5241113,3.6841114,3.4041114,2.5941114,3.6641114,2.6441114,2.0641112,2.3941114,1.0241113,0.9841113,-0.18588868,-1.2658887,-2.2358887,-2.4258888,-2.2858887,-1.2658887,-0.61588866,0.94411135,0.9141113,0.23411132,-0.6958887
-0.7058887,-0.14588867,0.32411134,-0.25588867,-0.10588867,-1.3858887,-0.9558887,-0.29588866,-0.36588868,-0.40588868,-0.6958887,-0.45588866,-0.005888672,1.2641113,1.3941113,3.4841113,2.5841112,2.1441114,1.5641114,0.51411134,-0.13588867,0.19411133,0.64411134,1.0241113,1.6541114,2.9241114,2.2141113,1.7441113,2.6741114,2.8941114,3.1941113,3.1541114,3.5741112,2.8441114,1.9041114,1.6941113,1.7341113,1.1641114,0.13411133,0.9841113,0.43411133,1.2941114,0.8441113,0.024111329,-0.5358887,-1.3458886,-1.8758887,-2.3458886,-2.6558886,-2.0958886,-1.5858886,-1.6958886,-1.4358886,0.41411132,0.7241113,-0.30588868,-0.16588867
-2.3558886,-1.6958886,-0.5358887,-0.16588867,-1.6058887,-1.3658887,-0.16588867,-0.15588868,0.124111325,0.10411133,-0.43588868,0.46411133,1.2841114,2.1441114,3.1341114,3.0941114,3.5341113,3.2441113,1.3441113,0.6041113,0.93411136,0.09411133,0.45411134,0.81411135,0.7341113,1.3641113,1.6241113,1.0541114,0.9841113,2.1241114,1.8041114,2.4041114,1.8441113,1.3841113,2.5741112,2.8141112,0.46411133,-0.8958887,-0.68588865,0.014111328,-0.19588867,-0.80588865,-1.6958886,-2.1758888,-2.6558886,-2.9458888,-2.9358888,-2.4258888,-2.2158887,-2.9158888,-2.7558887,-1.7258887,0.43411133,0.9141113,0.044111326,-0.34588867,0.11411133
-2.7158887,-2.9858887,-1.4758887,-1.6558887,-1.4858887,-0.6558887,-0.13588867,0.16411133,0.76411134,-0.66588867,-0.31588867,1.2341113,1.9241114,2.2841113,1.8741113,2.5841112,2.3841114,0.62411135,0.22411133,-0.47588867,-0.26588866,-0.16588867,-0.38588867,-0.48588866,0.24411133,1.0141113,1.2541113,0.39411134,0.9041113,1.3141114,1.6841114,1.3541113,1.3841113,1.2241113,1.1141113,-0.99588865,-0.62588865,-0.34588867,-0.5258887,-0.47588867,-1.2958887,-2.1158886,-2.1158886,-2.0758886,-2.3058887,-1.5658886,-2.2858887,-2.0658886,-2.3858886,-1.9058887,-0.61588866,0.19411133,-0.10588867,0.36411133,0.94411135,0.95411134,0.81411135
-2.4758887,-2.3758886,-2.6758888,-1.9258887,-0.9458887,0.43411133,-0.045888674,0.004111328,-0.44588867,-0.9458887,0.20411132,-0.045888674,0.47411132,0.82411134,2.1541114,1.3341113,0.63411134,-0.23588867,-1.1858886,0.9041113,0.9041113,-0.79588866,-1.2158886,-0.46588868,-0.025888672,0.31411132,0.7941113,1.2341113,0.83411133,1.1441113,0.7141113,0.03411133,0.014111328,-0.22588867,-0.6558887,0.42411134,-0.16588867,0.22411133,-1.4458886,-0.8958887,-0.6958887,-1.1658887,-1.1558887,-0.7058887,-0.86588866,-1.2558887,-0.81588864,-0.6958887,-0.41588867,-1.0758886,-1.3658887,-1.0458887,0.084111325,1.1441113,1.4641113,1.7641113,1.6941113
-2.3358886,-2.3558886,-1.5258887,-1.8758887,-0.91588867,-0.7758887,-0.38588867,-0.005888672,-0.61588866,0.21411133,1.0041113,0.44411132,0.9241113,0.58411133,2.0841112,1.2841114,-0.17588867,-0.8458887,0.46411133,0.38411132,-1.2758887,-0.6558887,-1.4858887,-1.5958886,-0.68588865,-0.8258887,0.20411132,0.7341113,0.68411136,0.14411134,0.024111329,-0.54588866,-1.1058887,-1.1958886,0.28411132,0.17411132,-0.35588866,-0.54588866,-0.67588866,0.19411133,-0.41588867,0.14411134,0.49411133,-0.5158887,-0.79588866,-0.27588868,-0.10588867,-0.5758887,-0.9558887,-0.74588865,-0.5858887,-0.27588868,0.63411134,1.3941113,1.5041113,2.1341114,1.2241113
-1.0658886,-0.87588865,-0.29588866,-1.2358887,-1.4058887,-0.34588867,-0.5758887,-0.5358887,-0.62588865,-0.30588868,-0.23588867,0.8441113,1.4041114,2.3041112,-0.07588867,-1.3658887,-1.8258886,-1.2158886,-0.25588867,-1.2158886,-0.20588867,-0.15588868,-1.1758887,-0.8958887,-0.5058887,-1.5958886,-0.5358887,0.23411132,0.83411133,-0.3958887,-0.31588867,-1.2458887,-1.1658887,-0.54588866,-0.7658887,-0.32588866,0.3541113,-0.67588866,0.7241113,0.14411134,0.29411134,0.70411134,0.47411132,0.5341113,-0.015888672,0.26411134,0.44411132,-0.55588865,-0.26588866,-0.025888672,0.34411132,0.5441113,0.9241113,1.0841113,1.7841114,1.4441113,0.5541113
-0.80588865,-0.93588865,-0.41588867,-1.4758887,-1.7158886,-0.17588867,-0.43588868,1.0641114,1.6241113,1.0241113,1.2941114,1.7041113,0.6741113,-0.095888674,-1.1658887,-1.2858887,-0.28588867,-0.28588867,-2.1558886,-1.2258887,-0.5058887,-1.2358887,-0.31588867,0.8041113,-0.005888672,-0.5058887,0.06411133,0.17411132,-0.3958887,-0.16588867,-0.7858887,-1.5158887,-1.3858887,-1.1958886,-0.7158887,-1.4258887,-0.86588866,-0.93588865,-1.1558887,-0.8858887,-0.12588868,0.83411133,1.2241113,0.6041113,1.5641114,0.93411136,0.88411134,0.41411132,0.57411134,0.87411135,0.9041113,1.6741114,1.3241113,0.9241113,0.81411135,0.48411134,-0.5858887
-0.7858887,-0.31588867,-0.05588867,0.014111328,-0.72588867,-1.3358886,-0.8358887,0.024111329,-0.8358887,0.124111325,0.88411134,-0.54588866,-1.0158887,-1.9658886,-0.32588866,0.32411134,-0.3958887,-1.6958886,-0.7658887,-1.5758886,-2.3058887,-1.1858886,-0.17588867,-0.29588866,-0.16588867,0.30411133,0.014111328,-0.31588867,0.36411133,0.014111328,-1.2658887,-1.1058887,-0.97588867,-0.92588866,-1.2358887,-1.5458887,-1.8858887,-1.3658887,-0.74588865,-0.9558887,0.14411134,0.41411132,0.9241113,1.2041113,2.1541114,1.2941114,0.14411134,0.43411133,0.77411133,1.5941113,2.0041113,1.4641113,2.7441113,1.6541114,1.5541114,1.2541113,-0.23588867
0.8441113,0.7941113,-0.40588868,0.20411132,0.63411134,0.8041113,-0.22588867,0.17411132,0.46411133,0.15411133,-1.5858886,-2.1858888,-2.3558886,-1.7058886,-0.8858887,-0.85588866,-0.8258887,-0.6958887,-1.4758887,-2.0358887,-3.0058887,-2.3358886,-1.9358886,-0.7758887,-1.4158887,-1.1558887,-0.56588864,-1.1858886,-1.9458886,-1.6358887,-1.6058887,-0.24588867,-0.97588867,-1.1558887,-0.99588865,-1.3658887,-0.8458887,-0.7558887,-1.6658887,-0.87588865,-0.25588867,-0.21588868,0.44411132,0.70411134,0.8041113,0.6141113,0.7441113,0.8541113,1.1241113,1.7641113,1.5541114,1.6141113,2.8741114,2.0641112,2.2941113,1.3741113,-0.25588867
0.51411134,0.62411135,0.7241113,0.64411134,-0.5358887,0.25411132,1.0441114,0.5341113,-0.035888672,-1.3858887,-1.9458886,-1.2958887,-0.80588865,-0.8258887,-1.0158887,-0.92588866,0.09411133,-0.33588868,-1.8258886,-3.1258886,-3.2558887,-2.9658887,-2.9558887,-2.4958887,-2.3358886,-1.3958887,-0.86588866,-0.99588865,-1.0358887,0.17411132,0.22411133,-0.15588868,-0.81588864,-0.35588866,-0.98588866,-1.2058886,-0.85588866,-1.6258887,-1.0058887,-0.7758887,0.10411133,-0.31588867,-0.28588867,0.5541113,1.0541114,1.8941113,1.8441113,1.8641113,1.2141113,0.87411135,0.8641113,1.2041113,1.3741113,0.94411135,0.5541113,-0.16588867,-1.2658887
-0.7858887,-0.7858887,-0.30588868,-0.73588866,-0.42588866,-0.6458887,-0.21588868,-0.41588867,-0.9658887,-1.6358887,-1.5358887,-1.2958887,-0.6458887,-0.45588866,-0.16588867,-0.6458887,-0.97588867,-1.9158887,-2.7158887,-3.5358887,-3.1258886,-1.8958887,-2.1158886,-2.3858886,-2.3458886,-1.5458887,-1.3558887,-0.35588866,0.26411134,0.41411132,0.18411133,-0.14588867,-0.6558887,-1.0758886,-1.1358887,-1.1458887,-1.6158887,-1.0958886,-0.5958887,0.124111325,-0.80588865,-0.8358887,-0.36588868,0.6041113,1.6641114,2.0141113,2.3341112,2.8641114,1.7441113,0.50411135,0.7841113,0.6641113,1.0041113,0.43411133,0.34411132,-0.33588868,-0.73588866
-0.5958887,-0.6958887,-0.61588866,-0.06588867,0.37411132,0.29411134,-0.15588868,-0.9058887,-0.99588865,-1.0258887,-0.54588866,0.69411135,0.46411133,0.49411133,-0.91588867,-0.9658887,-2.2758887,-2.9358888,-2.3158886,-2.1358886,-2.1358886,-2.1458886,-3.2858887,-2.8958886,-1.8758887,-1.6558887,-1.1058887,-0.97588867,-0.7758887,-0.60588866,0.014111328,-0.31588867,-1.1058887,-1.6258887,-1.9458886,-1.3558887,-1.4558886,-1.1858886,-1.5458887,-2.5058887,-2.2158887,-0.45588866,0.39411134,0.93411136,2.0441113,2.1741114,3.5241113,2.8941114,2.1341114,1.5741113,0.21411133,0.014111328,0.15411133,0.30411133,0.45411134,0.32411134,-0.45588866
0.7941113,0.75411135,0.6541113,0.8641113,0.64411134,-0.8258887,0.57411134,-0.14588867,0.16411133,0.41411132,1.5741113,1.0841113,-0.11588867,0.21411133,0.084111325,0.42411134,0.33411133,-0.38588867,-0.9458887,-2.0658886,-1.5058887,-2.2358887,-2.2358887,-2.4558887,-2.0158887,-1.7258887,-1.3258886,-1.1858886,-1.2158886,-0.43588868,-0.7058887,-1.1158887,-1.1858886,-0.9458887,-1.1558887,-0.93588865,-0.85588866,-1.9458886,-1.9258887,-1.4858887,-0.98588866,-0.5158887,-0.8858887,0.44411132,1.5141113,3.5141113,3.5941114,3.6341114,2.5741112,1.7641113,0.7341113,-0.38588867,-0.045888674,0.13411133,0.41411132,0.8441113,0.5341113
1.3841113,0.8541113,1.3041114,0.41411132,1.0741113,1.4241114,2.0741112,1.6741114,1.3541113,1.0341114,0.9041113,0.9641113,-0.31588867,-0.24588867,-0.43588868,-1.2258887,-0.14588867,1.2041113,0.21411133,0.29411134,-0.21588868,-1.0458887,-2.7058887,-2.0958886,-1.8858887,-2.0358887,-1.2858887,-1.1858886,-0.87588865,-1.1258887,-0.92588866,-0.8858887,-1.0658886,-0.79588866,-0.66588867,-0.97588867,-1.9258887,-1.0858886,-1.1058887,-1.5958886,-1.6058887,-0.68588865,0.93411136,2.5641112,3.0841112,3.4341114,3.4641113,3.1141114,2.6941113,1.8041114,0.76411134,0.62411135,0.87411135,0.7941113,-0.16588867,-0.21588868,-0.29588866
-0.72588867,-0.43588868,0.16411133,1.6741114,0.8441113,1.8341113,2.6141114,2.7541113,2.9041114,2.1641114,1.2041113,-0.45588866,-2.0558887,-1.4658886,-0.08588867,1.6541114,0.89411134,0.6041113,0.89411134,0.03411133,-0.47588867,-0.47588867,-1.2358887,-1.7158886,-2.5958886,-1.2058886,-0.22588867,0.5541113,-0.005888672,0.31411132,-0.37588868,-0.7658887,-1.3358886,-1.7958887,-1.8258886,-2.8358886,-3.1158886,-2.8858886,-2.5058887,-2.4358888,-1.2558887,0.5341113,1.9041114,2.6241114,4.0141115,3.5341113,2.2641113,1.9341114,2.1941113,1.4841113,0.9741113,0.93411136,1.0241113,0.27411133,0.36411133,1.1841114,0.21411133
-0.9458887,-1.1958886,-0.40588868,-0.38588867,-0.67588866,0.06411133,0.20411132,1.0141113,2.2941113,1.4841113,0.36411133,-2.1758888,-2.0258887,-1.8158886,-0.60588866,2.4141114,0.7341113,0.29411134,0.11411133,0.5441113,0.054111328,-0.81588864,-0.19588867,-0.73588866,-0.67588866,-0.5758887,-0.91588867,-0.19588867,-1.2058886,-0.23588867,-0.62588865,-0.6458887,-0.62588865,-1.7358887,-2.5058887,-2.3658886,-2.3158886,-2.5158887,-2.8758886,-2.2358887,-0.24588867,1.3441113,1.6941113,3.1141114,3.0641112,2.9141114,2.1241114,1.5041113,1.6641114,1.6641114,1.6141113,2.0441113,1.4641113,1.3541113,1.4941113,1.3641113,1.6841114
