public/data/weather/2019/10/01/0000-wind-isobaric-70hPa-gfs-1.0.json
{"header": { "discipline":0, "disciplineName":"Meteorological products", "gribEdition":2, "gribLength":67619, "center":7, "centerName":"US National Weather Service - NCEP(WMC)", "subcenter":0, "refTime":"2019-10-01T00:00:00.000Z", "significanceOfRT":1, "significanceOfRTName":"Start of forecast", "productStatus":0, "productStatusName":"Operational products", "productType":1, "productTypeName":"Forecast products", "productDefinitionTemplate":0, "productDefinitionTemplateName":"Analysis/forecast at horizontal level/layer at a point in time", "parameterCategory":2, "parameterCategoryName":"Momentum", "parameterNumber":3, "parameterNumberName":"V-component_of_wind", "parameterUnit":"m.s-1", "genProcessType":2, "genProcessTypeName":"Forecast", "forecastTime":0, "surface1Type":100, "surface1TypeName":"Isobaric surface", "surface1Value":7000.0, "surface2Type":255, "surface2TypeName":"Missing", "surface2Value":0.0, "gridDefinitionTemplate":0, "gridDefinitionTemplateName":"Latitude_Longitude", "numberPoints":65160, "shape":6, "shapeName":"Earth spherical with radius of 6,371,229.0 m", "gridUnits":"degrees", "resolution":48, "winds":"true", "scanMode":0, "nx":360, "ny":181, "basicAngle":0, "lo1":0.0, "la1":90.0, "lo2":359.0, "la2":-90.0, "dx":1.0, "dy":1.0 }, "data":
[rows 104 to 129 of 181, columns 114 to 170 of 360]
0.83411133,1.5041113,1.3641113,0.82411134,1.6441113,1.2641113,1.2441113,0.83411133,1.2241113,0.27411133,-0.015888672,0.06411133,-0.47588867,0.124111325,1.3541113,1.0241113,1.9941113,1.7041113,2.3441114,2.3641114,1.6341113,1.7141113,0.7241113,0.43411133,1.5941113,1.5641114,0.94411135,-0.06588867,-1.3158886,-1.6958886,-1.2658887,-2.0858886,-1.4858887,0.15411133,0.81411135,0.9041113,0.33411133,0.37411132,-1.7758887,-2.3058887,-1.7658887,-1.1958886,-0.42588866,-1.1358887,-1.8258886,-2.2158887,-1.3158886,0.22411133,-1.2658887,-0.5258887,-0.18588868,1.0541114,1.1841114,1.6841114,1.8141114,2.8941114,3.2041113
0.42411134,0.004111328,0.93411136,1.0941113,1.0741113,1.9241114,2.2841113,1.1741114,1.3941113,1.1441113,0.6541113,0.7141113,-0.005888672,0.37411132,-0.06588867,0.07411133,0.9741113,1.6741114,2.9241114,2.8541114,3.5841112,2.7941113,2.1341114,1.3641113,0.9141113,1.3441113,1.5541114,2.3641114,1.6541114,0.8041113,-1.0658886,-0.27588868,-1.4158887,-1.5658886,-1.4958887,0.8641113,1.1441113,1.0541114,1.0441114,-0.015888672,-0.92588866,-1.4758887,-1.1658887,-0.05588867,-0.025888672,-1.8558887,-2.5058887,-1.5158887,0.10411133,-1.4658886,-0.7558887,-0.61588866,-0.33588868,-0.015888672,0.5941113,1.4041114,3.1841114
0.76411134,-0.37588868,0.03411133,1.4141114,1.4041114,1.2841114,2.3241112,3.3341112,2.5041113,2.4841113,2.8841114,3.2741113,2.0541112,1.7941114,1.9741113,0.06411133,0.46411133,1.1341113,1.6041113,2.6941113,3.7241113,3.0341113,3.1041114,2.7741113,2.6541114,1.7441113,1.6441113,0.88411134,0.8541113,1.0041113,0.17411132,-0.31588867,0.084111325,-0.08588867,0.36411133,0.27411133,1.6641114,1.7541113,0.95411134,0.5541113,0.044111326,-1.2858887,-1.5258887,-2.4958887,-1.8358886,-0.31588867,-1.5458887,-2.1158886,-0.24588867,-0.86588866,-1.5858886,-2.1858888,-1.6458887,-1.0458887,-0.12588868,1.2241113,1.6441113
2.0641112,0.9041113,1.0341114,1.4141114,1.6241113,1.3641113,2.3641114,3.6941113,4.3841114,2.5141113,3.7241113,3.6641114,2.9041114,2.4941113,1.6441113,2.0441113,1.1841114,1.9741113,1.2441113,0.7341113,1.0541114,2.4641113,2.1141114,3.5841112,2.6241114,2.6341114,1.8441113,2.3941114,0.6541113,0.9841113,2.0241113,-0.15588868,-0.5158887,0.6041113,0.33411133,-0.33588868,-1.2458887,-1.0758886,0.024111329,-0.92588866,-0.8358887,-2.0058887,-2.4158888,-3.4058886,-4.2658887,-2.9158888,-1.5058887,-1.5658886,-1.7958887,-0.5958887,-0.035888672,-0.81588864,-2.0958886,-3.8158886,-1.8458886,-0.095888674,0.40411133
1.5541114,2.1241114,2.9241114,2.5841112,2.5541112,2.7141113,3.0041113,2.7941113,4.1541114,4.4741116,4.1741114,3.3441114,3.4741113,2.6241114,2.4641113,2.1741114,2.4341114,0.69411135,1.5941113,2.3341112,2.2141113,2.0241113,3.3941114,2.9141114,3.2141113,4.2941113,3.7741113,1.7541113,0.87411135,0.8041113,-0.23588867,0.9741113,0.3541113,-0.91588867,-0.62588865,-0.30588868,-0.8858887,-0.80588865,-2.0258887,-2.0158887,-1.6058887,-2.5058887,-2.8058887,-4.3258886,-4.8258886,-5.125889,-4.335889,-2.9958887,-3.1758888,-2.0658886,-0.74588865,-0.095888674,0.87411135,0.27411133,-0.31588867,-0.86588866,0.30411133
1.0141113,1.5041113,1.7541113,3.1941113,3.9441113,3.6441114,3.3441114,3.3341112,3.2641113,2.8741114,3.5441113,4.5741115,3.5441113,2.0041113,2.3941114,2.9341114,2.6441114,2.4341114,1.3541113,0.7941113,1.1041113,1.6241113,3.3841114,4.664111,3.6241114,1.7041113,3.2041113,3.8241112,3.6441114,2.4341114,1.3141114,0.46411133,1.0841113,2.3741114,0.46411133,1.1641114,0.93411136,-0.8858887,-1.4258887,-1.3158886,-1.5458887,-0.5258887,-2.3358886,-3.8758886,-6.045889,-7.145889,-6.6358886,-5.5158887,-5.395889,-4.7558885,-5.2058887,-3.3758886,-1.7658887,0.15411133,1.3441113,0.23411132,-0.5158887
-0.43588868,-0.34588867,1.0841113,2.0641112,3.1341114,2.7941113,3.8141112,3.4441113,3.4841113,1.8741113,2.1541114,3.3841114,3.6441114,3.3341112,3.4741113,2.3541114,2.6541114,2.8541114,2.0541112,2.1141114,1.4241114,0.15411133,0.9741113,2.9241114,4.0041113,4.1341114,4.184111,3.4741113,3.3941114,2.9041114,2.2341113,0.9741113,-0.15588868,-0.60588866,1.8441113,1.5441114,0.49411133,1.2241113,1.2841114,-0.8258887,-1.3358886,-3.0858886,-3.2558887,-2.3358886,-3.1358886,-4.7758884,-7.0958886,-8.255889,-7.7058887,-7.6158886,-6.145889,-5.665889,-4.335889,-3.0458887,-1.0158887,0.47411132,1.3641113
-1.4358886,-1.2758887,-0.16588867,0.31411132,0.7941113,2.0341113,2.8841114,2.1741114,1.8541113,1.7441113,0.9641113,1.0641114,3.1441114,4.314111,4.2841115,3.8241112,4.354111,1.6241113,0.7441113,0.49411133,0.004111328,2.0141113,2.2241113,2.2241113,3.4341114,4.374111,3.9941113,3.0541112,2.2141113,2.5941114,3.2541113,3.1041114,0.9941113,-0.21588868,0.68411136,0.46411133,2.7841113,1.6541114,1.0941113,0.22411133,-0.7158887,-1.9858887,-1.6358887,-1.6158887,-2.6558886,-2.8258886,-5.5058885,-7.795889,-9.395888,-9.025888,-7.125889,-5.5158887,-4.605889,-2.2858887,-0.9658887,0.18411133,1.1841114
-2.2358887,-2.0058887,-1.8458886,-0.7158887,0.17411132,-0.26588866,0.6141113,1.5141113,2.5241113,2.1541114,0.10411133,2.8341112,4.2341113,3.5141113,4.2441115,4.454111,3.1141114,0.39411134,2.2141113,1.8041114,2.2241113,2.8341112,0.19411133,0.77411133,0.93411136,3.8641114,6.0241113,3.7341113,1.8641113,0.6141113,1.0941113,2.4041114,2.6541114,-0.23588867,-0.5158887,1.1741114,-0.93588865,1.6541114,2.7441113,1.6841114,0.76411134,-0.79588866,-1.1258887,-1.6358887,-3.6758888,-4.355889,-4.6158886,-4.8658886,-5.295889,-6.1158886,-6.9958887,-7.1958885,-6.5258884,-4.165889,-2.6258886,-1.0458887,-0.07588867
-1.6058887,-3.0358887,-2.8858886,-1.0858886,-0.14588867,-1.0358887,0.3541113,1.6441113,1.9541113,1.5041113,1.7241113,2.3941114,2.0241113,2.2641113,4.5341115,2.4041114,2.5641112,1.1641114,0.18411133,2.8241112,2.2441113,2.9141114,0.7141113,1.4041114,0.9241113,0.9041113,3.2741113,5.914111,3.2341113,-0.40588868,-1.1258887,-1.0358887,0.28411132,1.4341114,0.77411133,0.64411134,2.7441113,1.8941113,2.1941113,2.3141112,1.2941114,0.15411133,-1.7058886,-2.6358886,-2.7958887,-2.2258887,-2.9958887,-3.0958886,-3.5358887,-4.7558885,-4.0258884,-5.105889,-5.605889,-6.0358887,-5.4658885,-3.8758886,-1.7558887
-0.5058887,-1.8158886,-2.3258886,-1.1258887,-0.12588868,-0.5858887,0.41411132,1.3041114,-0.005888672,0.51411134,1.6541114,2.4941113,1.2641113,2.3141112,3.8541114,2.0141113,1.4441113,2.3641114,2.2141113,3.3241112,1.5841113,1.0741113,1.4641113,2.3041112,0.31411132,0.64411134,0.36411133,2.4341114,4.4841113,3.7041113,1.1541114,1.0241113,-0.33588868,1.3641113,2.5741112,2.8141112,2.5141113,1.8941113,0.5441113,0.89411134,-0.6558887,-0.005888672,-1.3358886,-2.0158887,-0.68588865,-0.91588867,-0.38588867,-0.93588865,-1.6758887,-2.3058887,-3.7658887,-3.4558887,-3.4958887,-4.0058885,-3.7458887,-4.0358887,-3.9158888
-2.1158886,-1.2858887,-1.1458887,-0.8858887,-1.0858886,-0.30588868,-0.025888672,-0.72588867,0.15411133,0.084111325,2.1641114,2.3641114,2.1341114,1.9941113,3.9941113,4.434111,2.3941114,2.5541112,2.2641113,2.9441113,0.8041113,2.8641114,0.41411132,1.2141113,0.69411135,1.9541113,0.50411135,0.94411135,3.0641112,4.394111,5.7241116,4.9641113,2.1141114,1.0841113,2.9541113,4.5741115,4.414111,1.6241113,-1.6358887,0.07411133,0.34411132,0.7141113,0.24411133,0.38411132,0.8041113,-2.3258886,-1.0458887,-1.2758887,-1.8458886,-1.3658887,-1.2358887,-1.2858887,-2.1258886,-2.8158886,-3.3158886,-2.9358888,-2.6258886
-2.3458886,-1.6958886,-2.3458886,-2.2958887,-1.5958886,-0.60588866,-1.6558887,-1.4858887,-1.1458887,0.06411133,1.7441113,3.6541114,3.2641113,3.1441114,2.8541114,3.3141112,1.6541114,3.3741114,2.5641112,3.9841113,2.4041114,3.0241113,1.9141114,1.1341113,1.8341113,1.6741114,-0.005888672,0.9041113,1.7441113,1.9941113,3.3241112,5.7341113,6.5141115,5.9041114,4.164111,4.0041113,4.604111,2.9741113,1.3641113,0.77411133,0.31411132,1.1341113,1.4341114,2.2941113,2.4641113,0.70411134,0.41411132,-1.1058887,-0.35588866,0.7141113,0.06411133,-0.80588865,-0.56588864,-1.1158887,-0.7558887,-0.9058887,-2.1958888
-3.2858887,-2.9758887,-1.9458886,-3.1758888,-1.9358886,-1.6458887,-2.3958886,-1.5558887,-1.5058887,0.52411133,1.9041114,2.6341114,4.0741115,3.8641114,3.2141113,4.084111,3.2941113,4.3641114,2.8741114,3.9341114,3.4241114,2.8441114,2.0441113,1.8641113,2.1241114,3.1741114,1.9241114,1.6441113,1.3741113,0.94411135,1.7641113,3.9041114,7.204111,6.434111,3.9841113,1.3041114,2.6341114,3.4841113,2.4641113,2.2341113,2.9641113,2.8241112,2.6741114,2.3241112,3.4841113,1.8341113,1.7741113,1.8041114,1.9741113,-0.005888672,-1.3658887,-0.5258887,-0.6458887,-0.6958887,-0.5858887,-1.2958887,-2.0658886
-2.4058886,-2.2658887,-2.4558887,-3.7358887,-2.5058887,-0.56588864,-3.5558887,-2.8158886,-1.1958886,-0.66588867,2.0341113,3.3641114,2.7841113,4.2941113,4.814111,5.2741113,5.704111,6.1141114,4.0441113,5.0541115,4.6141114,5.124111,3.7441113,4.2341113,2.3141112,3.6541114,2.6141114,2.0041113,1.8641113,2.1741114,2.4041114,3.7941113,5.7841115,5.814111,5.434111,2.1841114,0.10411133,1.6741114,3.2841113,2.5641112,3.4941113,3.5841112,5.0141115,4.704111,3.8241112,3.0641112,4.5041113,4.2541113,3.2641113,2.2041113,1.8141114,-0.3958887,-1.3758887,-0.68588865,0.19411133,0.34411132,-0.55588865
-3.0058887,-3.5158887,-4.4758887,-3.9958887,-2.1158886,-1.2558887,-2.9858887,-1.1958886,-0.22588867,0.3541113,1.9741113,3.3241112,2.4341114,2.9941113,3.6641114,6.354111,6.604111,5.644111,6.124111,6.2841115,5.2241116,5.0441113,4.2441115,2.9141114,2.0141113,1.1341113,2.1441114,2.4441113,2.6741114,1.6341113,1.9141114,4.7741113,5.894111,6.164111,6.5041113,6.0541115,3.0341113,1.3941113,0.82411134,4.104111,5.1141114,4.624111,4.9441113,4.9741116,4.7341113,3.5941114,2.6741114,3.0541112,3.8141112,3.0141113,1.6841114,1.7141113,0.8641113,0.22411133,0.42411134,-0.005888672,0.054111328
-3.4958887,-3.9758887,-5.0258884,-4.355889,-2.3658886,-2.7758887,-2.7858887,-0.72588867,0.43411133,-0.31588867,2.5241113,2.6841114,3.6841114,3.2941113,4.6541114,5.564111,6.454111,6.7141113,6.7141113,7.4441113,6.7241116,5.2841115,4.834111,4.3041115,3.9541113,4.4741116,2.7241113,3.2041113,3.0741112,2.3041112,2.5441113,3.0141113,5.1541114,5.834111,6.3441114,6.2841115,6.6341114,4.9741116,3.3441114,2.5541112,2.6041114,3.9541113,5.684111,5.3641114,5.7241116,5.704111,5.1541114,3.8341112,2.9041114,3.8141112,4.0441113,2.7941113,1.8241113,1.2141113,0.6041113,0.09411133,0.054111328
-3.7358887,-3.6858888,-5.0758886,-4.7558885,-3.2658887,-5.0158887,-3.2458887,-1.1458887,0.11411133,-0.10588867,2.0141113,2.5141113,2.2041113,3.7041113,3.2341113,4.314111,5.3041115,6.334111,6.3041115,6.3641114,7.5941114,6.584111,6.0741115,6.0041113,5.354111,5.0441113,4.8641114,4.204111,3.8141112,4.7241116,5.5041113,4.374111,4.6941113,5.5041113,6.6141114,6.7741113,6.7541113,7.394111,6.9941115,5.1141114,3.9341114,3.4441113,3.2041113,4.1941113,5.5241113,5.7941113,6.204111,6.0741115,5.104111,4.1341114,5.0441113,4.814111,3.3141112,1.4141114,-0.38588867,-1.5458887,-2.0558887
-3.7658887,-3.6758888,-4.2658887,-3.9558887,-2.6858888,-4.2358885,-3.6758888,-1.8358886,-0.41588867,-1.6258887,0.9141113,1.6741114,2.6641114,2.8241112,3.2541113,4.0341115,4.9641113,5.0941114,5.4841113,5.314111,5.7441115,6.064111,6.5741115,5.8241115,5.664111,5.2641115,6.144111,5.2541113,5.1741114,6.0041113,5.6341114,4.454111,3.8341112,4.9641113,5.874111,5.434111,5.7341113,6.564111,6.604111,6.8441114,6.624111,5.6941113,4.2441115,3.3241112,3.3741114,4.434111,5.2741113,5.684111,6.0141115,5.814111,5.1941113,4.954111,4.854111,2.8241112,1.3941113,-0.86588866,-1.9558886
-4.2558885,-3.0058887,-4.065889,-3.5258887,-3.5458887,-4.105889,-3.9658887,-2.3458886,-0.85588866,-2.5358887,0.41411132,2.0541112,1.8741113,2.9041114,3.4541113,4.5541115,5.0141115,4.3441114,4.7641115,4.7541113,4.934111,4.4941115,4.9841113,6.0041113,4.7141113,5.2741113,5.8841114,5.7741113,6.3841114,5.8241115,3.8541114,3.1641114,3.4141114,3.7341113,4.104111,4.9841113,5.894111,6.2941113,6.0141115,5.914111,6.334111,5.8241115,6.064111,5.8641114,5.4041114,5.0741115,4.7241116,4.6341114,4.9241114,5.4641113,5.9841113,5.8841114,5.834111,4.7241116,3.7141113,1.4541113,-0.32588866
-4.1558886,-3.1458886,-3.2958887,-3.8158886,-4.605889,-3.7458887,-5.8858886,-2.6658888,-1.7058886,-3.0558887,-2.4158888,0.64411134,1.8241113,3.0141113,3.0941114,3.4141114,4.2841115,4.5541115,4.1741114,4.0241113,4.4741116,4.4041114,4.7441115,5.3241115,5.834111,5.5941114,5.7541113,6.3441114,5.2741113,3.9641113,3.7241113,3.3241112,3.4441113,3.9341114,4.084111,4.3841114,4.7141113,5.394111,6.7941113,7.2741113,7.2341113,7.1741114,7.104111,6.7941113,6.584111,6.064111,5.1141114,5.164111,5.6341114,5.5141115,4.704111,4.394111,4.5741115,4.124111,3.5041113,2.4541113,0.68411136
-6.3058887,-3.4858887,-3.2958887,-4.9858885,-4.7858887,-3.1258886,-4.9658885,-4.315889,-2.0658886,-1.9958887,-3.6558886,0.6741113,0.9141113,2.1241114,3.0041113,3.0041113,3.6341114,3.5841112,4.204111,4.2741113,4.0741115,4.954111,4.7341113,4.604111,4.7141113,5.7141113,4.954111,5.4941115,4.9741116,5.3441114,5.5541115,5.8441114,5.4441113,4.2741113,4.0441113,4.104111,3.2641113,3.1541114,4.1741114,5.0341115,6.454111,7.1341114,7.2641115,6.874111,7.5141115,7.3841114,6.8841114,6.0041113,5.644111,5.5341115,5.454111,4.934111,4.4241114,3.7741113,3.6641114,3.6141114,2.1441114
-5.7758884,-5.2058887,-2.5958886,-3.9458888,-6.395889,-5.295889,-4.7158885,-5.5258884,-3.1058886,-2.9058886,-3.0558887,-1.0458887,-0.30588868,0.63411134,2.2841113,3.0941114,3.7241113,3.7441113,3.5341113,3.2541113,2.9741113,4.2841115,4.934111,5.2641115,4.9041114,4.624111,5.1541114,5.1741114,6.394111,6.414111,5.6341114,5.644111,7.0241113,7.4241114,6.9641113,6.1341114,5.394111,4.8241115,4.934111,4.9941115,5.5741115,6.1341114,6.6941113,6.8041115,7.064111,7.204111,7.0241113,6.8041115,6.4641113,6.3241115,5.3841114,4.624111,4.2741113,4.2141113,3.5741112,3.0741112,2.1941113
-5.4058886,-4.7558885,-4.5558887,-4.355889,-5.625889,-5.7658887,-4.1758885,-6.2658887,-4.4758887,-3.3258886,-2.5258887,-3.4658887,-0.33588868,-0.48588866,1.3841113,2.4141114,3.1941113,2.9441113,3.5741112,2.9941113,3.4841113,3.0841112,4.164111,4.2441115,5.0341115,5.104111,5.3041115,5.3441114,5.684111,6.2941113,7.0941114,6.7241116,5.9641113,5.1141114,6.3241115,6.3041115,5.7141113,5.394111,5.644111,6.064111,6.184111,5.9841113,5.9641113,6.2641115,6.354111,6.6941113,6.6541114,7.0141115,7.1141114,7.2941113,6.0541115,5.2741113,4.644111,4.2141113,3.1941113,2.5141113,2.1641114
-6.1758885,-5.165889,-4.7558885,-3.9358888,-4.7658887,-5.185889,-3.7858887,-5.0558887,-5.7158885,-4.1358886,-0.9658887,-1.9558886,-0.80588865,-0.40588868,0.32411134,1.4841113,2.3041112,3.0341113,3.8441114,4.2441115,4.5041113,3.3441114,3.5241113,4.3641114,4.6341114,4.584111,5.3241115,5.564111,4.9641113,5.8241115,6.0041113,6.584111,6.374111,6.3641114,6.2641115,5.3841114,5.3841114,5.184111,5.434111,5.3841114,6.1741114,6.9741116,6.354111,6.7641115,6.4041114,6.3041115,6.5041113,7.1941113,6.834111,7.164111,6.7241116,5.5241113,5.2641115,4.2841115,3.9041114,2.5941114,2.1641114
-6.355889,-6.065889,-5.1958885,-4.375889,-4.7158885,-6.4058886,-4.7558885,-4.7158885,-4.4658885,-4.9858885,-3.0358887,-0.6558887,-1.9858887,0.19411133,-0.13588867,0.8041113,1.4141114,2.1141114,3.6141114,3.0941114,3.6741114,3.9141114,3.4041114,3.8241112,4.064111,4.064111,4.8641114,5.184111,5.354111,5.7141113,5.2341113,4.8641114,5.3641114,4.3641114,5.0041113,5.7741113,5.9441113,5.4941115,6.0141115,6.394111,6.3641114,7.204111,7.7141113,6.9841113,6.9041114,6.5341115,6.5041113,7.2441115,6.9041114,6.894111,5.7541113,6.1541114,4.7341113,3.9141114,3.6041114,1.7641113,1.0941113
