public/data/weather/2019/09/30/0000-wind-isobaric-70hPa-gfs-1.0.json
{"header": { "discipline":0, "disciplineName":"Meteorological products", "gribEdition":2, "gribLength":69860, "center":7, "centerName":"US National Weather Service - NCEP(WMC)", "subcenter":0, "refTime":"2019-09-30T00:00:00.000Z", "significanceOfRT":1, "significanceOfRTName":"Start of forecast", "productStatus":0, "productStatusName":"Operational products", "productType":1, "productTypeName":"Forecast products", "productDefinitionTemplate":0, "productDefinitionTemplateName":"Analysis/forecast at horizontal level/layer at a point in time", "parameterCategory":2, "parameterCategoryName":"Momentum", "parameterNumber":2, "parameterNumberName":"U-component_of_wind", "parameterUnit":"m.s-1", "genProcessType":2, "genProcessTypeName":"Forecast", "forecastTime":0, "surface1Type":100, "surface1TypeName":"Isobaric surface", "surface1Value":7000.0, "surface2Type":255, "surface2TypeName":"Missing", "surface2Value":0.0, "gridDefinitionTemplate":0, "gridDefinitionTemplateName":"Latitude_Longitude", "numberPoints":65160, "shape":6, "shapeName":"Earth spherical with radius of 6,371,229.0 m", "gridUnits":"degrees", "resolution":48, "winds":"true", "scanMode":0, "nx":360, "ny":181, "basicAngle":0, "lo1":0.0, "la1":90.0, "lo2":359.0, "la2":-90.0, "dx":1.0, "dy":1.0 }, "data":
[rows 130 to 155 of 181, columns 0 to 58 of 360]
21.190063,21.130064,20.790064,21.000063,21.450064,21.300064,20.680063,20.570063,20.750063,20.290064,20.750063,21.150063,21.110064,20.210064,20.280064,19.810064,18.650063,18.090063,16.780064,17.240063,16.500063,16.760063,17.230064,18.690063,18.130064,17.600063,18.750063,19.340063,17.690063,17.600063,20.480064,19.520063,18.810064,21.110064,21.650063,19.850063,19.450064,19.130064,19.330063,18.990063,19.490063,19.110064,19.340063,19.870064,20.290064,19.900063,19.550064,20.360064,19.610064,18.520063,19.830063,19.940063,19.230064,19.370064,19.220064,19.180063,20.380064,20.640064,20.600063
21.970064,22.160063,22.270063,22.260063,22.370064,22.520063,22.130064,21.890064,21.650063,21.730064,21.690063,22.140064,21.970064,21.390064,20.830063,20.050064,19.710064,19.440063,18.030064,18.260063,17.980064,17.230064,17.240063,18.610064,19.850063,18.410063,17.700064,19.570063,18.970064,18.410063,19.820063,19.920063,21.430063,21.670063,22.210064,19.460064,20.660063,20.560064,20.900063,20.290064,19.810064,19.130064,20.010063,20.780064,20.770063,20.850063,21.260063,21.110064,20.730064,20.820063,20.960064,20.650063,20.820063,20.750063,21.010063,21.010063,21.710064,21.870064,21.800064
23.380064,23.150063,23.980064,23.900063,24.200064,24.140064,24.000063,23.270063,23.990063,23.640064,23.630064,23.340063,23.190063,22.020063,21.520063,20.460064,20.910063,21.180063,20.150063,19.250063,19.520063,19.130064,19.240063,18.750063,19.400063,20.760063,20.050064,19.140064,20.610064,18.890064,19.320063,20.960064,21.660063,23.050064,23.730064,21.210064,21.400063,21.940063,21.830063,20.510063,20.380064,20.750063,21.540064,20.940063,21.900063,22.000063,22.140064,21.690063,22.560064,22.460064,23.150063,23.280064,22.580063,22.730064,22.800064,22.700064,23.300064,24.030064,23.420063
24.350063,24.850063,23.790064,24.750063,24.790064,24.640064,24.360064,25.070063,24.840063,24.430063,23.870064,23.400063,23.550064,23.150063,22.940063,22.680063,22.660063,22.250063,22.080063,21.900063,21.120064,21.680063,21.330063,21.020063,20.470064,20.830063,22.040064,21.410063,20.850063,21.260063,19.990063,20.550064,22.310064,22.860064,23.930063,23.660063,22.520063,22.230064,22.550064,21.920063,21.650063,22.010063,22.550064,23.210064,23.070063,23.170063,23.630064,23.000063,23.340063,24.180063,23.930063,23.450064,23.780064,24.030064,24.210064,24.080063,24.270063,23.570063,23.290064
23.720064,24.610064,25.140064,24.320063,26.140064,25.440063,25.190063,25.350063,25.370064,25.170063,24.700064,24.150063,24.260063,24.310064,24.290064,24.100063,23.980064,23.640064,23.300064,24.320063,23.540064,22.910063,23.150063,23.280064,23.060064,22.150063,22.400063,23.800064,23.270063,22.370064,22.460064,21.990063,21.410063,22.410063,23.510063,23.570063,24.060064,23.870064,23.380064,23.380064,23.290064,23.170063,23.900063,24.020063,24.300064,24.120064,24.070063,24.200064,24.460064,24.900063,25.080063,24.960064,24.510063,24.180063,24.500063,24.670063,24.250063,23.510063,23.220064
26.370064,26.980064,27.180063,26.910063,26.680063,27.030064,26.790064,26.520063,26.710064,26.650063,26.380064,25.390064,25.510063,24.850063,24.790064,25.620064,25.660063,25.190063,24.820063,24.660063,25.370064,25.160063,24.760063,25.380064,25.790064,24.560064,24.000063,24.230064,25.950064,25.380064,24.620064,23.640064,23.690063,22.700064,23.580063,25.060064,23.300064,23.900063,24.040064,24.570063,24.350063,24.160063,23.390064,23.510063,24.300064,24.590063,24.820063,24.600063,25.030064,25.150063,25.480064,25.990063,25.390064,25.230064,25.130064,24.660063,24.660063,24.540064,24.040064
28.000063,28.070063,28.320063,28.570063,28.190063,28.690063,28.770063,28.130064,27.660063,27.660063,27.450064,27.250063,27.260063,27.040064,26.980064,26.790064,26.770063,26.670063,26.700064,26.080063,26.100063,26.460064,25.830063,26.320063,26.730064,27.670063,27.300064,26.100063,26.400063,27.870064,27.880064,26.830063,26.040064,25.150063,24.470064,24.710064,25.320063,25.670063,24.990063,24.150063,24.150063,24.780064,24.380064,24.080063,24.160063,24.770063,25.490063,25.230064,25.010063,25.130064,25.490063,25.590063,25.390064,26.110064,25.550064,25.650063,25.970064,25.390064,25.580063
29.710064,29.800064,30.800064,31.220064,31.100063,30.510063,30.490063,30.370064,30.030064,29.440063,29.100063,29.410063,29.540064,29.480064,29.370064,29.060064,28.920063,28.820063,28.500063,28.080063,27.250063,27.240063,27.680063,27.720064,28.660063,28.940063,29.140064,29.220064,28.780064,28.640064,29.760063,30.410063,29.970064,28.380064,27.490063,26.870064,26.670063,26.840063,27.110064,27.070063,25.830063,25.150063,25.040064,25.410063,25.760063,26.050064,26.390064,26.530064,26.300064,26.200064,26.530064,27.000063,27.370064,27.230064,27.410063,27.330063,26.770063,26.570063,27.680063
32.800064,32.760063,32.380062,32.690063,32.990063,33.550064,33.520065,33.070065,32.61006,32.540062,32.560062,32.460064,32.260063,32.100063,31.880064,31.490063,31.090063,30.710064,30.710064,30.260063,29.620064,28.920063,29.270063,29.440063,29.410063,29.800064,29.690063,30.600063,30.640064,30.610064,31.130064,32.130062,32.520065,32.780064,30.930063,29.810064,29.620064,28.720064,28.470064,28.900063,28.760063,27.790064,27.060064,27.070063,27.280064,27.780064,28.190063,28.460064,28.480064,27.840063,27.370064,27.450064,27.590063,27.990063,28.110064,27.890064,27.810064,28.560064,28.970064
33.650063,34.130062,34.510063,35.150063,36.130062,36.70006,36.420063,35.630062,35.160065,35.030064,35.300064,35.310062,35.090065,35.050064,35.11006,35.140064,34.930065,34.470062,34.000065,33.480064,32.720062,32.130062,31.500063,31.200064,32.020065,32.030064,31.990063,31.930063,32.060062,32.530064,32.460064,32.680065,33.940063,35.310062,35.250065,33.490063,32.890064,32.650063,31.330063,30.390064,30.420063,30.530064,30.140064,29.570063,28.630064,28.380064,28.830063,29.270063,29.350063,29.630064,29.850063,29.510063,29.340063,29.380064,29.150063,28.870064,29.320063,30.110064,30.190063
37.180065,37.920063,38.900063,39.880062,40.870064,40.900063,39.870064,39.260063,39.290062,39.500065,39.470062,39.630062,39.800064,39.640064,39.61006,39.470062,38.980064,38.430065,38.320065,37.640064,36.910065,36.080063,35.410065,34.990063,34.250065,33.640064,34.210064,33.570065,34.120064,34.430065,34.160065,33.890064,34.630062,35.190063,36.340065,37.340065,36.540062,35.370064,35.650063,34.710064,33.440063,33.090065,32.770065,32.990063,32.650063,32.120064,31.320063,31.080063,31.060064,31.060064,31.400063,31.170063,31.460064,31.680063,31.270063,30.380064,30.590063,31.470064,31.330063
42.480064,42.970062,43.130062,44.520065,45.850063,45.340065,44.660065,44.330063,44.490063,44.520065,44.530064,44.320065,44.280064,44.45006,44.520065,44.350063,44.070065,43.86006,43.400063,43.300064,42.370064,41.140064,40.510063,39.970062,38.820065,38.050064,36.720062,36.780064,36.530064,36.380062,35.670063,35.850063,36.150063,36.840065,37.250065,37.220062,37.940063,38.11006,36.960064,36.750065,36.690063,36.270065,35.630062,35.460064,35.370064,35.220062,35.11006,34.620064,34.140064,33.830063,33.320065,32.510063,32.750065,33.210064,32.300064,31.710064,32.640064,32.600063,32.640064
46.440063,46.390064,47.210064,49.550064,50.61006,50.180065,49.770065,49.780064,49.970062,49.810062,49.750065,49.710064,49.340065,49.440063,49.440063,48.900063,48.620064,48.150063,47.640064,47.45006,47.320065,46.61006,45.580063,44.920063,44.140064,43.370064,42.090065,41.270065,39.750065,39.600063,39.350063,38.510063,38.550064,39.050064,39.190063,39.630062,39.520065,39.230064,38.910065,38.770065,38.120064,37.830063,37.780064,37.530064,37.470062,37.260063,36.980064,37.010063,37.11006,36.830063,36.650063,35.750065,35.890064,36.080063,35.570065,35.440063,35.410065,35.500065,35.300064
51.050064,51.520065,51.570065,54.580063,55.380062,55.580063,55.70006,55.730064,55.960064,56.250065,56.240063,56.240063,55.95006,55.970062,56.150063,55.680065,55.45006,54.650063,53.70006,52.810062,52.36006,51.620064,51.120064,49.900063,49.090065,47.940063,47.480064,46.550064,44.930065,44.420063,43.330063,42.650063,41.870064,41.830063,41.930065,42.090065,41.850063,41.850063,41.520065,40.900063,40.690063,40.550064,40.370064,40.290062,40.000065,39.960064,39.970062,40.000065,39.61006,39.660065,39.960064,39.160065,39.220062,39.310062,39.000065,38.86006,38.650063,38.710064,38.400063
55.640064,55.780064,55.150063,57.70006,58.400063,59.020065,59.040062,58.95006,59.080063,59.170063,59.280064,59.350063,59.230064,59.020065,59.050064,59.190063,59.070065,58.300064,57.780064,57.20006,56.800064,56.580063,56.140064,55.740063,54.870064,53.180065,52.150063,51.330063,50.150063,48.820065,47.980064,47.670063,46.540062,46.130062,45.150063,45.210064,45.310062,44.060062,44.350063,43.960064,43.170063,43.580063,42.640064,42.770065,42.930065,43.290062,43.150063,42.890064,42.870064,42.930065,43.460064,42.570065,42.140064,42.480064,42.330063,42.220062,42.11006,41.70006,41.800064
58.050064,57.260063,55.270065,57.720062,59.010063,59.380062,58.850063,58.040062,57.840065,58.060062,58.090065,58.060062,57.910065,57.400063,57.520065,57.890064,58.36006,57.95006,56.940063,56.820065,56.570065,57.220062,58.320065,58.790062,58.490063,58.190063,57.340065,56.260063,54.760063,53.810062,52.560062,51.080063,51.300064,50.760063,50.190063,48.850063,48.670063,48.650063,48.760063,47.760063,47.340065,46.710064,46.820065,46.590065,46.060062,46.080063,46.390064,46.390064,46.560062,46.410065,46.780064,46.870064,46.620064,45.970062,45.670063,45.740063,45.620064,45.600063,45.730064
57.600063,55.390064,53.220062,56.480064,57.350063,57.080063,56.280064,55.70006,55.180065,55.150063,54.810062,54.800064,54.970062,54.710064,54.520065,54.840065,55.310062,55.370064,55.060062,54.720062,54.240063,54.530064,55.430065,56.890064,58.420063,59.060062,58.890064,58.040062,57.410065,57.510063,56.740063,55.010063,54.420063,54.970062,54.770065,54.470062,52.960064,52.240063,52.090065,52.090065,52.560062,51.080063,51.530064,50.570065,50.550064,50.70006,50.910065,51.060062,51.160065,51.150063,50.790062,50.640064,50.470062,50.400063,50.240063,49.940063,49.760063,49.86006,49.95006
54.600063,52.150063,52.050064,55.280064,54.940063,53.850063,52.70006,52.180065,51.850063,51.660065,50.790062,50.500065,50.45006,50.45006,50.760063,50.850063,51.020065,51.220062,51.250065,51.280064,51.280064,51.150063,51.680065,52.86006,54.290062,55.800064,57.060062,57.61006,57.590065,56.630062,56.830063,56.810062,57.260063,57.250065,58.060062,57.310062,57.800064,58.120064,56.260063,55.960064,56.160065,56.900063,55.710064,55.940063,55.340065,55.400063,55.470062,55.220062,55.740063,55.810062,55.760063,55.380062,54.940063,54.520065,54.180065,54.090065,54.11006,54.290062,54.250065
51.770065,50.520065,50.990063,52.11006,51.320065,50.350063,49.470062,48.920063,48.590065,48.20006,47.320065,47.36006,47.010063,47.120064,47.330063,47.220062,47.660065,47.760063,47.310062,47.290062,47.780064,48.050064,48.570065,49.20006,50.140064,51.120064,52.640064,53.920063,55.080063,55.710064,55.660065,55.940063,55.930065,56.61006,58.36006,58.61006,58.620064,59.310062,59.390064,60.290062,60.590065,61.320065,60.850063,60.230064,60.000065,60.090065,60.240063,60.580063,61.210064,60.990063,60.560062,59.810062,59.240063,58.900063,58.490063,58.660065,58.660065,58.70006,58.840065
50.050064,49.140064,49.11006,48.780064,47.460064,46.080063,45.440063,44.770065,44.380062,44.36006,43.160065,43.300064,42.900063,43.220062,42.920063,43.070065,43.270065,43.510063,43.520065,43.840065,44.280064,44.810062,45.630062,46.400063,47.060062,47.400063,48.350063,49.400063,50.790062,52.140064,52.970062,53.150063,53.030064,54.250065,55.490063,56.230064,56.820065,57.520065,58.210064,59.730064,61.390064,62.230064,63.270065,62.990063,62.70006,62.770065,62.590065,62.850063,63.280064,64.12006,64.29006,64.020065,63.530064,62.660065,62.120064,61.720062,61.500065,61.090065,60.590065
46.620064,46.11006,45.740063,45.210064,44.070065,42.61006,41.750065,40.490063,39.960064,39.940063,38.660065,38.370064,38.430065,38.45006,38.100063,37.870064,37.940063,38.060062,37.95006,38.260063,39.240063,40.36006,41.020065,41.800064,43.100063,44.290062,45.160065,45.750065,46.470062,47.720062,48.770065,49.420063,50.670063,51.480064,51.550064,52.990063,53.400063,54.230064,55.310062,57.120064,58.820065,59.45006,60.220062,61.150063,62.090065,62.050064,61.740063,61.980064,61.640064,62.080063,62.550064,62.61006,62.310062,61.910065,61.910065,61.640064,61.590065,60.540062,60.100063
43.980064,43.490063,42.580063,41.600063,40.270065,38.880062,38.100063,36.830063,36.430065,36.150063,34.45006,34.390064,34.300064,34.250065,33.570065,33.330063,33.080063,33.430065,33.730064,34.170063,34.36006,34.790062,35.600063,36.870064,38.320065,39.660065,40.870064,42.120064,43.300064,44.530064,45.560062,46.170063,47.180065,48.090065,49.020065,49.690063,50.380062,50.630062,51.560062,52.300064,53.680065,54.760063,55.800064,57.190063,58.030064,57.550064,57.480064,57.460064,57.570065,57.61006,58.490063,58.500065,57.990063,57.990063,57.730064,56.970062,57.850063,57.710064,56.750065
40.910065,39.890064,39.040062,38.060062,36.730064,35.460064,34.530064,33.870064,33.500065,32.920063,31.480064,31.640064,31.480064,31.080063,30.190063,30.310064,29.880064,29.770063,29.940063,29.910063,29.940063,30.690063,31.540064,32.430065,33.540062,34.980064,36.490063,37.980064,39.240063,40.20006,41.300064,42.540062,43.170063,43.890064,44.720062,45.480064,46.350063,47.660065,48.900063,50.020065,50.820065,50.970062,51.750065,51.800064,51.820065,51.740063,52.010063,52.370064,52.280064,52.570065,52.900063,52.570065,52.690063,53.350063,52.520065,52.470062,52.680065,52.180065,50.510063
37.900063,37.280064,36.220062,35.030064,33.420063,32.140064,30.810064,30.620064,30.090063,29.690063,29.000063,29.190063,29.100063,28.550064,27.470064,27.500063,27.410063,27.650063,27.650063,27.270063,27.310064,27.560064,28.330063,29.360064,30.410063,31.470064,32.500065,33.840065,35.260063,36.61006,37.740063,38.640064,39.780064,40.980064,41.880062,42.890064,43.470062,44.150063,44.690063,45.410065,45.840065,46.050064,46.660065,47.230064,47.970062,48.20006,48.080063,47.510063,47.86006,48.220062,48.060062,48.750065,48.800064,48.330063,48.380062,47.960064,46.740063,46.120064,46.490063
35.20006,33.960064,32.870064,32.020065,30.760063,29.300064,27.960064,28.020063,27.620064,27.670063,27.030064,26.740063,27.290064,26.710064,25.880064,25.730064,25.440063,25.280064,25.110064,25.310064,25.380064,25.500063,26.140064,26.790064,27.550064,28.520063,29.410063,30.260063,31.380064,32.800064,34.170063,35.350063,36.510063,37.410065,38.170063,38.760063,39.340065,39.940063,40.530064,41.070065,41.760063,42.640064,43.080063,43.350063,43.570065,43.690063,43.910065,44.130062,44.040062,44.510063,44.680065,44.550064,44.300064,44.010063,42.970062,42.320065,42.570065,42.490063,42.660065
33.36006,32.270065,30.790064,29.520063,28.070063,26.880064,25.990063,26.140064,26.200064,26.400063,25.150063,24.140064,24.950064,25.140064,24.810064,23.890064,23.790064,23.540064,23.090063,22.980064,23.370064,23.710064,24.480064,24.690063,25.400063,26.180063,26.690063,27.210064,28.180063,29.180063,30.410063,31.580063,32.400063,33.030064,33.730064,34.460064,35.000065,35.45006,36.330063,36.830063,37.500065,38.170063,39.060062,39.440063,39.910065,39.890064,39.800064,39.800064,39.640064,40.400063,40.580063,39.86006,39.350063,39.400063,39.060062,38.400063,38.310062,38.100063,37.330063
