public/data/weather/2019/09/30/0000-wind-isobaric-250hPa-gfs-1.0.json
{"header": { "discipline":0, "disciplineName":"Meteorological products", "gribEdition":2, "gribLength":50836, "center":7, "centerName":"US National Weather Service - NCEP(WMC)", "subcenter":0, "refTime":"2019-09-30T00:00:00.000Z", "significanceOfRT":1, "significanceOfRTName":"Start of forecast", "productStatus":0, "productStatusName":"Operational products", "productType":1, "productTypeName":"Forecast products", "productDefinitionTemplate":0, "productDefinitionTemplateName":"Analysis/forecast at horizontal level/layer at a point in time", "parameterCategory":2, "parameterCategoryName":"Momentum", "parameterNumber":3, "parameterNumberName":"V-component_of_wind", "parameterUnit":"m.s-1", "genProcessType":2, "genProcessTypeName":"Forecast", "forecastTime":0, "surface1Type":100, "surface1TypeName":"Isobaric surface", "surface1Value":25000.0, "surface2Type":255, "surface2TypeName":"Missing", "surface2Value":0.0, "gridDefinitionTemplate":0, "gridDefinitionTemplateName":"Latitude_Longitude", "numberPoints":65160, "shape":6, "shapeName":"Earth spherical with radius of 6,371,229.0 m", "gridUnits":"degrees", "resolution":48, "winds":"true", "scanMode":0, "nx":360, "ny":181, "basicAngle":0, "lo1":0.0, "la1":90.0, "lo2":359.0, "la2":-90.0, "dx":1.0, "dy":1.0 }, "data":
[rows 104 to 129 of 181, columns 228 to 284 of 360]
-2.7292175,-1.8292176,-1.0292175,-0.9292175,-0.32921752,0.47078246,0.7707825,-0.52921754,-1.6292175,-1.8292176,-2.0292175,-2.4292176,-2.4292176,-0.9292175,-0.22921753,0.37078246,1.6707824,1.7707825,-0.6292175,-1.8292176,-4.5292177,-6.3292174,-5.8292174,-4.3292174,-6.0292177,-3.9292176,-3.3292174,0.67078245,0.27078247,0.5707825,-1.5292175,-1.4292176,-3.3292174,-2.9292176,-0.42921752,-1.2292175,-1.9292176,-1.2292175,-1.3292176,-3.8292174,-3.7292175,-3.7292175,-2.3292174,-0.9292175,-0.42921752,-0.9292175,-0.22921753,1.3707825,1.1707824,1.4707825,2.3707824,1.5707824,2.1707826,-0.02921753,-2.6292176,-2.9292176,-6.3292174
-2.0292175,-1.5292175,-0.7292175,0.5707825,1.1707824,2.1707826,3.2707825,2.5707824,0.47078246,-0.7292175,-1.7292175,-2.0292175,-2.1292176,-2.4292176,-1.9292176,-1.3292176,-1.4292176,-0.42921752,-0.52921754,-0.7292175,-1.2292175,-3.0292175,-2.6292176,-1.4292176,1.5707824,0.17078248,-2.4292176,-1.0292175,-1.3292176,-0.7292175,-0.02921753,0.07078247,-2.9292176,-2.2292175,-1.4292176,-1.5292175,-0.32921752,-1.0292175,-2.9292176,-3.5292175,-3.9292176,-2.6292176,-1.4292176,-2.0292175,-2.9292176,-1.5292175,-0.42921752,0.27078247,1.9707825,1.1707824,0.8707825,1.7707825,2.1707826,1.5707824,1.1707824,-0.9292175,-3.0292175
-2.7292175,-2.1292176,-1.4292176,0.5707825,2.1707826,2.7707825,3.5707824,2.8707824,2.7707825,1.4707825,1.1707824,0.5707825,0.47078246,-0.12921754,0.17078248,0.17078248,0.47078246,0.47078246,0.37078246,0.47078246,0.07078247,-1.6292175,-1.5292175,-0.7292175,0.8707825,0.97078246,-0.42921752,1.5707824,2.7707825,2.7707825,-2.0292175,-3.4292176,-1.3292176,-2.2292175,-2.8292174,-2.7292175,-1.9292176,-1.2292175,-2.3292174,-4.4292173,-5.4292173,-3.8292174,-4.8292174,-3.5292175,-4.4292173,-2.6292176,-1.8292176,-1.2292175,0.97078246,2.1707826,2.0707824,2.0707824,2.7707825,2.7707825,1.9707825,0.97078246,-0.12921754
-1.3292176,-1.7292175,-1.3292176,0.27078247,1.5707824,1.4707825,2.0707824,3.1707826,2.9707825,2.9707825,1.5707824,1.7707825,1.2707825,2.0707824,2.2707825,3.1707826,3.7707825,3.9707825,3.5707824,3.2707825,1.9707825,0.67078245,0.07078247,-1.1292175,0.07078247,1.0707824,0.97078246,1.2707825,1.1707824,0.07078247,-2.2292175,-1.0292175,-3.1292176,-4.5292177,-3.9292176,-3.8292174,-3.3292174,-2.5292175,-2.5292175,-4.0292177,-7.5292177,-6.4292173,-4.1292176,-2.5292175,-5.6292176,-4.8292174,-4.5292177,-1.7292175,0.27078247,1.2707825,2.0707824,2.1707826,3.5707824,4.0707827,3.9707825,2.0707824,1.5707824
4.3707824,2.3707824,2.4707825,2.9707825,3.3707824,3.5707824,3.9707825,5.3707824,4.5707827,2.8707824,1.7707825,1.7707825,1.8707825,2.6707826,3.9707825,4.8707824,5.6707826,7.0707827,7.3707824,8.170782,8.570783,6.7707825,4.9707823,3.7707825,3.1707826,1.3707825,1.4707825,0.47078246,-0.32921752,-1.0292175,-1.0292175,-1.7292175,-5.6292176,-5.8292174,-6.0292177,-6.1292176,-6.9292173,-5.4292173,-4.5292177,-4.3292174,-6.8292174,-10.129217,-7.1292176,-4.7292175,-4.8292174,-7.0292177,-6.3292174,-4.2292175,-3.0292175,-0.22921753,1.5707824,1.4707825,4.0707827,3.1707826,4.1707826,3.2707825,3.4707825
5.8707824,4.2707825,3.7707825,4.4707823,4.3707824,4.5707827,5.6707826,6.2707825,7.2707825,5.0707827,3.0707824,1.6707824,0.7707825,1.2707825,2.2707825,3.5707824,4.7707825,6.6707826,8.870783,9.670782,9.770782,9.170782,9.170782,8.570783,7.5707827,5.6707826,5.2707825,4.2707825,1.9707825,0.67078245,-1.6292175,-4.5292177,-5.2292175,-4.8292174,-9.129217,-9.029218,-8.229218,-9.029218,-8.029218,-6.7292175,-6.4292173,-9.429217,-10.729218,-7.4292173,-5.3292174,-6.8292174,-6.3292174,-6.4292173,-4.6292176,-3.0292175,-0.42921752,0.07078247,2.0707824,3.4707825,3.2707825,3.5707824,3.0707824
4.4707823,4.3707824,4.7707825,5.1707826,5.1707826,5.9707823,5.7707825,6.4707823,7.1707826,6.2707825,5.9707823,4.5707827,4.2707825,3.3707824,3.4707825,4.5707827,5.4707823,7.1707826,8.670782,9.470782,9.970782,9.570783,9.670782,8.970782,8.870783,8.770782,8.170782,6.6707826,4.4707823,4.2707825,2.7707825,-1.5292175,-4.1292176,-7.2292175,-7.9292173,-10.329218,-12.229218,-11.329218,-11.629217,-10.729218,-10.229218,-8.629217,-11.129217,-9.729218,-8.129217,-6.7292175,-5.4292173,-5.3292174,-6.0292177,-5.3292174,-1.8292176,-0.42921752,1.6707824,1.4707825,1.0707824,1.8707825,3.8707824
1.4707825,1.6707824,2.0707824,3.2707825,4.6707826,5.6707826,5.9707823,6.5707827,6.8707824,6.6707826,6.5707827,6.2707825,5.6707826,5.3707824,5.8707824,5.7707825,6.0707827,6.7707825,7.9707823,9.970782,9.170782,9.270782,9.970782,10.170782,9.370783,9.470782,10.070783,9.870783,9.570783,8.170782,6.0707827,4.5707827,3.2707825,-1.5292175,-5.6292176,-9.229218,-13.629217,-14.829218,-14.229218,-14.129217,-14.129217,-13.329218,-11.929217,-10.529218,-10.529218,-10.229218,-7.6292176,-6.5292177,-6.7292175,-5.6292176,-3.8292174,-2.8292174,-0.9292175,0.67078245,0.07078247,0.27078247,0.5707825
2.0707824,1.8707825,1.1707824,1.4707825,2.1707826,2.6707826,4.5707827,5.7707825,6.3707824,7.5707827,7.6707826,7.7707825,7.5707827,6.9707823,5.9707823,4.6707826,5.1707826,7.2707825,7.2707825,7.9707823,8.870783,9.870783,10.070783,9.970782,10.970782,9.970782,10.070783,9.470782,9.570783,9.670782,9.770782,8.370783,5.1707826,2.6707826,-2.5292175,-9.229218,-13.829218,-17.429218,-17.229218,-17.729218,-17.729218,-16.529217,-14.529218,-13.629217,-12.329218,-10.729218,-9.929217,-8.229218,-8.329218,-7.7292175,-6.5292177,-5.4292173,-3.9292176,-2.2292175,-1.9292176,-2.0292175,-1.0292175
1.3707825,1.0707824,-0.22921753,-0.52921754,0.67078245,0.67078245,0.7707825,3.2707825,5.1707826,5.5707827,6.7707825,8.170782,8.470782,9.270782,8.470782,7.3707824,6.5707827,7.5707827,7.7707825,7.5707827,8.870783,10.070783,9.970782,10.770782,12.070783,11.070783,10.370783,10.270782,11.270782,12.270782,11.870783,10.170782,7.5707827,3.3707824,-1.0292175,-8.129217,-14.129217,-18.229218,-19.929218,-19.529217,-19.729218,-19.729218,-19.229218,-18.929218,-17.229218,-14.529218,-12.429217,-9.529218,-8.929217,-9.629217,-9.829218,-8.029218,-6.0292177,-5.0292177,-4.6292176,-3.3292174,-2.8292174
-0.02921753,-0.32921752,0.37078246,-0.82921755,0.5707825,-0.9292175,-0.9292175,1.2707825,3.1707826,4.6707826,5.7707825,6.1707826,7.5707827,9.170782,9.470782,8.170782,7.9707823,7.9707823,8.370783,8.770782,9.270782,10.370783,10.770782,11.770782,12.170782,11.970782,11.170782,10.470782,11.370783,12.770782,13.970782,14.270782,10.270782,3.8707824,-0.12921754,-3.4292176,-10.729218,-16.129217,-19.729218,-21.929218,-22.229218,-22.429218,-22.129217,-22.629217,-20.629217,-19.529217,-16.929218,-14.729218,-12.329218,-10.629217,-10.929217,-11.029218,-9.029218,-7.4292173,-6.3292174,-6.1292176,-5.3292174
-2.1292176,-2.5292175,-1.8292176,-1.9292176,-1.7292175,-1.0292175,0.97078246,1.4707825,1.9707825,3.1707826,3.9707825,5.8707824,7.4707823,8.670782,8.970782,8.670782,8.070783,7.7707825,7.5707827,8.770782,9.470782,10.070783,11.270782,11.470782,11.870783,12.570783,12.270782,11.170782,11.270782,14.370783,17.070782,19.770782,11.770782,6.0707827,2.0707824,-2.6292176,-4.4292173,-10.329218,-15.129217,-18.329218,-22.529217,-23.929218,-24.729218,-25.029217,-24.329218,-23.229218,-20.429218,-18.829218,-16.129217,-14.829218,-13.429217,-13.029218,-11.829218,-9.629217,-7.7292175,-6.9292173,-7.1292176
-2.0292175,-2.2292175,-2.2292175,-1.9292176,-2.0292175,-1.5292175,-1.6292175,-0.6292175,0.67078245,1.9707825,2.0707824,4.2707825,5.1707826,6.7707825,7.7707825,8.070783,7.3707824,6.8707824,7.6707826,7.8707824,9.370783,10.270782,12.070783,12.070783,13.670782,11.570783,10.170782,10.970782,12.470782,15.670782,18.770782,24.470783,8.870783,6.5707827,5.1707826,-0.9292175,-2.5292175,-4.9292173,-8.429217,-12.629217,-15.129217,-19.429218,-24.129217,-25.029217,-26.329218,-25.729218,-24.829218,-22.429218,-20.529217,-18.529217,-16.929218,-15.829218,-14.229218,-11.929217,-10.129217,-8.829218,-8.229218
-2.7292175,-2.8292174,-2.5292175,-3.0292175,-2.9292176,-2.7292175,-2.9292176,-2.0292175,-1.8292176,-0.9292175,-0.42921752,0.17078248,2.3707824,4.3707824,4.8707824,5.4707823,6.3707824,6.4707823,5.6707826,6.7707825,8.070783,10.070783,11.070783,12.770782,11.770782,9.270782,7.8707824,11.470782,14.270782,17.470783,21.170782,18.370783,9.170782,12.370783,7.0707827,2.5707824,-0.7292175,-4.4292173,-8.229218,-10.329218,-11.229218,-15.029218,-17.729218,-20.729218,-25.529217,-27.329218,-26.829218,-25.929218,-24.329218,-22.529217,-21.229218,-18.829218,-17.229218,-15.629217,-13.829218,-11.429217,-9.929217
-2.9292176,-3.2292175,-3.8292174,-4.3292174,-4.0292177,-4.4292173,-4.8292174,-4.0292177,-3.6292176,-3.5292175,-2.8292174,-2.3292174,-1.3292176,-0.42921752,1.1707824,2.7707825,3.5707824,4.5707827,4.9707823,5.7707825,5.9707823,7.1707826,10.170782,11.170782,8.570783,6.0707827,7.3707824,9.870783,14.570783,17.570782,22.270782,14.170782,9.570783,14.170782,5.0707827,2.1707826,-2.5292175,-6.0292177,-8.529218,-10.329218,-12.129217,-12.529218,-15.629217,-18.429218,-21.329218,-25.329218,-27.029217,-27.829218,-27.329218,-26.129217,-24.529217,-22.329218,-20.329218,-18.129217,-16.629217,-15.329218,-13.529218
-6.8292174,-7.4292173,-8.329218,-8.129217,-8.529218,-7.7292175,-7.5292177,-7.0292177,-6.5292177,-5.5292177,-6.1292176,-5.2292175,-4.0292177,-3.5292175,-2.7292175,-1.6292175,-0.22921753,1.9707825,3.7707825,3.8707824,6.9707823,8.070783,9.370783,9.270782,5.4707823,5.0707827,6.6707826,9.470782,12.770782,15.170782,19.470783,14.170782,12.570783,16.070782,16.770782,11.770782,8.670782,1.8707825,-6.1292176,-9.229218,-12.929217,-14.629217,-14.929217,-17.229218,-19.429218,-21.129217,-23.229218,-25.929218,-28.029217,-28.229218,-27.029217,-25.629217,-23.329218,-20.629217,-18.829218,-17.129217,-15.629217
-7.4292173,-10.229218,-10.829218,-12.029218,-12.029218,-13.029218,-12.929217,-12.229218,-11.729218,-10.429217,-8.429217,-6.9292173,-7.2292175,-7.2292175,-6.0292177,-5.9292173,-3.2292175,-2.4292176,-1.0292175,2.8707824,5.4707823,6.0707827,8.070783,5.5707827,6.6707826,6.0707827,7.5707827,8.570783,11.870783,17.370783,19.670782,19.970783,22.070782,22.570782,20.870783,19.070782,20.070782,13.470782,4.8707824,-6.8292174,-12.229218,-12.629217,-14.729218,-15.029218,-17.329218,-18.429218,-20.829218,-21.329218,-23.629217,-27.729218,-28.229218,-27.829218,-26.529217,-24.429218,-22.029217,-19.729218,-17.829218
-7.8292174,-9.429217,-11.329218,-12.629217,-12.629217,-13.429217,-15.229218,-14.429217,-12.129217,-11.729218,-11.529218,-11.129217,-9.629217,-8.229218,-8.929217,-9.129217,-8.329218,-4.4292173,-2.9292176,-1.2292175,3.0707824,6.0707827,3.9707825,4.4707823,5.1707826,5.1707826,7.0707827,9.170782,13.670782,16.770782,21.570782,20.770782,22.370783,21.070782,22.870783,25.070782,20.870783,11.170782,7.4707823,2.3707824,-4.5292177,-8.529218,-12.329218,-14.029218,-15.229218,-16.829218,-18.329218,-20.929218,-23.129217,-23.829218,-27.429218,-28.729218,-27.129217,-27.229218,-25.629217,-22.829218,-20.329218
-5.7292175,-7.4292173,-9.329218,-10.729218,-11.729218,-12.829218,-13.029218,-13.129217,-13.629217,-13.929217,-13.229218,-12.329218,-10.729218,-10.329218,-9.729218,-10.729218,-11.529218,-9.529218,-6.4292173,-2.7292175,1.1707824,0.5707825,1.4707825,2.2707825,2.9707825,3.9707825,5.5707827,9.470782,13.670782,18.870783,22.670782,23.970783,24.870783,23.670782,27.470783,25.070782,18.370783,11.370783,7.7707825,4.7707825,0.8707825,-3.7292175,-7.3292174,-11.229218,-13.729218,-14.529218,-16.329218,-18.829218,-21.529217,-24.629217,-25.729218,-26.229218,-27.029217,-27.929218,-26.829218,-25.429218,-22.429218
-3.2292175,-4.6292176,-7.2292175,-9.929217,-11.829218,-11.629217,-11.629217,-12.329218,-12.429217,-12.429217,-11.829218,-12.629217,-11.229218,-11.729218,-12.629217,-13.029218,-14.429217,-13.929217,-10.629217,-5.1292176,-7.6292176,-1.4292176,0.27078247,3.9707825,5.0707827,4.2707825,6.7707825,9.270782,16.370783,22.770782,27.070782,27.570782,28.170782,29.970783,29.370783,21.770782,17.570782,12.570783,8.870783,5.8707824,2.2707825,-1.1292175,-3.6292176,-6.3292174,-8.529218,-11.229218,-13.029218,-16.929218,-20.429218,-22.629217,-25.029217,-27.529217,-28.329218,-28.929218,-29.029217,-27.129217,-25.629217
-3.1292176,-4.6292176,-5.5292177,-8.229218,-10.329218,-12.029218,-12.429217,-12.629217,-12.229218,-12.329218,-12.229218,-11.729218,-12.129217,-13.029218,-13.529218,-14.429217,-15.229218,-16.129217,-13.129217,-14.329218,-8.929217,-6.0292177,-1.9292176,-1.3292176,0.37078246,4.6707826,7.3707824,13.170782,19.270782,23.170782,24.870783,30.070782,31.170782,28.870783,23.370783,19.870783,16.870783,12.870783,10.170782,7.3707824,4.8707824,2.3707824,-0.82921755,-3.5292175,-5.9292173,-8.329218,-10.529218,-14.229218,-18.529217,-21.429218,-23.229218,-25.329218,-28.229218,-30.029217,-29.829218,-29.729218,-28.229218
-2.1292176,-3.9292176,-5.5292177,-7.1292176,-8.629217,-10.529218,-12.429217,-14.029218,-14.229218,-13.729218,-13.029218,-12.229218,-13.029218,-14.229218,-15.729218,-16.429218,-16.429218,-18.729218,-11.429217,-13.029218,-13.629217,-11.629217,-10.529218,-5.2292175,-2.5292175,3.7707825,7.2707825,12.870783,19.270782,24.670782,28.570782,32.470783,26.970783,23.670782,20.970783,18.870783,17.070782,14.970782,12.270782,10.070783,7.8707824,4.9707823,2.2707825,-0.42921752,-3.3292174,-6.6292176,-8.929217,-11.929217,-15.429217,-18.029217,-20.629217,-23.329218,-26.029217,-29.129217,-30.629217,-30.329218,-29.829218
-0.32921752,-3.1292176,-5.8292174,-7.4292173,-8.229218,-9.329218,-11.329218,-13.529218,-15.829218,-15.829218,-15.429217,-14.029218,-13.929217,-15.429217,-16.329218,-17.229218,-19.429218,-24.029217,-24.729218,-21.429218,-18.229218,-16.329218,-9.529218,-6.0292177,-0.9292175,0.97078246,6.1707826,13.970782,20.070782,25.370783,29.970783,25.470783,22.770782,21.070782,20.470783,19.570782,17.570782,15.770782,13.670782,11.570783,9.670782,7.5707827,4.9707823,2.6707826,-0.02921753,-3.5292175,-6.8292174,-9.629217,-12.729218,-14.729218,-17.529217,-20.629217,-23.829218,-26.529217,-28.429218,-30.129217,-30.229218
1.0707824,-2.2292175,-5.3292174,-7.0292177,-8.829218,-11.029218,-12.629217,-13.229218,-15.729218,-17.229218,-17.229218,-16.129217,-14.729218,-14.229218,-17.329218,-19.329218,-22.929218,-24.129217,-26.729218,-23.629217,-19.829218,-14.529218,-9.629217,-6.8292174,-3.2292175,-0.42921752,7.8707824,12.670782,20.470783,24.970783,22.870783,20.370783,20.170782,20.470783,19.970783,18.670782,16.870783,14.770782,13.170782,12.470782,11.370783,10.170782,8.570783,6.1707826,3.5707824,0.67078245,-3.4292176,-6.8292174,-9.629217,-11.729218,-14.429217,-17.029217,-20.629217,-23.729218,-26.229218,-27.829218,-29.129217
3.5707824,0.07078247,-2.6292176,-5.1292176,-7.8292174,-11.329218,-15.429217,-16.729218,-16.929218,-17.729218,-19.229218,-18.329218,-16.029217,-16.329218,-16.029217,-19.929218,-24.229218,-24.929218,-24.729218,-24.029217,-20.329218,-13.329218,-11.929217,-8.129217,-3.1292176,1.0707824,6.8707824,14.470782,17.770782,18.470783,17.570782,18.070782,19.270782,18.470783,17.870783,16.770782,16.170782,15.970782,14.470782,13.270782,12.270782,10.970782,9.370783,7.8707824,5.7707825,3.6707826,0.8707825,-2.4292176,-5.7292175,-8.529218,-11.829218,-15.029218,-17.729218,-20.729218,-23.629217,-24.929218,-27.729218
3.8707824,0.47078246,-1.7292175,-4.9292173,-8.429217,-14.029218,-18.529217,-21.029217,-18.629217,-20.629217,-22.729218,-19.429218,-16.229218,-15.729218,-15.829218,-17.529217,-20.329218,-21.129217,-22.729218,-22.729218,-19.729218,-20.629217,-13.429217,-7.8292174,-2.1292176,1.3707825,8.470782,13.370783,13.370783,15.070783,15.470782,16.670782,16.170782,14.970782,15.570783,16.270782,16.070782,15.970782,15.170782,14.270782,13.170782,12.670782,11.570783,9.570783,7.2707825,4.9707823,3.3707824,1.2707825,-1.6292175,-3.7292175,-6.8292174,-9.629217,-12.429217,-16.429218,-20.329218,-23.529217,-25.829218
