public/data/weather/2019/09/30/0000-wind-isobaric-70hPa-gfs-1.0.json
{"header": { "discipline":0, "disciplineName":"Meteorological products", "gribEdition":2, "gribLength":69860, "center":7, "centerName":"US National Weather Service - NCEP(WMC)", "subcenter":0, "refTime":"2019-09-30T00:00:00.000Z", "significanceOfRT":1, "significanceOfRTName":"Start of forecast", "productStatus":0, "productStatusName":"Operational products", "productType":1, "productTypeName":"Forecast products", "productDefinitionTemplate":0, "productDefinitionTemplateName":"Analysis/forecast at horizontal level/layer at a point in time", "parameterCategory":2, "parameterCategoryName":"Momentum", "parameterNumber":2, "parameterNumberName":"U-component_of_wind", "parameterUnit":"m.s-1", "genProcessType":2, "genProcessTypeName":"Forecast", "forecastTime":0, "surface1Type":100, "surface1TypeName":"Isobaric surface", "surface1Value":7000.0, "surface2Type":255, "surface2TypeName":"Missing", "surface2Value":0.0, "gridDefinitionTemplate":0, "gridDefinitionTemplateName":"Latitude_Longitude", "numberPoints":65160, "shape":6, "shapeName":"Earth spherical with radius of 6,371,229.0 m", "gridUnits":"degrees", "resolution":48, "winds":"true", "scanMode":0, "nx":360, "ny":181, "basicAngle":0, "lo1":0.0, "la1":90.0, "lo2":359.0, "la2":-90.0, "dx":1.0, "dy":1.0 }, "data":
[rows 0 to 25 of 181, columns 177 to 235 of 360]
-2.0799365,-1.8999366,-1.7199365,-1.5399365,-1.3599365,-1.1799365,-0.9999365,-0.8099365,-0.6299365,-0.4499365,-0.26993653,-0.07993653,0.10006347,0.28006348,0.47006348,0.65006346,0.83006346,1.0100635,1.1900635,1.3800635,1.5600635,1.7400634,1.9200635,2.1000636,2.2800634,2.4500635,2.6300635,2.8100634,2.9800634,3.1600635,3.3300636,3.5100634,3.6800635,3.8500636,4.0200634,4.1900635,4.3500633,4.5200634,4.6800632,4.8500633,5.0100636,5.1700635,5.3300633,5.4800634,5.6400633,5.7900634,5.9400635,6.0900636,6.2400637,6.3900633,6.5300636,6.6700635,6.8100634,6.9500637,7.0900636,7.2200637,7.3500633,7.4800634,7.6100636
-1.2699366,-1.1199365,-0.97993654,-0.8299365,-0.6799365,-0.53993654,-0.37993652,-0.23993653,-0.089936525,0.060063478,0.21006347,0.36006346,0.5000635,0.64006346,0.7900635,0.9400635,1.0800635,1.2300634,1.3800635,1.5200635,1.6700635,1.8200635,1.9600635,2.1100636,2.2600634,2.4100635,2.5600634,2.7200634,2.8600636,3.0100634,3.1600635,3.3100634,3.4600635,3.6000636,3.7500634,3.9000635,4.0400634,4.1900635,4.3400636,4.4700637,4.6100636,4.7500634,4.8900633,5.0300636,5.1700635,5.3100634,5.4500637,5.5900636,5.7300634,5.8700633,6.0100636,6.1500635,6.3000636,6.4400635,6.5800633,6.7300634,6.8700633,7.0000634,7.1400633
-0.8799365,-0.7699365,-0.6399365,-0.5199365,-0.39993653,-0.26993653,-0.14993653,-0.029936524,0.08006348,0.20006348,0.32006347,0.44006348,0.5500635,0.6700635,0.7900635,0.90006346,1.0200635,1.1500635,1.2800635,1.4100635,1.5400635,1.6800635,1.8200635,1.9600635,2.0900636,2.2300634,2.3600636,2.5000634,2.6200635,2.7500634,2.8800635,3.0000634,3.1300635,3.2600634,3.4000635,3.5400634,3.6900635,3.8300636,3.9800634,4.1300635,4.2800636,4.4400635,4.6000633,4.7600636,4.9200635,5.0900636,5.2500634,5.4100633,5.5800633,5.7400637,5.9000635,6.0600634,6.2100635,6.3600636,6.5200634,6.6600633,6.8100634,6.9600635,7.1000633
-0.23993653,-0.12993652,6.347656E-5,0.10006347,0.22006348,0.32006347,0.42006347,0.52006346,0.6000635,0.70006347,0.7900635,0.8800635,0.9800635,1.0800635,1.1800635,1.2800635,1.3800635,1.4900634,1.5800635,1.6700635,1.7500634,1.8400635,1.9300635,2.0100634,2.1100636,2.1900635,2.3000634,2.4100635,2.5300634,2.6600635,2.7800634,2.9100635,3.0300634,3.1600635,3.2800634,3.3900635,3.5000634,3.6000636,3.7100635,3.8100634,3.9000635,4.0000634,4.1100636,4.2300634,4.3500633,4.4900637,4.6400633,4.8000636,4.9600635,5.1300635,5.3000636,5.4900637,5.6800632,5.8700633,6.0500636,6.2200637,6.3900633,6.5400634,6.6900635
0.08006348,0.24006347,0.39006346,0.53006345,0.6600635,0.7900635,0.9200635,1.0400635,1.1500635,1.2500634,1.3300635,1.4200635,1.4900634,1.5600635,1.6300635,1.6900635,1.7600635,1.8300635,1.9100635,1.9900634,2.0600634,2.1500635,2.2300634,2.3100634,2.4100635,2.4900634,2.5900636,2.6900635,2.7900634,2.9000635,3.0100634,3.1100636,3.2000635,3.2800634,3.3500636,3.4200635,3.4800634,3.5400634,3.6200635,3.7000635,3.7900634,3.8800635,3.9700634,4.0400634,4.1100636,4.1900635,4.2700634,4.3600636,4.4700637,4.6000633,4.7600636,4.9400635,5.1500635,5.3600636,5.5600634,5.7400637,5.9200635,6.0600634,6.1800632
0.34006348,0.47006348,0.6100635,0.7400635,0.8700635,0.9900635,1.1200634,1.2400634,1.3600634,1.4700634,1.5800635,1.6600635,1.7400634,1.8000635,1.8500634,1.9000635,1.9500635,2.0000634,2.0700636,2.1500635,2.2200634,2.3000634,2.3800635,2.4300635,2.4700634,2.5000634,2.5300634,2.5800636,2.6300635,2.7300634,2.8400636,2.9500635,3.0700636,3.1700635,3.2800634,3.3900635,3.4800634,3.5500634,3.5900636,3.5700636,3.5300634,3.4800634,3.4300635,3.4600635,3.5400634,3.6800635,3.8400636,4.0100636,4.1500635,4.2700634,4.3600636,4.4600635,4.5800633,4.7100635,4.8700633,5.0300636,5.1800632,5.3300633,5.4700637
0.6900635,0.78006345,0.8700635,0.97006345,1.0800635,1.2100635,1.3500634,1.5000634,1.6700635,1.8400635,2.0200634,2.2100635,2.3800635,2.5200634,2.6100636,2.6600635,2.6700635,2.6800635,2.6900635,2.7100635,2.7400634,2.7900634,2.8400636,2.9100635,2.9900634,3.0900636,3.1900635,3.2600634,3.3100634,3.3300636,3.3500636,3.3900635,3.4500635,3.5000634,3.5400634,3.5400634,3.5100634,3.5000634,3.5300634,3.6300635,3.7700634,3.9000635,3.9600635,3.9900634,4.0100636,4.0300636,4.0700636,4.1100636,4.1300635,4.1200633,4.1100636,4.1400633,4.2000637,4.3000636,4.4300632,4.5600634,4.6900635,4.8300633,4.9900637
1.4600635,1.6000634,1.7200634,1.8300635,1.9500635,2.0500634,2.1500635,2.2600634,2.3800635,2.5100634,2.6700635,2.8500636,3.0400634,3.2500634,3.4500635,3.6200635,3.7500634,3.8500636,3.9100635,3.9300635,3.9300635,3.9000635,3.8700635,3.8600636,3.8700635,3.9100635,3.9500635,4.0100636,4.0700636,4.1900635,4.3500633,4.5400634,4.7300634,4.8800635,4.9500637,4.9000635,4.7800636,4.6300635,4.5200634,4.4800634,4.5000634,4.5000634,4.4900637,4.5300636,4.6400633,4.7600636,4.8300633,4.7900634,4.6900635,4.6000633,4.5800633,4.5800633,4.5300636,4.4300632,4.3700633,4.3900633,4.5000634,4.5800633,4.6200633
1.9100635,2.0400634,2.1700635,2.3300636,2.5100634,2.7300634,2.9600635,3.1700635,3.3500636,3.5100634,3.6500635,3.7400634,3.8100634,3.8600636,3.9200635,4.0300636,4.1800632,4.3700633,4.5800633,4.8000636,5.0200634,5.2000637,5.3400636,5.4300632,5.4800634,5.4500637,5.3700633,5.2400637,5.1200633,5.0600634,5.1300635,5.3500633,5.6500635,5.9000635,6.0100636,5.9800634,5.9200635,5.9100633,5.9700637,5.9300632,5.7300634,5.5300636,5.4500637,5.5000634,5.5600634,5.5700636,5.5100636,5.4300632,5.4200635,5.4400635,5.4500637,5.3800635,5.2500634,5.1200633,5.0200634,4.9200635,4.8500633,4.8100634,4.7400637
1.9000635,2.0600634,2.2500634,2.4600635,2.6800635,2.9200635,3.1800635,3.4400635,3.7100635,3.9700634,4.2200637,4.4600635,4.7300634,5.0100636,5.2900634,5.5500636,5.7700634,5.9600635,6.0900636,6.1600633,6.1600633,6.1500635,6.2400637,6.3800635,6.5500636,6.7000637,6.8500633,7.0100636,7.0900636,7.0700636,7.0200634,7.0500636,7.2300634,7.4400635,7.5400634,7.4600635,7.4200635,7.5400634,7.6200633,7.4500637,7.1700635,7.0300636,7.0300636,7.0500636,7.0100636,6.8800635,6.7600636,6.8200636,6.9100633,6.8600636,6.7500634,6.6000633,6.3600636,6.1300635,5.9600635,5.7800636,5.5600634,5.3400636,5.1600633
2.1400635,2.3000634,2.4700634,2.6500635,2.8700635,3.1500635,3.4900634,3.8300636,4.1400633,4.4200635,4.7000637,4.9800634,5.2400637,5.5200634,5.7900634,6.0800633,6.3600636,6.6400633,6.9000635,7.1400633,7.3700633,7.5900636,7.8000636,7.9600635,8.080064,8.220063,8.330064,8.370064,8.340063,8.300063,8.330064,8.410064,8.550063,8.780064,8.960064,8.960064,8.840063,8.780064,8.800063,8.760063,8.6500635,8.490064,8.320064,8.180063,8.070064,7.9900637,7.9200635,7.8200636,7.7300634,7.6600633,7.6100636,7.5700636,7.5000634,7.3700633,7.1600633,6.8800635,6.6100636,6.3600636,6.1600633
2.3500636,2.5200634,2.7500634,2.9900634,3.2600634,3.5700636,3.9200635,4.3100634,4.7000637,5.0800633,5.4300632,5.7500634,6.0500636,6.3500633,6.6400633,6.8800635,7.0800633,7.2800636,7.4900637,7.7400637,7.9900637,8.250064,8.480063,8.690063,8.850063,8.940063,8.980063,9.050063,9.200064,9.350063,9.430063,9.450064,9.390063,9.330064,9.430063,9.630063,9.760063,9.810063,9.9000635,9.950064,10.030064,10.110064,9.980063,9.790064,9.660064,9.510063,9.290064,9.120064,9.000064,8.860064,8.6500635,8.460064,8.300063,8.1500635,8.040064,7.9800634,7.9400635,7.7500634,7.4600635
2.1000636,2.3900635,2.7100635,2.9900634,3.3000634,3.5900636,3.8900635,4.2300634,4.5600634,4.8500633,5.1500635,5.4400635,5.6900635,5.9400635,6.2500634,6.6000633,6.9600635,7.3100634,7.6700635,8.030064,8.350063,8.620064,8.810063,8.960064,9.050063,9.130063,9.220063,9.340063,9.460064,9.560063,9.6500635,9.770063,9.920063,10.050063,10.070064,10.130063,10.390063,10.640063,10.750064,10.760063,10.730063,10.670063,10.520063,10.320064,10.060063,9.850063,9.740064,9.570064,9.320064,9.200064,9.200064,9.180063,8.990064,8.760063,8.570064,8.510063,8.430063,8.300063,8.110064
3.0800636,3.2700634,3.4600635,3.6600635,3.9000635,4.2000637,4.5100636,4.7900634,5.0700636,5.3600636,5.5700636,5.7600636,5.9300632,6.0800633,6.2900634,6.5100636,6.8500633,7.2700634,7.6500635,8.070064,8.480063,8.850063,9.210064,9.550063,9.870064,10.160064,10.360064,10.440063,10.470063,10.480063,10.520063,10.570064,10.660064,10.770063,10.890063,11.020063,11.130063,11.130063,11.110064,11.120064,11.060063,10.960064,10.930063,10.860064,10.770063,10.710064,10.640063,10.540064,10.510063,10.370064,9.910064,9.450064,9.240064,9.210064,9.130063,8.820064,8.340063,7.9000635,7.6200633
4.2800636,4.4800634,4.6200633,4.8100634,4.9000635,4.9500637,5.1100636,5.3100634,5.4300632,5.5500636,5.6000633,5.7000637,5.9500637,6.3300633,6.7300634,7.0300636,7.3400636,7.7900634,8.240064,8.630063,8.960064,9.280064,9.530064,9.700064,9.880063,10.140063,10.430063,10.660064,10.910064,11.020063,11.050063,11.090063,11.1500635,11.120064,10.930063,10.820064,10.890063,11.000064,11.190063,11.230063,11.090063,11.020063,11.040064,10.960064,10.820064,10.850063,10.870064,10.810063,10.680063,10.510063,10.380063,10.390063,10.270063,9.810063,9.170063,8.770063,8.6500635,8.530064,8.210064
4.6600633,4.7500634,4.7500634,4.8400636,5.0100636,5.1700635,5.2100635,5.2800636,5.4400635,5.6300635,5.8100634,5.9900637,6.3900633,6.7800636,7.0200634,7.3500633,7.7500634,8.130063,8.570064,8.9000635,9.230063,9.500064,9.840063,10.200064,10.680063,10.790064,10.810063,10.850063,10.710064,10.590063,10.500064,10.560063,10.630063,10.630063,10.560063,10.600063,10.720063,10.840063,10.890063,10.870064,11.020063,11.240064,11.260063,11.270063,11.210064,11.230063,11.260063,11.080064,10.840063,10.690063,10.610064,10.530064,10.270063,9.9000635,9.730063,9.530064,9.100063,8.380063,7.6300635
5.0300636,5.2500634,5.3300633,5.3600636,5.3600636,5.2300634,5.1800632,5.4500637,5.8700633,6.0800633,6.1600633,6.3400636,6.7800636,7.1900635,7.7100635,8.000064,8.180063,8.590063,8.910064,9.190063,9.630063,10.100063,10.450064,10.510063,10.840063,11.230063,11.260063,10.930063,10.490064,10.710064,10.470063,10.050063,9.800063,9.800063,9.870064,9.730063,9.890063,10.250064,10.580064,10.810063,10.760063,10.810063,11.210064,11.550063,11.780064,11.970063,12.080064,12.090063,11.870064,11.620064,11.370064,11.000064,10.570064,10.040064,9.520063,9.070064,8.500064,8.050063,7.8300633
4.9700637,5.3100634,5.5800633,5.7000637,5.4400635,5.0700636,5.3000636,5.9600635,6.3000636,6.4300632,6.4200635,6.7600636,6.9100633,7.1000633,7.3700633,7.7800636,8.4000635,9.300063,9.510063,9.390063,9.430063,9.940063,10.440063,10.290064,10.160064,10.140063,10.050063,9.870064,9.840063,9.690063,9.410064,9.350063,9.440063,9.330064,9.190063,9.350063,9.830064,10.290064,10.520063,10.720063,11.060063,11.310063,11.590063,11.910064,12.010063,12.090063,12.310063,12.420063,12.210064,11.860064,11.660064,11.210064,10.560063,9.970063,9.310063,8.550063,8.000064,7.6700635,7.3500633
5.6200633,5.8300633,5.4000635,5.3700633,5.7400637,5.8400636,6.3000636,6.9500637,6.8900633,6.8200636,6.7100635,6.9000635,7.9700637,8.190063,7.7400637,7.8500633,8.480063,9.070064,9.390063,9.330064,9.760063,10.730063,11.130063,11.000064,10.760063,10.250064,9.730063,9.390063,9.320064,9.120064,8.890063,9.010063,9.050063,9.090063,9.300063,9.710064,9.960064,9.910064,10.320064,10.540064,10.480063,10.470063,10.350063,10.320064,10.630063,11.310063,11.800063,12.040064,12.030064,11.740064,11.480063,10.770063,10.010063,9.470063,8.740064,8.010063,7.7000637,7.6600633,7.5000634
5.9000635,5.6300635,5.1300635,5.0400634,5.7000637,6.3600636,6.9300632,7.1000633,7.2800636,7.5400634,7.2200637,6.7000637,7.0200634,7.5500636,7.4900637,7.5900636,8.1500635,9.570064,10.820064,10.810063,10.360064,10.210064,10.380063,10.390063,10.100063,9.750064,9.590063,10.070064,10.270063,10.4000635,10.300063,10.000064,9.740064,9.860064,9.880063,9.660064,9.600063,9.600063,9.390063,9.200064,9.4000635,9.820064,9.890063,9.570064,9.270063,9.630063,10.080064,10.490064,10.760063,10.800063,10.740064,10.280064,9.730063,9.020063,8.310063,7.9800634,7.8800635,7.9100633,7.7100635
5.7800636,5.8100634,5.4700637,5.5900636,5.8900633,6.6100636,7.0000634,6.8300633,7.1800632,7.5200634,7.3700633,6.7100635,6.2800636,6.9200635,7.3600636,8.360064,8.790064,9.060063,9.430063,9.840063,9.950064,10.4000635,10.640063,10.640063,10.9000635,10.480063,10.010063,10.210064,10.710064,11.180063,11.350063,11.450064,10.830064,10.610064,10.200064,9.470063,9.130063,9.4000635,9.500064,9.520063,9.660064,10.230063,10.720063,10.380063,10.240064,10.6500635,10.370064,10.320064,10.1500635,9.890063,9.760063,9.680063,9.690063,9.710064,9.230063,8.750064,8.130063,7.7000637,7.5900636
5.3500633,5.6100636,5.4900637,5.2000637,5.4000635,6.2600636,6.6300635,6.2700634,6.4700637,7.3900633,7.2600636,6.9900637,6.7900634,6.5800633,6.9000635,7.4300632,7.5700636,7.9600635,8.100063,8.350063,9.010063,9.820064,10.240064,11.110064,11.730063,11.580064,11.710064,12.310063,12.750064,12.980063,13.060063,12.850063,12.890063,13.070064,13.040064,12.860064,12.110064,11.320064,11.000064,10.660064,10.810063,11.340063,11.770063,11.020063,10.970063,12.030064,11.250064,10.6500635,10.450064,9.890063,9.720063,9.290064,8.910064,8.940063,9.170063,9.310063,8.660064,8.160064,7.8000636
4.7400637,4.6400633,4.7400637,4.8200636,5.2100635,5.7800636,6.0500636,6.0900636,6.1500635,6.7100635,7.1600633,7.4700637,7.0000634,7.5400634,8.100063,8.380063,7.9300632,7.7300634,7.7000637,8.890063,10.280064,11.060063,11.000064,11.760063,12.450064,12.170063,12.470063,13.040064,13.780064,13.430063,13.870064,13.810063,13.180063,13.090063,13.480063,13.380063,12.870064,12.410064,12.130063,11.550063,11.460064,11.300063,11.320064,12.000064,11.800063,11.850063,11.520063,10.550063,10.520063,9.630063,8.950064,8.820064,8.600063,8.450064,8.270063,8.410064,8.230063,7.6300635,7.4900637
4.5000634,4.2100635,4.3300633,4.8300633,4.9100633,5.6200633,5.9700637,5.9100633,6.0000634,6.2000637,6.5000634,6.9000635,7.3000636,7.1800632,6.9400635,6.4700637,6.3200636,7.0600634,8.060063,8.870064,9.740064,10.570064,11.380063,12.110064,12.230063,12.220063,12.010063,12.540064,13.050063,12.710064,12.510063,12.960064,13.840063,13.500064,13.260063,13.320064,12.870064,12.060063,11.630063,11.390063,11.670063,11.950064,12.220063,11.270063,10.440063,10.110064,10.300063,10.010063,9.110064,9.080064,8.440063,7.6400633,7.4100633,7.5900636,7.6000633,7.1400633,7.1500635,7.3400636,7.2300634
4.6100636,4.1300635,4.2700634,4.8100634,4.8900633,5.1400633,6.0800633,6.7800636,6.5300636,6.6100636,6.7700634,6.9400635,6.2600636,6.1600633,5.8900633,6.6900635,7.0100636,7.5200634,7.9100633,8.550063,9.380063,9.980063,10.500064,11.770063,12.390063,11.870064,11.380063,11.080064,11.240064,11.340063,11.480063,11.710064,12.4000635,12.630063,12.880063,12.210064,12.660064,13.130063,13.430063,12.550063,11.840063,11.460064,10.430063,10.4000635,10.340063,9.200064,9.010063,9.060063,8.980063,8.320064,7.3800635,7.0900636,6.7300634,6.5500636,6.3900633,6.3300633,6.2200637,5.9900637,6.2400637
5.1400633,4.3600636,4.2900634,4.9500637,5.2800636,5.6900635,6.1100636,6.4800634,6.9900637,7.0000634,6.4200635,5.5200634,4.8200636,5.1500635,5.5700636,6.0000634,6.5900636,7.4500637,8.640063,8.630063,9.380063,10.390063,9.9000635,10.290064,10.110064,10.670063,10.100063,10.1500635,9.800063,10.020063,9.520063,9.490064,9.950064,11.220063,11.640063,12.380063,12.390063,12.350063,11.260063,11.100063,10.790064,10.320064,10.530064,10.720063,9.690063,9.170063,8.870064,8.270063,8.030064,8.000064,6.8300633,6.2200637,6.8600636,6.4200635,6.4300632,5.7400637,5.1100636,5.0700636,6.0700636
