public/data/weather/2019/09/30/0000-wind-isobaric-1000hPa-gfs-1.0.json
{"header": { "discipline":0, "disciplineName":"Meteorological products", "gribEdition":2, "gribLength":52445, "center":7, "centerName":"US National Weather Service - NCEP(WMC)", "subcenter":0, "refTime":"2019-09-30T00:00:00.000Z", "significanceOfRT":1, "significanceOfRTName":"Start of forecast", "productStatus":0, "productStatusName":"Operational products", "productType":1, "productTypeName":"Forecast products", "productDefinitionTemplate":0, "productDefinitionTemplateName":"Analysis/forecast at horizontal level/layer at a point in time", "parameterCategory":2, "parameterCategoryName":"Momentum", "parameterNumber":2, "parameterNumberName":"U-component_of_wind", "parameterUnit":"m.s-1", "genProcessType":2, "genProcessTypeName":"Forecast", "forecastTime":0, "surface1Type":100, "surface1TypeName":"Isobaric surface", "surface1Value":95000.0, "surface2Type":255, "surface2TypeName":"Missing", "surface2Value":0.0, "gridDefinitionTemplate":0, "gridDefinitionTemplateName":"Latitude_Longitude", "numberPoints":65160, "shape":6, "shapeName":"Earth spherical with radius of 6,371,229.0 m", "gridUnits":"degrees", "resolution":48, "winds":"true", "scanMode":0, "nx":360, "ny":181, "basicAngle":0, "lo1":0.0, "la1":90.0, "lo2":359.0, "la2":-90.0, "dx":1.0, "dy":1.0 }, "data":
[rows 50 to 74 of 181, columns 57 to 113 of 360]
-7.4043946,-6.5043945,-6.2043943,-6.1043944,-4.8043947,-4.6043944,-6.7043943,-7.3043947,-1.8043945,-3.4043946,-3.5043945,1.5956055,2.6956055,1.6956055,-1.1043946,-1.4043945,0.09560547,1.5956055,3.3956056,0.69560546,-0.30439454,0.49560547,-0.0043945312,-1.8043945,0.39560547,-0.9043945,-1.4043945,-2.6043944,-2.1043944,-1.4043945,-0.7043945,-1.7043946,-3.5043945,-4.6043944,-2.5043945,-1.5043945,-0.30439454,1.2956054,0.29560548,-0.10439453,1.0956055,-0.20439453,-0.80439454,0.19560547,-1.0043945,-2.0043945,-3.9043946,-0.9043945,0.39560547,-1.9043945,-1.4043945,-0.50439453,-0.60439456,1.5956055,1.2956054,0.29560548,0.69560546
-7.9043946,-6.3043947,-4.9043946,-4.4043946,-3.4043946,-3.6043944,-2.7043946,-0.7043945,2.1956055,3.3956056,-0.30439454,0.5956055,-0.7043945,1.6956055,-0.7043945,2.0956054,2.5956054,1.1956055,4.2956057,3.7956054,-2.1043944,1.9956055,-0.40439454,0.89560544,-1.4043945,-2.7043946,-3.2043946,-3.5043945,-4.0043945,-4.1043944,-2.4043946,-2.0043945,-1.3043945,-0.20439453,-0.9043945,-0.40439454,-0.80439454,-1.2043946,-2.7043946,-2.2043946,0.89560544,0.29560548,1.3956054,2.7956054,-0.10439453,-4.5043945,-3.7043946,-3.5043945,-0.40439454,-0.80439454,-0.80439454,-2.1043944,-1.9043945,-1.1043946,-0.60439456,-0.9043945,0.39560547
-2.6043944,-1.1043946,-2.4043946,-0.60439456,2.0956054,3.9956055,2.3956056,2.6956055,2.6956055,0.99560547,4.5956054,-1.4043945,-1.8043945,-1.8043945,2.0956054,1.3956054,1.7956054,2.7956054,2.2956054,4.1956053,1.3956054,0.69560546,-1.0043945,-2.0043945,-2.7043946,-4.0043945,-5.0043945,-5.4043946,-3.9043946,-1.3043945,-0.50439453,-0.60439456,-0.80439454,1.1956055,-0.9043945,-0.10439453,-2.4043946,-2.8043945,-2.5043945,-0.50439453,-0.60439456,-0.10439453,0.39560547,0.99560547,0.39560547,3.2956054,0.5956055,-1.6043946,-3.9043946,-0.80439454,-0.20439453,-0.7043945,-1.1043946,-1.8043945,-2.7043946,-0.80439454,-0.10439453
-1.6043946,0.09560547,-3.3043945,0.5956055,-0.9043945,0.5956055,1.0956055,3.9956055,5.0956054,6.5956054,12.395605,10.895605,0.7956055,0.69560546,-0.10439453,1.8956054,2.1956055,1.1956055,1.0956055,1.4956055,0.09560547,0.99560547,1.7956054,3.1956055,-2.9043946,-4.4043946,0.19560547,-0.9043945,-0.80439454,1.7956054,-0.0043945312,0.5956055,1.6956055,0.5956055,-2.5043945,3.4956055,-0.80439454,-1.3043945,-3.9043946,-2.8043945,-1.7043946,-3.2043946,-1.5043945,-0.30439454,-0.7043945,-0.60439456,1.6956055,1.0956055,1.6956055,-3.9043946,-1.3043945,0.09560547,0.29560548,-0.10439453,-2.3043945,-0.40439454,-0.60439456
-4.5043945,-2.5043945,-5.4043946,-2.9043946,0.19560547,0.09560547,-1.2043946,-2.3043945,-1.0043945,0.29560548,0.89560544,0.69560546,-0.10439453,0.49560547,1.4956055,0.69560546,1.4956055,1.4956055,1.2956054,-0.20439453,0.5956055,1.5956055,-0.10439453,0.19560547,0.5956055,-1.1043946,-0.7043945,-0.10439453,-1.0043945,0.7956055,-0.0043945312,1.6956055,-2.1043944,-2.4043946,-0.50439453,0.69560546,0.19560547,-0.30439454,-2.2043946,-1.5043945,0.99560547,-3.1043944,-1.5043945,0.39560547,0.39560547,-0.20439453,0.29560548,-1.8043945,-1.8043945,2.8956056,-1.0043945,-1.0043945,0.19560547,-0.0043945312,-1.8043945,-2.4043946,-0.40439454
-11.104395,-9.504395,-4.5043945,-5.2043943,-0.7043945,-0.60439456,0.69560546,-1.2043946,-0.9043945,-0.10439453,0.69560546,0.29560548,2.4956055,1.2956054,-0.30439454,-1.4043945,-1.3043945,-0.20439453,-0.50439453,1.0956055,1.6956055,0.49560547,1.9956055,0.5956055,-1.1043946,-1.4043945,-0.80439454,0.19560547,-0.40439454,-0.80439454,0.7956055,-0.40439454,-0.0043945312,-1.8043945,-3.0043945,-2.7043946,-3.1043944,-3.1043944,-2.7043946,-1.6043946,-2.6043944,-1.9043945,-0.60439456,0.89560544,-0.40439454,0.69560546,-0.50439453,0.29560548,-1.7043946,-1.6043946,-0.40439454,-1.2043946,-1.5043945,-5.1043944,-1.6043946,-0.80439454,-4.7043943
-2.0043945,-2.9043946,-1.2043946,-1.5043945,-4.6043944,-3.9043946,-1.4043945,-1.0043945,-0.7043945,0.29560548,-0.10439453,1.1956055,0.39560547,1.2956054,0.39560547,-2.3043945,-2.0043945,-1.7043946,0.09560547,0.49560547,1.5956055,2.6956055,1.7956054,1.5956055,-0.80439454,-0.80439454,-1.7043946,-2.1043944,-1.0043945,-1.3043945,-0.0043945312,1.3956054,0.89560544,1.4956055,-0.60439456,0.29560548,0.69560546,-0.7043945,-2.4043946,-1.0043945,-1.9043945,-0.7043945,-1.5043945,-0.50439453,0.29560548,-0.10439453,0.7956055,0.89560544,0.99560547,-0.80439454,-1.0043945,0.49560547,-0.50439453,-0.9043945,-0.10439453,0.49560547,-0.60439456
0.29560548,-1.2043946,-2.5043945,2.0956054,3.6956055,1.3956054,-2.1043944,-0.7043945,-3.0043945,-1.9043945,2.0956054,-1.1043946,-0.7043945,0.7956055,-1.8043945,0.5956055,-1.1043946,0.7956055,-1.6043946,-1.2043946,0.89560544,1.4956055,0.99560547,2.3956056,0.29560548,-2.0043945,-2.7043946,1.4956055,-2.2043946,-1.2043946,-0.9043945,2.6956055,1.6956055,4.5956054,5.8956056,3.8956056,2.1956055,-1.2043946,-1.1043946,-1.6043946,-1.1043946,-1.2043946,-0.9043945,-0.7043945,-0.7043945,0.5956055,-0.80439454,1.0956055,0.49560547,-0.0043945312,-0.40439454,-0.30439454,-0.30439454,-0.10439453,-0.80439454,-3.1043944,0.49560547
0.5956055,0.69560546,-3.9043946,1.1956055,4.7956057,5.3956056,4.0956054,3.6956055,-0.20439453,-1.0043945,0.49560547,4.6956053,-0.10439453,1.3956054,-3.0043945,-3.6043944,-1.7043946,0.7956055,0.5956055,-1.2043946,-0.7043945,0.7956055,1.7956054,2.2956054,-0.10439453,0.5956055,0.39560547,-1.7043946,-0.9043945,-1.3043945,0.49560547,2.0956054,4.6956053,4.1956053,0.19560547,3.2956054,0.69560546,-0.20439453,0.09560547,-0.50439453,-1.7043946,-1.1043946,-0.60439456,-0.10439453,0.39560547,-0.30439454,0.89560544,1.5956055,0.5956055,-0.10439453,-1.3043945,-0.40439454,-0.10439453,0.69560546,0.39560547,0.69560546,-1.9043945
0.39560547,1.6956055,-5.9043946,-4.6043944,3.5956054,4.3956056,5.2956057,2.4956055,4.6956053,1.3956054,1.1956055,2.3956056,1.1956055,0.09560547,-0.80439454,-4.2043943,-3.6043944,-5.1043944,-5.3043947,-2.5043945,-1.4043945,-0.40439454,-0.10439453,0.7956055,-0.0043945312,0.5956055,0.7956055,2.2956054,-0.0043945312,-0.10439453,-0.9043945,0.99560547,1.0956055,0.69560546,0.69560546,0.09560547,0.49560547,0.69560546,0.7956055,0.19560547,1.2956054,-1.6043946,-0.40439454,-0.50439453,-0.30439454,0.5956055,1.0956055,-0.40439454,-1.2043946,-3.4043946,-2.8043945,-1.8043945,-2.1043944,0.09560547,1.2956054,0.49560547,-3.7043946
-1.7043946,2.3956056,-2.9043946,-4.4043946,-2.1043944,4.4956055,4.7956057,6.0956054,1.5956055,-0.80439454,-1.3043945,-0.50439453,-0.0043945312,-0.80439454,-5.6043944,-4.5043945,-4.0043945,-0.40439454,-1.4043945,-1.5043945,-3.5043945,-2.1043944,0.89560544,0.89560544,0.49560547,-0.40439454,1.4956055,0.09560547,1.2956054,0.89560544,0.89560544,-0.30439454,0.19560547,1.0956055,-0.60439456,-1.0043945,-0.9043945,0.39560547,-0.40439454,-0.80439454,1.2956054,0.69560546,0.49560547,-0.60439456,0.49560547,0.7956055,0.5956055,3.6956055,0.19560547,-1.0043945,-1.1043946,-1.7043946,-0.30439454,-0.0043945312,1.5956055,-0.20439453,-2.9043946
1.2956054,-1.1043946,0.29560548,-3.7043946,1.2956054,3.5956054,0.89560544,0.89560544,0.99560547,-1.5043945,0.5956055,-1.8043945,-0.30439454,-1.0043945,-3.1043944,-4.7043943,-5.8043947,-0.7043945,0.49560547,-0.7043945,-2.5043945,-5.8043947,-3.9043946,-1.5043945,1.1956055,0.09560547,-0.7043945,0.7956055,1.0956055,0.49560547,0.89560544,0.89560544,-0.60439456,1.0956055,-0.9043945,-1.0043945,-1.1043946,-0.20439453,-0.20439453,-1.0043945,0.69560546,0.7956055,-0.60439456,0.99560547,0.89560544,1.2956054,0.09560547,0.5956055,2.2956054,1.3956054,-1.8043945,-0.60439456,-0.0043945312,-0.50439453,-0.7043945,-1.8043945,0.09560547
-1.0043945,3.6956055,-1.0043945,0.69560546,-1.6043946,0.29560548,7.9956055,-1.1043946,0.39560547,-0.9043945,1.1956055,1.8956054,2.5956054,2.9956055,3.2956054,3.8956056,2.6956055,-0.0043945312,0.5956055,0.49560547,-1.9043945,-3.5043945,-3.4043946,-4.2043943,-1.8043945,0.69560546,-0.30439454,0.39560547,-1.1043946,-0.80439454,0.69560546,0.09560547,-0.10439453,-0.40439454,-0.20439453,0.89560544,-0.20439453,0.7956055,0.89560544,-0.50439453,-1.3043945,0.5956055,0.5956055,1.9956055,0.89560544,0.39560547,0.19560547,-0.30439454,-0.20439453,-0.80439454,-0.80439454,-0.20439453,0.29560548,-0.60439456,-0.60439456,-1.1043946,-5.0043945
0.49560547,1.8956054,-0.0043945312,0.99560547,0.49560547,3.5956054,0.19560547,-0.50439453,1.3956054,0.89560544,1.3956054,-1.1043946,0.89560544,1.7956054,3.0956054,2.7956054,3.6956055,3.7956054,2.3956056,0.19560547,-2.2043946,-2.2043946,-2.1043944,-1.4043945,-4.4043946,-9.504395,-12.004395,-13.604395,-12.604395,-4.0043945,-1.6043946,-2.0043945,-0.10439453,-0.0043945312,-0.20439453,-0.30439454,-0.60439456,-1.7043946,-0.30439454,1.1956055,-1.2043946,-2.2043946,0.39560547,1.2956054,1.2956054,-0.20439453,0.29560548,-0.0043945312,0.19560547,-0.80439454,0.29560548,0.09560547,0.89560544,-0.20439453,0.39560547,-0.50439453,-1.0043945
-0.50439453,-3.2043946,-1.4043945,-0.80439454,-2.4043946,0.09560547,0.19560547,1.6956055,0.5956055,1.6956055,1.3956054,1.8956054,-0.60439456,-1.4043945,0.19560547,1.8956054,1.9956055,0.7956055,5.3956056,8.495605,8.195605,8.495605,0.7956055,0.49560547,2.5956054,3.2956054,5.6956053,-2.8043945,-6.6043944,-10.204394,-10.904394,-9.204394,-6.6043944,-4.5043945,-2.2043946,-1.6043946,1.3956054,-2.0043945,-0.80439454,-1.1043946,-1.1043946,-1.3043945,0.09560547,1.5956055,0.5956055,0.49560547,1.1956055,0.29560548,0.29560548,-0.30439454,-0.10439453,0.39560547,0.19560547,-1.5043945,-0.30439454,-0.20439453,0.09560547
1.8956054,1.3956054,1.0956055,1.7956054,0.29560548,2.7956054,3.9956055,4.6956053,5.4956055,7.2956057,6.1956053,3.3956056,-0.9043945,-3.6043944,-8.404394,-5.3043947,1.1956055,0.99560547,4.0956054,10.295606,4.6956053,7.1956053,9.795606,4.9956055,4.6956053,6.7956057,8.595606,8.695605,8.295606,10.595606,7.2956057,-2.5043945,-4.2043943,-4.3043947,-4.0043945,-1.2043946,-1.2043946,-0.20439453,-0.7043945,0.19560547,-1.4043945,-0.0043945312,-0.30439454,0.89560544,0.99560547,0.29560548,-0.50439453,-0.20439453,0.49560547,-0.0043945312,0.49560547,0.5956055,-0.40439454,-1.2043946,-0.9043945,-0.50439453,0.39560547
0.99560547,0.29560548,2.1956055,1.5956055,3.1956055,4.2956057,4.0956054,5.6956053,5.9956055,5.4956055,5.4956055,4.1956053,-1.5043945,-0.60439456,-23.904394,-10.804395,-3.4043946,2.5956054,4.1956053,7.3956056,6.5956054,4.9956055,6.3956056,6.0956054,7.8956056,3.9956055,5.1956053,6.5956054,0.89560544,4.0956054,8.595606,6.3956056,0.19560547,-0.60439456,-0.9043945,0.69560546,-0.7043945,1.3956054,0.19560547,-0.60439456,-0.9043945,-0.60439456,-0.7043945,0.19560547,0.69560546,-0.40439454,0.29560548,0.29560548,0.5956055,0.39560547,0.09560547,0.7956055,0.19560547,-0.60439456,-1.3043945,0.09560547,-0.7043945
-0.40439454,0.5956055,2.5956054,3.0956054,5.1956053,5.2956057,4.9956055,4.6956053,5.6956053,5.3956056,5.8956056,6.5956054,3.2956054,3.3956056,13.295606,3.5956054,0.69560546,3.5956054,1.9956055,2.7956054,2.8956056,4.3956056,6.8956056,3.1956055,2.3956056,1.0956055,1.6956055,3.1956055,3.8956056,4.6956053,9.495605,7.0956054,1.9956055,-0.7043945,-0.60439456,-1.1043946,-0.9043945,0.99560547,-1.2043946,-0.0043945312,-1.2043946,-0.60439456,-0.50439453,1.2956054,-0.30439454,-1.2043946,-0.20439453,-0.9043945,0.49560547,0.39560547,0.89560544,1.8956054,-0.30439454,0.5956055,0.89560544,1.1956055,-1.1043946
-0.50439453,2.0956054,5.5956054,9.795606,7.9956055,6.2956057,6.0956054,5.4956055,5.9956055,6.0956054,6.0956054,8.795606,10.295606,11.895605,13.095606,9.695605,4.1956053,1.0956055,5.8956056,5.7956057,3.9956055,1.3956054,2.5956054,0.99560547,2.7956054,6.6956053,5.8956056,7.4956055,3.2956054,5.0956054,7.8956056,6.6956053,1.3956054,-2.0043945,-0.0043945312,-0.30439454,-1.4043945,0.19560547,0.09560547,-0.80439454,-0.20439453,-0.0043945312,-0.30439454,-0.0043945312,0.29560548,-0.20439453,-0.7043945,-0.50439453,-0.0043945312,-0.50439453,1.4956055,1.0956055,0.7956055,0.49560547,0.5956055,1.0956055,0.09560547
1.5956055,4.1956053,6.8956056,8.095606,7.8956056,6.7956057,5.4956055,5.8956056,6.2956057,6.3956056,6.6956053,6.8956056,7.8956056,9.395605,10.295606,7.7956057,4.9956055,-0.0043945312,1.4956055,3.9956055,1.8956054,0.99560547,2.9956055,3.8956056,5.9956055,4.0956054,4.2956057,9.395605,10.695605,9.795606,7.9956055,3.5956054,3.2956054,3.0956054,0.99560547,0.09560547,-0.50439453,1.6956055,0.29560548,-0.60439456,0.19560547,0.5956055,-0.60439456,0.19560547,-0.30439454,-0.30439454,-0.80439454,0.19560547,1.2956054,0.5956055,1.0956055,1.9956055,1.5956055,2.9956055,4.1956053,4.7956057,5.3956056
3.9956055,6.2956057,5.6956053,6.2956057,6.8956056,7.0956054,6.1956053,5.4956055,5.7956057,5.8956056,6.2956057,6.6956053,7.7956057,8.395605,7.6956053,5.7956057,1.6956055,2.0956054,1.4956055,1.5956055,0.39560547,1.8956054,2.2956054,2.2956054,-0.0043945312,0.19560547,-0.20439453,0.69560546,2.9956055,6.6956053,4.5956054,4.5956054,3.8956056,4.1956053,2.7956054,1.8956054,2.5956054,0.7956055,-0.30439454,-1.6043946,0.49560547,-0.30439454,0.69560546,-0.30439454,-0.9043945,-0.40439454,-0.50439453,-0.10439453,1.2956054,1.1956055,1.3956054,1.0956055,2.0956054,2.5956054,1.9956055,3.2956054,3.1956055
4.7956057,5.7956057,5.5956054,6.6956053,6.2956057,5.9956055,5.4956055,5.2956057,4.6956053,4.7956057,5.4956055,5.1956053,5.7956057,5.5956054,5.6956053,4.3956056,2.7956054,2.2956054,2.2956054,1.6956055,3.6956055,0.89560544,0.99560547,0.39560547,-1.0043945,0.09560547,0.7956055,0.69560546,6.2956057,5.1956053,4.1956053,4.9956055,4.6956053,3.8956056,3.1956055,2.3956056,1.9956055,2.4956055,0.49560547,-0.9043945,-0.7043945,-0.20439453,1.1956055,0.39560547,-0.9043945,-0.50439453,-0.60439456,-0.30439454,2.4956055,1.0956055,1.6956055,0.7956055,0.09560547,0.99560547,1.7956054,2.0956054,-0.0043945312
5.8956056,4.9956055,5.4956055,5.9956055,6.2956057,6.2956057,5.4956055,5.4956055,5.2956057,4.8956056,4.3956056,4.0956054,4.6956053,3.9956055,3.6956055,3.5956054,1.9956055,1.7956054,0.49560547,1.6956055,2.5956054,-0.0043945312,-0.50439453,-0.20439453,1.3956054,-0.7043945,2.9956055,4.1956053,6.3956056,4.0956054,3.8956056,3.6956055,4.0956054,3.4956055,2.2956054,2.4956055,1.6956055,1.3956054,0.5956055,0.29560548,-1.0043945,-0.7043945,0.99560547,0.19560547,-0.7043945,-0.50439453,-2.6043944,0.5956055,-0.50439453,-0.60439456,-0.40439454,1.4956055,1.6956055,-0.40439454,0.09560547,0.69560546,0.29560548
4.9956055,4.7956057,5.5956054,5.5956054,5.8956056,6.0956054,6.0956054,5.4956055,5.0956054,5.0956054,4.2956057,4.2956057,4.0956054,3.4956055,3.9956055,2.7956054,1.2956054,1.4956055,2.6956055,0.7956055,-0.60439456,-0.80439454,-1.7043946,-0.10439453,0.5956055,0.39560547,2.4956055,2.4956055,2.6956055,1.8956054,1.8956054,1.0956055,1.2956054,1.8956054,1.5956055,1.9956055,1.7956054,1.4956055,2.3956056,-0.0043945312,0.7956055,-0.60439456,1.3956054,1.0956055,-0.30439454,0.19560547,-1.0043945,-1.6043946,-1.8043945,-2.6043944,-1.4043945,0.39560547,0.69560546,0.49560547,-1.2043946,-0.80439454,-0.40439454
3.7956054,4.5956054,4.5956054,4.5956054,5.0956054,5.1956053,5.8956056,4.6956053,4.5956054,4.5956054,3.7956054,3.8956056,3.3956056,3.4956055,2.8956056,2.2956054,1.2956054,-0.20439453,0.5956055,0.19560547,-3.4043946,-4.3043947,-0.9043945,-1.3043945,-0.40439454,-1.1043946,-0.0043945312,0.99560547,0.49560547,1.0956055,1.1956055,1.9956055,1.6956055,1.0956055,1.5956055,1.0956055,1.1956055,1.9956055,2.6956055,2.1956055,-0.10439453,0.89560544,0.19560547,0.89560544,-0.7043945,-0.30439454,-2.5043945,-4.8043947,-5.8043947,-1.5043945,-0.7043945,-0.50439453,1.0956055,1.2956054,-2.5043945,-1.4043945,-1.4043945
