public/data/weather/2019/09/30/0000-wind-isobaric-70hPa-gfs-1.0.json
{"header": { "discipline":0, "disciplineName":"Meteorological products", "gribEdition":2, "gribLength":67715, "center":7, "centerName":"US National Weather Service - NCEP(WMC)", "subcenter":0, "refTime":"2019-09-30T00:00:00.000Z", "significanceOfRT":1, "significanceOfRTName":"Start of forecast", "productStatus":0, "productStatusName":"Operational products", "productType":1, "productTypeName":"Forecast products", "productDefinitionTemplate":0, "productDefinitionTemplateName":"Analysis/forecast at horizontal level/layer at a point in time", "parameterCategory":2, "parameterCategoryName":"Momentum", "parameterNumber":3, "parameterNumberName":"V-component_of_wind", "parameterUnit":"m.s-1", "genProcessType":2, "genProcessTypeName":"Forecast", "forecastTime":0, "surface1Type":100, "surface1TypeName":"Isobaric surface", "surface1Value":7000.0, "surface2Type":255, "surface2TypeName":"Missing", "surface2Value":0.0, "gridDefinitionTemplate":0, "gridDefinitionTemplateName":"Latitude_Longitude", "numberPoints":65160, "shape":6, "shapeName":"Earth spherical with radius of 6,371,229.0 m", "gridUnits":"degrees", "resolution":48, "winds":"true", "scanMode":0, "nx":360, "ny":181, "basicAngle":0, "lo1":0.0, "la1":90.0, "lo2":359.0, "la2":-90.0, "dx":1.0, "dy":1.0 }, "data":
[rows 26 to 51 of 181, columns 174 to 231 of 360]
6.1324463,6.082446,6.7024465,7.772446,7.9224463,7.942446,8.3924465,8.592446,8.802446,9.312447,9.9324465,10.312447,11.192447,11.3924465,11.312447,12.062447,12.782446,13.1424465,13.172446,13.572446,14.822446,16.012445,15.772447,15.462446,15.762446,14.302446,13.562447,12.792446,12.062447,10.692447,10.922446,10.702446,9.772447,7.942446,7.2424464,7.2624464,6.4724464,6.1424465,6.0324464,4.622446,4.712446,4.4924464,3.4524462,2.0724463,0.3124463,-1.1275537,-2.4975538,-2.6575537,-3.5575538,-4.0875535,-4.167554,-4.207554,-4.3375535,-4.5475535,-4.3475537,-4.9275537,-5.0675535,-6.0275536
5.622446,5.9124465,6.442446,7.2024465,7.6424465,7.752446,8.092446,8.362446,8.882446,9.072446,9.382446,9.792446,10.572446,11.1824465,12.382446,12.802446,12.832446,13.152447,12.962446,13.082446,14.112446,15.002446,14.922446,14.612446,13.122446,13.342446,12.722446,12.042446,11.862446,10.772447,10.342446,9.282446,8.202446,8.202446,7.0524464,5.692446,5.522446,6.3924465,6.732446,5.5124464,4.792446,3.7324462,3.8524463,1.5724463,-0.4075537,0.1424463,-1.7075537,-2.7975538,-3.0675538,-4.6575537,-5.1975536,-5.437554,-5.897554,-5.7575536,-5.9075537,-6.037554,-6.1375537,-6.2175536
5.192446,5.5724463,6.3624463,6.692446,7.102446,7.502446,7.7224464,8.172446,8.952446,9.132446,9.212446,9.082446,10.522447,12.022447,13.1824465,13.712446,13.962446,13.6824465,13.362446,13.622446,14.172446,14.652447,14.602447,14.462446,13.472446,11.962446,13.532446,13.252446,11.832446,10.422446,9.022447,6.9524465,7.5324464,7.9324465,7.3924465,6.8924465,6.8824463,5.712446,5.832446,4.772446,3.1824462,2.4724462,2.3824463,1.7724463,0.08244629,-0.14755371,-1.1375537,-3.5575538,-4.127554,-4.8475537,-5.9675536,-5.9875536,-6.7575536,-7.017554,-6.687554,-6.897554,-7.017554,-7.057554
4.8424463,5.1424465,6.0724463,6.8024464,7.122446,7.2824464,7.482446,7.712446,8.232447,8.572446,8.312447,8.602447,10.132446,11.602447,12.992446,13.782446,14.462446,14.102447,14.332446,14.4324465,14.492446,14.042446,14.302446,14.472446,14.552446,14.062447,13.832446,13.402447,11.202446,11.062447,9.472446,9.272447,9.062447,8.562447,8.202446,7.4524465,7.562446,6.1324463,4.4924464,2.6224463,2.5024462,2.9624462,1.6824462,1.7524463,0.12244629,-0.7975537,-0.9875537,-2.8675537,-3.6975536,-4.0475535,-5.167554,-5.537554,-6.6975536,-7.287554,-7.3875537,-7.807554,-7.917554,-7.8475537
4.6524463,5.2224464,5.4524465,6.462446,7.1824465,7.2824464,7.4224463,7.2624464,7.3024464,7.4724464,7.9324465,8.612446,9.522447,11.052446,12.572446,14.092446,14.622446,14.602447,14.812447,15.162446,14.8924465,14.832446,15.062447,14.3924465,13.752446,13.412446,12.272447,12.042446,10.652447,9.252446,9.582446,9.262446,8.622446,7.482446,6.4124465,6.442446,6.0724463,3.9424462,3.1124463,2.8924463,2.0924463,1.2024463,1.4224463,1.2824463,0.39244628,-0.08755371,-1.5875537,-1.8975537,-3.4375536,-5.127554,-6.227554,-6.497554,-7.517554,-7.517554,-8.227553,-8.747554,-8.717554,-7.6575537
4.2624464,4.5724463,4.9724464,5.2024465,6.312446,7.042446,7.292446,7.1524463,6.8624463,7.1724463,7.6624465,7.9524465,8.822446,10.292446,12.1424465,13.272447,13.562447,14.122446,14.852447,15.082446,14.992446,14.812447,14.702446,13.952446,13.762446,12.562447,12.162446,11.092446,10.482447,10.1824465,9.362446,8.482447,7.5124464,7.542446,6.7824464,5.8224463,6.1124463,5.1824465,3.1724463,2.0524464,2.1224463,1.7524463,0.36244628,-0.6275537,-0.6675537,-1.0675538,-1.5675538,-2.3875537,-5.037554,-4.9875536,-6.247554,-6.727554,-7.9875536,-8.047554,-8.917554,-8.837554,-8.587554,-8.667554
3.1224463,3.6324463,4.442446,4.502446,5.2424464,6.3624463,7.1424465,6.962446,6.712446,7.0724463,7.542446,8.262446,9.362446,10.132446,11.152447,11.952446,13.092446,13.662446,14.202446,14.672446,15.122446,14.972446,14.952446,14.632446,13.832446,13.1824465,12.222446,11.412446,10.882446,10.002446,8.652447,7.8224463,7.622446,6.2824464,5.4024463,4.1324463,3.9224463,3.7024462,3.3424463,2.3624463,2.4024463,1.6124463,0.42244628,-0.08755371,-1.6575537,-2.0275538,-1.9175537,-2.9875536,-4.3675537,-5.707554,-6.897554,-7.5075536,-8.377554,-8.397553,-8.717554,-8.747554,-9.3575535,-8.577554
2.5724463,3.5724463,4.2024465,4.4524465,4.812446,5.482446,6.332446,6.772446,6.9024463,7.3824463,8.732447,9.372446,10.002446,10.822446,11.282446,11.982447,12.492446,12.962446,13.122446,13.742446,14.502446,14.632446,14.132446,13.882446,12.412446,12.242446,12.632446,12.482447,11.492446,9.602447,8.322446,7.2624464,6.292446,6.2624464,4.752446,4.082446,3.1124463,3.1624463,2.8224463,2.7424462,1.3524463,1.2124463,-0.3175537,-0.23755372,-1.5175537,-2.2675538,-2.1875536,-3.3975537,-4.897554,-6.037554,-8.007554,-8.427554,-9.437553,-8.847553,-8.937553,-9.637554,-9.227553,-8.977553
2.8524463,3.2024462,3.7824464,3.9324462,4.832446,4.942446,5.5724463,6.4124465,7.212446,7.9524465,9.002446,9.962446,11.002446,11.982447,12.352447,12.762446,12.662446,12.132446,12.342446,12.632446,13.572446,14.172446,12.792446,12.662446,12.132446,11.762446,11.622446,10.732447,10.562447,9.522447,8.4324465,7.1624465,5.7824464,5.462446,4.6124463,3.8524463,2.8024464,2.5424464,1.8224463,2.0824463,1.1224463,0.42244628,-0.04755371,-0.6775537,-1.6675537,-2.3875537,-2.9075537,-4.3375535,-5.4675536,-7.127554,-8.787554,-9.657554,-10.487554,-9.637554,-10.047554,-9.917554,-9.297554,-8.717554
2.9424462,3.2124462,3.7924464,3.9924462,4.502446,5.122446,5.4024463,5.942446,7.102446,8.082446,9.512446,10.852447,12.1824465,12.792446,13.002446,13.002446,12.552446,11.972446,11.802446,12.522447,12.882446,12.412446,12.332446,12.422446,11.842446,10.732447,10.9324465,8.952446,9.362446,9.222446,7.8924465,7.1824465,6.372446,5.6624465,5.122446,4.752446,3.7824464,3.2424462,2.7524462,2.4824462,1.6524463,0.5024463,0.1424463,-0.59755373,-1.5875537,-2.0875537,-3.5475538,-4.977554,-5.9275537,-7.687554,-8.947554,-10.017553,-10.987554,-10.147553,-10.467554,-10.1075535,-9.117554,-9.287554
3.2224462,3.5524464,3.6924462,4.1724463,4.4724464,4.8224463,5.1524463,5.5524464,6.252446,7.5324464,9.552446,10.562447,12.012446,12.3924465,12.572446,12.782446,12.572446,11.922446,12.382446,11.812447,11.732447,11.452446,11.612446,12.212446,11.502446,10.522447,10.972446,8.902447,9.262446,7.9124465,7.212446,6.872446,6.2624464,5.9024463,5.5324464,4.6724463,3.8424463,3.3824463,2.8824463,2.7024462,1.8024462,1.2024463,0.20244628,0.112446286,-1.0075537,-2.0775537,-3.8775537,-5.0975537,-6.7375536,-8.337554,-8.967554,-10.307553,-11.217554,-11.247554,-11.027554,-9.907554,-9.3175535,-9.307553
3.0924463,3.3724463,4.1724463,4.082446,4.272446,4.6324463,5.272446,5.4024463,5.7824464,7.462446,8.9324465,10.112446,10.902447,11.192447,11.672446,12.282446,12.252446,12.442447,12.172446,11.192447,10.972446,11.242446,11.252446,11.152447,11.272447,9.612446,10.032446,8.702446,8.6824465,8.002446,7.3024464,6.962446,6.4024463,5.9724464,5.0124464,4.372446,3.1024463,3.1624463,3.0324464,2.1524463,1.8824463,0.7624463,0.3524463,0.16244629,-1.0775537,-2.0075538,-3.2375536,-5.267554,-7.2975535,-8.187553,-9.557553,-10.627554,-11.0675535,-11.407554,-10.427554,-9.457554,-8.997554,-8.037554
3.5624464,4.042446,3.7824464,4.372446,4.1824465,4.542446,5.0524464,5.6724463,6.3224463,7.8824463,8.762446,9.412446,9.872446,10.402447,11.272447,11.322446,11.592446,12.092446,11.322446,10.512446,9.922446,10.212446,10.962446,11.022447,10.882446,9.842446,9.612446,9.042446,7.8224463,7.872446,8.082446,7.212446,6.4524465,5.832446,4.0124464,4.062446,3.0624464,2.6524463,2.3424463,1.7624463,1.1424463,0.91244626,0.3224463,-0.19755371,-1.4675537,-1.9275537,-3.0075538,-5.557554,-7.3575535,-8.247554,-9.6075535,-10.3575535,-10.557553,-10.977553,-10.437553,-8.747554,-8.8175535,-9.017553
3.6224463,3.6624463,3.8724463,4.462446,4.772446,3.8724463,4.832446,5.982446,6.5724463,7.252446,8.102447,8.282446,8.472446,9.252446,10.002446,10.452446,10.8924465,11.072446,10.592446,9.702446,9.742446,9.542446,9.902447,9.952446,10.252446,9.132446,8.832446,9.632446,8.192447,8.072446,7.942446,6.692446,6.062446,6.252446,4.252446,3.5324464,2.0924463,1.3224463,0.9224463,0.9524463,0.3824463,0.65244627,-0.007553711,-0.44755372,-1.5175537,-3.0375538,-3.7175536,-6.1075535,-7.1575537,-8.687553,-9.807553,-9.937553,-9.997554,-10.777554,-11.657554,-11.467554,-11.697554,-11.487554
2.8124464,2.4324462,3.4124463,4.2224464,4.9124465,4.9524465,5.2024465,5.5524464,6.1524463,6.502446,6.8624463,7.212446,7.9024463,8.4324465,8.902447,10.222446,11.1424465,10.592446,10.002446,9.522447,9.422446,9.202446,9.342446,9.342446,9.422446,8.882446,8.452446,9.332446,8.312447,7.9324465,7.542446,6.3024464,6.352446,5.8224463,3.9524462,3.3624463,2.6524463,2.0924463,1.4124463,0.012446289,0.012446289,-0.067553714,-0.58755374,-1.3275537,-2.1575537,-3.3875537,-4.517554,-6.3275537,-7.7175536,-9.187553,-10.187553,-10.517553,-10.847553,-12.787554,-13.237554,-13.177554,-11.537554,-10.807553
2.7924464,3.1024463,3.7724464,4.0524464,4.792446,5.0324464,4.752446,4.9724464,5.2224464,5.732446,6.042446,5.9124465,6.8024464,7.5724463,8.852447,10.722446,11.242446,9.722446,9.732447,9.172446,8.882446,9.132446,8.492446,8.452446,8.832446,8.652447,7.6824465,8.4324465,8.212446,6.9024463,7.102446,7.1724463,6.1824465,5.372446,3.6824462,3.4824462,2.0324464,1.3824463,0.7724463,-0.1375537,-0.7675537,-1.5075537,-1.3475537,-1.8475537,-3.0375538,-3.9875536,-5.5475535,-6.147554,-7.4475536,-9.3575535,-10.087554,-10.707554,-12.047554,-13.447554,-13.497554,-12.237554,-10.477553,-9.537554
2.8024464,3.5324464,4.1324463,4.4024463,4.232446,4.1424465,4.602446,5.332446,5.192446,5.9224463,5.942446,6.4124465,6.9024463,7.8224463,9.332446,9.732447,10.132446,9.212446,8.872446,8.852447,8.422446,8.482447,7.8024464,7.8024464,8.012446,8.1424465,7.9224463,7.622446,8.762446,6.962446,6.8824463,6.772446,5.872446,5.1824465,3.1624463,3.0624464,1.8124462,1.0724463,0.24244629,-0.6675537,-1.5875537,-2.2875538,-1.8475537,-2.6175537,-3.7175536,-4.897554,-5.6175537,-6.5075536,-7.8475537,-8.947554,-10.147553,-10.547554,-12.367554,-13.677554,-13.227553,-12.427554,-10.207554,-10.957554
3.3224463,3.7924464,4.442446,4.8824463,5.252446,5.252446,5.272446,5.772446,5.8224463,6.082446,6.0724463,6.6124463,6.9324465,7.4724464,8.372446,8.692447,8.412446,9.312447,8.352447,8.1424465,7.6424465,7.2424464,6.9924464,8.1824465,7.752446,8.342446,8.802446,7.482446,8.6424465,7.252446,6.4224463,6.5924463,5.192446,5.312446,2.9524462,2.8024464,1.6424463,1.0124463,-0.22755371,-0.8675537,-2.2275536,-3.1075537,-2.9675536,-3.5175538,-4.8475537,-5.1975536,-6.4075537,-6.747554,-7.4475536,-8.877554,-10.0675535,-10.837554,-12.1075535,-13.547554,-13.247554,-12.017553,-12.057553,-9.847553
4.3024464,4.482446,5.122446,5.3024464,5.2024465,5.502446,6.082446,6.462446,6.7624464,7.4724464,7.4124465,6.792446,6.812446,7.1324463,6.942446,7.5924463,7.9224463,7.622446,7.2424464,7.4124465,6.732446,7.1124463,6.9224463,7.4024463,8.252446,8.222446,8.272447,6.8924465,7.8824463,7.082446,6.9124465,6.2624464,5.622446,4.9124465,2.4724462,2.3024464,1.9524463,0.7524463,-0.2475537,-0.9875537,-1.5775537,-3.5175538,-3.9075537,-4.4675536,-5.167554,-5.397554,-6.6175537,-7.0675535,-7.2775536,-8.957554,-10.327554,-10.877554,-12.117554,-13.257554,-12.957554,-11.207554,-10.467554,-9.727553
3.9424462,4.6524463,4.752446,4.3824463,5.2824464,5.9224463,7.2024465,7.6124463,6.792446,6.2624464,6.4124465,6.6124463,7.232446,6.9724464,6.372446,6.832446,7.6424465,7.022446,7.0724463,6.622446,6.6524463,6.3624463,6.3624463,7.3424463,6.982446,6.622446,7.252446,6.872446,7.8824463,6.332446,6.292446,5.5724463,5.352446,4.712446,3.2724464,1.4824463,1.0024463,0.4124463,-0.58755374,-1.4575537,-2.6075537,-3.6875536,-4.2775536,-5.477554,-5.9875536,-5.9875536,-6.5975537,-6.8875537,-7.3575535,-7.5075536,-9.377554,-11.077554,-12.247554,-13.447554,-12.227553,-10.997554,-10.587554,-9.577554
2.8824463,3.4624462,3.9824462,5.7024465,6.4124465,7.562446,7.462446,6.062446,5.4524465,5.7224464,5.6424465,6.4524465,7.1624465,7.772446,7.4724464,7.752446,7.1324463,7.3224463,6.272446,5.7224464,6.3924465,7.2224464,6.0924463,6.4124465,6.7824464,5.832446,6.5524464,6.1724463,7.602446,6.082446,6.102446,4.5124464,5.1524463,4.1524463,2.4924462,1.5124463,0.5524463,-0.26755372,-1.2575537,-2.2575538,-3.3075538,-3.9775536,-4.9275537,-5.1175537,-6.497554,-5.977554,-6.537554,-6.687554,-7.5875535,-7.207554,-8.487554,-10.137554,-10.727553,-12.077554,-11.467554,-11.507554,-11.027554,-8.497554
3.4124463,4.002446,4.8924465,5.3424463,5.832446,5.852446,5.3024464,5.772446,5.8624463,5.6424465,6.002446,7.102446,5.6124463,5.5124464,6.6624465,6.732446,7.122446,6.582446,6.4024463,6.7624464,6.7024465,6.3224463,6.0724463,6.872446,7.0324464,5.9324465,6.352446,6.062446,7.3224463,5.8424463,6.002446,3.9724462,3.9824462,3.4524462,2.3224463,1.3024462,-0.10755371,-0.77755374,-1.3675537,-2.6075537,-3.1975536,-4.227554,-5.2575536,-5.2575536,-6.477554,-6.1575537,-6.1175537,-6.6575537,-7.227554,-7.557554,-8.087554,-8.747554,-10.327554,-10.787554,-11.187553,-11.8175535,-11.3175535,-9.627554
4.1324463,3.5424464,3.6724463,4.712446,4.522446,4.6824465,4.3624463,4.522446,4.772446,5.712446,7.4224463,5.752446,4.1824465,4.042446,5.0124464,5.122446,6.4324465,6.772446,7.542446,7.1124463,5.7224464,6.4324465,6.692446,4.9224463,6.872446,5.7824464,6.022446,5.9024463,6.522446,5.192446,4.9324465,3.3424463,3.2324462,1.9724463,1.3924463,0.65244627,-0.8775537,-1.9475538,-2.8075538,-2.6275537,-2.8775537,-4.287554,-5.1075535,-5.787554,-6.0975537,-6.7975535,-6.2175536,-5.627554,-6.1175537,-6.6775537,-6.5975537,-8.227553,-8.747554,-10.337554,-11.1075535,-11.637554,-9.997554,-9.367554
2.6124463,2.8324463,4.352446,4.212446,4.692446,4.832446,4.3024464,4.8024464,4.6824465,5.9324465,6.4724464,6.562446,6.5924463,6.832446,6.4724464,6.4124465,6.192446,5.5524464,6.6424465,6.062446,6.5324464,6.792446,6.542446,6.5924463,6.3924465,5.3924465,4.5524464,5.0524464,4.3624463,4.562446,3.4524462,2.6024463,2.0424464,1.4724463,1.2424463,0.72244626,-1.7775537,-2.2275536,-2.3975537,-2.8775537,-3.3375537,-3.9875536,-5.247554,-5.7575536,-5.9675536,-6.0975537,-5.5875535,-6.0075536,-5.9475536,-7.037554,-7.2575536,-7.6375537,-7.8275537,-8.937553,-10.057553,-10.787554,-10.287554,-7.8375535
2.7924464,4.0524464,4.1524463,3.7924464,5.602446,5.4224463,5.622446,5.2824464,4.212446,5.6324463,5.192446,5.062446,5.022446,4.6324463,5.0124464,5.8824463,5.0124464,6.292446,7.122446,7.1524463,7.2024465,6.4924464,6.542446,5.462446,5.502446,4.812446,4.622446,4.502446,3.8724463,4.0924463,3.0024462,1.9324462,0.8524463,0.8724463,0.7324463,-0.09755371,-1.8075538,-2.6175537,-3.0775537,-3.9975538,-3.9175537,-3.9275537,-4.9275537,-5.457554,-5.3275537,-5.167554,-5.997554,-5.957554,-6.167554,-6.397554,-7.3875537,-6.917554,-7.2175536,-8.097553,-9.727553,-10.0675535,-9.797554,-6.977554
3.1724463,3.4324462,3.7524462,5.732446,6.8424463,6.3224463,4.1624465,4.212446,4.6324463,5.5524464,5.0924463,5.0924463,5.462446,5.7224464,5.732446,5.8824463,5.712446,5.2824464,4.712446,5.212446,5.332446,5.5924463,6.0724463,4.8024464,4.5924463,4.3824463,4.1824465,3.7824464,3.4124463,3.0024462,2.4324462,1.4524463,0.4924463,0.2524463,-1.3975537,-1.2875537,-2.1575537,-2.9575536,-3.6575537,-4.127554,-4.0875535,-3.9875536,-4.8275537,-4.727554,-4.647554,-4.557554,-4.957554,-5.8375535,-5.727554,-5.647554,-5.8875537,-6.807554,-6.727554,-6.7975535,-7.4475536,-8.037554,-7.977554,-7.7175536
