public/data/weather/2019/09/30/0000-wind-isobaric-250hPa-gfs-1.0.json
{"header": { "discipline":0, "disciplineName":"Meteorological products", "gribEdition":2, "gribLength":50836, "center":7, "centerName":"US National Weather Service - NCEP(WMC)", "subcenter":0, "refTime":"2019-09-30T00:00:00.000Z", "significanceOfRT":1, "significanceOfRTName":"Start of forecast", "productStatus":0, "productStatusName":"Operational products", "productType":1, "productTypeName":"Forecast products", "productDefinitionTemplate":0, "productDefinitionTemplateName":"Analysis/forecast at horizontal level/layer at a point in time", "parameterCategory":2, "parameterCategoryName":"Momentum", "parameterNumber":3, "parameterNumberName":"V-component_of_wind", "parameterUnit":"m.s-1", "genProcessType":2, "genProcessTypeName":"Forecast", "forecastTime":0, "surface1Type":100, "surface1TypeName":"Isobaric surface", "surface1Value":25000.0, "surface2Type":255, "surface2TypeName":"Missing", "surface2Value":0.0, "gridDefinitionTemplate":0, "gridDefinitionTemplateName":"Latitude_Longitude", "numberPoints":65160, "shape":6, "shapeName":"Earth spherical with radius of 6,371,229.0 m", "gridUnits":"degrees", "resolution":48, "winds":"true", "scanMode":0, "nx":360, "ny":181, "basicAngle":0, "lo1":0.0, "la1":90.0, "lo2":359.0, "la2":-90.0, "dx":1.0, "dy":1.0 }, "data":
[rows 130 to 155 of 181, columns 171 to 227 of 360]
-8.229218,-5.5292177,-5.8292174,-7.0292177,-9.829218,-11.729218,-18.729218,-25.229218,-20.529217,-19.429218,-14.829218,-13.029218,-9.629217,-5.4292173,-2.6292176,-8.029218,-8.429217,-5.8292174,-3.3292174,-5.7292175,-9.029218,-9.329218,-8.429217,-4.5292177,-4.6292176,1.2707825,4.7707825,7.9707823,12.270782,16.170782,19.870783,21.770782,17.770782,15.570783,16.670782,19.470783,22.370783,24.070782,20.570782,16.970783,13.670782,10.470782,7.5707827,4.9707823,3.8707824,1.3707825,0.07078247,-0.22921753,1.1707824,1.5707824,3.5707824,5.9707823,7.8707824,8.870783,8.970782,7.8707824,6.1707826
-9.929217,-7.3292174,-7.1292176,-8.029218,-10.729218,-13.929217,-16.929218,-22.129217,-23.129217,-19.229218,-15.229218,-13.629217,-10.029218,-7.6292176,-10.129217,-11.829218,-10.529218,-7.4292173,-6.1292176,-8.729218,-11.029218,-11.029218,-9.829218,-5.5292177,-4.5292177,0.7707825,5.4707823,8.870783,12.770782,17.170782,21.170782,24.270782,21.970783,19.070782,20.670782,23.970783,26.670782,25.870783,22.770782,17.770782,12.770782,9.970782,7.1707826,4.9707823,2.3707824,0.5707825,-1.0292175,-1.9292176,-0.6292175,1.1707824,2.7707825,5.3707824,7.4707823,7.0707827,6.7707825,5.7707825,4.0707827
-12.429217,-9.029218,-8.829218,-13.729218,-16.729218,-16.329218,-17.029217,-19.829218,-19.229218,-17.429218,-16.629217,-13.629217,-12.929217,-13.029218,-12.529218,-13.829218,-10.629217,-8.029218,-6.7292175,-7.5292177,-11.329218,-10.929217,-10.429217,-6.4292173,-3.5292175,1.2707825,6.2707825,10.570783,14.270782,18.070782,21.970783,25.770782,25.770782,22.770782,24.570782,27.270782,26.770782,25.770782,22.970783,17.770782,13.370783,10.670782,7.7707825,3.9707825,0.8707825,-0.52921754,-2.5292175,-2.4292176,-1.9292176,-0.02921753,2.3707824,4.3707824,5.4707823,5.4707823,4.2707825,3.2707825,0.8707825
-14.429217,-14.229218,-16.229218,-18.129217,-20.029217,-18.329218,-18.129217,-17.529217,-17.629217,-16.829218,-15.929217,-14.729218,-13.429217,-13.829218,-15.729218,-15.429217,-13.429217,-8.129217,-6.3292174,-7.3292174,-9.829218,-11.329218,-9.929217,-5.9292173,-2.4292176,2.3707824,6.8707824,11.770782,15.770782,18.970783,23.570782,28.170782,26.770782,26.770782,28.670782,30.670782,28.670782,25.770782,20.070782,15.770782,12.270782,9.670782,6.1707826,3.1707826,-0.6292175,-1.9292176,-2.9292176,-3.1292176,-1.8292176,-1.7292175,-0.12921754,1.4707825,1.5707824,2.6707826,0.67078245,-0.6292175,-3.3292174
-20.429218,-19.429218,-20.829218,-21.529217,-22.329218,-21.729218,-19.229218,-17.929218,-16.529217,-16.329218,-14.729218,-14.629217,-15.829218,-14.029218,-14.329218,-12.929217,-10.029218,-7.9292173,-7.8292174,-8.829218,-10.929217,-12.729218,-9.029218,-4.9292173,0.17078248,3.7707825,7.1707826,11.770782,17.070782,20.970783,25.970783,28.970783,28.870783,30.470783,33.670784,32.970783,29.370783,24.770782,20.570782,14.670782,11.970782,7.9707823,4.5707827,2.9707825,-1.0292175,-2.8292174,-4.0292177,-4.0292177,-2.9292176,-3.3292174,-2.8292174,-2.0292175,-1.0292175,-1.3292176,-3.2292175,-5.2292175,-9.429217
-22.529217,-23.429218,-21.929218,-23.429218,-23.229218,-24.329218,-21.029217,-17.929218,-15.529218,-15.129217,-14.829218,-14.429217,-14.429217,-12.329218,-10.829218,-9.029218,-7.4292173,-8.929217,-9.029218,-9.829218,-9.329218,-12.429217,-7.6292176,-3.3292174,1.1707824,4.5707827,7.9707823,12.870783,18.370783,22.470783,26.670782,29.570782,30.070782,32.970783,34.270782,32.170784,28.770782,24.270782,19.070782,13.570783,10.870783,6.9707823,3.4707825,1.6707824,-1.3292176,-3.3292174,-4.2292175,-5.1292176,-5.0292177,-4.7292175,-5.0292177,-4.0292177,-3.7292175,-4.9292173,-7.1292176,-9.829218,-15.229218
-24.429218,-26.429218,-25.129217,-25.429218,-23.629217,-20.829218,-22.429218,-18.929218,-18.729218,-18.329218,-16.729218,-15.529218,-14.029218,-13.429217,-10.929217,-8.829218,-7.9292173,-8.029218,-8.729218,-11.129217,-10.029218,-11.329218,-7.2292175,-3.0292175,0.8707825,4.5707827,8.970782,14.470782,18.670782,23.670782,28.570782,31.670782,32.37078,33.770782,33.470783,31.170782,27.570782,21.370783,16.870783,13.170782,9.970782,6.2707825,3.4707825,1.7707825,-1.2292175,-3.6292176,-5.4292173,-5.7292175,-6.4292173,-6.8292174,-6.4292173,-6.1292176,-6.9292173,-8.329218,-10.229218,-12.929217,-19.229218
-26.029217,-28.529217,-29.029217,-27.329218,-25.029217,-21.729218,-22.929218,-21.729218,-21.329218,-20.229218,-18.029217,-15.029218,-13.629217,-12.829218,-12.129217,-10.629217,-9.229218,-9.029218,-10.629217,-10.829218,-10.229218,-10.629217,-6.7292175,-2.7292175,1.2707825,5.1707826,9.570783,14.870783,19.870783,25.370783,30.570782,34.270782,33.770782,33.07078,31.870783,29.670782,25.170782,20.070782,16.470783,12.770782,8.870783,5.8707824,3.2707825,1.3707825,-0.32921752,-3.5292175,-5.3292174,-6.6292176,-7.8292174,-8.229218,-7.8292174,-7.6292176,-9.329218,-11.329218,-13.229218,-15.329218,-20.529217
-24.829218,-27.029217,-29.529217,-29.929218,-27.729218,-25.229218,-23.429218,-22.829218,-21.129217,-21.029217,-18.529217,-14.529218,-13.229218,-12.229218,-12.429217,-10.629217,-7.9292173,-8.229218,-9.029218,-10.229218,-9.929217,-9.529218,-6.9292173,-2.2292175,2.0707824,6.4707823,11.670782,16.370783,21.270782,26.570782,31.370783,34.57078,33.57078,31.070782,29.870783,27.670782,23.470783,18.970783,15.570783,11.370783,7.9707823,4.9707823,2.3707824,0.7707825,-0.6292175,-2.7292175,-4.9292173,-6.9292173,-8.429217,-9.129217,-9.429217,-10.029218,-10.929217,-13.129217,-15.529218,-17.429218,-22.529217
-24.029217,-25.129217,-27.229218,-29.829218,-29.229218,-26.229218,-22.629217,-20.029217,-20.629217,-19.429218,-17.629217,-17.229218,-16.029217,-15.529218,-13.429217,-12.029218,-10.629217,-9.129217,-6.0292177,-7.6292176,-9.329218,-8.329218,-5.4292173,-1.3292176,3.3707824,8.370783,13.570783,18.670782,23.070782,27.970783,31.970783,33.670784,32.07078,29.770782,27.970783,26.070782,21.270782,17.270782,14.270782,10.570783,7.3707824,4.4707823,1.7707825,0.17078248,-1.0292175,-2.8292174,-4.4292173,-6.5292177,-8.329218,-10.129217,-10.829218,-11.229218,-12.429217,-14.229218,-16.629217,-18.429218,-22.829218
-22.529217,-22.929218,-24.229218,-25.929218,-27.929218,-28.829218,-25.229218,-21.529217,-18.929218,-17.129217,-17.129217,-17.429218,-18.329218,-17.029217,-13.529218,-10.329218,-8.629217,-8.129217,-7.3292174,-5.1292176,-5.0292177,-5.3292174,-3.3292174,0.37078246,4.0707827,8.970782,14.470782,19.170782,24.070782,28.470783,31.570782,31.070782,28.370783,27.170782,25.870783,23.370783,19.470783,15.370783,12.370783,9.170782,6.8707824,4.4707823,1.1707824,-0.52921754,-1.9292176,-3.3292174,-4.9292173,-6.5292177,-7.9292173,-10.529218,-11.729218,-13.129217,-13.429217,-15.729218,-18.529217,-19.629217,-22.629217
-20.429218,-22.129217,-22.529217,-22.629217,-24.529217,-26.329218,-28.229218,-27.029217,-22.029217,-20.129217,-18.429218,-16.229218,-15.329218,-13.929217,-11.329218,-10.029218,-9.329218,-7.1292176,-6.4292173,-5.1292176,-3.0292175,-2.1292176,0.07078247,2.4707825,6.1707826,10.370783,15.970782,20.770782,24.570782,27.570782,28.670782,27.070782,25.270782,24.270782,23.070782,20.870783,18.170782,14.370783,11.370783,7.7707825,5.7707825,3.2707825,0.8707825,-1.6292175,-3.0292175,-4.0292177,-4.8292174,-6.2292175,-8.129217,-10.929217,-11.329218,-13.229218,-15.229218,-17.129217,-20.329218,-21.229218,-22.929218
-17.129217,-20.129217,-20.929218,-21.829218,-22.329218,-22.729218,-24.829218,-26.229218,-25.929218,-23.629217,-21.029217,-19.029217,-16.629217,-14.329218,-12.329218,-9.429217,-7.5292177,-7.2292175,-5.5292177,-2.8292174,-0.9292175,0.8707825,2.2707825,5.0707827,8.570783,12.770782,17.070782,20.670782,24.070782,25.770782,24.370783,22.970783,22.570782,21.970783,20.670782,18.270782,16.070782,12.770782,9.870783,6.8707824,4.2707825,1.2707825,-0.02921753,-1.4292176,-3.3292174,-4.6292176,-5.7292175,-6.9292173,-8.229218,-9.829218,-12.029218,-14.029218,-16.129217,-18.229218,-20.729218,-22.129217,-23.829218
-15.029218,-17.229218,-19.429218,-20.929218,-21.329218,-21.529217,-22.529217,-22.629217,-22.529217,-22.729218,-22.229218,-21.029217,-19.129217,-16.729218,-15.429217,-13.529218,-9.729218,-7.1292176,-4.6292176,-2.5292175,-0.12921754,2.5707824,4.6707826,7.0707827,9.670782,13.070783,17.070782,20.070782,22.070782,21.970783,21.070782,20.770782,19.770782,18.570782,18.070782,15.870783,13.570783,10.670782,8.170782,5.3707824,2.6707826,-0.32921752,-1.5292175,-2.4292176,-3.2292175,-4.8292174,-6.6292176,-8.029218,-9.029218,-11.229218,-12.829218,-14.429217,-16.429218,-17.729218,-20.329218,-21.829218,-24.429218
-12.229218,-14.329218,-16.629217,-18.629217,-19.329218,-19.929218,-20.429218,-19.629217,-20.629217,-19.429218,-18.829218,-18.829218,-19.629217,-17.129217,-14.829218,-13.029218,-12.329218,-11.429217,-9.029218,-6.8292174,-5.1292176,-2.8292174,0.5707825,3.4707825,7.5707827,11.170782,13.570783,16.070782,18.070782,18.770782,17.670782,17.570782,17.270782,16.370783,14.770782,12.770782,10.970782,8.170782,6.4707823,4.1707826,1.1707824,-1.0292175,-2.0292175,-2.8292174,-3.9292176,-5.6292176,-6.5292177,-8.329218,-10.029218,-11.929217,-13.729218,-15.329218,-17.329218,-18.429218,-19.629217,-21.429218,-23.929218
-8.529218,-10.929217,-12.929217,-14.729218,-15.929217,-17.429218,-17.429218,-17.229218,-17.129217,-17.329218,-15.729218,-15.229218,-14.629217,-14.129217,-13.729218,-12.429217,-10.429217,-8.529218,-7.3292174,-6.1292176,-4.8292174,-3.4292176,-1.0292175,2.0707824,5.0707827,8.470782,11.970782,14.570783,15.270782,14.470782,14.170782,14.670782,14.870783,13.870783,11.470782,10.170782,8.370783,5.9707823,4.5707827,3.2707825,0.67078245,-2.1292176,-3.1292176,-4.3292174,-5.1292176,-6.2292175,-7.1292176,-8.429217,-10.229218,-12.329218,-13.929217,-15.629217,-16.629217,-18.429218,-20.329218,-21.329218,-23.229218
-5.9292173,-8.329218,-10.229218,-11.929217,-13.029218,-13.629217,-14.529218,-15.629217,-16.029217,-15.429217,-14.229218,-13.329218,-13.229218,-13.229218,-13.229218,-13.629217,-12.329218,-10.429217,-8.329218,-7.1292176,-6.0292177,-3.1292176,-0.42921752,1.8707825,4.7707825,7.2707825,9.670782,9.870783,10.770782,11.270782,11.470782,11.770782,11.670782,10.670782,8.770782,7.6707826,5.9707823,3.7707825,2.4707825,1.6707824,0.17078248,-2.2292175,-4.2292175,-5.7292175,-7.3292174,-7.8292174,-7.9292173,-8.529218,-9.929217,-11.829218,-13.929217,-15.929217,-17.329218,-19.329218,-20.529217,-22.229218,-23.529217
-2.5292175,-4.3292174,-6.0292177,-8.029218,-9.829218,-10.929217,-11.429217,-11.529218,-12.229218,-13.229218,-13.229218,-12.729218,-11.929217,-12.129217,-11.929217,-11.829218,-10.929217,-9.729218,-7.5292177,-5.6292176,-3.7292175,-2.1292176,-0.42921752,1.2707825,3.0707824,4.2707825,5.9707823,6.9707823,7.9707823,7.7707825,8.070783,8.370783,8.270782,7.3707824,6.4707823,5.2707825,3.4707825,1.9707825,0.47078246,-0.52921754,-1.8292176,-3.6292176,-4.9292173,-5.8292174,-6.9292173,-7.3292174,-8.429217,-10.429217,-11.629217,-13.929217,-15.429217,-16.329218,-17.329218,-19.029217,-21.429218,-22.629217,-24.529217
-0.6292175,-2.2292175,-4.1292176,-5.6292176,-6.8292174,-7.9292173,-8.729218,-9.129217,-9.129217,-9.829218,-10.329218,-11.129217,-11.429217,-11.929217,-11.629217,-10.629217,-10.229218,-9.929217,-8.629217,-6.8292174,-5.0292177,-3.2292175,-1.9292176,-0.52921754,0.8707825,2.8707824,4.0707827,4.6707826,4.6707826,5.0707827,5.3707824,5.3707824,5.3707824,4.4707823,4.1707826,3.0707824,1.4707825,0.17078248,-1.2292175,-2.2292175,-3.5292175,-5.4292173,-6.6292176,-6.7292175,-7.7292175,-8.529218,-9.629217,-11.029218,-13.329218,-14.929217,-15.929217,-17.229218,-17.629217,-18.929218,-21.129217,-22.829218,-24.629217
1.1707824,-0.82921755,-1.9292176,-3.6292176,-4.6292176,-5.7292175,-6.4292173,-6.6292176,-7.3292174,-7.7292175,-8.329218,-8.629217,-8.929217,-9.329218,-9.829218,-10.729218,-10.729218,-10.029218,-9.129217,-8.029218,-6.0292177,-4.0292177,-2.5292175,-1.2292175,-0.52921754,0.37078246,0.97078246,1.9707825,2.8707824,3.2707825,3.3707824,3.3707824,3.1707826,2.4707825,1.5707824,0.37078246,-0.02921753,-1.2292175,-2.7292175,-3.6292176,-4.9292173,-6.7292175,-8.129217,-8.229218,-8.829218,-9.329218,-10.729218,-12.429217,-13.629217,-15.329218,-16.729218,-17.029217,-18.529217,-19.829218,-21.329218,-22.829218,-24.629217
3.8707824,1.5707824,-0.12921754,-1.5292175,-2.6292176,-3.1292176,-3.9292176,-4.4292173,-5.2292175,-6.2292175,-6.6292176,-6.6292176,-6.9292173,-7.1292176,-7.1292176,-7.7292175,-7.6292176,-7.3292174,-7.1292176,-7.0292177,-5.8292174,-4.9292173,-4.2292175,-2.5292175,-1.1292175,-0.42921752,0.07078247,0.5707825,0.97078246,1.2707825,1.3707825,1.5707824,1.0707824,-0.02921753,-1.1292175,-1.8292176,-2.1292176,-2.6292176,-4.0292177,-5.2292175,-6.8292174,-8.529218,-9.329218,-9.429217,-10.229218,-10.629217,-11.629217,-13.129217,-13.829218,-14.829218,-16.829218,-17.629217,-18.729218,-20.629217,-22.029217,-23.329218,-24.529217
5.7707825,4.2707825,2.7707825,0.97078246,-0.02921753,-1.0292175,-1.7292175,-2.9292176,-3.6292176,-3.9292176,-4.5292177,-5.1292176,-5.7292175,-5.6292176,-5.6292176,-6.3292174,-6.9292173,-7.0292177,-6.6292176,-6.6292176,-5.9292173,-4.9292173,-4.2292175,-3.3292174,-2.9292176,-2.3292174,-1.7292175,-1.2292175,-0.82921755,-0.7292175,-0.82921755,-1.1292175,-1.8292176,-2.7292175,-3.3292174,-3.6292176,-3.9292176,-4.5292177,-5.9292173,-7.1292176,-8.329218,-10.129217,-10.629217,-10.929217,-11.629217,-11.929217,-12.529218,-13.429217,-14.529218,-15.529218,-17.029217,-17.929218,-19.029217,-21.129217,-23.029217,-23.929218,-25.029217
7.0707827,5.2707825,3.7707825,2.6707826,1.5707824,0.97078246,0.27078247,-0.02921753,-0.52921754,-1.1292175,-1.6292175,-2.5292175,-3.4292176,-4.1292176,-4.5292177,-4.6292176,-4.8292174,-4.9292173,-4.7292175,-4.6292176,-4.5292177,-4.0292177,-3.0292175,-2.6292176,-2.3292174,-1.8292176,-1.5292175,-1.2292175,-1.2292175,-1.5292175,-2.1292176,-2.8292174,-3.7292175,-4.4292173,-5.0292177,-5.5292177,-5.8292174,-6.5292177,-7.3292174,-8.429217,-10.429217,-11.929217,-12.129217,-12.229218,-12.829218,-13.529218,-13.929217,-14.729218,-15.729218,-16.629217,-17.629217,-18.829218,-19.829218,-21.029217,-22.529217,-23.629217,-24.429218
6.3707824,5.8707824,5.4707823,4.4707823,3.5707824,2.2707825,1.7707825,0.8707825,0.37078246,0.17078248,0.47078246,0.27078247,-0.6292175,-1.7292175,-2.3292174,-2.4292176,-2.4292176,-2.5292175,-2.5292175,-2.5292175,-2.6292176,-2.7292175,-2.6292176,-2.4292176,-2.3292174,-2.2292175,-2.0292175,-1.9292176,-2.1292176,-2.3292174,-2.8292174,-3.5292175,-4.5292177,-5.3292174,-5.8292174,-6.3292174,-6.7292175,-7.4292173,-8.729218,-10.329218,-11.529218,-12.929217,-13.729218,-14.029218,-14.229218,-15.229218,-15.629217,-16.529217,-16.729218,-17.529217,-18.029217,-18.829218,-19.929218,-22.029217,-23.429218,-24.229218,-23.629217
4.9707823,4.7707825,4.3707824,4.0707827,3.5707824,3.6707826,3.3707824,3.5707824,3.3707824,2.6707826,1.3707825,0.7707825,0.17078248,-0.32921752,-0.6292175,-1.2292175,-1.3292176,-1.8292176,-2.2292175,-2.4292176,-2.5292175,-2.4292176,-2.4292176,-2.6292176,-2.6292176,-2.5292175,-2.7292175,-3.1292176,-3.4292176,-3.5292175,-3.7292175,-4.1292176,-4.8292174,-5.5292177,-6.3292174,-6.8292174,-7.4292173,-8.429217,-9.629217,-10.929217,-12.229218,-13.929217,-15.229218,-15.729218,-16.029217,-16.329218,-17.129217,-17.729218,-18.029217,-18.329218,-19.029217,-19.329218,-20.829218,-22.129217,-23.729218,-23.829218,-23.729218
3.7707825,3.6707826,4.0707827,4.2707825,3.9707825,4.5707827,4.7707825,3.8707824,3.6707826,3.4707825,2.9707825,2.7707825,2.5707824,1.8707825,0.27078247,-0.12921754,-0.7292175,-1.4292176,-2.0292175,-2.5292175,-3.0292175,-3.2292175,-3.2292175,-3.2292175,-3.4292176,-3.3292174,-3.4292176,-3.6292176,-3.8292174,-4.1292176,-4.5292177,-5.0292177,-5.4292173,-6.2292175,-7.4292173,-8.329218,-9.029218,-9.829218,-10.829218,-11.729218,-12.629217,-13.829218,-15.629217,-16.729218,-17.429218,-17.629217,-18.129217,-18.529217,-19.229218,-19.529217,-20.229218,-20.729218,-21.429218,-22.629217,-23.829218,-24.029217,-24.429218
