public/data/weather/2019/09/30/0000-wind-isobaric-1000hPa-gfs-1.0.json
{"header": { "discipline":0, "disciplineName":"Meteorological products", "gribEdition":2, "gribLength":53773, "center":7, "centerName":"US National Weather Service - NCEP(WMC)", "subcenter":0, "refTime":"2019-09-30T00:00:00.000Z", "significanceOfRT":1, "significanceOfRTName":"Start of forecast", "productStatus":0, "productStatusName":"Operational products", "productType":1, "productTypeName":"Forecast products", "productDefinitionTemplate":0, "productDefinitionTemplateName":"Analysis/forecast at horizontal level/layer at a point in time", "parameterCategory":2, "parameterCategoryName":"Momentum", "parameterNumber":3, "parameterNumberName":"V-component_of_wind", "parameterUnit":"m.s-1", "genProcessType":2, "genProcessTypeName":"Forecast", "forecastTime":0, "surface1Type":100, "surface1TypeName":"Isobaric surface", "surface1Value":95000.0, "surface2Type":255, "surface2TypeName":"Missing", "surface2Value":0.0, "gridDefinitionTemplate":0, "gridDefinitionTemplateName":"Latitude_Longitude", "numberPoints":65160, "shape":6, "shapeName":"Earth spherical with radius of 6,371,229.0 m", "gridUnits":"degrees", "resolution":48, "winds":"true", "scanMode":0, "nx":360, "ny":181, "basicAngle":0, "lo1":0.0, "la1":90.0, "lo2":359.0, "la2":-90.0, "dx":1.0, "dy":1.0 }, "data":
[rows 0 to 26 of 181, columns 122 to 182 of 360]
-7.099707,-7.199707,-7.299707,-7.399707,-7.499707,-7.499707,-7.599707,-7.699707,-7.799707,-7.899707,-7.999707,-7.999707,-8.099707,-8.199707,-8.199707,-8.299707,-8.399707,-8.399707,-8.499707,-8.499707,-8.599707,-8.599707,-8.699707,-8.699707,-8.799707,-8.799707,-8.799707,-8.899707,-8.899707,-8.899707,-8.999707,-8.999707,-8.999707,-8.999707,-8.999707,-8.999707,-8.999707,-9.099707,-9.099707,-9.099707,-9.099707,-8.999707,-8.999707,-8.999707,-8.999707,-8.999707,-8.999707,-8.999707,-8.899707,-8.899707,-8.899707,-8.799707,-8.799707,-8.799707,-8.699707,-8.699707,-8.599707,-8.599707,-8.499707,-8.499707,-8.399707
-6.499707,-6.599707,-6.699707,-6.799707,-6.899707,-6.999707,-7.099707,-7.199707,-7.199707,-7.299707,-7.399707,-7.499707,-7.499707,-7.599707,-7.599707,-7.699707,-7.699707,-7.699707,-7.799707,-7.799707,-7.799707,-7.799707,-7.799707,-7.799707,-7.899707,-7.899707,-7.899707,-7.899707,-7.799707,-7.799707,-7.799707,-7.799707,-7.799707,-7.799707,-7.799707,-7.799707,-7.799707,-7.799707,-7.799707,-7.799707,-7.799707,-7.799707,-7.799707,-7.799707,-7.799707,-7.799707,-7.799707,-7.799707,-7.799707,-7.799707,-7.799707,-7.799707,-7.799707,-7.799707,-7.799707,-7.899707,-7.899707,-7.899707,-7.899707,-7.899707,-7.899707
-5.899707,-5.999707,-6.099707,-6.199707,-6.299707,-6.399707,-6.499707,-6.599707,-6.599707,-6.699707,-6.799707,-6.899707,-6.899707,-6.999707,-7.099707,-7.199707,-7.199707,-7.299707,-7.399707,-7.399707,-7.499707,-7.499707,-7.399707,-7.399707,-7.399707,-7.299707,-7.199707,-7.199707,-7.099707,-6.999707,-6.999707,-6.899707,-6.899707,-6.899707,-6.899707,-6.799707,-6.799707,-6.799707,-6.799707,-6.799707,-6.799707,-6.799707,-6.699707,-6.699707,-6.699707,-6.699707,-6.699707,-6.699707,-6.699707,-6.699707,-6.799707,-6.799707,-6.799707,-6.799707,-6.899707,-6.899707,-6.999707,-6.999707,-7.099707,-7.099707,-7.099707
-5.799707,-5.899707,-5.899707,-5.999707,-6.099707,-6.199707,-6.299707,-6.299707,-6.299707,-6.199707,-6.199707,-6.199707,-6.099707,-6.099707,-6.099707,-5.999707,-5.999707,-5.999707,-5.899707,-5.899707,-5.799707,-5.699707,-5.599707,-5.499707,-5.499707,-5.399707,-5.399707,-5.499707,-5.599707,-5.599707,-5.699707,-5.799707,-5.899707,-5.999707,-6.099707,-6.099707,-6.099707,-6.199707,-6.199707,-6.199707,-6.199707,-6.199707,-6.199707,-6.199707,-6.199707,-6.299707,-6.299707,-6.399707,-6.499707,-6.599707,-6.699707,-6.799707,-6.899707,-6.999707,-7.099707,-7.099707,-6.999707,-6.999707,-6.899707,-6.899707,-6.699707
-6.399707,-6.499707,-6.699707,-6.899707,-7.099707,-7.199707,-7.299707,-7.299707,-7.099707,-6.799707,-6.399707,-5.999707,-5.599707,-5.199707,-4.999707,-4.799707,-4.799707,-4.999707,-5.099707,-5.299707,-5.399707,-5.499707,-5.499707,-5.599707,-5.599707,-5.699707,-5.699707,-5.799707,-5.799707,-5.799707,-5.799707,-5.799707,-5.799707,-5.799707,-5.799707,-5.899707,-5.899707,-5.899707,-5.999707,-5.999707,-5.999707,-5.999707,-5.899707,-5.799707,-5.699707,-5.599707,-5.399707,-5.299707,-5.099707,-4.899707,-4.699707,-4.599707,-4.599707,-4.499707,-4.599707,-4.599707,-4.699707,-4.799707,-4.899707,-4.899707,-4.999707
-5.699707,-5.899707,-6.099707,-6.299707,-6.399707,-6.499707,-6.499707,-6.599707,-6.599707,-6.499707,-6.499707,-6.399707,-6.299707,-6.199707,-5.999707,-5.699707,-5.499707,-5.299707,-5.099707,-5.099707,-5.099707,-5.199707,-5.299707,-5.399707,-5.499707,-5.499707,-5.499707,-5.499707,-5.399707,-5.399707,-5.299707,-5.199707,-5.199707,-4.999707,-4.899707,-4.799707,-4.699707,-4.599707,-4.399707,-4.299707,-4.199707,-3.999707,-3.999707,-3.899707,-3.999707,-3.999707,-4.099707,-3.999707,-3.899707,-3.799707,-3.5997071,-3.499707,-3.399707,-3.299707,-3.299707,-3.199707,-3.299707,-3.399707,-3.499707,-3.5997071,-3.699707
-4.599707,-4.899707,-5.299707,-5.499707,-5.799707,-5.999707,-5.999707,-5.999707,-5.899707,-5.799707,-5.599707,-5.399707,-5.199707,-4.999707,-4.699707,-4.599707,-4.399707,-4.299707,-4.199707,-4.299707,-4.399707,-4.499707,-4.699707,-4.899707,-4.999707,-5.099707,-4.999707,-4.799707,-4.499707,-4.199707,-3.999707,-3.899707,-3.799707,-3.799707,-3.799707,-3.799707,-3.5997071,-3.499707,-3.399707,-3.399707,-3.399707,-3.399707,-3.299707,-3.299707,-3.299707,-3.299707,-3.299707,-3.299707,-3.299707,-3.199707,-3.199707,-3.199707,-3.199707,-3.299707,-3.399707,-3.399707,-3.299707,-3.199707,-3.0997071,-3.0997071,-2.999707
-3.399707,-3.799707,-4.099707,-4.299707,-4.499707,-4.699707,-4.799707,-4.899707,-4.899707,-4.799707,-4.699707,-4.399707,-4.099707,-3.699707,-3.399707,-3.0997071,-2.799707,-2.499707,-2.299707,-2.199707,-2.199707,-2.299707,-2.699707,-2.999707,-3.399707,-3.899707,-4.299707,-4.799707,-5.299707,-5.599707,-5.599707,-5.299707,-4.799707,-4.099707,-3.499707,-2.999707,-2.699707,-2.699707,-2.899707,-3.0997071,-3.299707,-3.399707,-3.499707,-3.5997071,-3.5997071,-3.5997071,-3.5997071,-3.5997071,-3.499707,-3.499707,-3.399707,-3.299707,-3.199707,-3.0997071,-2.999707,-2.899707,-2.699707,-2.499707,-2.299707,-2.0997071,-1.8997071
-3.299707,-3.699707,-3.899707,-4.199707,-4.399707,-4.399707,-4.499707,-4.399707,-4.399707,-4.399707,-4.399707,-4.199707,-3.799707,-3.399707,-3.0997071,-2.699707,-2.499707,-2.499707,-2.5997071,-2.799707,-2.899707,-3.0997071,-3.299707,-3.699707,-3.999707,-4.399707,-4.599707,-4.899707,-5.199707,-5.299707,-5.299707,-5.099707,-4.799707,-4.199707,-3.5997071,-3.199707,-2.999707,-2.999707,-2.999707,-2.999707,-3.0997071,-3.0997071,-3.199707,-3.199707,-3.299707,-3.299707,-3.299707,-3.299707,-3.199707,-3.0997071,-2.999707,-2.799707,-2.699707,-2.5997071,-2.499707,-2.299707,-2.0997071,-1.999707,-1.8997071,-1.799707,-1.599707
-4.299707,-4.399707,-4.499707,-4.499707,-4.499707,-4.499707,-4.499707,-4.399707,-4.299707,-3.999707,-3.799707,-3.699707,-3.899707,-4.099707,-4.199707,-4.299707,-4.299707,-4.499707,-4.599707,-4.599707,-4.599707,-4.599707,-4.599707,-4.499707,-4.299707,-4.099707,-3.899707,-3.799707,-3.799707,-3.699707,-3.699707,-3.699707,-3.699707,-3.5997071,-3.499707,-3.399707,-3.399707,-3.299707,-3.199707,-3.0997071,-2.999707,-2.899707,-2.799707,-2.699707,-2.5997071,-2.5997071,-2.499707,-2.399707,-2.299707,-2.199707,-1.999707,-1.8997071,-1.699707,-1.499707,-1.299707,-1.099707,-0.79970706,-0.599707,-0.39970702,-0.29970703,-0.09970703
-4.799707,-4.999707,-4.999707,-5.099707,-5.099707,-4.999707,-4.899707,-4.699707,-4.599707,-4.499707,-4.499707,-4.499707,-4.599707,-4.699707,-4.599707,-4.599707,-4.499707,-4.399707,-4.299707,-4.299707,-4.399707,-4.399707,-4.399707,-4.399707,-4.499707,-4.599707,-4.899707,-4.999707,-4.899707,-5.099707,-5.199707,-4.799707,-4.199707,-3.699707,-3.499707,-3.499707,-3.399707,-3.299707,-3.199707,-3.199707,-3.0997071,-2.899707,-2.799707,-2.699707,-2.499707,-2.299707,-2.0997071,-1.8997071,-1.799707,-1.599707,-1.599707,-1.3997071,-1.299707,-1.099707,-0.899707,-0.69970703,-0.49970704,-0.29970703,2.9296876E-4,0.20029297,0.40029296
-4.699707,-4.899707,-4.899707,-4.799707,-4.799707,-4.899707,-4.999707,-5.199707,-5.299707,-5.499707,-5.499707,-5.499707,-5.499707,-5.399707,-5.199707,-4.999707,-4.899707,-4.799707,-4.699707,-4.699707,-4.699707,-4.499707,-4.399707,-4.499707,-4.699707,-4.899707,-4.999707,-4.999707,-5.199707,-5.599707,-5.799707,-5.799707,-5.599707,-5.499707,-5.499707,-5.399707,-5.299707,-4.699707,-4.299707,-3.999707,-3.5997071,-3.199707,-2.999707,-2.999707,-2.999707,-2.799707,-2.5997071,-2.299707,-1.8997071,-1.699707,-1.499707,-1.199707,-0.79970706,-0.39970702,-0.19970703,-0.09970703,0.20029297,0.600293,0.900293,1.1002929,1.300293
-3.799707,-3.999707,-4.299707,-4.699707,-4.999707,-5.099707,-5.199707,-5.299707,-5.399707,-5.499707,-5.799707,-5.999707,-5.999707,-5.999707,-5.999707,-5.999707,-5.799707,-5.899707,-5.799707,-5.699707,-5.699707,-5.799707,-5.899707,-5.899707,-6.099707,-6.299707,-6.199707,-6.299707,-6.499707,-6.499707,-6.299707,-6.099707,-5.999707,-5.899707,-5.499707,-5.199707,-4.899707,-4.699707,-4.599707,-4.399707,-4.399707,-4.399707,-4.299707,-3.899707,-3.499707,-3.499707,-3.399707,-3.199707,-2.799707,-2.299707,-1.8997071,-1.599707,-1.199707,-0.899707,-0.39970702,2.9296876E-4,0.30029297,0.40029296,0.70029294,1.200293,1.900293
-2.899707,-2.999707,-3.199707,-3.499707,-3.999707,-4.499707,-4.699707,-4.799707,-4.999707,-5.499707,-5.799707,-5.699707,-5.799707,-6.199707,-6.599707,-6.899707,-6.999707,-7.099707,-7.199707,-7.399707,-7.599707,-7.599707,-7.499707,-7.199707,-6.699707,-6.299707,-5.899707,-5.599707,-5.399707,-5.199707,-5.099707,-5.199707,-5.199707,-4.899707,-4.699707,-4.599707,-4.599707,-4.499707,-4.399707,-3.999707,-3.499707,-3.0997071,-2.899707,-2.699707,-2.299707,-1.599707,-0.99970704,-0.49970704,0.100292966,0.600293,1.1002929,1.200293,1.1002929,1.200293,1.6002929,2.700293,3.500293,4.000293,3.600293,2.800293,2.500293
-1.199707,-1.499707,-1.799707,-2.299707,-2.699707,-2.699707,-2.999707,-3.5997071,-3.899707,-4.299707,-4.699707,-4.899707,-4.799707,-5.099707,-5.899707,-6.199707,-6.499707,-6.899707,-7.399707,-7.699707,-8.099707,-7.699707,-7.199707,-6.399707,-5.599707,-4.999707,-4.599707,-4.299707,-4.099707,-3.999707,-3.999707,-4.099707,-3.699707,-3.0997071,-2.299707,-1.999707,-2.0997071,-2.199707,-1.799707,-1.199707,-0.99970704,-0.899707,-0.99970704,-0.79970706,-0.39970702,-0.09970703,0.20029297,0.80029297,1.400293,2.000293,2.500293,2.800293,4.100293,4.300293,4.000293,4.400293,4.000293,4.300293,4.600293,4.200293,4.200293
-0.49970704,-0.19970703,-0.29970703,-0.69970703,-1.199707,-1.699707,-1.999707,-2.199707,-2.299707,-2.699707,-3.199707,-3.699707,-3.699707,-4.099707,-4.799707,-4.699707,-5.099707,-6.099707,-6.799707,-7.199707,-7.599707,-7.499707,-7.199707,-6.299707,-5.299707,-5.199707,-5.499707,-4.899707,-3.699707,-1.699707,-0.79970706,-0.39970702,-0.599707,-1.299707,-1.799707,-1.799707,-1.799707,-1.8997071,-1.999707,-1.999707,-2.299707,-1.999707,-1.299707,-0.69970703,0.30029297,0.30029297,0.80029297,1.500293,2.100293,3.000293,3.600293,3.700293,3.800293,4.200293,4.900293,5.600293,6.100293,5.500293,5.600293,5.500293,5.400293
-0.19970703,-0.09970703,-0.09970703,-0.99970704,-1.699707,-2.699707,-3.299707,-2.299707,-2.0997071,-1.799707,-1.499707,-2.299707,-2.399707,-2.699707,-2.999707,-3.299707,-3.399707,-3.899707,-4.399707,-5.099707,-5.499707,-5.899707,-7.299707,-6.699707,-6.099707,-5.199707,-4.499707,-4.299707,-4.399707,-3.799707,-2.999707,-1.8997071,-1.3997071,-0.99970704,-0.899707,-1.199707,-1.499707,-1.299707,-0.79970706,-0.39970702,-0.69970703,-0.899707,-1.099707,-1.3997071,-1.299707,-0.49970704,1.1002929,1.300293,1.300293,1.400293,2.000293,2.800293,3.700293,4.800293,5.700293,6.300293,6.300293,6.200293,5.500293,4.800293,4.700293
-0.29970703,-0.99970704,-1.499707,-2.299707,-2.899707,-2.199707,-2.899707,-4.499707,-5.399707,-5.399707,-3.5997071,-1.599707,-0.99970704,-0.39970702,-1.199707,-2.199707,-2.499707,-2.299707,-2.399707,-2.899707,-2.999707,-3.399707,-3.999707,-4.699707,-4.999707,-5.199707,-5.099707,-4.799707,-4.599707,-4.499707,-4.099707,-3.5997071,-3.399707,-2.999707,-2.499707,-1.699707,-0.69970703,-0.599707,2.9296876E-4,0.100292966,-0.29970703,0.100292966,0.40029296,2.9296876E-4,-1.099707,-1.199707,-1.099707,-1.199707,-0.39970702,2.9296876E-4,0.50029296,1.900293,3.200293,4.900293,6.700293,6.900293,6.600293,6.400293,6.100293,5.400293,4.100293
-0.69970703,-0.79970706,-0.899707,-0.79970706,-1.8997071,-1.999707,-2.5997071,-4.099707,-3.899707,-3.5997071,-3.799707,-4.199707,-3.5997071,-3.0997071,-2.699707,-1.599707,-1.699707,-1.299707,-0.49970704,-0.899707,-1.299707,-1.999707,-2.399707,-2.699707,-2.899707,-3.0997071,-3.299707,-3.5997071,-3.799707,-3.699707,-3.399707,-3.299707,-3.199707,-2.899707,-2.699707,-2.499707,-2.0997071,-1.699707,-1.3997071,-1.199707,-1.3997071,-0.99970704,-0.49970704,2.9296876E-4,0.100292966,0.20029297,0.100292966,0.20029297,0.50029296,0.600293,1.1002929,1.800293,2.4002929,2.800293,4.200293,5.800293,5.500293,5.300293,5.000293,4.200293,2.000293
0.20029297,-0.29970703,-1.099707,-1.299707,-1.999707,-1.499707,0.20029297,-0.899707,-1.299707,-2.299707,-2.299707,-2.199707,-2.199707,-2.899707,-3.199707,-3.299707,-3.5997071,-4.199707,-4.499707,-2.5997071,-0.899707,-0.29970703,-0.69970703,-1.799707,-2.499707,-2.399707,-2.5997071,-2.699707,-2.5997071,-2.299707,-2.499707,-2.499707,-2.199707,-1.999707,-1.8997071,-1.499707,-1.299707,-1.3997071,-1.3997071,-1.199707,-0.79970706,-0.19970703,0.30029297,0.600293,0.80029297,1.000293,1.400293,1.700293,2.200293,2.9002929,3.300293,3.300293,3.300293,2.800293,2.4002929,2.100293,2.100293,1.900293,1.1002929,0.30029297,-0.29970703
-0.29970703,-1.3997071,-2.499707,-3.199707,-3.5997071,-1.199707,0.20029297,0.30029297,0.100292966,0.100292966,0.70029294,1.300293,0.80029297,0.100292966,1.500293,0.600293,0.70029294,0.900293,0.80029297,-1.099707,-1.3997071,-2.499707,-3.5997071,-3.699707,-2.999707,-2.899707,-2.199707,-2.199707,-1.999707,-1.799707,-1.499707,-1.299707,-1.699707,-1.499707,-1.3997071,-1.299707,-1.3997071,-1.3997071,-1.099707,2.9296876E-4,1.300293,1.6002929,1.200293,1.000293,0.80029297,1.200293,1.400293,2.000293,4.000293,5.600293,3.100293,1.800293,1.900293,1.900293,1.1002929,1.300293,0.600293,-0.79970706,-2.499707,-3.899707,-4.699707
-1.999707,-2.999707,-4.199707,-4.799707,-1.499707,-0.39970702,-0.39970702,0.30029297,0.50029296,2.000293,2.500293,1.900293,0.20029297,0.20029297,0.600293,1.400293,0.600293,0.900293,0.40029296,-0.69970703,-2.799707,-4.099707,-3.799707,-3.899707,-4.199707,-4.499707,-3.899707,-2.999707,-1.699707,-2.299707,-1.099707,2.9296876E-4,2.9296876E-4,-0.19970703,-0.49970704,0.100292966,0.20029297,0.100292966,2.9296876E-4,0.40029296,2.9296876E-4,0.70029294,1.700293,2.500293,2.000293,2.4002929,2.700293,2.100293,1.700293,0.30029297,2.100293,2.600293,3.100293,3.200293,1.300293,1.6002929,1.200293,0.600293,-3.799707,-6.399707,-6.599707
-1.8997071,-3.299707,-4.499707,-1.999707,-0.09970703,0.30029297,0.70029294,0.20029297,-0.19970703,0.80029297,0.900293,2.9296876E-4,-0.899707,-0.79970706,0.30029297,-0.599707,1.400293,-0.49970704,-1.599707,-0.49970704,2.9296876E-4,-2.399707,-3.399707,-3.999707,-3.5997071,-3.199707,-3.199707,-4.399707,-4.599707,-4.499707,-4.199707,-2.999707,-1.999707,-2.0997071,-2.299707,-1.8997071,-1.3997071,-0.599707,1.200293,2.9296876E-4,-0.29970703,0.20029297,-0.19970703,0.50029296,0.50029296,1.000293,1.900293,1.200293,1.000293,1.400293,2.600293,1.300293,-0.09970703,-0.29970703,2.9296876E-4,-0.599707,-0.29970703,-0.99970704,-0.49970704,-2.299707,-6.399707
-2.999707,-3.699707,-2.499707,0.100292966,0.50029296,0.80029297,0.100292966,-1.199707,0.50029296,-0.19970703,0.100292966,-0.39970702,-0.49970704,-0.09970703,-0.39970702,-0.29970703,0.900293,0.40029296,0.20029297,-0.99970704,0.20029297,-0.99970704,-1.199707,-0.899707,-4.099707,-6.199707,-5.099707,-4.599707,-6.599707,-6.999707,-5.599707,-4.599707,-4.499707,-4.799707,-2.899707,-2.0997071,-1.999707,-1.599707,-0.99970704,-1.199707,-0.599707,-0.29970703,0.20029297,2.500293,0.30029297,1.6002929,1.700293,1.500293,1.1002929,0.600293,0.900293,2.9296876E-4,-1.099707,0.30029297,-1.099707,-0.99970704,-0.79970706,-0.09970703,0.20029297,-2.5997071,-2.0997071
-0.49970704,0.30029297,1.800293,3.200293,-0.39970702,2.9296876E-4,-0.29970703,0.900293,1.1002929,0.100292966,0.20029297,-0.19970703,-0.69970703,-0.29970703,-0.99970704,-1.299707,-1.299707,0.100292966,-0.69970703,-1.199707,-1.799707,-2.5997071,-1.999707,0.20029297,-1.599707,-3.299707,-4.799707,-7.499707,-8.499707,-9.399707,-7.299707,-5.899707,-4.799707,-4.899707,-3.999707,-2.699707,-2.0997071,-2.399707,-0.39970702,0.50029296,1.500293,2.700293,3.300293,2.100293,2.200293,1.200293,1.300293,2.000293,1.000293,-0.49970704,0.40029296,0.600293,-1.599707,-0.899707,-3.199707,-2.299707,-1.8997071,-0.79970706,-0.69970703,-1.699707,-3.999707
-0.19970703,2.800293,5.600293,5.400293,0.40029296,-0.69970703,0.20029297,-0.19970703,-0.69970703,-0.19970703,1.400293,1.500293,0.70029294,2.9296876E-4,-1.499707,-0.39970702,-0.09970703,-0.39970702,-0.69970703,-1.499707,-2.499707,-2.5997071,-3.0997071,-3.799707,-1.999707,-5.399707,-5.199707,-2.499707,-11.599707,-12.499707,-7.599707,-4.799707,-5.099707,-6.499707,-3.199707,-0.69970703,0.30029297,1.400293,4.600293,3.800293,1.400293,1.000293,2.300293,1.400293,1.1002929,1.000293,1.800293,0.900293,1.6002929,3.200293,2.200293,-1.3997071,-3.0997071,-2.799707,-1.799707,-2.5997071,-0.599707,-3.899707,-3.699707,-5.399707,-2.899707
2.4002929,2.4002929,3.600293,5.000293,5.700293,4.800293,-0.29970703,-0.49970704,-4.199707,-1.799707,-1.699707,-3.199707,-2.5997071,-1.999707,-1.599707,-1.199707,-0.39970702,0.600293,-0.09970703,-0.79970706,-1.3997071,-2.799707,-2.999707,-4.799707,-3.0997071,-3.799707,-5.299707,-6.399707,-7.499707,-10.499707,-10.699707,-6.899707,-8.499707,-2.499707,-1.499707,0.30029297,0.30029297,1.500293,1.1002929,1.400293,1.500293,2.9296876E-4,-0.09970703,2.9296876E-4,0.600293,0.80029297,1.500293,1.6002929,2.500293,2.300293,2.200293,0.30029297,-0.39970702,-1.299707,-1.3997071,-2.5997071,-4.099707,-5.399707,-5.499707,-4.699707,-7.799707
