public/data/weather/2019/09/30/0000-wind-surface-level-gfs-1.0.json
{"header": { "discipline":0, "disciplineName":"Meteorological products", "gribEdition":2, "gribLength":78138, "center":7, "centerName":"US National Weather Service - NCEP(WMC)", "subcenter":0, "refTime":"2019-09-30T00:00:00.000Z", "significanceOfRT":1, "significanceOfRTName":"Start of forecast", "productStatus":0, "productStatusName":"Operational products", "productType":1, "productTypeName":"Forecast products", "productDefinitionTemplate":0, "productDefinitionTemplateName":"Analysis/forecast at horizontal level/layer at a point in time", "parameterCategory":2, "parameterCategoryName":"Momentum", "parameterNumber":2, "parameterNumberName":"U-component_of_wind", "parameterUnit":"m.s-1", "genProcessType":2, "genProcessTypeName":"Forecast", "forecastTime":0, "surface1Type":103, "surface1TypeName":"Specified height level above ground", "surface1Value":10.0, "surface2Type":255, "surface2TypeName":"Missing", "surface2Value":0.0, "gridDefinitionTemplate":0, "gridDefinitionTemplateName":"Latitude_Longitude", "numberPoints":65160, "shape":6, "shapeName":"Earth spherical with radius of 6,371,229.0 m", "gridUnits":"degrees", "resolution":48, "winds":"true", "scanMode":0, "nx":360, "ny":181, "basicAngle":0, "lo1":0.0, "la1":90.0, "lo2":359.0, "la2":-90.0, "dx":1.0, "dy":1.0 }, "data":
[rows 0 to 25 of 181, columns 290 to 347 of 360]
-5.549685,-5.5396852,-5.5196853,-5.509685,-5.489685,-5.469685,-5.449685,-5.429685,-5.409685,-5.379685,-5.349685,-5.329685,-5.2896852,-5.259685,-5.229685,-5.189685,-5.159685,-5.119685,-5.079685,-5.0396852,-4.9996853,-4.949685,-4.909685,-4.859685,-4.809685,-4.759685,-4.709685,-4.649685,-4.599685,-4.5396852,-4.489685,-4.429685,-4.369685,-4.309685,-4.239685,-4.179685,-4.109685,-4.049685,-3.979685,-3.9096851,-3.839685,-3.769685,-3.699685,-3.6196852,-3.549685,-3.469685,-3.3996851,-3.319685,-3.239685,-3.1596851,-3.079685,-2.999685,-2.9096851,-2.829685,-2.749685,-2.6596851,-2.579685,-2.489685
-7.239685,-7.239685,-7.229685,-7.219685,-7.199685,-7.179685,-7.169685,-7.149685,-7.139685,-7.109685,-7.089685,-7.059685,-7.0396852,-7.009685,-6.979685,-6.939685,-6.909685,-6.869685,-6.839685,-6.7896852,-6.759685,-6.709685,-6.669685,-6.619685,-6.579685,-6.529685,-6.469685,-6.399685,-6.329685,-6.2496853,-6.169685,-6.089685,-6.009685,-5.919685,-5.829685,-5.729685,-5.619685,-5.5196853,-5.409685,-5.299685,-5.189685,-5.079685,-4.969685,-4.849685,-4.729685,-4.609685,-4.489685,-4.369685,-4.2496853,-4.129685,-4.009685,-3.8896852,-3.759685,-3.6496851,-3.529685,-3.4096851,-3.289685,-3.1596851
-8.369685,-8.389685,-8.399685,-8.409685,-8.409685,-8.429685,-8.459685,-8.479685,-8.499685,-8.5096855,-8.519685,-8.519685,-8.5096855,-8.489685,-8.469685,-8.449685,-8.419685,-8.349685,-8.279685,-8.209685,-8.109685,-8.019685,-7.919685,-7.819685,-7.709685,-7.579685,-7.459685,-7.339685,-7.229685,-7.109685,-6.989685,-6.879685,-6.7696853,-6.679685,-6.569685,-6.459685,-6.329685,-6.199685,-6.069685,-5.929685,-5.759685,-5.569685,-5.379685,-5.209685,-5.049685,-4.879685,-4.719685,-4.569685,-4.429685,-4.299685,-4.169685,-4.029685,-3.8796852,-3.719685,-3.579685,-3.439685,-3.309685,-3.1696851
-7.939685,-8.0496855,-8.169685,-8.269685,-8.289685,-8.359685,-8.429685,-8.519685,-8.609685,-8.669685,-8.689685,-8.699685,-8.699685,-8.699685,-8.729685,-8.779685,-8.809685,-8.839685,-8.879685,-8.859685,-8.819685,-8.779685,-8.739685,-8.699685,-8.619685,-8.539685,-8.439685,-8.369685,-8.269685,-8.159685,-8.039685,-7.959685,-7.899685,-7.819685,-7.709685,-7.599685,-7.4996853,-7.319685,-7.139685,-6.909685,-6.659685,-6.399685,-6.149685,-5.919685,-5.699685,-5.549685,-5.399685,-5.259685,-5.129685,-4.989685,-4.7696853,-4.5396852,-4.319685,-4.079685,-3.8696852,-3.6596851,-3.459685,-3.279685
-3.939685,-4.069685,-4.229685,-4.439685,-4.669685,-4.889685,-5.109685,-5.349685,-5.599685,-5.859685,-6.079685,-6.279685,-6.459685,-6.619685,-6.739685,-6.829685,-6.929685,-7.0396852,-7.149685,-7.2696853,-7.379685,-7.429685,-7.419685,-7.359685,-7.299685,-7.259685,-7.169685,-7.069685,-6.939685,-6.859685,-6.869685,-7.0196853,-7.229685,-7.409685,-7.489685,-7.399685,-7.219685,-6.9996853,-6.7896852,-6.549685,-6.329685,-6.109685,-5.909685,-5.849685,-5.799685,-5.689685,-5.549685,-5.279685,-4.9996853,-4.739685,-4.5396852,-4.469685,-4.399685,-4.329685,-4.159685,-3.8996851,-3.6596851,-3.4096851
0.7203149,0.82031494,0.92031497,1.0403149,1.1603149,1.330315,1.450315,1.5503149,1.6603149,1.740315,1.8103149,1.7903149,1.6503149,1.3903149,0.9703149,0.5303149,0.14031494,-0.20968506,-0.5396851,-0.85968506,-1.279685,-1.779685,-2.3796852,-2.929685,-3.3996851,-3.799685,-4.129685,-4.339685,-4.579685,-4.889685,-5.209685,-5.5396852,-5.7896852,-5.949685,-5.879685,-5.709685,-5.399685,-5.199685,-5.119685,-5.279685,-5.449685,-5.579685,-5.7496853,-5.849685,-5.829685,-5.679685,-5.5196853,-5.479685,-5.329685,-5.129685,-4.7696853,-4.4996853,-4.2696853,-4.159685,-4.029685,-3.849685,-3.549685,-3.289685
3.040315,3.060315,3.1103148,3.170315,3.180315,3.1303148,3.030315,2.900315,2.790315,2.690315,2.6203148,2.560315,2.430315,2.310315,2.230315,2.1103148,1.9203149,1.7803149,1.700315,1.6503149,1.710315,1.840315,1.8003149,1.490315,0.95031494,0.44031495,0.010314941,-0.31968507,-0.5896851,-0.87968504,-1.249685,-1.7196851,-2.049685,-2.319685,-2.509685,-2.789685,-3.1196852,-3.6396852,-4.299685,-5.419685,-6.379685,-7.079685,-7.219685,-6.729685,-6.5196853,-6.339685,-6.179685,-6.0196853,-5.779685,-5.459685,-5.169685,-4.879685,-4.429685,-4.179685,-3.979685,-3.8696852,-3.799685,-3.6496851
0.63031495,0.77031493,0.37031496,0.20031494,-0.49968505,-0.6596851,-0.7196851,-0.69968504,-1.019685,-0.92968506,-0.67968506,0.070314944,1.240315,1.970315,2.290315,1.610315,0.99031496,0.55031496,0.6003149,0.7803149,0.7903149,0.61031497,0.34031495,-0.16968507,-0.40968505,-0.44968507,0.030314941,0.9003149,1.450315,1.010315,-0.47968507,-2.1696851,-2.829685,-1.369685,-0.42968506,0.64031494,1.5203149,1.370315,0.41031495,0.69031495,1.6503149,2.1303148,1.7803149,1.110315,-0.049685057,-2.6296852,-5.5396852,-5.709685,-4.559685,-3.969685,-4.159685,-4.239685,-4.639685,-4.569685,-4.369685,-4.349685,-4.259685,-4.059685
1.1603149,1.210315,1.1603149,1.5603149,1.360315,1.470315,1.6803149,2.6103148,3.310315,2.560315,1.6503149,0.51031494,0.74031496,1.340315,1.8003149,2.260315,1.9103149,1.4003149,-0.13968506,-1.9696851,-0.88968503,1.220315,1.6603149,0.48031494,-1.3396851,-1.669685,-0.25968507,0.15031494,0.55031496,0.6003149,0.6003149,0.93031496,1.4003149,0.57031494,-0.39968506,-0.19968505,0.29031494,0.34031495,0.44031495,0.27031493,0.73031497,0.63031495,0.69031495,-0.009685058,-0.7096851,-0.48968506,-0.21968506,-0.72968507,-1.299685,-1.7296851,-1.789685,-1.6896851,-1.9696851,-2.569685,-2.989685,-3.8796852,-5.359685,-5.799685
1.6503149,0.75031495,0.7103149,1.9003149,2.690315,1.5203149,-0.41968507,1.710315,1.2903149,-1.619685,-3.229685,-2.219685,-0.33968505,2.8503149,5.160315,5.330315,4.040315,3.960315,6.050315,7.470315,4.440315,1.120315,0.31031495,0.9703149,2.8403149,4.080315,3.160315,2.410315,3.140315,4.720315,6.340315,6.930315,6.860315,6.870315,6.650315,6.660315,6.450315,5.070315,3.950315,3.480315,3.240315,2.480315,-0.05968506,-0.56968504,0.61031497,1.9203149,3.530315,2.460315,-0.32968506,-0.48968506,0.5903149,-0.74968505,-0.75968504,0.36031494,1.130315,0.040314943,-0.49968505,-0.47968507
1.730315,1.1403149,-0.32968506,-1.4496851,-2.099685,-2.3796852,-2.1696851,-0.6496851,-0.8396851,-0.87968504,-0.23968506,1.080315,1.1703149,0.58031493,0.34031495,0.18031494,0.22031493,0.26031494,0.61031497,1.4303149,2.420315,3.000315,3.060315,3.1003149,3.3803148,3.8803148,4.2303147,4.570315,4.9803147,5.190315,5.330315,5.390315,5.290315,5.110315,4.950315,4.840315,4.770315,4.630315,4.470315,4.320315,4.020315,3.490315,2.8803148,2.000315,1.0403149,-0.61968505,-1.279685,-0.20968506,-0.97968507,-0.87968504,0.31031495,0.28031495,-0.42968506,-0.87968504,-0.92968506,-1.289685,-1.739685,-1.8596851
0.18031494,0.55031496,0.9103149,0.5303149,-1.259685,-1.489685,-1.1996851,-1.239685,-0.88968503,-0.81968504,-0.80968505,-0.9596851,-0.8396851,-0.22968505,0.34031495,0.57031494,0.6603149,0.93031496,1.3903149,1.7903149,1.990315,2.240315,2.6003149,2.910315,3.280315,3.800315,4.330315,4.880315,5.220315,5.320315,5.410315,5.550315,5.610315,5.510315,5.530315,5.610315,5.560315,5.560315,5.550315,5.510315,5.630315,5.670315,5.370315,4.450315,2.8303149,1.220315,0.25031495,-0.33968505,0.11031494,0.100314945,0.13031495,-0.14968506,-0.97968507,-1.239685,-1.629685,-1.8196851,-1.759685,-1.8396851
-1.3496851,-3.959685,-4.689685,-4.699685,-5.0196853,-4.469685,-4.219685,-3.569685,-2.8896852,-2.459685,-2.339685,-2.289685,-2.029685,-1.5896851,-1.0996851,-0.45968506,0.030314941,0.21031494,0.42031494,0.82031494,1.340315,1.880315,2.300315,2.8803148,3.490315,4.130315,4.860315,5.400315,5.680315,5.800315,5.9603148,6.130315,6.200315,6.340315,6.530315,6.700315,6.990315,7.2103148,7.400315,7.520315,7.5003147,7.430315,7.090315,6.580315,5.920315,6.800315,3.890315,0.28031495,0.42031494,0.34031495,-0.009685058,-1.249685,-1.3196851,-1.769685,-1.899685,-1.759685,-1.509685,-1.529685
-3.499685,-3.4196851,-2.6196852,-0.72968507,-1.139685,-6.189685,-8.459685,-6.989685,-6.659685,-6.089685,-5.739685,-5.679685,-5.199685,-4.619685,-4.099685,-3.459685,-2.709685,-1.9796851,-1.249685,-0.55968505,0.08031494,0.68031496,1.1803149,1.8203149,2.6103148,3.560315,4.310315,4.670315,4.900315,5.2503147,5.640315,6.070315,6.170315,6.300315,6.5003147,6.9603148,7.010315,6.620315,6.550315,6.670315,7.440315,7.520315,8.190315,9.840315,7.390315,3.730315,3.6203148,-0.57968503,-0.69968504,0.020314941,-0.14968506,0.38031495,-0.79968506,-1.4496851,-1.649685,-1.389685,-0.9696851,-0.75968504
-10.469685,-11.379685,-10.539685,-6.899685,-8.139685,-5.069685,-4.599685,-3.969685,-3.449685,-3.3696852,-2.9096851,-4.509685,-6.429685,-5.729685,-5.479685,-5.819685,-5.029685,-4.349685,-3.529685,-2.6296852,-1.999685,-1.369685,-0.73968506,-0.08968506,0.62031496,1.360315,2.390315,3.320315,3.8503149,4.260315,4.7103148,4.9603148,5.240315,5.720315,5.790315,5.740315,5.670315,5.840315,6.380315,7.040315,7.610315,8.230315,9.440315,9.640315,5.850315,4.660315,2.970315,2.0903149,0.64031494,0.70031494,-1.1996851,-1.649685,-1.5896851,-1.4396851,-1.3496851,-1.019685,-0.39968506,-0.50968504
-7.419685,-7.739685,-7.589685,-7.079685,-6.849685,-7.0396852,-6.719685,-6.199685,-5.179685,-4.0396852,-2.949685,-2.3696852,-2.019685,-4.029685,-5.929685,-5.779685,-6.179685,-6.4996853,-5.9996853,-5.579685,-5.0196853,-4.219685,-3.499685,-2.989685,-2.439685,-1.8196851,-0.85968506,0.16031495,1.230315,2.210315,2.730315,3.230315,3.640315,3.790315,4.150315,5.190315,5.580315,5.620315,5.910315,6.260315,6.9803147,7.240315,8.150315,7.700315,6.350315,4.060315,0.87031496,3.280315,1.260315,0.63031495,-1.4296851,-1.379685,-1.409685,-0.9696851,-0.8496851,-0.76968503,-0.49968505,-0.6596851
-7.159685,-7.149685,-6.839685,-6.339685,-5.989685,-5.859685,-5.319685,-4.739685,-4.649685,-4.279685,-3.679685,-2.739685,-1.5996851,-1.3396851,-2.8696852,-4.239685,-5.2496853,-6.389685,-6.439685,-6.139685,-5.669685,-5.339685,-4.819685,-4.129685,-3.579685,-3.049685,-2.509685,-1.919685,-1.249685,-0.19968505,0.77031493,1.5203149,2.020315,2.520315,3.210315,3.940315,4.610315,5.840315,6.080315,7.150315,10.570315,4.310315,3.250315,2.6003149,2.540315,2.8503149,-0.46968505,0.24031495,-0.32968506,-0.80968505,-1.399685,-1.3596851,-1.5696851,-1.5796851,-1.6996851,-0.8396851,-1.5996851,-1.919685
-5.4996853,-6.079685,-6.119685,-6.149685,-5.719685,-5.849685,-4.639685,-3.939685,-3.699685,-4.319685,-4.2696853,-3.089685,-2.779685,-3.529685,-3.449685,-1.8296851,-3.6196852,-4.689685,-6.549685,-6.659685,-6.149685,-5.589685,-4.9996853,-4.469685,-4.529685,-4.049685,-3.6596851,-3.099685,-2.219685,-1.749685,-1.0796851,0.040314943,0.7903149,1.5203149,2.3403149,2.6303148,2.680315,3.540315,4.330315,6.090315,3.930315,2.740315,2.300315,0.45031494,0.74031496,-0.40968505,-0.48968506,-0.54968506,-1.499685,-2.269685,-2.6296852,-2.979685,-2.779685,-2.339685,-2.529685,-2.709685,-2.3796852,-2.289685
-3.349685,-4.119685,-4.889685,-4.869685,-5.589685,-6.029685,-5.529685,-5.0396852,-4.429685,-3.729685,-3.589685,-2.769685,-1.9396851,-0.68968505,0.25031495,-1.769685,-1.3296851,-3.6496851,-5.489685,-6.989685,-7.349685,-7.279685,-6.779685,-6.339685,-5.699685,-5.309685,-4.719685,-3.9096851,-3.739685,-3.199685,-2.359685,-1.8296851,-0.68968505,1.1403149,2.170315,2.3503149,2.990315,3.3703148,4.310315,3.6103148,2.3703148,1.000315,-1.3096851,0.77031493,0.73031497,1.200315,0.25031495,-1.4296851,-2.4196851,-2.469685,-3.019685,-3.559685,-3.549685,-3.6196852,-3.6296852,-4.049685,-4.189685,-3.759685
-1.7296851,-3.939685,-4.469685,-4.7496853,-5.7896852,-5.899685,-5.899685,-5.739685,-5.199685,-5.279685,-4.439685,-3.809685,-3.559685,-2.609685,-4.909685,-4.259685,-3.799685,-1.629685,-4.239685,-3.789685,-9.179685,-8.279685,-7.879685,-6.799685,-6.7696853,-6.029685,-5.609685,-5.129685,-4.429685,-4.0396852,-3.449685,-2.959685,-2.049685,-0.42968506,0.5403149,1.2903149,2.520315,3.820315,5.100315,6.400315,5.7103148,2.210315,1.1903149,-0.6596851,-1.0696851,-1.7196851,-3.3896852,-2.809685,-0.22968505,-0.5296851,-1.639685,-3.689685,-5.279685,-5.399685,-5.309685,-5.159685,-5.169685,-5.339685
0.18031494,-0.049685057,-0.33968505,-2.3896852,-3.769685,-6.149685,-6.709685,-6.2696853,-5.179685,-5.649685,-5.259685,-4.129685,-2.929685,-2.3996851,-1.149685,0.35031494,-1.379685,-0.03968506,-1.629685,-2.559685,-4.719685,-9.469685,-8.599685,-7.5196853,-6.939685,-6.309685,-5.9996853,-5.629685,-5.079685,-4.669685,-4.099685,-3.6196852,-3.189685,-2.029685,-1.5696851,-0.32968506,-0.33968505,-0.12968506,2.400315,4.220315,2.170315,3.060315,1.480315,-0.9696851,0.100314945,1.5403149,1.480315,1.210315,-4.309685,-4.139685,-3.3696852,-3.969685,-5.559685,-6.489685,-7.679685,-6.869685,-6.449685,-5.799685
-0.09968506,0.22031493,-0.94968504,-0.93968505,-1.1896851,-3.589685,-5.379685,-5.979685,-5.5396852,-5.5196853,-5.119685,-4.429685,-3.729685,-2.439685,-2.1596851,-1.009685,-0.47968507,-1.6896851,-1.889685,-2.089685,-2.759685,-6.149685,-7.369685,-7.169685,-6.259685,-5.7696853,-5.5396852,-4.979685,-4.829685,-4.489685,-4.429685,-3.749685,-3.1596851,-1.389685,1.240315,3.500315,3.750315,-1.0996851,-1.999685,1.6703149,-0.79968506,2.060315,0.9003149,-0.09968506,-0.16968507,-2.229685,-4.349685,-4.659685,-4.709685,-4.159685,-4.309685,-4.639685,-5.449685,-5.419685,-5.559685,-5.609685,-6.129685,-5.479685
-2.8696852,-1.269685,-0.8496851,-0.48968506,-0.61968505,-0.17968506,-1.2196851,-5.4996853,-6.889685,-7.529685,-5.629685,-4.5196853,-3.679685,-2.979685,-1.139685,2.0903149,1.8203149,1.010315,2.020315,1.1703149,-4.069685,-6.199685,-5.549685,-5.7496853,-5.229685,-5.0396852,-4.839685,-4.669685,-4.589685,-4.2496853,-4.509685,-4.389685,-4.609685,-3.769685,-2.029685,2.760315,0.36031494,2.030315,0.61031497,-1.7096851,-3.8696852,-5.169685,-5.239685,-4.489685,-3.429685,-4.0196853,-4.239685,-3.589685,-2.229685,-1.049685,0.48031494,1.620315,1.6703149,0.6003149,-0.57968503,-1.789685,-2.3996851,-3.3696852
-3.739685,-2.779685,-2.1496851,-0.61968505,-2.939685,-0.76968503,-0.6596851,-0.019685058,-3.019685,-5.699685,-4.459685,-4.309685,-3.3796852,-2.449685,-2.109685,-1.019685,-1.3196851,1.1403149,0.82031494,-0.73968506,-3.199685,-4.2896852,-5.279685,-5.919685,-5.199685,-4.9996853,-4.849685,-4.509685,-2.729685,-1.9796851,-1.8596851,-1.039685,-1.869685,-3.459685,-0.08968506,1.1603149,1.7903149,2.010315,1.880315,1.1803149,3.149414E-4,-0.93968505,-1.919685,-3.039685,-3.6696851,-3.979685,-3.779685,-2.559685,-0.80968505,0.56031495,1.210315,1.620315,1.5603149,1.2703149,1.470315,1.6503149,0.55031496,-0.45968506
-5.4996853,-6.439685,-3.959685,-1.4596851,-0.9696851,-2.989685,-2.029685,-1.8196851,-1.9496851,-5.2696853,-5.369685,-4.689685,-4.379685,-3.689685,-3.4096851,-3.1196852,-3.499685,-0.5996851,-0.68968505,-0.28968507,-1.779685,-3.9196851,-4.7896852,-4.689685,-4.659685,-4.429685,-4.209685,-2.289685,-1.2196851,-0.56968504,0.100314945,0.98031497,0.30031493,-0.38968506,0.86031497,1.340315,0.28031495,-1.249685,-2.1696851,-2.9196851,-3.819685,-4.029685,-3.989685,-4.429685,-4.529685,-3.3796852,0.5303149,-0.87968504,-1.249685,-0.15968506,-0.98968506,-0.23968506,0.22031493,0.19031495,1.0603149,1.970315,4.490315,2.410315
-2.089685,-3.229685,-4.489685,-1.239685,-6.979685,-6.579685,-5.029685,-3.1596851,-4.479685,-5.779685,-6.169685,-5.929685,-5.409685,-3.849685,-3.449685,-3.329685,-1.649685,-1.019685,-0.049685057,-0.75968504,-3.039685,-5.2696853,-5.7496853,-4.149685,-4.819685,-4.669685,-2.109685,0.29031494,4.2503147,3.010315,0.7903149,0.49031493,0.50031495,-0.66968507,-1.3596851,-2.1196852,-2.259685,-2.689685,-3.299685,-3.679685,-4.009685,-3.099685,-2.3696852,-2.199685,-2.829685,-3.599685,-4.189685,-1.9396851,-1.789685,0.020314941,-1.009685,-1.5596851,-0.81968504,1.1603149,0.99031496,0.92031497,2.6203148,0.22031493
