public/data/weather/2019/09/30/0000-wind-isobaric-850hPa-gfs-1.0.json
{"header": { "discipline":0, "disciplineName":"Meteorological products", "gribEdition":2, "gribLength":54377, "center":7, "centerName":"US National Weather Service - NCEP(WMC)", "subcenter":0, "refTime":"2019-09-30T00:00:00.000Z", "significanceOfRT":1, "significanceOfRTName":"Start of forecast", "productStatus":0, "productStatusName":"Operational products", "productType":1, "productTypeName":"Forecast products", "productDefinitionTemplate":0, "productDefinitionTemplateName":"Analysis/forecast at horizontal level/layer at a point in time", "parameterCategory":2, "parameterCategoryName":"Momentum", "parameterNumber":3, "parameterNumberName":"V-component_of_wind", "parameterUnit":"m.s-1", "genProcessType":2, "genProcessTypeName":"Forecast", "forecastTime":0, "surface1Type":100, "surface1TypeName":"Isobaric surface", "surface1Value":85000.0, "surface2Type":255, "surface2TypeName":"Missing", "surface2Value":0.0, "gridDefinitionTemplate":0, "gridDefinitionTemplateName":"Latitude_Longitude", "numberPoints":65160, "shape":6, "shapeName":"Earth spherical with radius of 6,371,229.0 m", "gridUnits":"degrees", "resolution":48, "winds":"true", "scanMode":0, "nx":360, "ny":181, "basicAngle":0, "lo1":0.0, "la1":90.0, "lo2":359.0, "la2":-90.0, "dx":1.0, "dy":1.0 }, "data":
[rows 135 to 161 of 181, columns 124 to 185 of 360]
-11.80755,-11.30755,-9.50755,-10.40755,-9.00755,-8.10755,-7.90755,-6.60755,-4.90755,-1.9075501,-1.70755,-2.00755,-0.20755005,1.89245,3.49245,4.29245,3.59245,3.69245,3.99245,3.09245,4.69245,5.89245,4.9924498,6.09245,8.29245,9.49245,10.69245,12.39245,13.39245,14.29245,14.79245,13.59245,14.49245,13.99245,10.79245,9.89245,9.19245,8.09245,7.69245,7.4924498,6.29245,3.59245,0.99244994,1.99245,-1.60755,-0.8075501,1.39245,-0.0075500486,1.0924499,0.09244995,-3.1075501,-5.70755,-12.70755,-5.30755,-12.10755,-13.20755,-11.80755,-12.50755,-13.30755,-13.10755,-11.80755,-10.90755
-8.40755,-11.20755,-10.40755,-9.20755,-9.00755,-9.10755,-8.90755,-7.30755,-4.5075502,-3.1075501,-2.50755,-0.70755005,-0.30755004,0.99244994,2.8924499,4.69245,4.39245,3.3924499,3.59245,3.49245,4.59245,4.89245,4.89245,6.59245,7.69245,9.09245,10.99245,12.49245,14.29245,13.99245,14.09245,14.09245,14.89245,12.89245,12.29245,10.19245,9.69245,8.89245,9.09245,8.29245,6.39245,4.29245,0.39244995,-3.00755,-1.3075501,2.79245,6.19245,11.39245,10.59245,10.19245,3.3924499,0.6924499,-2.30755,-10.30755,-12.40755,-13.30755,-10.20755,-8.70755,-14.20755,-14.40755,-13.30755,-13.70755
-13.10755,-10.10755,-9.20755,-8.70755,-8.60755,-8.20755,-8.40755,-8.70755,-8.40755,-6.80755,-3.50755,-3.00755,-0.50755006,1.5924499,2.09245,4.39245,5.19245,4.29245,3.09245,3.09245,3.79245,4.09245,4.69245,6.29245,7.59245,8.99245,10.19245,11.59245,13.79245,13.69245,13.09245,14.79245,14.59245,14.59245,12.69245,10.79245,9.89245,9.69245,8.39245,7.79245,6.09245,4.19245,2.3924499,-0.8075501,-0.30755004,0.29244995,2.59245,4.29245,5.79245,7.59245,6.59245,4.19245,-1.20755,-7.70755,-5.60755,-10.20755,-11.30755,-10.90755,-11.90755,-10.00755,-8.50755,-9.90755
-10.60755,-12.20755,-13.10755,-13.30755,-11.60755,-10.20755,-9.10755,-6.90755,-4.20755,-5.70755,-4.30755,-4.10755,-3.1075501,-1.60755,1.39245,2.99245,5.39245,4.4924498,3.99245,2.69245,3.59245,3.69245,4.9924498,6.39245,7.29245,8.59245,10.59245,11.39245,13.49245,13.59245,13.59245,14.79245,14.29245,13.89245,13.99245,13.59245,13.79245,11.09245,7.4924498,5.89245,4.79245,3.8924499,2.69245,1.89245,-0.0075500486,0.79244995,0.6924499,0.6924499,1.6924499,2.99245,2.8924499,0.79244995,-0.70755005,0.49244994,-3.1075501,-8.30755,-8.00755,-10.80755,-14.40755,-11.90755,-10.90755,-10.80755
-10.20755,-7.20755,-10.30755,-9.50755,-8.60755,-8.00755,-11.10755,-7.5075502,-4.40755,-4.10755,-4.5075502,-5.20755,-5.20755,-3.30755,-1.3075501,1.99245,2.99245,4.29245,3.8924499,2.69245,2.59245,3.79245,3.8924499,5.19245,6.59245,8.49245,9.99245,11.19245,13.39245,13.09245,13.49245,14.59245,13.99245,12.89245,12.19245,14.99245,15.29245,16.29245,11.69245,7.09245,5.39245,3.99245,2.3924499,1.1924499,1.29245,-0.50755006,0.6924499,-0.0075500486,-0.40755004,1.79245,2.09245,0.39244995,-0.8075501,-3.00755,0.89245,-1.9075501,-4.70755,-6.20755,-11.20755,-13.00755,-14.90755,-14.40755
-1.60755,-8.50755,-8.90755,-8.20755,-7.30755,-7.70755,-7.40755,-5.0075502,-3.30755,-6.20755,-6.20755,-5.5075502,-3.50755,-3.50755,-4.20755,-1.9075501,-0.90755004,2.79245,3.09245,3.19245,2.59245,2.8924499,2.59245,3.8924499,6.4924498,8.79245,9.69245,10.29245,11.79245,12.09245,13.19245,13.59245,13.39245,13.29245,13.39245,16.09245,13.69245,13.49245,11.99245,9.89245,8.29245,6.09245,1.1924499,0.19244996,0.19244996,-0.10755005,-0.60755,-0.70755005,-1.00755,-0.40755004,1.29245,1.49245,-0.90755004,-2.40755,-4.30755,-3.70755,-0.70755005,-3.30755,-5.0075502,-8.30755,-12.40755,-13.70755
-4.60755,-4.70755,-3.6075501,-6.80755,-8.30755,-7.60755,-6.90755,-6.70755,-7.5075502,-5.10755,-4.70755,-4.20755,-5.0075502,-4.40755,-3.6075501,-4.5075502,-3.20755,-0.70755005,1.6924499,2.19245,2.09245,0.99244994,1.0924499,3.79245,6.89245,8.49245,9.59245,9.49245,10.29245,10.99245,12.09245,13.09245,12.69245,11.89245,13.19245,15.89245,13.59245,12.69245,12.19245,10.39245,9.69245,8.19245,2.79245,0.6924499,0.49244994,-0.40755004,-1.00755,-1.60755,-1.8075501,-2.20755,-1.4075501,-1.20755,-1.50755,-2.00755,-5.40755,-6.70755,-6.80755,-4.80755,-6.70755,-10.70755,-10.10755,-12.00755
-5.60755,-5.40755,-5.20755,-5.5075502,-4.80755,-5.70755,-8.40755,-7.70755,-5.80755,-5.80755,-5.20755,-4.60755,-3.70755,-3.70755,-6.30755,-7.70755,-6.10755,-4.70755,-1.50755,-0.20755005,0.89245,-0.8075501,0.59244996,2.99245,5.29245,6.89245,8.39245,8.79245,9.19245,9.69245,10.59245,11.19245,11.29245,10.79245,10.89245,12.89245,14.09245,13.59245,13.99245,13.09245,11.99245,9.69245,7.09245,3.69245,1.79245,0.19244996,-0.50755006,-1.20755,-3.00755,-2.50755,-2.90755,-2.80755,-3.00755,0.39244995,-3.00755,-2.90755,-6.70755,-6.60755,-7.40755,-7.0075502,-6.10755,-7.70755
-5.0075502,-5.60755,-5.90755,-6.40755,-5.90755,-6.0075502,-5.30755,-4.5075502,-8.20755,-6.90755,-5.80755,-5.20755,-4.5075502,-4.10755,-5.30755,-5.90755,-5.90755,-6.10755,-5.70755,-2.30755,-2.00755,-1.4075501,-1.10755,1.1924499,3.3924499,4.79245,7.39245,8.39245,6.9924498,8.89245,9.99245,10.39245,10.19245,8.89245,8.69245,10.99245,12.49245,13.09245,13.39245,13.59245,12.99245,11.59245,9.19245,6.29245,5.9924498,2.79245,-0.0075500486,-1.50755,-3.30755,-2.70755,-3.1075501,-3.50755,-3.1075501,-4.40755,-4.30755,-1.4075501,-1.00755,-0.90755004,-5.0075502,-7.30755,-8.00755,-7.0075502
-5.30755,-5.10755,-4.5075502,-6.60755,-6.60755,-6.90755,-5.80755,-5.90755,-5.80755,-5.40755,-7.10755,-6.10755,-4.80755,-3.90755,-4.5075502,-5.40755,-5.40755,-4.5075502,-6.0075502,-6.20755,-4.30755,-3.40755,-3.00755,-0.60755,1.39245,3.19245,5.89245,8.09245,7.19245,7.89245,8.69245,8.89245,8.59245,8.39245,7.9924498,8.69245,11.69245,13.09245,14.69245,14.49245,13.69245,11.49245,10.09245,7.59245,5.69245,5.4924498,2.59245,-0.20755005,-2.6075501,-3.90755,-3.70755,-4.20755,-5.30755,-5.60755,-4.0075502,-2.40755,-1.70755,-0.30755004,0.19244996,0.49244994,-0.8075501,-3.20755
-6.10755,-6.30755,-7.30755,-6.60755,-7.60755,-7.5075502,-8.00755,-6.40755,-5.30755,-5.20755,-7.0075502,-7.80755,-6.5075502,-5.40755,-3.70755,-3.70755,-5.10755,-6.0075502,-6.70755,-7.40755,-7.40755,-7.80755,-4.90755,-2.80755,-1.00755,1.5924499,4.09245,6.39245,6.9924498,7.69245,7.4924498,7.19245,6.79245,6.69245,7.19245,7.79245,10.69245,13.49245,14.69245,14.09245,13.59245,11.49245,9.29245,6.89245,4.69245,4.79245,3.19245,0.89245,-1.00755,-2.90755,-3.50755,-3.90755,-4.30755,-3.70755,-2.00755,-1.00755,-0.70755005,0.09244995,0.29244995,0.6924499,0.6924499,-1.10755
-6.30755,-6.70755,-7.30755,-7.90755,-7.30755,-8.90755,-7.90755,-7.90755,-6.80755,-5.60755,-6.30755,-6.10755,-5.20755,-6.80755,-6.60755,-4.20755,-3.40755,-6.0075502,-7.60755,-10.90755,-10.20755,-10.20755,-8.30755,-5.10755,-2.90755,0.19244996,2.3924499,5.29245,6.89245,6.69245,6.9924498,6.89245,5.39245,5.59245,6.89245,7.19245,9.69245,9.99245,14.19245,15.49245,14.89245,14.09245,8.49245,5.19245,3.49245,1.99245,3.29245,1.99245,-0.70755005,-1.20755,-2.00755,-3.6075501,-2.80755,-2.1075501,-1.60755,-1.00755,2.19245,4.69245,2.19245,1.29245,-0.10755005,-2.6075501
-6.0075502,-5.0075502,-6.5075502,-7.90755,-8.90755,-9.60755,-11.10755,-10.00755,-8.30755,-7.30755,-6.40755,-5.70755,-4.80755,-4.0075502,-6.20755,-5.30755,-3.90755,-5.0075502,-7.70755,-12.60755,-12.90755,-14.00755,-12.10755,-8.30755,-4.70755,-1.50755,0.89245,3.8924499,5.9924498,6.69245,7.19245,6.9924498,5.4924498,4.29245,4.79245,6.19245,8.69245,8.19245,10.29245,13.39245,15.29245,11.79245,9.59245,5.59245,3.8924499,1.49245,1.0924499,0.29244995,-1.20755,0.19244996,-0.10755005,0.19244996,0.19244996,0.29244995,0.39244995,0.99244994,2.29245,2.8924499,-4.5075502,3.29245,14.79245,-0.30755004
-8.50755,-5.80755,-3.90755,-6.5075502,-12.80755,-14.50755,-13.50755,-13.00755,-9.40755,-7.20755,-7.10755,-5.10755,-4.40755,-4.60755,-4.70755,-6.30755,-3.6075501,-5.70755,-8.80755,-14.80755,-16.80755,-16.40755,-14.10755,-9.70755,-6.0075502,-2.6075501,0.09244995,3.09245,5.19245,5.79245,6.89245,7.29245,7.09245,3.79245,1.0924499,4.19245,6.89245,7.29245,7.69245,9.19245,11.89245,12.19245,9.39245,8.89245,5.69245,-0.30755004,-1.10755,-1.3075501,-0.0075500486,2.29245,3.49245,3.99245,3.3924499,1.89245,0.09244995,-0.60755,3.29245,-8.40755,-3.40755,0.89245,4.59245,9.49245
-11.70755,-8.00755,-4.60755,-8.30755,-14.00755,-18.20755,-16.20755,-12.80755,-10.90755,-8.40755,-5.90755,-3.70755,-2.70755,-4.0075502,-4.30755,-6.10755,-3.90755,-6.70755,-10.50755,-17.70755,-18.60755,-18.50755,-14.80755,-11.80755,-7.60755,-3.30755,-0.20755005,2.29245,3.99245,5.39245,6.4924498,7.39245,7.09245,6.29245,2.29245,2.09245,3.49245,6.09245,5.19245,5.79245,7.19245,8.39245,9.29245,6.4924498,4.89245,3.19245,-2.6075501,-2.30755,-2.90755,-0.50755006,3.79245,6.4924498,7.59245,5.9924498,0.79244995,-1.60755,-1.10755,-1.8075501,-0.50755006,0.19244996,1.49245,2.09245
-15.60755,-13.00755,-11.20755,-10.80755,-11.60755,-12.60755,-12.30755,-10.90755,-9.20755,-7.20755,-5.30755,-3.30755,-2.30755,-2.6075501,-3.30755,-7.20755,-6.30755,-5.60755,-12.70755,-18.40755,-20.00755,-18.20755,-16.20755,-12.90755,-8.30755,-4.5075502,-1.10755,1.29245,2.99245,4.89245,6.19245,6.59245,7.09245,6.9924498,5.39245,3.19245,1.99245,2.59245,2.79245,3.09245,3.59245,3.59245,3.79245,4.09245,2.79245,-0.50755006,-3.30755,0.39244995,2.3924499,3.19245,4.09245,6.59245,9.99245,10.89245,10.19245,2.49245,-1.4075501,-0.60755,0.19244996,-0.50755006,0.79244995,0.6924499
-20.10755,-17.40755,-14.80755,-13.70755,-12.20755,-11.00755,-10.40755,-9.20755,-8.00755,-6.10755,-4.40755,-2.90755,-2.6075501,-2.40755,-2.90755,-4.40755,-6.60755,-9.50755,-16.40755,-19.50755,-20.50755,-18.60755,-15.70755,-12.20755,-8.20755,-5.30755,-1.50755,0.79244995,2.3924499,3.8924499,4.89245,5.4924498,6.09245,6.69245,6.69245,6.69245,5.19245,3.99245,1.5924499,0.6924499,0.49244994,0.59244996,0.09244995,0.39244995,0.59244996,1.0924499,1.49245,0.39244995,-1.60755,-0.20755005,0.49244994,1.1924499,1.29245,3.29245,3.99245,1.6924499,0.39244995,-1.4075501,-2.90755,-3.1075501,-3.1075501,-2.90755
-20.00755,-18.80755,-16.10755,-13.50755,-12.40755,-11.20755,-10.10755,-9.20755,-7.60755,-4.30755,-2.20755,-3.1075501,-2.50755,-1.70755,-2.50755,-5.5075502,-11.20755,-17.20755,-22.00755,-21.30755,-19.90755,-17.80755,-14.60755,-10.20755,-7.90755,-4.60755,-1.3075501,0.79244995,2.19245,2.8924499,3.79245,4.89245,4.79245,4.89245,5.4924498,5.9924498,6.19245,4.69245,2.8924499,1.29245,0.19244996,-0.40755004,-3.50755,-2.50755,-1.4075501,0.49244994,1.39245,1.49245,1.5924499,1.99245,0.79244995,-3.00755,-4.0075502,-4.10755,-2.70755,-2.80755,-2.6075501,-1.60755,0.29244995,3.09245,4.29245,3.59245
-13.90755,-14.00755,-12.60755,-11.70755,-9.90755,-7.60755,-6.0075502,-4.20755,-3.1075501,-2.00755,-1.00755,-2.40755,-4.60755,-6.80755,-11.40755,-15.90755,-19.50755,-19.60755,-19.40755,-17.10755,-15.40755,-12.80755,-11.20755,-8.40755,-4.60755,-1.20755,0.49244994,1.49245,2.19245,2.99245,3.99245,4.59245,4.39245,3.8924499,3.69245,3.79245,3.99245,4.29245,3.19245,1.79245,0.6924499,-0.50755006,-1.60755,-1.50755,-1.00755,-0.0075500486,0.99244994,1.79245,1.6924499,0.99244994,-0.50755006,-2.50755,-4.60755,-13.10755,-9.50755,-7.70755,-6.5075502,-5.10755,-2.6075501,-0.30755004,1.79245,2.69245
-5.30755,-5.60755,-5.80755,-6.40755,-7.0075502,-7.20755,-7.60755,-8.10755,-9.20755,-10.20755,-10.50755,-11.00755,-11.70755,-12.30755,-12.50755,-12.40755,-12.00755,-11.70755,-11.50755,-11.70755,-10.30755,-7.90755,-5.10755,-2.50755,-0.60755,0.6924499,1.89245,2.79245,3.69245,4.29245,4.59245,4.29245,3.69245,2.99245,1.99245,1.39245,0.89245,1.99245,2.69245,1.0924499,-0.30755004,-0.40755004,-0.70755005,-0.50755006,-0.0075500486,0.09244995,0.39244995,0.79244995,0.39244995,-0.90755004,-3.00755,-2.70755,-4.80755,-6.70755,-16.00755,-12.30755,-11.80755,-10.60755,-6.30755,-3.40755,-1.4075501,-0.60755
-3.00755,-4.10755,-4.80755,-5.40755,-5.60755,-5.60755,-5.40755,-5.30755,-5.0075502,-4.70755,-4.60755,-5.0075502,-5.70755,-6.90755,-8.20755,-9.40755,-10.20755,-10.60755,-10.00755,-8.30755,-5.80755,-2.70755,-1.00755,0.6924499,1.79245,2.59245,3.3924499,3.69245,3.19245,2.79245,2.79245,2.69245,2.29245,1.5924499,0.6924499,-0.8075501,-0.60755,0.29244995,1.39245,1.0924499,-1.9075501,-2.20755,-2.00755,-1.8075501,-1.10755,-0.70755005,-0.50755006,-0.40755004,-1.20755,-2.70755,-3.20755,-3.30755,-3.1075501,-4.0075502,-17.40755,-16.20755,-12.60755,-9.30755,-7.60755,-5.5075502,-4.90755,-1.8075501
-2.80755,-3.40755,-2.40755,-2.50755,-3.70755,-4.20755,-5.0075502,-3.40755,-2.90755,-2.20755,1.89245,0.39244995,-0.70755005,-1.4075501,-2.30755,-3.40755,-4.30755,-4.5075502,-3.80755,-2.20755,-0.8075501,0.39244995,1.6924499,3.8924499,4.29245,3.79245,4.39245,4.39245,3.29245,2.29245,1.49245,0.89245,0.59244996,-0.90755004,-2.6075501,-2.30755,-1.60755,-0.90755004,-0.50755006,-0.50755006,-2.00755,-3.6075501,-3.30755,-3.00755,-2.80755,-2.50755,-2.40755,-2.00755,-1.9075501,-3.80755,-5.20755,-6.0075502,-6.30755,-7.40755,-9.30755,-9.60755,-8.40755,-7.40755,-6.40755,-5.60755,-3.90755,-1.10755
1.1924499,6.9924498,11.19245,2.3924499,-0.40755004,-1.50755,-3.30755,1.1924499,2.8924499,5.09245,7.69245,6.9924498,7.09245,7.69245,6.79245,7.89245,8.79245,3.99245,6.4924498,1.0924499,1.49245,3.59245,3.19245,5.29245,7.29245,6.69245,5.19245,4.09245,3.29245,2.99245,1.79245,-0.40755004,-1.10755,-2.30755,-3.1075501,-3.1075501,-2.6075501,-2.6075501,-2.40755,-2.00755,-1.70755,-2.20755,-3.40755,-4.80755,-5.0075502,-5.10755,-5.0075502,-3.50755,-1.8075501,-3.30755,-5.70755,-8.20755,-9.40755,-9.00755,-7.90755,-7.10755,-6.40755,-6.30755,-5.80755,-4.80755,-3.40755,-2.20755
5.89245,7.89245,9.09245,9.79245,9.89245,9.39245,6.4924498,3.79245,2.99245,4.79245,7.19245,8.29245,7.4924498,7.4924498,8.49245,9.09245,9.49245,10.39245,9.69245,17.39245,14.69245,16.69245,20.99245,12.29245,6.29245,4.09245,6.79245,7.79245,5.19245,1.89245,-0.30755004,-1.00755,-1.10755,-1.50755,-1.9075501,-2.00755,-1.9075501,-2.1075501,-2.6075501,-3.40755,-3.90755,-3.90755,-3.20755,-5.40755,-6.40755,-7.0075502,-8.10755,-5.80755,-2.50755,-2.00755,-3.50755,-5.10755,-6.10755,-6.70755,-7.20755,-7.30755,-7.10755,-6.5075502,-5.90755,-4.90755,-4.0075502,-2.80755
4.69245,5.39245,6.29245,6.59245,7.19245,7.09245,6.59245,5.4924498,4.69245,4.19245,5.29245,7.19245,6.4924498,6.29245,7.4924498,9.29245,10.19245,12.29245,13.89245,16.69245,17.29245,17.09245,17.59245,16.29245,14.39245,13.59245,12.69245,17.79245,8.69245,1.89245,0.19244996,0.89245,0.79244995,1.29245,-0.20755005,-0.90755004,-0.50755006,1.49245,0.39244995,-1.3075501,-2.90755,-4.10755,-5.30755,-6.20755,-6.5075502,-7.80755,-10.20755,-7.80755,-4.60755,-1.9075501,-1.4075501,-3.00755,-4.60755,-5.90755,-6.60755,-6.70755,-6.60755,-6.10755,-5.30755,-4.40755,-3.00755,-1.50755
4.29245,4.39245,5.09245,5.9924498,6.39245,5.39245,4.9924498,5.09245,5.09245,5.29245,6.09245,6.29245,6.39245,6.59245,6.89245,7.9924498,8.89245,9.79245,10.89245,12.19245,13.09245,13.99245,13.69245,13.49245,13.49245,13.09245,12.69245,12.49245,12.19245,10.19245,8.19245,7.59245,6.39245,5.9924498,0.39244995,0.29244995,-0.8075501,4.59245,8.99245,1.39245,0.09244995,-2.40755,-4.0075502,-4.60755,-4.70755,-5.0075502,-5.40755,-6.60755,-6.20755,-4.90755,-2.40755,-3.80755,-5.0075502,-5.40755,-5.5075502,-5.10755,-4.5075502,-3.50755,-2.50755,-1.3075501,-0.50755006,-0.40755004
4.89245,4.59245,4.59245,5.09245,5.89245,6.19245,6.19245,5.89245,5.59245,5.79245,5.89245,5.69245,5.79245,6.19245,6.4924498,7.29245,7.69245,7.69245,8.39245,9.39245,9.89245,10.09245,10.69245,11.09245,11.39245,11.49245,10.89245,10.49245,9.89245,8.99245,8.09245,7.69245,6.79245,6.4924498,6.39245,6.79245,0.29244995,2.19245,10.09245,0.6924499,0.09244995,-0.10755005,-0.70755005,-0.30755004,0.39244995,0.29244995,-3.20755,-4.40755,-5.0075502,-5.0075502,-5.0075502,-5.0075502,-4.80755,-4.40755,-3.70755,-3.00755,-2.20755,-1.10755,0.09244995,1.29245,2.59245,3.59245
