public/data/weather/2019/09/30/0000-wind-isobaric-70hPa-gfs-1.0.json
{"header": { "discipline":0, "disciplineName":"Meteorological products", "gribEdition":2, "gribLength":67715, "center":7, "centerName":"US National Weather Service - NCEP(WMC)", "subcenter":0, "refTime":"2019-09-30T00:00:00.000Z", "significanceOfRT":1, "significanceOfRTName":"Start of forecast", "productStatus":0, "productStatusName":"Operational products", "productType":1, "productTypeName":"Forecast products", "productDefinitionTemplate":0, "productDefinitionTemplateName":"Analysis/forecast at horizontal level/layer at a point in time", "parameterCategory":2, "parameterCategoryName":"Momentum", "parameterNumber":3, "parameterNumberName":"V-component_of_wind", "parameterUnit":"m.s-1", "genProcessType":2, "genProcessTypeName":"Forecast", "forecastTime":0, "surface1Type":100, "surface1TypeName":"Isobaric surface", "surface1Value":7000.0, "surface2Type":255, "surface2TypeName":"Missing", "surface2Value":0.0, "gridDefinitionTemplate":0, "gridDefinitionTemplateName":"Latitude_Longitude", "numberPoints":65160, "shape":6, "shapeName":"Earth spherical with radius of 6,371,229.0 m", "gridUnits":"degrees", "resolution":48, "winds":"true", "scanMode":0, "nx":360, "ny":181, "basicAngle":0, "lo1":0.0, "la1":90.0, "lo2":359.0, "la2":-90.0, "dx":1.0, "dy":1.0 }, "data":
[rows 26 to 51 of 181, columns 58 to 115 of 360]
-5.5875535,-4.6975536,-4.3375535,-4.957554,-5.6775537,-5.1175537,-4.1075535,-4.167554,-3.8875537,-3.3175538,-2.9575536,-2.4175537,-2.0675538,-1.7175537,-2.0075538,-2.4575536,-2.6175537,-2.3375537,-1.9675537,-2.1575537,-2.2675538,-1.9175537,-1.1775537,-0.6275537,-0.5075537,-0.47755373,-0.2575537,0.20244628,0.8324463,1.1024463,1.2224463,1.1524463,1.0724463,1.0524462,1.2724463,1.5924463,1.7824463,2.0224464,2.1024463,2.2524462,2.3424463,2.5224464,2.6124463,2.8524463,2.9024463,2.7724464,2.8524463,3.4124463,3.9624462,4.462446,4.5124464,4.0524464,3.6124463,3.4024463,3.5424464,4.042446,4.522446,4.602446
-4.1975536,-5.1075535,-5.9675536,-6.0875535,-5.7575536,-5.127554,-5.057554,-4.3275537,-3.5575538,-3.3975537,-3.0575538,-2.5275538,-2.4175537,-2.2475538,-2.3875537,-2.1575537,-2.2175536,-2.3275537,-2.3475537,-1.8975537,-1.4375538,-1.2375537,-0.7575537,-0.32755372,0.02244629,0.4124463,0.9424463,1.4324462,1.5424463,1.4624463,1.4424462,1.3924463,1.3024462,1.3724463,1.3724463,1.5924463,1.7424463,1.8224463,1.9324462,2.1324463,2.0624464,2.2624464,2.4924462,2.7924464,2.6824462,2.7624464,3.0524464,3.5024462,3.7224462,4.002446,4.352446,4.4024463,4.4724464,4.6124463,4.7824464,4.852446,4.9224463,4.5724463
-5.0975537,-5.7575536,-4.6775537,-4.167554,-4.3275537,-4.687554,-4.377554,-3.3175538,-3.3875537,-3.3375537,-2.7875538,-2.4175537,-2.3875537,-2.2775538,-2.2475538,-2.4775536,-2.4475536,-2.3075538,-1.9575537,-1.6175537,-1.0575538,-0.8975537,-0.6075537,-0.17755371,0.5824463,0.9424463,1.1624463,1.1924462,1.2024463,1.1624463,1.2924463,1.4024463,1.6624463,1.8224463,1.7924463,1.6824462,1.7924463,1.9124463,1.9324462,1.8324463,2.0324464,2.3124464,2.4024463,2.4124463,2.6124463,2.9424462,2.9524462,3.3624463,3.9524462,4.482446,4.712446,4.852446,5.1424465,4.9324465,4.7824464,4.732446,4.1524463,3.2224462
-5.3675537,-5.187554,-4.557554,-4.767554,-5.267554,-4.807554,-4.0275536,-3.6575537,-3.3575537,-3.0575538,-2.1975536,-1.9375538,-1.8575537,-1.9275537,-2.4075537,-2.5075538,-2.1175537,-1.6775537,-1.3175538,-1.1475537,-1.0175537,-0.7275537,0.1724463,0.6024463,0.91244626,1.1824462,1.2024463,1.3624463,1.6124463,1.8224463,1.7824463,1.8824463,2.1524463,2.5024462,2.6024463,2.4924462,2.3124464,2.1324463,1.8124462,1.4424462,1.1624463,1.4324462,1.8024462,2.3124464,2.8924463,3.0924463,3.6424463,3.9224463,4.2024465,5.1324463,5.6724463,6.1824465,6.312446,5.602446,5.482446,5.102446,4.0524464,3.3524463
-5.687554,-5.267554,-4.997554,-5.267554,-4.627554,-4.1775537,-4.1075535,-3.4775536,-3.2875538,-2.8975537,-2.3475537,-2.2475538,-2.4475536,-2.5875537,-2.5575538,-2.2475538,-1.7875537,-1.5175537,-1.0975537,-0.9175537,-0.4575537,0.42244628,0.4024463,0.7724463,1.1024463,1.5324463,1.7624463,1.9624463,2.2824464,2.4124463,2.5024462,2.7224462,2.8424463,2.8424463,2.6924462,2.6524463,2.9724462,2.9824462,2.3824463,2.0124464,2.0024462,2.3024464,2.4424462,2.8424463,3.3224463,3.5624464,3.7424462,4.022446,4.8624463,5.4024463,5.7424464,5.4324465,4.9724464,5.192446,5.482446,4.5124464,3.6624463,2.8224463
-5.167554,-5.3275537,-4.8375535,-4.377554,-4.0875535,-3.5075538,-2.9675536,-2.8175538,-2.6175537,-2.5475538,-2.3775537,-2.2675538,-2.3375537,-2.5575538,-2.4875536,-2.2175536,-1.7375537,-1.2475537,-0.6875537,-0.26755372,0.09244629,0.59244627,0.84244627,1.1224463,1.5524462,1.7124463,1.8124462,2.1524463,2.4724462,2.8024464,2.8524463,3.2424462,3.5524464,3.4424462,3.2324462,3.1524463,2.9824462,2.4724462,2.2224462,2.4924462,3.0024462,3.2224462,3.0824463,3.2624464,3.6824462,4.102446,4.5124464,4.6624465,4.4724464,4.712446,5.022446,5.6424465,5.3024464,5.1624465,5.062446,5.1424465,3.9124463,2.8524463
-4.3375535,-4.0975537,-4.227554,-4.1375537,-3.5775537,-3.0075538,-2.4975538,-2.0475538,-1.6375537,-1.2975537,-1.2675537,-1.6375537,-1.9975537,-2.2475538,-2.0975537,-1.8275537,-1.6275537,-1.4675537,-1.0675538,-0.4675537,0.07244629,0.3224463,0.6324463,1.1524463,1.5924463,1.8724463,2.1424463,2.5124464,2.8024464,3.0024462,3.4524462,4.122446,4.5124464,4.462446,3.6124463,2.8924463,2.5524464,2.6824462,3.1824462,3.4224463,3.5624464,4.272446,5.102446,5.752446,6.102446,6.212446,6.5324464,6.3424463,5.4224463,4.0924463,3.4824462,3.0224464,2.4824462,2.7624464,4.4324465,3.6324463,2.7924464,2.4724462
-2.7475538,-2.2175536,-2.7975538,-2.7975538,-2.5575538,-1.7675537,-1.9575537,-1.7275537,-1.0575538,-1.0575538,-0.9775537,-1.0875537,-1.2875537,-1.0375537,-1.2175537,-1.2375537,-1.3475537,-1.3475537,-1.0275537,-0.47755373,-0.12755372,-0.027553711,0.6224463,0.9324463,1.2124463,1.5124463,1.8524463,2.3024464,2.6524463,3.1524463,3.6924462,4.1824465,4.562446,4.6324463,4.022446,3.3824463,3.4524462,3.8924463,4.562446,4.1724463,4.522446,5.2024465,5.8424463,7.0524464,7.8924465,8.122446,8.112446,8.172446,6.8424463,5.7624464,4.062446,1.9124463,0.5024463,1.1624463,1.4824463,0.8324463,0.6724463,1.1824462
-4.3375535,-3.2475538,-2.2675538,-2.0375538,-2.6475537,-2.5175538,-2.1375537,-2.3375537,-2.2575538,-2.2175536,-2.0975537,-1.5775537,-1.3175538,-1.1475537,-0.9875537,-0.7875537,-0.4575537,-0.5675537,-0.59755373,0.10244629,0.24244629,0.4924463,0.16244629,0.06244629,0.42244628,1.3224463,2.7424462,4.6324463,4.6124463,3.1924462,3.3724463,4.0124464,4.042446,3.7824464,3.4324462,3.9624462,3.7124462,5.712446,4.4224463,3.5324464,4.6724463,5.3924465,6.272446,7.3824463,8.202446,8.802446,7.6724463,7.2824464,7.2824464,6.352446,3.9124463,1.2824463,1.2524463,1.1524463,1.0124463,1.6124463,0.7424463,1.3924463
-3.1475537,-2.8175538,-2.4475536,-2.2275536,-2.7675538,-3.2375536,-3.0875537,-3.2975538,-3.0775537,-2.5975537,-2.1575537,-1.5775537,-1.0975537,-1.1475537,-1.2875537,-1.3775537,-1.5575538,-1.2175537,-0.8775537,-0.6475537,-0.6375537,-0.7575537,-0.16755371,1.2824463,2.4624462,3.6224463,3.9124463,3.8724463,3.3024464,2.0324464,1.1524463,4.442446,4.122446,4.562446,4.692446,6.1124463,4.1124463,3.8324463,3.1624463,2.0124464,2.7124462,3.6624463,4.4724464,6.462446,8.002446,8.692447,8.232447,8.062447,6.1824465,4.4724464,3.4524462,3.3824463,2.8224463,3.0324464,3.0124464,0.012446289,0.8924463,-1.1275537
-3.7175536,-2.9175537,-2.2475538,-2.3675537,-2.3975537,-2.0575538,-1.7275537,-1.4875537,-1.4975537,-1.3575537,-1.3075538,-1.1275537,-0.8975537,-0.5175537,-0.5075537,-0.3075537,-0.26755372,-0.23755372,-0.20755371,0.20244628,0.7024463,1.1024463,1.4424462,2.1824462,2.2624464,1.7324463,3.0124464,4.602446,4.872446,3.4224463,2.9024463,0.6024463,5.5124464,8.662446,7.9224463,6.6424465,7.062446,5.1424465,2.7024462,3.0724463,3.1724463,3.5624464,5.062446,7.0724463,6.6524463,5.6324463,6.5724463,7.4924464,6.4024463,5.4724464,5.3424463,3.5724463,2.8324463,3.5624464,3.0824463,2.4824462,-0.3775537,-1.4175537
-2.9175537,-2.6075537,-2.3575537,-2.3075538,-2.2175536,-1.8275537,-1.6075537,-1.4675537,-1.1875538,-1.1875538,-1.0375537,-0.8675537,-0.6275537,-0.2775537,0.24244629,0.3524463,0.45244628,1.0324463,1.0024463,0.3524463,0.30244628,0.4724463,1.1624463,1.8824463,2.2924464,2.4924462,2.8124464,3.8924463,3.4424462,3.1524463,5.2424464,3.0424464,-1.0575538,1.3524463,6.292446,8.202446,7.9024463,5.192446,3.8924463,2.6224463,1.9524463,2.5524464,4.582446,5.712446,5.4724464,5.772446,5.8224463,7.1324463,7.1524463,6.352446,6.1424465,5.332446,4.832446,4.1824465,3.3324463,0.8724463,-0.83755374,-1.3075538
-3.2975538,-3.2775538,-3.2275536,-3.0575538,-3.0175538,-2.6475537,-2.3075538,-2.1375537,-1.7875537,-1.0575538,-0.6075537,-0.3175537,0.02244629,0.3524463,0.2824463,0.2924463,0.65244627,0.6424463,0.9324463,1.2024463,1.1124463,1.3324463,1.5024463,1.6924462,2.1624463,2.5424464,2.5924463,2.6724463,3.1824462,4.6324463,4.0924463,3.9224463,4.272446,6.2224464,8.302446,8.232447,8.942447,7.6724463,3.6624463,2.0524464,3.7824464,4.232446,4.1424465,4.5924463,5.482446,6.1824465,5.872446,5.962446,7.1324463,7.4324465,7.082446,6.5724463,6.042446,4.2824464,2.1424463,-0.04755371,-1.8075538,-1.1875538
-3.0575538,-3.3975537,-3.5775537,-3.7075536,-3.4475536,-3.0275538,-2.3475537,-1.7975537,-1.3275537,-0.9975537,-0.8275537,-0.4675537,-0.15755372,0.15244628,0.5024463,0.6024463,0.59244627,0.72244626,0.9624463,0.9924463,0.8124463,1.3624463,1.4924463,1.3524463,1.3924463,1.6824462,1.8524463,2.0624464,3.3724463,5.2024465,4.482446,5.272446,5.3224463,6.002446,5.7024465,9.662446,9.9324465,6.1724463,3.0324464,2.4524462,2.8824463,3.4024463,4.3024464,4.4724464,6.1424465,5.692446,5.712446,6.9724464,7.332446,6.9224463,8.122446,8.032446,7.4724464,5.9224463,2.9324462,-0.4075537,1.3524463,0.7624463
-3.0675538,-3.1675537,-3.4075537,-3.4075537,-3.2875538,-3.1375537,-2.9375536,-2.0475538,-1.3175538,-0.9475537,-0.037553713,0.5424463,0.6224463,0.66244626,0.9624463,0.4924463,0.5624463,0.2224463,-0.3775537,-0.017553711,0.5124463,0.2524463,0.7324463,0.5424463,0.3724463,0.8024463,0.5224463,0.3224463,2.4224463,3.2824464,4.562446,3.7624464,3.8824463,4.4024463,7.602446,9.1424465,7.1824465,4.3624463,0.6424463,0.59244627,3.0524464,2.5324464,2.5624464,4.9124465,5.3424463,5.2824464,5.6624465,6.712446,8.3924465,9.212446,9.292446,8.772447,8.332446,6.232446,4.312446,2.2124462,-0.5075537,-1.6075537
-2.8775537,-2.8075538,-2.3675537,-3.3075538,-3.0675538,-2.5975537,-1.9375538,-1.7575537,-0.8875537,0.8024463,0.9624463,0.8824463,0.66244626,1.6524463,1.9624463,1.3924463,1.6524463,2.1524463,2.5624464,2.0524464,1.2724463,0.7924463,0.26244628,-0.4675537,-0.067553714,0.12244629,0.4324463,1.0624462,1.2024463,3.5224464,3.7824464,5.042446,4.982446,1.7424463,5.352446,7.312446,5.602446,1.2424463,-0.4075537,0.3524463,0.04244629,2.2524462,3.6924462,2.3724463,2.7224462,3.5024462,6.022446,7.502446,8.942447,9.452446,8.612446,9.222446,8.282446,7.7424464,5.852446,3.7024462,0.5624463,-1.6975538
-3.5075538,-3.6275537,-3.6875536,-2.8475537,-2.6575537,-2.1275537,-2.1375537,-1.5175537,-0.017553711,0.6124463,0.4024463,0.06244629,1.4924463,1.4324462,1.3724463,2.8624463,3.2324462,2.5424464,1.6124463,1.6724463,1.8024462,0.6224463,0.5424463,1.6924462,0.7624463,0.9824463,1.7024463,3.1424463,4.542446,4.3624463,6.852446,7.6724463,4.852446,1.6724463,-0.96755373,3.6624463,5.772446,3.2124462,1.0024463,0.5424463,1.1924462,-0.9175537,1.2724463,3.4924462,2.9624462,3.6924462,4.312446,6.7424464,7.7824464,8.702446,9.242446,9.112446,8.032446,7.8224463,6.602446,4.272446,3.2824464,1.4724463
-2.7975538,-3.4675536,-3.9175537,-4.2375536,-3.9575536,-3.2575538,-2.8875537,-1.4875537,-1.2675537,-1.1075537,-0.4375537,-0.3175537,-0.017553711,1.4424462,1.6724463,1.7024463,2.3424463,1.9424462,2.1224463,0.6024463,-0.4375537,0.18244629,0.91244626,0.5724463,2.4124463,3.9024463,4.752446,2.3524463,3.2324462,3.2224462,3.8024464,3.7024462,2.8124464,1.2724463,0.19244629,2.7924464,4.7024465,2.1024463,2.2124462,1.6324463,0.19244629,0.3224463,-1.2675537,2.1024463,1.5424463,4.6724463,6.482446,6.1624465,7.1724463,8.122446,8.912446,8.982447,9.662446,8.102447,6.6824465,5.232446,2.9224463,0.7024463
-3.4075537,-3.4275537,-3.0675538,-3.5375538,-2.9175537,-2.1075537,-1.4875537,-1.2075537,-0.4675537,-0.5675537,1.1324463,1.9724463,2.8824463,3.2724464,4.1824465,4.1324463,3.8124464,3.1024463,1.5424463,0.90244627,-0.2575537,0.15244628,1.1724463,2.7324462,3.1224463,4.9224463,2.3624463,2.0324464,2.2924464,3.4024463,2.7424462,1.2224463,2.8224463,1.2324463,0.27244627,0.78244627,5.042446,2.7124462,0.8624463,1.1024463,-0.7075537,1.8924463,2.8124464,1.3824463,3.9524462,2.0424464,4.5724463,6.772446,7.4224463,8.612446,8.622446,9.552446,9.002446,7.6324463,6.1724463,5.002446,4.8824463,2.2424462
-2.3475537,-2.0575538,-1.2875537,-1.1475537,-0.7275537,0.1724463,0.84244627,1.2924463,1.3224463,1.6524463,2.9224463,4.562446,5.3424463,6.042446,5.292446,4.102446,3.1024463,2.1124463,0.7524463,0.09244629,-1.2375537,0.2924463,3.0224464,3.3924463,2.1024463,-0.6775537,0.66244626,1.0424463,2.2224462,1.2324463,0.9524463,2.0824463,2.5124464,1.4224463,0.2924463,-0.15755372,-0.6275537,3.4524462,-1.9575537,-2.4975538,2.1824462,0.7124463,2.5824463,2.2924464,0.48244628,2.8024464,4.192446,6.462446,7.6824465,7.7424464,9.242446,8.782446,8.462446,7.1524463,7.772446,6.602446,4.692446,3.9924462
-2.8575537,-1.9375538,-0.8675537,-0.15755372,0.9624463,1.0724463,1.4424462,1.6224463,1.9624463,3.8024464,4.1824465,4.732446,5.502446,3.6824462,2.4424462,2.1124463,0.84244627,1.2824463,-1.4575537,-0.9875537,0.18244629,1.8924463,2.8924463,1.9124463,0.3124463,-1.3275537,0.5624463,1.0924463,0.4724463,1.5024463,2.2524462,1.7224463,2.4824462,2.5624464,0.4124463,-1.9875537,0.27244627,2.7124462,4.1524463,3.2624464,0.7024463,0.3724463,-0.3675537,0.9524463,-0.2475537,0.3724463,2.6724463,5.482446,7.462446,8.332446,8.592446,7.352446,7.192446,7.3424463,6.122446,4.982446,5.9324465,4.2824464
-1.8675537,0.08244629,0.53244627,0.8524463,1.2924463,2.6524463,1.9024463,1.4824463,2.0324464,1.3624463,3.1024463,3.9624462,4.332446,2.1724463,2.9924462,1.2024463,1.5624462,-1.8775537,0.5124463,2.3824463,4.6324463,2.5824463,1.1224463,0.30244628,0.45244628,0.8324463,-1.1175537,-0.5675537,2.0624464,3.3124464,2.4324462,3.0724463,1.6324463,-1.1675537,-1.3275537,0.39244628,2.2524462,2.2224462,0.7724463,0.84244627,0.3824463,-1.3975537,-1.7675537,-0.9175537,-0.47755373,1.5924463,3.4724462,4.2824464,5.372446,6.312446,6.1424465,6.942446,6.6424465,6.062446,5.772446,5.792446,3.7724464,3.2524462
-1.5175537,-0.9875537,-0.41755372,0.5224463,1.2424463,0.15244628,0.7024463,1.2124463,1.6824462,1.2524463,2.8124464,3.2124462,3.7724464,2.4524462,1.1124463,1.8224463,0.36244628,0.18244629,4.062446,7.602446,2.8424463,1.1724463,1.4524463,3.3824463,0.6224463,1.0024463,1.0124463,2.1824462,1.8324463,3.7824464,4.852446,0.5424463,-0.9575537,2.7124462,1.1924462,0.7424463,-0.3175537,-1.1875538,-2.5675538,-1.7275537,1.2224463,0.91244626,-0.6075537,-0.44755372,0.13244629,2.0124464,1.5724463,2.6024463,4.582446,4.8924465,5.252446,5.0124464,6.1824465,6.3624463,6.752446,6.212446,5.7824464,5.0724463
-0.2875537,0.6224463,0.3524463,-0.7375537,-1.5575538,-0.6975537,0.42244628,1.1524463,1.1424463,1.6624463,2.6424463,4.082446,2.8324463,2.9724462,2.4624462,0.9624463,0.5824463,5.0524464,9.702446,3.4524462,1.4824463,2.4424462,4.4724464,2.0124464,1.0324463,0.8324463,3.5424464,2.0224464,4.4024463,3.2624464,3.8624463,3.1624463,1.1924462,1.2424463,0.7124463,-0.47755373,-1.1675537,-2.4975538,-3.0975537,-3.6375537,-4.6575537,-0.65755373,-1.0475537,-0.6875537,-0.41755372,-0.19755371,0.9524463,1.9824463,3.1024463,3.2324462,3.7124462,5.2824464,6.3024464,6.712446,6.3224463,6.5124464,5.812446,5.7424464
0.3424463,-0.11755371,-1.9975537,-0.9375537,-0.2175537,0.8024463,1.3224463,0.3224463,0.9824463,3.5324464,5.9724464,6.2024465,2.3024464,-0.7875537,3.1124463,2.3924463,4.4524465,9.272447,4.6324463,3.2024462,3.1524463,2.7324462,3.1124463,2.6724463,3.8224463,4.372446,5.462446,5.4524465,4.372446,2.3924463,2.5624464,2.5224464,1.4524463,1.4124463,0.5224463,-0.9175537,-1.7675537,-1.1075537,-2.4975538,-2.5375538,-3.9475536,-4.1975536,-2.8575537,-2.4675536,-3.0475538,-2.3675537,0.3124463,0.27244627,1.1324463,2.6824462,4.2024465,4.962446,5.1824465,5.4224463,5.0124464,5.332446,5.462446,5.0324464
-1.8175538,-2.3975537,-2.1775537,-0.9175537,0.42244628,1.7224463,-0.7675537,-1.2275537,0.7124463,4.192446,2.8224463,1.9224463,-0.9575537,2.4424462,4.1624465,2.0624464,4.332446,9.1424465,5.772446,5.6524463,7.6724463,7.9224463,4.4324465,5.3224463,3.5324464,2.7524462,2.1024463,3.9724462,2.3224463,2.4924462,0.5724463,2.1524463,2.7724464,-0.067553714,-1.6275537,-1.7175537,-2.2175536,-2.8975537,-4.4075537,-5.7975535,-5.0275536,-5.3575535,-4.187554,-3.6975536,-3.3875537,-2.7775538,-2.7375536,-0.7375537,-0.90755373,0.9924463,2.8024464,3.8824463,3.4624462,4.122446,3.9624462,4.542446,4.9324465,3.8924463
