public/data/weather/2019/09/30/0000-wind-isobaric-850hPa-gfs-1.0.json
{"header": { "discipline":0, "disciplineName":"Meteorological products", "gribEdition":2, "gribLength":53001, "center":7, "centerName":"US National Weather Service - NCEP(WMC)", "subcenter":0, "refTime":"2019-09-30T00:00:00.000Z", "significanceOfRT":1, "significanceOfRTName":"Start of forecast", "productStatus":0, "productStatusName":"Operational products", "productType":1, "productTypeName":"Forecast products", "productDefinitionTemplate":0, "productDefinitionTemplateName":"Analysis/forecast at horizontal level/layer at a point in time", "parameterCategory":2, "parameterCategoryName":"Momentum", "parameterNumber":2, "parameterNumberName":"U-component_of_wind", "parameterUnit":"m.s-1", "genProcessType":2, "genProcessTypeName":"Forecast", "forecastTime":0, "surface1Type":100, "surface1TypeName":"Isobaric surface", "surface1Value":85000.0, "surface2Type":255, "surface2TypeName":"Missing", "surface2Value":0.0, "gridDefinitionTemplate":0, "gridDefinitionTemplateName":"Latitude_Longitude", "numberPoints":65160, "shape":6, "shapeName":"Earth spherical with radius of 6,371,229.0 m", "gridUnits":"degrees", "resolution":48, "winds":"true", "scanMode":0, "nx":360, "ny":181, "basicAngle":0, "lo1":0.0, "la1":90.0, "lo2":359.0, "la2":-90.0, "dx":1.0, "dy":1.0 }, "data":
[rows 125 to 149 of 181, columns 0 to 57 of 360]
1.4153534,0.6153534,0.2153534,0.8153534,1.4153534,1.8153534,2.3153534,2.5153534,2.9153533,1.4153534,0.9153534,1.3153534,0.9153534,0.6153534,0.5153534,0.5153534,-0.2846466,0.2153534,0.015353394,1.2153534,2.1153533,2.0153534,5.015353,5.8153534,5.4153533,4.8153534,7.4153533,5.515353,5.8153534,6.8153534,8.115354,12.115354,11.415354,9.415354,10.415354,11.415354,9.015353,6.9153533,5.015353,3.3153534,1.8153534,0.8153534,0.11535339,-0.8846466,-0.5846466,0.015353394,-1.0846466,-1.8846467,-2.9846466,-3.6846466,-4.0846467,-3.6846466,-4.0846467,-4.984647,-5.0846467,-4.484647,-3.5846467,-2.4846466
2.6153533,2.6153533,2.2153535,2.4153533,3.8153534,4.7153535,5.1153536,4.8153534,3.5153534,3.7153535,3.2153535,3.8153534,4.015353,3.3153534,2.8153534,2.5153534,2.1153533,1.8153534,3.3153534,2.5153534,3.6153533,2.8153534,4.7153535,7.2153535,6.9153533,5.1153536,5.015353,3.6153533,2.4153533,5.4153533,8.015353,6.8153534,12.015353,12.415354,12.015353,11.215353,10.015353,8.715353,5.9153533,5.3153534,4.8153534,2.5153534,1.4153534,0.015353394,-0.1846466,0.015353394,-0.3846466,-1.7846466,-2.0846467,-2.4846466,-2.9846466,-3.0846467,-2.1846466,-1.8846467,-2.1846466,-1.5846466,-0.8846466,-0.2846466
4.015353,4.3153534,4.1153536,4.9153533,5.6153536,7.515353,7.1153536,4.2153535,3.4153533,3.5153534,4.7153535,5.2153535,6.015353,5.8153534,5.1153536,4.4153533,3.6153533,3.4153533,2.9153533,4.3153534,6.3153534,7.9153533,7.7153535,7.2153535,6.1153536,6.8153534,5.515353,4.015353,3.8153534,3.7153535,6.3153534,9.515353,13.315353,13.215353,13.815353,13.215353,9.715353,8.315353,7.1153536,6.8153534,5.015353,3.8153534,2.3153534,1.7153534,1.3153534,0.2153534,0.015353394,-0.48464662,0.11535339,0.11535339,0.5153534,0.3153534,-0.084646605,-0.48464662,-0.6846466,-0.2846466,0.2153534,0.8153534
5.2153535,5.1153536,6.2153535,6.6153536,6.9153533,4.8153534,3.4153533,2.4153533,2.6153533,3.4153533,5.2153535,6.9153533,7.6153536,6.4153533,6.015353,6.3153534,5.515353,5.6153536,5.3153534,3.5153534,4.3153534,4.8153534,6.1153536,5.4153533,6.6153536,7.2153535,6.4153533,6.2153535,3.5153534,5.2153535,1.7153534,7.1153536,9.515353,13.115354,18.515354,13.815353,9.815353,7.8153534,8.815353,8.315353,7.4153533,5.7153535,3.1153533,2.5153534,1.5153534,0.2153534,1.8153534,2.1153533,2.5153534,3.0153534,2.3153534,1.8153534,1.3153534,1.3153534,0.6153534,0.4153534,0.8153534,1.0153534
5.9153533,6.515353,7.015353,7.1153536,7.4153533,5.2153535,4.515353,4.515353,5.015353,4.515353,3.7153535,3.6153533,4.6153536,6.515353,7.015353,6.7153535,7.015353,7.2153535,6.9153533,7.2153535,6.2153535,6.4153533,5.7153535,5.7153535,5.2153535,6.2153535,7.6153536,5.6153536,3.9153533,2.1153533,2.3153534,1.5153534,6.1153536,7.9153533,11.315353,8.315353,8.615354,8.915354,8.215353,8.615354,6.4153533,5.3153534,4.015353,-1.2846466,1.3153534,3.9153533,5.3153534,4.6153536,5.1153536,3.6153533,3.7153535,3.2153535,3.0153534,2.9153533,2.7153535,2.3153534,3.0153534,3.1153533
7.3153534,7.6153536,8.415354,7.4153533,6.9153533,7.1153536,7.515353,7.7153535,6.8153534,7.515353,5.515353,6.4153533,6.1153536,5.3153534,5.6153536,7.1153536,7.7153535,7.2153535,7.4153533,9.015353,9.415354,7.8153534,7.7153535,7.1153536,7.015353,6.7153535,8.015353,6.3153534,6.7153535,3.5153534,0.2153534,1.0153534,-1.7846466,-0.6846466,0.5153534,4.4153533,6.4153533,7.6153536,5.1153536,8.315353,6.4153533,2.0153534,1.0153534,2.0153534,4.3153534,6.4153533,6.8153534,8.815353,4.015353,4.6153536,4.4153533,4.015353,3.7153535,4.6153536,4.9153533,4.9153533,5.3153534,5.4153533
7.9153533,8.415354,9.015353,8.315353,9.215353,9.515353,10.615354,11.415354,11.015353,10.415354,8.915354,9.415354,9.215353,9.515353,9.715353,10.215353,11.015353,11.515353,11.215353,10.415354,10.215353,10.115354,9.115354,8.615354,7.9153533,7.2153535,8.415354,7.7153535,5.9153533,5.7153535,2.0153534,2.0153534,0.11535339,0.8153534,-5.7846465,-0.6846466,0.015353394,4.6153536,6.1153536,7.515353,2.0153534,3.1153533,4.1153536,5.9153533,5.6153536,8.315353,10.215353,5.2153535,4.2153535,5.9153533,6.8153534,7.1153536,6.8153534,6.515353,7.1153536,7.6153536,7.6153536,7.515353
9.315353,9.315353,10.415354,11.615354,11.715353,11.315353,12.215353,12.315353,12.615354,14.815353,15.015353,13.815353,12.815353,13.515353,13.815353,14.815353,15.015353,15.615354,15.415354,14.615354,13.015353,11.715353,11.715353,10.015353,10.015353,9.915354,9.515353,9.615354,8.615354,7.015353,5.9153533,3.5153534,1.6153533,1.1153533,2.3153534,2.2153535,-7.0846467,2.2153535,5.515353,4.6153536,5.4153533,7.2153535,7.4153533,6.8153534,5.7153535,8.915354,6.1153536,4.3153534,6.015353,7.9153533,6.9153533,7.6153536,8.015353,7.6153536,8.015353,8.715353,10.315353,10.415354
12.315353,12.515353,13.015353,14.215353,14.615354,14.715353,14.815353,15.415354,14.215353,14.915354,16.415354,17.415354,17.515354,18.215353,18.615353,19.115353,19.015354,18.615353,18.615353,18.115353,17.415354,15.715353,14.315353,13.515353,10.915354,12.415354,11.315353,10.315353,10.115354,9.115354,9.515353,6.515353,5.3153534,3.0153534,2.7153535,2.3153534,2.3153534,1.4153534,1.3153534,0.71535337,2.2153535,0.3153534,3.9153533,9.315353,7.8153534,9.115354,7.015353,8.515353,10.715353,8.515353,7.9153533,8.815353,9.615354,10.215353,10.915354,10.415354,10.815353,11.515353
14.815353,15.815353,16.415354,17.415354,18.315353,18.715353,19.315353,17.815353,19.215353,20.115353,20.315353,21.815353,21.415354,21.315353,20.215353,19.615353,19.215353,19.415354,20.615353,21.015354,21.615353,21.015354,18.815353,17.715353,15.315353,12.415354,13.115354,11.815353,10.815353,10.815353,11.615354,10.415354,7.6153536,6.015353,4.9153533,3.3153534,4.9153533,4.3153534,4.7153535,5.2153535,5.1153536,6.7153535,6.9153533,8.915354,9.015353,8.415354,10.015353,10.815353,11.915354,9.815353,10.015353,11.115354,11.915354,13.015353,14.015353,13.315353,13.515353,13.115354
15.915354,17.115353,18.615353,18.515354,19.315353,19.815353,20.215353,19.915354,19.815353,20.115353,20.115353,20.515354,21.115353,21.315353,21.815353,22.315353,22.715353,22.215353,21.915354,21.215353,20.715353,21.515354,21.615353,20.915354,20.115353,17.515354,14.415354,14.315353,13.915354,14.015353,14.415354,13.615354,11.415354,8.915354,9.115354,7.8153534,7.2153535,6.7153535,8.015353,8.515353,9.715353,8.915354,8.915354,9.415354,8.915354,10.315353,11.815353,13.215353,13.515353,12.115354,11.815353,12.015353,12.315353,12.515353,13.515353,13.615354,13.815353,13.715353
14.315353,13.915354,13.015353,13.015353,14.515353,16.115353,18.315353,19.515354,20.915354,22.015354,22.815353,23.615353,22.415354,24.015354,24.815353,25.315353,24.415354,24.015354,24.815353,26.115353,25.015354,25.315353,24.615353,22.515354,19.215353,19.615353,18.215353,15.715353,15.815353,15.815353,15.315353,18.115353,17.715353,16.215353,13.515353,11.715353,11.915354,10.515353,10.215353,10.615354,10.715353,11.015353,12.415354,13.915354,12.715353,14.415354,16.015354,17.515354,14.915354,14.915354,14.315353,13.115354,13.215353,12.715353,13.315353,13.515353,14.215353,14.915354
9.015353,11.315353,14.415354,17.115353,19.515354,21.815353,23.615353,25.615353,26.615353,27.115353,25.415354,24.815353,24.015354,23.615353,23.715353,24.115353,23.415354,23.815353,24.515354,22.915354,24.215353,23.515354,25.515354,25.815353,25.115353,23.915354,22.915354,21.215353,19.115353,18.215353,18.515354,17.715353,17.815353,20.115353,17.415354,16.315353,15.115354,14.415354,13.515353,14.215353,13.915354,13.415354,12.715353,13.315353,15.715353,17.315353,16.615353,15.315353,15.415354,15.615354,15.115354,14.715353,14.915354,14.915354,15.815353,16.415354,16.615353,16.315353
16.015354,18.215353,18.815353,18.315353,17.715353,17.915354,18.415354,18.515354,18.515354,18.515354,18.515354,18.015354,17.815353,18.315353,18.715353,19.015354,19.015354,19.415354,20.015354,20.615353,20.915354,21.415354,22.415354,24.415354,26.515354,25.815353,26.215353,25.515354,23.615353,21.915354,20.615353,21.215353,19.215353,18.615353,20.415354,19.715353,19.315353,17.615353,16.015354,15.315353,14.015353,16.115353,15.815353,15.815353,15.315353,15.115354,15.815353,16.515354,16.315353,16.015354,16.215353,16.315353,15.915354,15.915354,15.915354,16.815353,17.715353,16.615353
13.315353,14.215353,14.415354,13.915354,13.515353,13.815353,14.215353,15.215353,16.315353,16.915354,17.615353,17.915354,17.615353,17.915354,18.615353,19.015354,19.615353,19.815353,21.115353,21.415354,21.815353,21.515354,21.715353,21.915354,24.815353,23.815353,27.315353,26.015354,26.515354,25.115353,24.215353,22.715353,22.015354,20.115353,19.315353,20.815353,21.015354,22.215353,21.915354,19.215353,18.515354,17.715353,15.915354,16.615353,17.115353,15.715353,16.115353,16.215353,16.115353,17.515354,16.415354,15.915354,16.315353,17.815353,18.815353,17.315353,17.115353,17.215353
10.815353,11.915354,12.815353,13.315353,14.015353,14.415354,14.615354,15.315353,16.415354,16.615353,17.415354,18.615353,19.315353,19.415354,19.915354,20.715353,21.515354,21.815353,22.415354,23.015354,23.415354,23.515354,23.815353,23.215353,22.815353,23.615353,24.815353,25.215353,26.915354,25.415354,25.415354,24.615353,22.815353,22.315353,20.115353,19.715353,21.515354,25.215353,24.715353,22.115353,20.815353,20.315353,19.915354,17.315353,16.615353,17.815353,17.615353,17.215353,16.415354,16.715353,18.115353,19.315353,19.015354,17.415354,17.915354,18.315353,18.815353,17.515354
12.315353,13.515353,14.115354,14.015353,13.615354,13.315353,14.815353,16.215353,17.615353,18.315353,18.915354,19.515354,20.215353,20.815353,21.415354,21.915354,22.415354,22.915354,23.315353,23.915354,24.415354,24.415354,24.815353,25.115353,25.315353,25.115353,23.215353,22.615353,24.215353,24.015354,25.215353,24.715353,24.715353,22.215353,21.115353,19.615353,19.915354,20.315353,22.415354,22.515354,21.715353,20.915354,21.315353,20.815353,19.315353,17.615353,18.015354,19.215353,18.915354,18.515354,18.815353,18.615353,18.415354,18.115353,18.415354,17.915354,16.915354,17.015354
12.715353,13.515353,13.615354,14.215353,15.515353,16.915354,18.215353,18.215353,18.115353,18.115353,18.815353,19.815353,20.415354,21.215353,21.915354,22.415354,22.715353,23.315353,24.015354,24.715353,25.615353,26.115353,26.215353,26.015354,25.515354,25.315353,24.615353,24.615353,22.915354,23.915354,24.815353,26.215353,24.215353,23.815353,22.115353,19.515354,18.915354,19.115353,18.915354,22.515354,22.315353,21.715353,20.515354,20.815353,21.115353,19.315353,18.115353,17.815353,17.815353,19.015354,19.515354,19.315353,19.015354,17.615353,17.815353,16.515354,17.115353,18.015354
12.215353,12.815353,14.115354,15.815353,17.015354,17.815353,18.315353,18.315353,18.715353,19.015354,19.215353,19.515354,20.215353,21.215353,21.915354,22.715353,23.215353,23.815353,24.115353,24.415354,24.615353,25.215353,25.515354,25.115353,24.415354,24.615353,24.015354,23.315353,21.915354,21.015354,25.515354,22.115353,25.915354,25.415354,20.315353,19.815353,17.115353,17.615353,18.315353,19.015354,20.115353,23.615353,24.315353,23.015354,20.715353,20.815353,19.615353,20.115353,20.015354,19.115353,19.015354,18.215353,18.615353,17.215353,16.715353,16.915354,17.015354,16.215353
11.915354,12.815353,13.915354,14.415354,14.715353,15.715353,16.115353,16.615353,17.615353,18.515354,19.215353,20.115353,20.715353,21.315353,21.715353,22.215353,22.415354,22.915354,23.315353,23.815353,24.515354,24.815353,24.615353,24.515354,23.915354,23.115353,23.015354,22.715353,22.015354,21.315353,20.315353,21.215353,24.315353,25.215353,23.215353,19.515354,17.515354,16.515354,17.015354,16.915354,18.515354,18.115353,18.315353,18.015354,18.715353,19.315353,19.615353,20.215353,20.315353,20.715353,19.615353,18.815353,16.715353,17.215353,17.015354,17.415354,15.715353,15.815353
10.715353,11.515353,12.615354,13.915354,14.515353,14.915354,15.815353,16.215353,16.915354,17.515354,18.015354,18.515354,19.915354,21.015354,21.515354,22.515354,23.015354,23.315353,23.615353,24.715353,23.815353,25.215353,25.015354,23.015354,22.115353,21.515354,21.215353,21.615353,21.115353,20.815353,20.415354,20.215353,22.015354,25.415354,24.015354,18.915354,17.515354,16.315353,16.115353,15.015353,16.815353,16.215353,18.415354,18.015354,17.815353,19.715353,18.215353,17.115353,16.815353,16.915354,16.215353,15.215353,15.515353,16.315353,16.715353,15.715353,15.315353,15.815353
11.515353,12.415354,12.715353,12.615354,13.215353,14.315353,15.115354,15.815353,15.815353,16.315353,16.215353,18.015354,19.815353,19.615353,19.815353,19.415354,19.115353,20.015354,20.815353,21.415354,21.215353,21.115353,19.915354,20.315353,21.215353,21.715353,20.915354,20.015354,19.415354,19.315353,19.915354,20.615353,21.415354,24.415354,22.415354,19.115353,16.315353,15.515353,14.515353,14.915354,14.115354,13.415354,14.115354,14.015353,14.315353,16.515354,17.615353,16.215353,15.015353,14.415354,14.215353,13.915354,14.015353,15.115354,14.115354,14.315353,14.715353,15.115354
12.715353,13.115354,13.615354,13.815353,14.115354,14.615354,14.815353,15.415354,15.915354,16.315353,17.315353,18.015354,18.515354,18.815353,18.815353,18.615353,18.815353,19.315353,19.415354,20.015354,19.915354,20.015354,18.415354,17.215353,16.015354,15.615354,16.115353,16.815353,16.815353,17.315353,19.215353,17.715353,19.215353,20.715353,18.915354,18.315353,14.615354,14.315353,13.115354,12.315353,12.015353,10.515353,10.715353,13.515353,12.915354,11.115354,12.015353,11.515353,12.015353,12.015353,10.415354,11.015353,12.115354,11.915354,12.015353,14.215353,14.115354,14.415354
12.615354,13.315353,13.615354,13.915354,14.115354,14.315353,14.615354,15.515353,16.115353,16.515354,16.215353,16.915354,17.115353,17.015354,16.415354,17.615353,18.115353,18.515354,17.715353,19.515354,19.115353,18.115353,17.515354,16.515354,15.815353,14.715353,13.815353,14.615354,14.515353,16.715353,15.615354,14.415354,16.315353,17.815353,17.115353,17.415354,12.315353,12.515353,11.715353,10.915354,10.615354,10.215353,9.515353,9.815353,10.915354,11.115354,10.015353,9.415354,9.615354,8.015353,9.015353,10.415354,9.915354,10.315353,12.615354,12.915354,12.315353,12.715353
11.915354,12.615354,12.915354,13.215353,13.415354,13.115354,13.015353,13.415354,13.215353,13.715353,14.515353,15.315353,15.015353,15.915354,15.615354,15.815353,16.115353,17.215353,16.715353,17.315353,15.115354,14.015353,13.815353,14.115354,15.015353,15.615354,16.715353,16.015354,14.815353,14.715353,13.815353,11.715353,13.115354,14.015353,15.315353,13.315353,9.815353,9.215353,8.215353,7.3153534,7.6153536,8.015353,7.8153534,7.9153533,8.015353,7.4153533,7.515353,7.4153533,6.8153534,7.515353,8.815353,8.815353,8.215353,9.315353,11.415354,11.815353,11.815353,12.115354
