public/data/weather/2019/09/30/0000-wind-isobaric-850hPa-gfs-1.0.json
{"header": { "discipline":0, "disciplineName":"Meteorological products", "gribEdition":2, "gribLength":54377, "center":7, "centerName":"US National Weather Service - NCEP(WMC)", "subcenter":0, "refTime":"2019-09-30T00:00:00.000Z", "significanceOfRT":1, "significanceOfRTName":"Start of forecast", "productStatus":0, "productStatusName":"Operational products", "productType":1, "productTypeName":"Forecast products", "productDefinitionTemplate":0, "productDefinitionTemplateName":"Analysis/forecast at horizontal level/layer at a point in time", "parameterCategory":2, "parameterCategoryName":"Momentum", "parameterNumber":3, "parameterNumberName":"V-component_of_wind", "parameterUnit":"m.s-1", "genProcessType":2, "genProcessTypeName":"Forecast", "forecastTime":0, "surface1Type":100, "surface1TypeName":"Isobaric surface", "surface1Value":85000.0, "surface2Type":255, "surface2TypeName":"Missing", "surface2Value":0.0, "gridDefinitionTemplate":0, "gridDefinitionTemplateName":"Latitude_Longitude", "numberPoints":65160, "shape":6, "shapeName":"Earth spherical with radius of 6,371,229.0 m", "gridUnits":"degrees", "resolution":48, "winds":"true", "scanMode":0, "nx":360, "ny":181, "basicAngle":0, "lo1":0.0, "la1":90.0, "lo2":359.0, "la2":-90.0, "dx":1.0, "dy":1.0 }, "data":
[rows 81 to 107 of 181, columns 62 to 123 of 360]
1.49245,1.6924499,0.99244994,0.29244995,0.09244995,-0.20755005,-0.8075501,-1.70755,-1.20755,0.29244995,0.99244994,-1.50755,-2.50755,2.3924499,4.9924498,3.29245,2.79245,6.39245,4.79245,3.79245,3.29245,0.89245,0.59244996,1.49245,0.79244995,0.89245,0.6924499,-0.40755004,-0.50755006,-0.40755004,0.49244994,-0.30755004,-1.50755,-1.50755,-0.40755004,-0.0075500486,1.89245,0.49244994,0.99244994,0.39244995,0.99244994,-1.00755,-0.30755004,-0.8075501,-2.30755,-2.70755,-4.30755,-3.40755,-1.50755,-0.90755004,-0.70755005,-0.10755005,-0.90755004,0.79244995,0.79244995,1.29245,1.99245,2.79245,1.1924499,1.89245,2.59245,1.99245
1.6924499,1.29245,1.29245,0.59244996,0.09244995,-0.0075500486,-0.30755004,-0.90755004,-0.8075501,-0.50755006,1.1924499,-0.8075501,0.99244994,3.69245,6.79245,6.69245,4.29245,7.09245,8.29245,0.79244995,4.39245,2.3924499,-1.60755,-2.1075501,-1.00755,-1.00755,-1.00755,-0.50755006,-0.90755004,-0.0075500486,0.09244995,0.59244996,0.59244996,0.89245,-0.60755,-0.50755006,-0.60755,1.0924499,0.6924499,0.89245,-0.50755006,-0.20755005,-0.20755005,-0.70755005,-0.60755,-2.20755,-3.1075501,-2.40755,-1.20755,-2.00755,-2.50755,-0.30755004,0.49244994,0.59244996,1.0924499,1.89245,1.89245,0.39244995,1.1924499,1.99245,2.19245,2.69245
1.5924499,0.79244995,0.6924499,0.39244995,-0.30755004,-0.40755004,-0.40755004,-0.20755005,-0.40755004,1.1924499,-1.00755,-1.20755,3.3924499,3.59245,8.29245,7.29245,5.29245,8.59245,6.19245,2.09245,4.19245,2.49245,0.6924499,-2.1075501,-2.20755,-1.4075501,-1.3075501,-1.3075501,-1.60755,-0.40755004,-0.60755,-0.50755006,-1.00755,-0.70755005,-0.50755006,0.99244994,1.0924499,-0.0075500486,-0.40755004,0.19244996,-0.10755005,0.39244995,0.59244996,-0.10755005,-1.60755,-1.70755,-0.8075501,-1.4075501,-1.8075501,-1.00755,0.49244994,0.59244996,0.49244994,0.79244995,1.5924499,0.79244995,0.39244995,0.99244994,1.0924499,1.5924499,1.6924499,2.69245
1.39245,1.29245,1.1924499,0.89245,0.19244996,0.79244995,0.6924499,0.09244995,1.29245,-0.0075500486,-1.20755,1.39245,2.19245,2.29245,6.39245,4.29245,6.4924498,5.89245,5.79245,4.9924498,4.59245,2.49245,1.79245,-0.70755005,-1.9075501,-1.4075501,-1.10755,-2.00755,-1.3075501,-1.20755,0.29244995,0.09244995,-0.10755005,0.09244995,1.0924499,0.49244994,-0.10755005,-0.70755005,0.99244994,-0.50755006,-0.20755005,-0.20755005,0.09244995,0.49244994,-0.40755004,-1.10755,-0.60755,-0.30755004,0.49244994,0.39244995,0.39244995,1.99245,2.49245,1.5924499,1.1924499,1.1924499,-0.20755005,2.19245,1.1924499,2.19245,3.19245,3.09245
0.99244994,0.39244995,0.99244994,0.49244994,0.79244995,1.39245,0.99244994,0.29244995,0.49244994,1.29245,1.39245,1.29245,2.19245,1.1924499,4.79245,4.19245,5.89245,5.69245,5.19245,3.79245,3.19245,1.5924499,1.1924499,1.0924499,-0.8075501,-0.30755004,-1.70755,-1.70755,-1.3075501,-1.8075501,-0.10755005,0.89245,0.19244996,-0.50755006,-0.30755004,0.19244996,0.39244995,0.89245,0.79244995,1.0924499,-0.0075500486,0.29244995,1.6924499,2.19245,1.5924499,1.0924499,1.39245,0.49244994,0.6924499,0.59244996,0.29244995,0.89245,0.29244995,0.49244994,1.99245,1.6924499,1.29245,1.39245,1.79245,2.09245,2.69245,3.19245
0.99244994,0.79244995,1.29245,1.39245,1.39245,2.59245,2.09245,-0.10755005,-0.40755004,0.39244995,0.6924499,1.39245,2.3924499,4.39245,5.89245,5.89245,6.79245,5.4924498,7.09245,4.09245,3.19245,1.89245,0.99244994,-0.20755005,1.29245,0.09244995,-0.8075501,-0.20755005,-1.8075501,-2.1075501,-1.00755,-1.20755,-0.60755,0.19244996,1.39245,-0.10755005,0.49244994,1.5924499,1.79245,1.49245,0.59244996,-0.30755004,0.39244995,3.49245,3.69245,2.69245,0.89245,1.29245,1.0924499,0.59244996,-0.70755005,-0.10755005,0.59244996,1.0924499,2.09245,2.8924499,1.6924499,2.29245,1.29245,2.19245,2.49245,3.3924499
1.0924499,1.39245,1.6924499,2.79245,3.09245,2.59245,0.79244995,-0.40755004,0.49244994,-0.50755006,-1.00755,0.99244994,2.99245,5.59245,6.79245,8.09245,7.19245,7.79245,5.79245,5.59245,4.09245,2.19245,0.89245,1.79245,3.29245,1.6924499,-0.60755,-0.10755005,0.19244996,-0.8075501,-1.10755,-0.70755005,0.19244996,0.39244995,1.1924499,1.29245,0.29244995,0.6924499,1.0924499,-0.10755005,-1.00755,-1.3075501,0.89245,0.99244994,2.59245,3.49245,2.8924499,3.09245,1.29245,0.79244995,-0.90755004,-0.20755005,-0.10755005,-0.50755006,1.1924499,4.79245,2.69245,1.5924499,1.39245,2.8924499,3.69245,2.69245
0.19244996,1.39245,3.69245,3.29245,4.79245,3.69245,0.59244996,-1.4075501,0.19244996,0.89245,0.29244995,0.19244996,2.29245,6.69245,7.39245,7.29245,7.89245,7.59245,7.59245,5.19245,3.79245,4.69245,3.69245,3.49245,2.09245,1.99245,-1.00755,0.89245,-1.10755,-1.9075501,-1.8075501,-0.8075501,1.49245,0.89245,-0.60755,2.29245,1.5924499,1.6924499,2.19245,1.6924499,0.89245,1.49245,0.89245,3.69245,3.49245,1.89245,2.19245,2.19245,2.19245,-0.8075501,-1.20755,-1.00755,-0.90755004,1.29245,0.19244996,3.69245,2.99245,1.89245,1.49245,2.59245,2.59245,1.39245
-0.10755005,-0.10755005,3.19245,2.59245,4.19245,4.89245,1.89245,-1.70755,-2.30755,-0.60755,-1.00755,-1.3075501,3.59245,6.4924498,6.89245,7.39245,7.29245,6.9924498,5.69245,5.89245,5.89245,6.69245,5.09245,3.09245,2.09245,1.29245,1.89245,0.6924499,-0.10755005,-0.8075501,-2.50755,0.99244994,1.6924499,1.39245,-1.20755,1.0924499,2.19245,-0.50755006,3.8924499,4.69245,4.19245,3.59245,3.29245,4.19245,4.09245,2.79245,1.39245,1.79245,1.49245,0.49244994,-0.50755006,-1.20755,2.09245,3.99245,4.19245,4.89245,1.89245,0.6924499,1.49245,1.49245,2.09245,2.19245
0.39244995,0.59244996,1.1924499,4.09245,4.19245,3.09245,0.89245,-1.10755,-2.70755,-3.20755,0.39244995,-0.8075501,3.69245,5.09245,5.89245,5.59245,6.69245,5.9924498,5.9924498,5.29245,5.69245,6.59245,4.39245,5.19245,4.19245,2.3924499,2.69245,2.19245,2.09245,2.8924499,1.89245,2.99245,4.09245,3.09245,1.79245,2.3924499,1.0924499,2.49245,1.5924499,4.39245,3.69245,3.59245,4.29245,5.09245,5.4924498,3.69245,0.39244995,1.29245,1.79245,1.1924499,4.4924498,2.09245,7.29245,3.79245,2.49245,2.09245,1.99245,1.1924499,2.69245,0.09244995,0.6924499,3.3924499
1.1924499,1.99245,1.79245,3.19245,3.19245,2.59245,0.29244995,-0.30755004,-2.20755,-3.40755,-1.60755,1.89245,3.49245,3.3924499,4.79245,5.19245,5.89245,5.29245,5.59245,5.29245,5.19245,5.29245,3.79245,3.3924499,3.99245,2.99245,1.6924499,1.99245,3.8924499,2.99245,2.8924499,3.69245,2.69245,2.59245,3.09245,2.79245,1.79245,0.29244995,1.39245,2.29245,4.79245,4.19245,4.89245,4.69245,3.99245,4.4924498,3.3924499,1.79245,2.19245,1.0924499,2.8924499,3.49245,3.3924499,2.3924499,2.29245,2.09245,0.6924499,2.49245,2.69245,3.29245,2.59245,3.59245
0.89245,2.09245,0.29244995,2.49245,2.09245,0.79244995,-0.20755005,0.19244996,-0.8075501,-1.70755,-1.4075501,0.79244995,1.5924499,2.3924499,2.99245,3.79245,4.9924498,4.89245,4.79245,5.69245,5.69245,3.99245,3.3924499,2.79245,3.69245,2.59245,3.29245,2.3924499,3.09245,4.09245,4.4924498,4.09245,3.79245,3.8924499,3.59245,3.59245,3.49245,1.99245,1.39245,0.19244996,3.59245,5.39245,5.69245,5.29245,6.69245,6.29245,3.3924499,4.39245,4.79245,3.3924499,5.29245,6.09245,2.79245,2.49245,3.29245,5.9924498,1.49245,0.99244994,0.39244995,3.19245,2.99245,2.29245
0.99244994,0.19244996,-0.10755005,0.49244994,0.99244994,0.29244995,0.09244995,-0.40755004,-1.3075501,-0.8075501,-0.10755005,0.99244994,1.49245,1.49245,2.79245,2.59245,3.19245,3.79245,3.99245,3.19245,3.59245,4.59245,3.79245,3.99245,2.8924499,3.3924499,2.8924499,2.99245,3.49245,3.69245,2.99245,1.79245,3.99245,3.79245,3.49245,3.59245,3.79245,2.29245,1.5924499,1.79245,-0.60755,3.79245,4.29245,4.69245,6.4924498,6.69245,4.89245,2.29245,3.49245,6.09245,6.69245,5.19245,1.5924499,1.0924499,3.79245,9.59245,6.4924498,1.39245,0.29244995,0.29244995,1.99245,1.79245
0.29244995,1.0924499,1.6924499,1.6924499,-1.50755,-1.60755,-2.00755,-1.4075501,-1.9075501,-0.50755006,0.89245,0.99244994,0.59244996,0.39244995,2.59245,2.59245,1.99245,2.99245,3.59245,3.3924499,2.59245,3.19245,3.3924499,4.19245,3.49245,4.09245,2.99245,2.3924499,2.69245,3.19245,3.59245,1.49245,2.3924499,1.79245,2.19245,4.09245,4.39245,2.19245,1.29245,0.59244996,-0.10755005,-0.30755004,3.79245,4.19245,6.29245,6.59245,6.79245,3.3924499,1.49245,3.09245,4.9924498,3.8924499,2.59245,3.3924499,1.39245,6.19245,5.69245,4.69245,3.3924499,1.39245,0.19244996,0.99244994
0.49244994,1.0924499,0.49244994,0.39244995,-1.4075501,-0.90755004,-0.60755,-0.90755004,-1.10755,0.29244995,-0.50755006,0.19244996,0.89245,2.09245,1.99245,1.89245,0.79244995,1.89245,2.59245,2.49245,2.09245,2.49245,1.79245,2.99245,3.8924499,4.29245,4.19245,3.3924499,2.8924499,2.8924499,3.3924499,1.89245,1.49245,1.39245,1.0924499,3.49245,5.59245,2.69245,1.6924499,0.89245,0.59244996,-0.70755005,-0.50755006,2.99245,3.8924499,4.19245,5.09245,3.79245,2.19245,2.79245,3.09245,2.49245,3.09245,2.79245,1.1924499,0.59244996,3.79245,3.29245,8.19245,3.19245,0.99244994,-0.40755004
-0.8075501,-0.20755005,-0.10755005,-0.8075501,-0.70755005,-1.60755,-1.70755,-1.00755,0.79244995,0.59244996,0.59244996,0.6924499,1.29245,2.69245,3.29245,2.29245,1.29245,0.6924499,0.89245,1.49245,1.49245,1.99245,1.79245,2.69245,3.69245,3.99245,3.59245,3.99245,3.29245,3.09245,2.29245,3.19245,2.3924499,2.69245,2.69245,2.29245,5.09245,3.19245,2.29245,-0.0075500486,0.59244996,-0.30755004,0.29244995,2.3924499,2.29245,1.6924499,3.49245,3.09245,0.39244995,-1.20755,1.49245,2.59245,3.8924499,0.79244995,-0.30755004,-0.70755005,2.8924499,5.39245,4.39245,6.39245,2.3924499,1.49245
-0.20755005,-0.50755006,0.19244996,0.19244996,-1.3075501,-0.90755004,0.49244994,0.59244996,0.6924499,0.19244996,0.49244994,1.5924499,1.79245,2.59245,3.3924499,2.69245,2.29245,0.59244996,0.19244996,0.89245,1.39245,1.49245,2.3924499,2.99245,3.79245,4.59245,3.79245,2.29245,2.59245,2.19245,2.49245,2.79245,3.19245,4.29245,3.59245,2.29245,2.69245,3.09245,2.3924499,1.29245,0.29244995,-0.40755004,0.49244994,1.99245,3.09245,2.79245,1.6924499,-1.00755,-0.10755005,-2.00755,-0.30755004,0.39244995,3.09245,-0.70755005,-2.00755,-0.10755005,2.09245,3.09245,2.59245,2.49245,2.79245,2.69245
0.6924499,0.09244995,0.19244996,-0.50755006,-0.10755005,0.19244996,-0.20755005,0.39244995,-0.8075501,-0.50755006,-0.10755005,0.09244995,0.89245,2.3924499,4.19245,3.8924499,2.59245,1.49245,-0.0075500486,0.49244994,0.49244994,0.79244995,0.79244995,1.79245,3.19245,3.49245,2.79245,2.69245,3.69245,3.59245,3.3924499,3.3924499,3.49245,4.4924498,4.89245,4.79245,1.6924499,1.99245,1.39245,0.49244994,0.99244994,0.09244995,2.3924499,2.09245,1.6924499,1.5924499,0.39244995,0.29244995,0.19244996,-0.8075501,1.79245,0.6924499,0.09244995,-0.40755004,-4.0075502,-2.00755,1.49245,-0.40755004,0.59244996,-0.50755006,0.59244996,0.49244994
0.6924499,-0.0075500486,-0.50755006,-0.0075500486,-0.50755006,0.89245,0.79244995,0.89245,-0.90755004,-0.70755005,-0.90755004,-0.40755004,0.09244995,1.89245,3.19245,4.39245,4.59245,3.3924499,2.3924499,0.09244995,0.79244995,-0.40755004,0.49244994,0.09244995,0.09244995,1.99245,2.79245,3.09245,2.99245,2.99245,3.29245,4.79245,5.79245,4.29245,4.59245,5.19245,2.99245,1.29245,2.29245,1.5924499,0.39244995,0.89245,1.5924499,1.99245,1.99245,1.1924499,-0.20755005,-0.60755,-1.4075501,-0.70755005,0.19244996,1.79245,2.99245,1.39245,-0.40755004,-1.9075501,0.39244995,0.79244995,0.59244996,-1.00755,1.1924499,-0.20755005
1.29245,2.19245,1.99245,2.29245,1.49245,0.79244995,1.39245,-0.8075501,-1.50755,-2.80755,-1.20755,-1.10755,-0.30755004,2.09245,1.89245,1.79245,3.8924499,3.99245,1.99245,0.59244996,0.89245,1.39245,-0.90755004,0.19244996,-0.10755005,0.19244996,-0.20755005,0.59244996,1.49245,2.3924499,3.09245,3.59245,4.4924498,5.39245,6.59245,4.89245,4.09245,2.29245,1.0924499,0.99244994,2.19245,2.19245,1.49245,1.79245,0.59244996,-0.0075500486,-0.90755004,-1.70755,-0.90755004,-0.20755005,-0.50755006,0.79244995,1.6924499,0.59244996,-0.30755004,-0.8075501,-0.90755004,-2.6075501,-0.60755,-0.8075501,0.49244994,-0.50755006
2.29245,2.09245,2.09245,1.99245,1.5924499,0.6924499,-0.30755004,-0.30755004,-0.90755004,-0.40755004,-0.70755005,-0.70755005,-0.20755005,0.29244995,1.29245,0.99244994,1.6924499,2.59245,0.09244995,-0.50755006,-1.50755,-0.60755,1.49245,-0.10755005,-0.0075500486,-0.50755006,-0.40755004,-1.50755,-0.0075500486,1.29245,1.89245,2.99245,3.69245,4.79245,5.4924498,5.59245,4.69245,3.3924499,2.99245,1.89245,1.0924499,0.39244995,0.79244995,0.6924499,0.39244995,-0.30755004,-1.50755,-2.1075501,-1.8075501,-1.20755,-2.20755,-0.70755005,-0.60755,-0.90755004,-1.4075501,-2.30755,-2.80755,-2.40755,-2.1075501,-1.10755,-0.90755004,0.19244996
1.79245,1.79245,1.89245,1.0924499,0.59244996,0.59244996,-0.60755,-1.00755,-1.10755,-1.20755,-0.70755005,-0.70755005,-0.50755006,0.59244996,0.99244994,0.39244995,-0.10755005,-0.10755005,-1.4075501,-0.40755004,-2.90755,-1.10755,0.19244996,-0.40755004,-1.20755,-0.30755004,-2.20755,-2.20755,-1.70755,0.29244995,0.79244995,2.29245,3.49245,4.29245,4.79245,4.19245,4.39245,3.49245,2.69245,2.3924499,2.29245,-0.40755004,-1.20755,-0.30755004,-0.20755005,-0.8075501,-2.50755,-3.1075501,-2.80755,-2.00755,-2.6075501,-1.60755,-1.70755,-1.4075501,-2.00755,-3.1075501,-2.30755,-2.80755,-2.50755,-1.50755,-1.00755,-0.50755006
3.3924499,2.49245,1.99245,1.1924499,1.1924499,1.0924499,0.99244994,-1.20755,-1.8075501,-1.00755,-0.30755004,0.19244996,0.19244996,1.29245,1.6924499,1.39245,0.6924499,-0.30755004,-1.70755,-2.00755,-1.10755,-1.60755,-0.8075501,-1.50755,-1.10755,-2.40755,-3.40755,-1.00755,0.6924499,2.09245,2.09245,2.99245,3.59245,4.89245,4.39245,3.79245,3.49245,4.09245,5.09245,3.59245,1.79245,1.99245,-2.1075501,-2.90755,-1.8075501,-1.20755,-1.3075501,-1.9075501,-2.30755,-3.20755,-2.70755,-2.00755,-1.50755,-1.8075501,-3.30755,-2.20755,-1.8075501,-1.3075501,-0.60755,-0.30755004,-0.0075500486,0.09244995
2.49245,2.3924499,1.39245,1.79245,1.99245,2.3924499,1.0924499,-1.10755,-1.50755,-1.60755,-1.00755,-0.50755006,1.29245,1.79245,3.99245,2.09245,0.29244995,-0.40755004,-1.50755,-1.70755,-1.4075501,-2.70755,-2.90755,-3.6075501,-2.1075501,-1.9075501,-2.50755,-1.00755,-0.0075500486,0.59244996,1.5924499,2.69245,3.79245,5.19245,4.69245,3.49245,2.99245,2.99245,0.09244995,2.29245,2.29245,0.79244995,-1.20755,-2.30755,-2.80755,-2.70755,-2.1075501,-1.70755,-2.50755,-3.40755,-2.40755,-2.00755,-1.3075501,-1.8075501,-2.90755,-1.70755,-0.20755005,0.39244995,-0.40755004,0.49244994,0.29244995,2.09245
3.79245,3.29245,2.79245,2.29245,2.3924499,2.99245,1.79245,0.49244994,-0.70755005,-2.1075501,-1.3075501,0.59244996,1.39245,1.6924499,1.1924499,-0.8075501,0.59244996,-0.0075500486,-1.4075501,-2.40755,-3.00755,-3.80755,-3.30755,-2.50755,-1.4075501,-1.50755,-1.8075501,-1.00755,-1.00755,0.39244995,1.1924499,2.09245,3.8924499,5.39245,4.19245,3.49245,3.19245,2.69245,1.39245,1.79245,2.59245,2.79245,1.0924499,0.59244996,0.09244995,-1.8075501,-2.30755,-2.50755,-2.50755,-2.1075501,-1.9075501,-1.8075501,-1.3075501,-1.8075501,-3.80755,-1.50755,-0.0075500486,0.09244995,1.29245,1.1924499,0.89245,1.39245
3.59245,2.59245,2.19245,2.3924499,3.69245,3.8924499,1.89245,0.59244996,-1.60755,-0.10755005,-0.90755004,0.09244995,0.6924499,-0.90755004,-2.20755,-1.00755,-0.40755004,0.29244995,-2.00755,-1.4075501,-3.20755,-3.20755,-2.30755,-1.3075501,-2.30755,-2.70755,-1.4075501,-1.20755,-0.50755006,1.89245,1.0924499,1.1924499,3.8924499,4.19245,4.59245,3.69245,3.59245,2.8924499,2.09245,1.1924499,1.1924499,1.99245,1.6924499,1.6924499,1.5924499,0.89245,-0.20755005,-2.30755,-2.6075501,-2.90755,-1.60755,-0.70755005,-1.3075501,-0.70755005,-3.50755,-2.00755,-0.0075500486,-0.0075500486,-1.00755,0.59244996,0.59244996,1.6924499
2.8924499,1.79245,3.09245,2.99245,2.99245,3.3924499,3.49245,-1.4075501,0.09244995,-2.20755,-3.80755,-2.30755,-4.70755,-4.20755,-3.80755,-3.70755,-1.60755,-2.70755,-2.20755,-2.50755,-3.20755,-0.10755005,-2.6075501,-2.1075501,-2.1075501,-2.00755,-1.4075501,-1.4075501,0.99244994,0.59244996,-0.10755005,0.39244995,3.99245,4.09245,4.4924498,4.29245,0.79244995,1.0924499,3.19245,1.29245,1.39245,0.49244994,0.6924499,0.79244995,1.0924499,1.0924499,1.0924499,0.19244996,-1.60755,-2.6075501,-2.30755,-1.50755,-0.40755004,-0.20755005,-1.70755,-2.40755,-0.10755005,-2.20755,-2.90755,1.5924499,2.29245,3.99245
