public/data/weather/2019/09/30/0000-wind-surface-level-gfs-1.0.json
{"header": { "discipline":0, "disciplineName":"Meteorological products", "gribEdition":2, "gribLength":78138, "center":7, "centerName":"US National Weather Service - NCEP(WMC)", "subcenter":0, "refTime":"2019-09-30T00:00:00.000Z", "significanceOfRT":1, "significanceOfRTName":"Start of forecast", "productStatus":0, "productStatusName":"Operational products", "productType":1, "productTypeName":"Forecast products", "productDefinitionTemplate":0, "productDefinitionTemplateName":"Analysis/forecast at horizontal level/layer at a point in time", "parameterCategory":2, "parameterCategoryName":"Momentum", "parameterNumber":2, "parameterNumberName":"U-component_of_wind", "parameterUnit":"m.s-1", "genProcessType":2, "genProcessTypeName":"Forecast", "forecastTime":0, "surface1Type":103, "surface1TypeName":"Specified height level above ground", "surface1Value":10.0, "surface2Type":255, "surface2TypeName":"Missing", "surface2Value":0.0, "gridDefinitionTemplate":0, "gridDefinitionTemplateName":"Latitude_Longitude", "numberPoints":65160, "shape":6, "shapeName":"Earth spherical with radius of 6,371,229.0 m", "gridUnits":"degrees", "resolution":48, "winds":"true", "scanMode":0, "nx":360, "ny":181, "basicAngle":0, "lo1":0.0, "la1":90.0, "lo2":359.0, "la2":-90.0, "dx":1.0, "dy":1.0 }, "data":
[rows 0 to 25 of 181, columns 174 to 231 of 360]
1.860315,1.7703149,1.6703149,1.580315,1.490315,1.3903149,1.3003149,1.200315,1.110315,1.010315,0.92031497,0.82031494,0.7203149,0.63031495,0.5303149,0.43031493,0.34031495,0.24031495,0.14031494,0.040314943,-0.049685057,-0.14968506,-0.24968506,-0.34968507,-0.43968505,-0.5396851,-0.63968503,-0.72968507,-0.82968503,-0.92968506,-1.019685,-1.119685,-1.2096851,-1.3096851,-1.399685,-1.499685,-1.5896851,-1.6796851,-1.779685,-1.869685,-1.9596851,-2.049685,-2.1396852,-2.229685,-2.319685,-2.4096851,-2.499685,-2.579685,-2.6696851,-2.749685,-2.839685,-2.9196851,-2.999685,-3.089685,-3.1696851,-3.249685,-3.329685,-3.3996851
1.0303149,0.95031494,0.87031496,0.7903149,0.7103149,0.63031495,0.5403149,0.47031495,0.38031495,0.31031495,0.22031493,0.15031494,0.070314944,-0.009685058,-0.08968506,-0.16968507,-0.24968506,-0.32968506,-0.39968506,-0.47968507,-0.55968505,-0.63968503,-0.7196851,-0.79968506,-0.87968504,-0.9596851,-1.039685,-1.129685,-1.2096851,-1.299685,-1.379685,-1.4696851,-1.539685,-1.619685,-1.6996851,-1.769685,-1.8496851,-1.9296851,-2.009685,-2.079685,-2.1596851,-2.229685,-2.309685,-2.3796852,-2.449685,-2.519685,-2.589685,-2.6696851,-2.729685,-2.809685,-2.8796852,-2.949685,-3.039685,-3.1296852,-3.209685,-3.299685,-3.3896852,-3.479685
0.030314941,0.010314941,-0.009685058,-0.009685058,-0.009685058,-0.019685058,-0.019685058,-0.029685058,-0.03968506,-0.049685057,-0.06968506,-0.109685056,-0.14968506,-0.19968505,-0.25968507,-0.32968506,-0.40968505,-0.48968506,-0.55968505,-0.62968504,-0.69968504,-0.76968503,-0.8396851,-0.9096851,-0.97968507,-1.0596851,-1.129685,-1.2096851,-1.279685,-1.369685,-1.4496851,-1.519685,-1.5896851,-1.659685,-1.749685,-1.8196851,-1.889685,-1.9696851,-2.029685,-2.099685,-2.1696851,-2.249685,-2.319685,-2.3996851,-2.479685,-2.569685,-2.6596851,-2.759685,-2.849685,-2.939685,-3.029685,-3.1196852,-3.199685,-3.289685,-3.3696852,-3.429685,-3.499685,-3.579685
-0.92968506,-0.97968507,-1.039685,-1.0696851,-1.0796851,-1.0996851,-1.119685,-1.139685,-1.169685,-1.2096851,-1.249685,-1.3096851,-1.369685,-1.4396851,-1.519685,-1.5896851,-1.629685,-1.669685,-1.6896851,-1.6896851,-1.6896851,-1.7096851,-1.7196851,-1.7096851,-1.6996851,-1.6796851,-1.659685,-1.659685,-1.6796851,-1.7096851,-1.749685,-1.789685,-1.8296851,-1.8596851,-1.879685,-1.879685,-1.879685,-1.889685,-1.909685,-1.9496851,-1.999685,-2.059685,-2.1696851,-2.289685,-2.4096851,-2.549685,-2.6696851,-2.799685,-2.9196851,-3.009685,-3.089685,-3.1396852,-3.1396852,-3.1296852,-3.109685,-3.089685,-3.089685,-3.1196852
-1.5696851,-1.5696851,-1.5696851,-1.5596851,-1.529685,-1.519685,-1.509685,-1.529685,-1.549685,-1.5896851,-1.639685,-1.6796851,-1.7096851,-1.739685,-1.759685,-1.7296851,-1.6796851,-1.649685,-1.649685,-1.659685,-1.6796851,-1.6896851,-1.6796851,-1.669685,-1.659685,-1.659685,-1.649685,-1.669685,-1.6996851,-1.7296851,-1.759685,-1.739685,-1.6896851,-1.639685,-1.6096851,-1.5696851,-1.529685,-1.499685,-1.489685,-1.519685,-1.5896851,-1.649685,-1.7296851,-1.789685,-1.8196851,-1.8596851,-1.9396851,-2.029685,-2.1296852,-2.219685,-2.289685,-2.349685,-2.4096851,-2.449685,-2.449685,-2.429685,-2.3996851,-2.3696852
-2.1696851,-2.209685,-2.289685,-2.3796852,-2.459685,-2.509685,-2.539685,-2.539685,-2.559685,-2.569685,-2.6396852,-2.559685,-2.469685,-2.429685,-2.3696852,-2.279685,-2.1696851,-2.1396852,-2.179685,-2.209685,-2.1696851,-2.1496851,-2.1696851,-2.219685,-2.1696851,-2.1596851,-2.1496851,-2.109685,-2.089685,-2.059685,-1.9596851,-1.8596851,-1.8496851,-1.889685,-2.019685,-2.239685,-2.259685,-2.179685,-2.189685,-2.239685,-2.299685,-2.349685,-2.299685,-2.249685,-2.229685,-2.259685,-2.289685,-2.319685,-2.359685,-2.3996851,-2.459685,-2.509685,-2.559685,-2.549685,-2.519685,-2.509685,-2.519685,-2.529685
-2.779685,-2.979685,-3.069685,-3.109685,-3.1696851,-3.1396852,-3.1496851,-3.189685,-3.199685,-3.109685,-2.969685,-2.8696852,-2.829685,-2.829685,-2.799685,-2.8696852,-2.939685,-2.959685,-2.929685,-2.8796852,-2.729685,-2.549685,-2.539685,-2.529685,-2.569685,-2.509685,-2.3696852,-2.279685,-2.249685,-2.179685,-2.099685,-2.039685,-2.029685,-2.019685,-2.039685,-2.099685,-2.189685,-2.309685,-2.4196851,-2.519685,-2.589685,-2.6296852,-2.6396852,-2.6496851,-2.679685,-2.709685,-2.759685,-2.789685,-2.789685,-2.769685,-2.759685,-2.759685,-2.809685,-2.8796852,-2.9196851,-2.939685,-2.989685,-3.069685
-2.499685,-2.6696851,-2.9196851,-3.1396852,-3.549685,-3.529685,-3.299685,-3.099685,-2.929685,-2.769685,-2.779685,-2.839685,-2.819685,-2.779685,-2.769685,-2.6696851,-2.599685,-2.529685,-2.349685,-2.289685,-2.1196852,-1.9596851,-1.879685,-1.739685,-1.779685,-1.9296851,-2.069685,-2.1296852,-2.1496851,-2.1496851,-1.9696851,-1.8496851,-1.769685,-1.7196851,-1.6896851,-1.8196851,-2.029685,-2.319685,-2.3696852,-2.319685,-2.309685,-2.339685,-2.4196851,-2.519685,-2.609685,-2.749685,-2.729685,-2.6596851,-2.6496851,-2.729685,-2.789685,-2.819685,-2.9196851,-3.069685,-3.219685,-3.249685,-3.279685,-3.3696852
-2.499685,-2.6296852,-2.6496851,-2.449685,-2.4096851,-2.3996851,-2.479685,-2.499685,-2.439685,-2.529685,-2.509685,-2.3696852,-2.3896852,-2.269685,-2.1696851,-2.049685,-1.9796851,-1.9796851,-1.799685,-1.649685,-1.519685,-1.419685,-1.389685,-1.369685,-1.2196851,-1.0996851,-1.119685,-1.1996851,-1.159685,-1.169685,-1.2296851,-1.269685,-1.3196851,-1.5696851,-1.629685,-1.409685,-1.249685,-1.1996851,-1.169685,-1.139685,-1.129685,-1.239685,-1.4496851,-1.619685,-1.6796851,-1.7096851,-1.789685,-1.989685,-2.229685,-2.429685,-2.579685,-2.709685,-2.969685,-3.1696851,-3.1596851,-3.1396852,-3.239685,-3.4196851
-4.7696853,-4.2896852,-3.8996851,-3.799685,-3.729685,-3.6296852,-3.549685,-3.469685,-3.4096851,-3.339685,-3.249685,-3.179685,-3.089685,-2.979685,-2.8896852,-2.759685,-2.6296852,-2.509685,-2.3896852,-2.289685,-2.1496851,-2.019685,-1.899685,-1.7296851,-1.499685,-1.239685,-0.97968507,-0.73968506,-0.55968505,-0.36968505,-0.16968507,0.030314941,0.17031494,0.26031494,0.27031493,0.22031493,0.070314944,-0.15968506,-0.20968506,-0.13968506,-0.08968506,0.020314941,0.24031495,0.49031493,0.58031493,0.42031494,0.12031494,-0.11968506,-0.37968504,-0.8996851,-1.4596851,-1.739685,-1.9596851,-2.479685,-2.929685,-3.199685,-3.529685,-4.069685
-6.339685,-6.329685,-6.299685,-6.209685,-6.159685,-6.139685,-6.029685,-5.859685,-5.719685,-5.599685,-5.429685,-5.2496853,-5.069685,-4.899685,-4.7496853,-4.599685,-4.429685,-4.279685,-4.159685,-4.009685,-3.839685,-3.609685,-3.289685,-2.959685,-2.6396852,-2.3696852,-2.1296852,-1.919685,-1.659685,-1.399685,-1.149685,-0.8496851,-0.60968506,-0.38968506,-0.19968505,-0.08968506,0.100314945,0.34031495,0.57031494,0.77031493,0.82031494,0.95031494,1.130315,1.3103149,1.6403149,1.9303149,1.9303149,1.880315,1.880315,1.870315,1.5703149,1.1403149,1.080315,1.230315,1.080315,0.45031494,-0.55968505,-1.669685
-8.109685,-8.159685,-8.199685,-8.209685,-8.249685,-8.229685,-8.169685,-8.119685,-8.159685,-8.179685,-8.109685,-8.0496855,-7.909685,-7.839685,-7.699685,-7.5396852,-7.209685,-6.989685,-6.489685,-6.2696853,-6.049685,-5.7896852,-5.629685,-5.2696853,-4.669685,-4.0196853,-3.729685,-3.549685,-3.319685,-3.049685,-2.6396852,-2.179685,-1.739685,-1.4396851,-1.139685,-0.72968507,-0.33968505,0.030314941,0.11031494,0.25031495,0.76031494,1.120315,1.1703149,1.230315,1.4303149,1.6903149,2.010315,2.240315,2.500315,2.750315,2.8703148,2.730315,2.510315,2.480315,2.390315,2.1203148,1.870315,1.500315
-8.989685,-9.109685,-9.209685,-9.349685,-9.389685,-9.249685,-9.229685,-9.689685,-10.669685,-9.729685,-9.399685,-9.519685,-10.029685,-10.229685,-10.269685,-10.149685,-11.389685,-10.939685,-9.619685,-9.399685,-9.229685,-9.029685,-8.5096855,-8.779685,-8.819685,-8.209685,-7.4996853,-6.739685,-5.719685,-5.079685,-4.119685,-3.569685,-3.199685,-2.8996851,-2.6296852,-2.219685,-1.8596851,-1.399685,-1.039685,-0.6596851,-0.14968506,0.23031494,0.5403149,0.8403149,1.200315,1.5503149,1.8203149,1.950315,1.9203149,2.070315,2.3603148,2.540315,2.660315,2.5903149,2.410315,2.150315,2.050315,1.7903149
-7.989685,-8.399685,-9.019685,-9.209685,-8.969685,-8.889685,-8.719685,-8.599685,-8.439685,-8.679685,-8.629685,-8.639685,-8.929685,-9.069685,-9.389685,-10.099685,-10.249685,-10.5496855,-11.249685,-11.669685,-11.649685,-12.199685,-12.419685,-11.499685,-10.559685,-10.179685,-9.729685,-8.929685,-8.319685,-7.869685,-7.439685,-6.939685,-6.419685,-5.689685,-4.889685,-4.399685,-3.989685,-3.769685,-3.079685,-2.349685,-1.749685,-1.289685,-1.049685,-0.5996851,-0.09968506,0.24031495,0.56031495,0.88031495,1.2703149,1.6603149,1.6503149,1.6603149,1.590315,1.5303149,1.330315,1.220315,0.98031497,0.8503149
-6.449685,-6.199685,-6.0396852,-5.459685,-5.069685,-4.849685,-4.489685,-4.379685,-4.919685,-4.869685,-4.299685,-4.319685,-4.469685,-4.279685,-4.689685,-5.139685,-5.219685,-5.439685,-5.219685,-5.119685,-5.409685,-6.329685,-7.569685,-8.779685,-9.449685,-10.319685,-10.809685,-10.749685,-10.089685,-9.379685,-9.2596855,-8.709685,-7.7496853,-7.059685,-6.559685,-6.279685,-6.079685,-5.489685,-4.7696853,-3.989685,-3.489685,-3.349685,-3.359685,-2.729685,-2.069685,-1.7096851,-1.3096851,-0.8996851,-0.44968507,-0.25968507,0.040314943,0.19031495,0.30031493,0.44031495,0.55031496,0.58031493,0.56031495,0.29031494
-5.119685,-5.029685,-5.179685,-5.109685,-5.389685,-5.819685,-5.869685,-5.569685,-4.479685,-3.6696851,-3.049685,-3.199685,-3.1296852,-2.829685,-3.4196851,-3.539685,-3.6396852,-3.339685,-3.289685,-3.679685,-3.229685,-3.4096851,-3.999685,-4.959685,-5.879685,-6.609685,-7.879685,-8.069685,-8.899685,-9.469685,-9.589685,-9.7996855,-9.449685,-8.679685,-8.319685,-8.319685,-7.869685,-7.159685,-6.509685,-6.0196853,-5.479685,-5.009685,-4.589685,-4.0396852,-3.749685,-3.579685,-3.349685,-2.729685,-2.299685,-1.8496851,-1.629685,-1.3396851,-1.1096851,-0.86968505,-0.68968505,-0.50968504,-0.33968505,-0.36968505
-4.119685,-3.8796852,-3.9196851,-3.3896852,-2.4196851,-1.3396851,-0.66968507,0.28031495,-0.049685057,-2.049685,-3.799685,-3.479685,-2.499685,-1.169685,-0.7896851,-1.6096851,-2.749685,-3.049685,-3.299685,-3.569685,-3.1696851,-3.519685,-3.809685,-4.579685,-5.129685,-5.989685,-6.7696853,-6.719685,-7.109685,-7.859685,-8.789685,-9.419685,-9.179685,-8.949685,-8.669685,-9.039685,-9.149685,-9.119685,-8.939685,-8.449685,-7.969685,-7.239685,-6.419685,-6.069685,-5.809685,-5.549685,-5.359685,-5.209685,-4.929685,-4.579685,-4.279685,-3.8896852,-3.539685,-2.929685,-2.1596851,-1.919685,-1.759685,-1.639685
1.630315,1.1403149,1.5703149,0.8403149,0.75031495,1.2703149,1.7803149,2.210315,2.6003149,3.030315,3.420315,4.420315,0.5303149,-1.289685,-1.0796851,-0.03968506,-0.5996851,-1.3496851,-1.279685,-2.219685,-2.989685,-3.959685,-3.859685,-4.349685,-5.099685,-5.209685,-5.819685,-6.259685,-6.5196853,-6.899685,-6.7496853,-6.859685,-7.279685,-7.369685,-7.209685,-7.109685,-7.069685,-7.2696853,-7.609685,-7.389685,-7.0196853,-6.809685,-6.599685,-6.669685,-6.559685,-6.389685,-5.869685,-5.679685,-5.5196853,-4.909685,-4.159685,-3.719685,-3.1296852,-2.249685,-1.2196851,-0.43968505,0.08031494,0.83031493
6.360315,6.470315,6.050315,6.130315,5.940315,5.770315,5.060315,5.030315,4.910315,4.330315,3.540315,4.140315,4.030315,1.990315,-0.86968505,-1.299685,-2.049685,-1.1796851,-1.8296851,-1.8196851,-2.739685,-2.789685,-2.849685,-3.709685,-4.7496853,-5.799685,-6.0396852,-6.429685,-6.719685,-6.859685,-6.659685,-6.639685,-6.959685,-6.949685,-6.899685,-7.0196853,-6.299685,-6.109685,-5.969685,-5.929685,-5.969685,-5.949685,-5.809685,-5.489685,-4.849685,-4.369685,-3.8696852,-3.079685,-2.179685,-1.769685,-1.659685,-1.3296851,-1.029685,-0.22968505,0.25031495,0.6503149,1.5503149,2.530315
12.170315,12.040315,11.010315,10.120315,9.330315,7.440315,5.270315,3.290315,2.430315,2.500315,2.3503149,2.780315,3.770315,4.050315,3.780315,1.0703149,-1.489685,-2.8796852,-3.509685,-3.9196851,-5.229685,-4.669685,-4.559685,-3.8796852,-4.7496853,-5.719685,-7.2496853,-8.159685,-8.359685,-7.559685,-8.219685,-8.639685,-9.7996855,-10.069685,-10.499685,-9.959685,-9.209685,-8.609685,-8.679685,-8.639685,-8.179685,-7.809685,-7.569685,-7.479685,-7.309685,-7.029685,-6.719685,-6.459685,-5.849685,-5.079685,-4.159685,-3.019685,-1.5796851,-0.27968505,0.80031496,1.750315,2.650315,2.960315
3.710315,5.080315,6.060315,7.790315,8.530315,8.840315,9.130315,9.280315,8.970315,7.9603148,7.440315,7.350315,7.110315,5.780315,4.5003147,1.5503149,-0.22968505,0.21031494,-2.3696852,-3.859685,-3.599685,-3.849685,-5.399685,-5.059685,-2.339685,-2.569685,-3.209685,-3.949685,-4.109685,-4.159685,-4.459685,-4.559685,-5.029685,-4.589685,-4.219685,-4.399685,-4.459685,-3.309685,-2.479685,-2.099685,-3.1596851,-5.329685,-5.299685,-5.819685,-6.9996853,-6.949685,-6.819685,-7.459685,-6.859685,-5.979685,-4.989685,-4.729685,-4.0396852,-3.359685,-2.239685,-1.6796851,-0.7896851,-0.73968506
0.83031493,0.82031494,1.4003149,0.74031496,1.5203149,1.090315,3.170315,5.270315,5.100315,4.530315,3.820315,3.8803148,4.040315,3.980315,1.830315,0.32031494,-0.41968507,-0.73968506,-1.8096851,-1.789685,-2.6496851,-3.719685,-2.019685,-0.8996851,-1.049685,-1.4596851,-1.9296851,-1.149685,-1.009685,-0.76968503,-0.55968505,-0.5996851,-1.299685,-1.169685,-1.7196851,-0.97968507,-2.739685,-2.8896852,-2.559685,-2.229685,-1.8396851,-1.119685,0.22031493,1.360315,-0.48968506,1.000315,1.6503149,3.060315,0.35031494,-0.8996851,-3.819685,-1.899685,-1.779685,-1.879685,-1.799685,-1.4796851,-1.6096851,-0.56968504
0.070314944,0.21031494,0.05031494,0.9603149,0.88031495,1.130315,-0.94968504,-0.45968506,1.5203149,2.540315,2.770315,3.3403149,3.980315,3.290315,2.0803149,0.7903149,0.46031493,-0.17968506,-0.6596851,-0.94968504,-1.539685,-0.69968504,-0.16968507,-0.5996851,-1.899685,-1.379685,-1.489685,-1.139685,-3.1496851,-1.739685,-1.1896851,-1.649685,-1.529685,-1.2296851,-0.56968504,-2.039685,-1.509685,-1.9796851,-1.279685,-1.149685,-1.009685,-1.3196851,-1.259685,-0.73968506,1.0303149,-0.21968506,0.030314941,0.05031494,-0.35968506,1.240315,2.240315,-0.45968506,-1.2296851,-1.669685,-1.5996851,-0.9096851,-0.55968505,-0.5996851
0.030314941,1.080315,1.4003149,1.4203149,1.4403149,0.45031494,-1.4296851,-1.739685,-0.92968506,1.3903149,1.850315,3.550315,3.660315,2.530315,3.670315,4.310315,3.230315,0.75031495,0.070314944,-1.919685,-2.449685,-3.299685,-4.569685,-5.339685,-5.229685,-1.8396851,-2.779685,-4.099685,-2.829685,-2.799685,-2.039685,-1.4296851,-1.2196851,-1.409685,-0.73968506,-1.909685,-2.009685,-1.399685,-0.7196851,-1.2296851,-1.409685,-2.019685,-1.269685,-1.239685,-0.36968505,-0.33968505,0.08031494,3.149414E-4,-0.5996851,-0.6496851,2.290315,1.9003149,0.75031495,0.61031497,-1.159685,0.15031494,-0.34968507,-1.4296851
-1.169685,2.3303149,1.5203149,2.050315,1.580315,1.610315,0.81031495,-2.279685,-1.9696851,-1.0596851,0.070314944,1.700315,1.3203149,2.540315,1.750315,2.650315,2.6003149,5.7303147,3.470315,2.000315,2.390315,2.920315,0.6503149,-0.15968506,-0.12968506,-2.099685,-1.669685,-1.3096851,-4.009685,-4.199685,-3.499685,-1.8096851,-2.6696851,-0.8396851,-1.019685,-2.329685,-0.72968507,-0.62968504,-1.0696851,-1.039685,-0.5996851,-0.39968506,-1.029685,-1.4396851,-1.0996851,-1.3296851,0.08031494,1.4303149,0.05031494,-0.91968507,-1.6096851,1.4003149,1.0203149,1.1903149,2.050315,1.9303149,-1.419685,-2.289685
4.0003147,5.2503147,5.9603148,5.280315,4.130315,4.070315,3.510315,2.810315,2.810315,2.390315,2.6103148,1.250315,0.55031496,2.0903149,3.310315,5.190315,3.460315,4.910315,5.7303147,3.1203148,0.40031493,-0.009685058,-1.2096851,-0.79968506,-0.68968505,-1.779685,-1.409685,-1.1796851,-0.26968506,-1.2296851,-1.039685,-1.6796851,-1.299685,-1.919685,-2.6496851,-1.8096851,-0.8396851,0.33031493,-0.85968506,-0.7896851,0.30031493,-0.28968507,0.74031496,0.49031493,-1.119685,-0.87968504,0.46031493,1.4403149,0.23031494,-0.7196851,0.57031494,0.37031496,-0.68968505,0.5903149,2.310315,1.090315,1.480315,1.880315
