public/data/weather/2019/09/30/0000-wind-surface-level-gfs-1.0.json
{"header": { "discipline":0, "disciplineName":"Meteorological products", "gribEdition":2, "gribLength":78288, "center":7, "centerName":"US National Weather Service - NCEP(WMC)", "subcenter":0, "refTime":"2019-09-30T00:00:00.000Z", "significanceOfRT":1, "significanceOfRTName":"Start of forecast", "productStatus":0, "productStatusName":"Operational products", "productType":1, "productTypeName":"Forecast products", "productDefinitionTemplate":0, "productDefinitionTemplateName":"Analysis/forecast at horizontal level/layer at a point in time", "parameterCategory":2, "parameterCategoryName":"Momentum", "parameterNumber":3, "parameterNumberName":"V-component_of_wind", "parameterUnit":"m.s-1", "genProcessType":2, "genProcessTypeName":"Forecast", "forecastTime":0, "surface1Type":103, "surface1TypeName":"Specified height level above ground", "surface1Value":10.0, "surface2Type":255, "surface2TypeName":"Missing", "surface2Value":0.0, "gridDefinitionTemplate":0, "gridDefinitionTemplateName":"Latitude_Longitude", "numberPoints":65160, "shape":6, "shapeName":"Earth spherical with radius of 6,371,229.0 m", "gridUnits":"degrees", "resolution":48, "winds":"true", "scanMode":0, "nx":360, "ny":181, "basicAngle":0, "lo1":0.0, "la1":90.0, "lo2":359.0, "la2":-90.0, "dx":1.0, "dy":1.0 }, "data":
[rows 78 to 103 of 181, columns 58 to 115 of 360]
3.0793993,1.5193994,-0.5306006,0.7493994,0.7893994,1.5293994,0.36939943,-0.9906006,-1.3906006,-2.3106005,-2.0306005,-1.6206006,-2.2606006,-2.7506006,-2.7706006,-3.8106005,-5.6406007,-5.8506007,-0.52060056,0.6893994,-0.9106006,-0.9706006,1.7993994,0.6293994,1.2493994,-0.89060056,-1.0106006,0.12939942,-0.3506006,-1.4806006,-1.9406006,-1.7106006,-2.2306006,-2.7106006,-2.1706007,-3.4706006,-4.8806005,-5.3106008,-4.3106008,-4.1406007,-3.9906006,-0.070600584,-0.6606006,0.019399414,0.5093994,-0.8506006,-0.28060058,-0.5506006,-0.020600585,0.15939942,-0.0106005855,-0.7406006,-7.4406004,-6.6406007,-6.1006007,-4.7606006,-1.4806006,-0.3906006
3.2693994,1.6893994,3.5193994,2.5093994,2.1893995,1.1893994,0.28939942,-0.1706006,-1.5406005,-1.6806006,-1.8406006,-2.2606006,-2.5406005,-2.1006005,-1.8006005,-2.8806007,-2.9706006,-4.3206005,0.97939944,-1.5106006,1.5293994,-1.7706006,0.06939942,-0.13060059,-0.4906006,-0.57060057,1.0493994,1.4993994,0.9093994,0.5093994,0.54939944,-1.8406006,-2.5506005,-4.1706004,-1.3106006,-2.9306006,-4.6806006,-5.2806005,-5.6006007,-4.7806005,-3.3006005,-0.08060059,-0.22060059,0.9393994,1.1393994,-0.6206006,-0.1706006,1.1493994,0.9093994,-1.1006006,-0.6206006,-4.6106005,-6.6306005,-6.0106006,-4.5306005,-2.9906006,-1.7406006,-0.6306006
2.8693993,2.3293993,2.6493995,2.5793993,1.2893994,0.2693994,0.009399414,-1.0206006,-1.6806006,-1.0506005,-1.3906006,-1.2306006,-1.0306005,-0.7306006,-1.1906006,-2.6006005,-0.9206006,-3.7006006,1.4093994,-0.64060056,-0.4206006,0.22939941,1.6693994,0.2593994,1.2893994,4.6093993,2.8193994,2.7593994,0.5893994,-0.070600584,-1.0806006,-1.8506006,-2.5006006,-2.8606005,-3.6606007,-4.0506005,-4.0106006,-4.6206007,-5.3706007,-2.7706006,-2.7806005,-0.64060056,0.109399416,-0.31060058,0.5793994,-0.18060058,0.9693994,0.79939944,0.029399414,1.8593994,-2.3706007,-5.1106005,-5.1806006,-4.520601,-3.2506006,-2.9306006,-0.8706006,0.9693994
3.8893995,2.3593993,1.7993994,1.3893994,0.7693994,0.5993994,0.33939943,-0.5906006,-0.6106006,-1.3106006,-1.4006006,-1.5306005,-1.3306006,-1.5906006,-1.9906006,-2.1606007,-3.0306005,-3.4006007,0.4893994,0.019399414,1.3393995,3.8893995,1.4893994,3.9093995,4.4093995,3.6893995,3.4393995,1.6893994,0.98939943,-0.09060059,-1.6106006,-2.2506006,-1.8006005,-2.1106005,-1.9506006,-2.3006005,-2.7506006,-4.0606008,-4.8006005,-3.7506006,-1.5406005,-1.1006006,-0.47060058,-0.5306006,0.109399416,1.2593994,0.36939943,-0.6006006,0.4893994,-0.9106006,-2.4706006,-3.9006007,-4.500601,-4.4806004,-3.6606007,-1.5606006,-0.050600585,2.0593994
1.2693994,0.7093994,0.14939941,-0.6906006,-0.16060059,-0.4506006,-0.11060058,-1.9606006,-1.8106006,-1.1306006,-1.3606006,-1.6806006,-2.1906006,-2.3806007,-3.3206005,-4.0606008,-2.7406006,-3.2906005,1.7393994,3.1193993,-1.2806005,-0.22060059,-0.19060059,0.37939942,3.2993994,2.1493995,1.8593994,0.8993994,-0.08060059,-1.4706006,-1.7006006,-3.0106006,-2.0406005,-1.2106006,-1.4206005,-1.7006006,-1.7606006,-2.6306007,-1.6906006,0.49939942,1.5993994,-1.7306006,-1.3206006,0.2693994,1.0493994,1.2993994,0.8893994,0.5593994,-0.8406006,-1.1906006,-2.0006006,-2.1106005,-3.6806006,-1.8306006,1.7393994,1.8393995,1.1993995,0.46939942
1.4793994,0.4793994,0.28939942,-0.41060057,-0.41060057,-0.8506006,-1.0906006,0.21939941,0.4493994,-0.9606006,-1.4906006,-1.4906006,-2.3006005,-2.6206007,-1.0806006,-3.8306005,-5.1706004,-0.6906006,3.6993995,2.4593995,1.6793994,4.7193995,0.4293994,1.6193994,1.9493995,0.18939942,-0.030600585,0.7193994,-0.44060057,-1.7906005,-2.4506006,-2.6806006,-2.7806005,-1.7806005,-1.1406006,-0.70060056,-0.6106006,0.23939942,1.1593994,-6.0058595E-4,-2.0506005,-0.040600587,-0.38060057,2.4793994,1.0193994,0.40939942,-6.0058595E-4,0.049399413,0.3593994,0.36939943,-0.2906006,-0.5406006,1.5893995,0.8093994,0.2593994,-0.040600587,0.4193994,-0.6806006
0.20939942,0.24939941,0.029399414,0.049399413,-1.0106006,-1.3706006,-0.7306006,0.5693994,0.34939942,-0.9106006,-1.2906005,-1.8106006,-2.5606005,-2.6006005,-2.3306005,-1.5406005,-0.40060058,2.4393995,3.8993995,1.0893995,2.3093994,4.5593996,0.18939942,-1.4606006,1.6393994,1.1493994,0.6493994,0.9593994,-0.020600585,-1.0406005,-1.2906005,-1.8006005,-2.5006006,-3.1306007,-1.8606006,-0.6306006,0.33939943,3.5293994,0.6193994,-1.6306006,-0.83060056,-1.1306006,-2.5606005,0.54939944,0.8193994,1.0193994,0.4893994,0.6193994,1.3093994,1.2093995,1.1893994,0.8293994,0.17939942,0.109399416,-0.6506006,-1.3406006,-2.0806005,-0.76060057
-0.020600585,0.23939942,-0.3006006,-0.31060058,-0.11060058,-0.11060058,-0.22060059,0.9393994,0.30939943,1.5993994,0.7593994,0.31939942,-2.2106006,-1.1806006,0.98939943,0.029399414,-0.3606006,2.9593995,3.3393993,4.4293995,4.2993994,3.5293994,4.8293996,-6.0058595E-4,2.9393995,4.7993994,1.8293995,1.3193994,0.19939941,-1.3906006,-1.2406006,-0.8506006,-0.7306006,0.049399413,-1.3506006,-0.9006006,1.1093994,2.4593995,0.5693994,1.1293994,0.4493994,-4.020601,-1.4706006,-0.51060057,0.2993994,1.0593994,-0.3606006,0.5193994,0.14939941,-0.51060057,-0.08060059,0.7793994,-0.2706006,-6.0058595E-4,-0.70060056,-0.08060059,0.7793994,2.7393994
0.92939943,-0.4906006,-0.58060056,0.6393994,1.3393995,1.5793995,1.5293994,2.1193993,2.4293995,1.5493994,0.5693994,0.23939942,0.5793994,-0.6006006,1.5193994,-1.5606006,1.6893994,3.2393994,3.3293993,3.6093993,3.6293993,4.5393996,3.7693994,2.2993994,0.8493994,3.1493995,2.5693994,3.2693994,1.4593995,-1.0506005,0.2993994,0.24939941,0.019399414,0.21939941,-0.41060057,1.1793994,1.3093994,0.2593994,-1.5906006,-0.38060057,0.16939941,-0.5006006,-1.4006006,-0.020600585,0.60939944,1.0193994,2.1793995,1.2093995,1.8693994,2.5693994,1.3293995,2.1593995,1.3093994,0.6493994,0.85939944,0.7093994,0.5993994,0.34939942
0.5693994,-0.2706006,-0.37060058,1.2993994,0.5893994,1.1493994,1.5493994,3.1093993,3.1893995,2.5293994,1.0893995,0.2693994,-1.2806005,0.3993994,-0.9606006,1.4693995,1.8493994,2.0793993,3.4993994,4.0193996,4.3693995,4.709399,5.0493994,6.959399,3.7093995,3.5493994,3.7993994,2.7393994,3.1193993,1.6493994,1.3593994,1.6993995,1.2093995,-0.5306006,-0.14060059,1.1793994,-0.08060059,0.15939942,0.17939942,-2.4906006,-0.57060057,0.6993994,3.6793995,1.4493995,0.029399414,0.43939942,-1.5906006,2.3593993,3.0393994,3.7193995,2.5793993,2.1593995,-0.040600587,-0.34060058,2.2993994,-6.0058595E-4,0.13939941,0.4893994
0.30939943,0.9493994,0.8893994,1.1393994,1.2093995,1.4993994,1.8193994,3.1593995,3.0593994,2.2293994,0.6393994,0.029399414,-0.050600585,-1.0506005,-0.41060057,0.19939941,2.2193995,2.9393995,4.2993994,3.7393994,4.4893994,6.0193996,6.459399,9.2294,5.5793996,4.8893995,4.729399,5.2593994,4.7393994,1.5193994,3.6293993,3.0193994,1.0993994,2.7693994,1.8393995,2.7293994,2.2393994,1.8793994,1.1593994,1.7693994,-3.8006005,-0.4206006,0.98939943,1.2793994,3.7693994,-0.7106006,0.67939943,2.3493993,3.3493993,2.2893994,1.5693994,1.3893994,1.6093994,3.0993993,0.16939941,0.009399414,-0.050600585,-0.52060056
1.1493994,0.40939942,1.3893994,1.4793994,0.97939944,2.2593994,3.4493995,3.4193995,3.9393995,2.3793993,-0.41060057,-1.1506006,0.4793994,1.3693994,1.6793994,2.3293993,2.6593995,3.8393993,4.0093994,4.3093996,4.8693995,6.1193995,5.6393995,5.8793993,5.8593993,5.3993993,5.4293995,7.6393995,7.3493996,7.1593995,3.7993994,3.3093994,0.91939944,1.9893994,2.3793993,2.8593993,3.7893994,2.7193995,1.0593994,5.5993996,4.1293993,1.0093994,0.8293994,0.40939942,0.2593994,0.8393994,0.73939943,2.5193994,2.9693995,2.8093994,1.1293994,0.6993994,0.2693994,-0.5606006,0.079399414,-0.34060058,0.5393994,0.19939941
2.6693995,3.4993994,-0.22060059,3.3593993,3.6393995,4.6593995,3.7193995,3.0293994,3.0293994,2.9993994,-1.1006006,0.6493994,1.4393994,0.3293994,0.6393994,1.6293994,3.7093995,4.0893993,4.7393994,4.9893994,6.209399,7.0893993,6.8193994,5.7193995,4.6993995,5.6293993,4.6993995,4.1593995,6.1293993,6.9693995,7.6693993,6.7693996,5.8093996,4.2793994,3.5993993,4.2393994,5.2393994,5.4393992,5.8793993,5.6693993,8.919399,5.8493996,-0.3006006,0.72939944,0.7793994,0.7593994,2.8093994,2.5293994,2.2993994,3.4193995,5.0793996,2.6293993,0.23939942,1.3393995,0.14939941,0.27939942,0.28939942,0.15939942
4.4293995,4.2693996,4.5893993,3.1793995,2.0493994,3.5493994,4.7793994,5.4493995,4.1893992,1.4393994,-0.050600585,-1.0306005,-0.6806006,-0.38060057,0.5293994,1.6593994,3.0793993,4.8293996,4.8593993,5.4693995,5.0293994,4.8293996,5.7793994,5.249399,4.7693996,4.7393994,4.5593996,5.3193994,6.0493994,6.4693995,7.0693994,7.1193995,6.3193994,6.0093994,4.7993994,4.7893996,5.2693996,5.8793993,6.3893995,6.729399,7.9293995,7.1793995,6.979399,1.3693994,1.3293995,1.7893994,3.9393995,6.6393995,4.8293996,5.3593993,4.749399,4.3793993,-0.19060059,-0.18060058,-0.6306006,0.23939942,0.4293994,-0.5406006
4.2393994,3.4993994,2.7393994,3.9193995,3.5193994,3.9093995,5.5293994,4.8093996,2.1893995,2.3493993,1.3493994,0.72939944,-0.9406006,-0.28060058,0.4793994,1.1793994,1.6393994,2.9093995,3.8993995,5.2993994,4.4493995,4.8793993,4.999399,6.1593995,5.1393995,4.8693995,5.3593993,5.5393996,5.8293996,6.1293993,6.1793995,6.4293995,6.9693995,5.9093995,5.0193996,4.9893994,6.0793996,5.3593993,6.0593996,6.0693994,5.9293995,6.1093993,5.729399,0.5793994,0.6893994,0.9393994,1.9093994,6.3893995,1.6893994,5.2193995,5.1693993,4.5093994,1.5293994,0.15939942,0.109399416,0.60939944,1.0093994,0.14939941
3.6793995,3.9593995,3.7593994,2.8093994,3.3193994,4.9493995,4.0793996,3.1793995,1.8093994,2.2193995,1.2793994,0.5093994,-0.13060059,-0.40060058,0.37939942,1.2493994,2.0193994,3.2893994,4.4393992,3.7493994,3.5193994,3.8593993,4.1193995,4.1993995,4.499399,3.7393994,4.6893992,4.7393994,5.2893996,5.6493993,5.9493995,5.729399,5.8493996,5.7993994,5.8293996,5.6993995,5.8693995,5.9493995,6.3093996,6.3593993,6.0293994,5.6593995,5.3693995,4.709399,-0.11060058,1.1593994,1.5893995,1.4593995,3.6393995,5.2193995,1.9793994,6.0693994,5.1193995,1.4393994,2.6093993,3.2193995,2.2293994,1.8693994
4.0893993,4.1993995,3.6593995,3.5993993,2.9293995,2.2993994,2.7993994,2.7093995,1.8593994,0.7693994,0.33939943,0.60939944,0.30939943,0.8093994,0.6893994,1.2393994,1.9993994,2.5893993,2.5493994,2.7393994,2.7493994,3.0593994,3.5093994,3.1993995,3.7093995,4.3893995,3.8193994,4.6693993,4.5693994,4.4893994,4.6693993,4.5193996,4.9193993,4.8193994,4.9693995,5.7893996,5.6893992,5.6593995,5.6493993,5.729399,5.8593993,5.6493993,5.1993995,4.8393993,5.499399,0.31939942,0.8793994,3.4593995,4.7393994,4.1993995,4.1693993,5.0293994,6.0493994,6.5793996,6.8493996,6.479399,5.8993993,2.0193994
2.4793994,3.5393994,3.7593994,3.2393994,2.9093995,2.3893995,1.3193994,2.7893994,1.5693994,-0.7806006,-1.7906005,-1.7306006,0.08939941,-0.030600585,1.1693994,2.0093994,1.8193994,1.0693994,1.7993994,1.7393994,2.3093994,2.8393993,2.6193993,2.8393993,3.0893993,3.0093994,3.6893995,2.9593995,3.2093995,3.7193995,3.7093995,3.9693995,3.5593994,4.1093993,5.1593995,5.5193996,5.8293996,5.5593996,5.1993995,5.4193993,5.7993994,5.1293993,5.2993994,4.8893995,5.2593994,5.5493994,0.15939942,3.6293993,3.5593994,3.5693994,5.4693995,5.3293996,6.0093994,6.2593994,4.5893993,4.8893995,4.749399,5.2993994
3.3793993,3.4193995,3.5093994,3.5493994,3.4893994,3.7593994,3.2993994,2.6093993,1.6793994,1.6393994,0.20939942,1.3193994,0.8293994,1.1093994,1.4093994,0.8093994,0.7493994,0.9393994,1.0293994,1.2493994,1.4693995,1.9493995,1.7793994,1.8793994,1.5593994,1.6593994,2.3493993,2.7793994,2.9093995,2.5893993,2.7193995,3.3793993,3.3593993,3.5193994,3.5693994,3.3793993,4.1993995,4.2393994,4.2793994,4.6293993,4.4893994,4.4493995,4.2793994,4.4393992,4.4893994,4.8493996,4.6793995,3.9093995,0.9593994,1.6793994,4.6093993,6.5793996,4.2893996,5.5393996,4.4293995,3.1293993,3.9693995,6.2693996
3.4993994,3.5193994,3.0893993,3.3593993,3.3493993,3.5593994,3.0993993,2.9093995,2.1893995,-0.3906006,2.9893994,1.0993994,0.14939941,-0.030600585,-0.7206006,-0.030600585,0.5593994,-0.13060059,1.3493994,1.5093994,0.6293994,1.1993995,1.6693994,1.5493994,0.30939943,0.6993994,0.85939944,1.2293994,1.8993994,2.6493995,3.1693995,3.1393995,3.8693993,4.0793996,4.0493994,4.2393994,4.3293996,3.2193995,4.0293994,3.8693993,4.1793995,4.0693994,3.8693993,3.8693993,4.1093993,4.7393994,5.2393994,5.5193996,3.9993994,1.2693994,2.0893993,3.9693995,0.2693994,2.7993994,4.4293995,1.1993995,3.1493995,3.9193995
2.2693994,2.9293995,3.8193994,3.2993994,3.9993994,4.9693995,4.4693995,4.9893994,4.999399,2.9293995,3.1693995,2.3193994,2.8893995,1.5093994,1.1493994,0.30939943,-0.76060057,-0.2606006,-0.4206006,0.7893994,0.5893994,0.5093994,0.08939941,1.2193995,-0.2606006,0.4793994,-0.21060058,-0.2706006,0.34939942,1.3993994,2.1893995,2.5693994,2.5593994,2.9093995,2.8493993,3.8493993,3.5293994,3.5693994,3.5993993,3.7593994,4.3993993,4.0893993,4.0593996,3.4993994,3.5793993,4.1693993,4.2893996,4.6293993,3.1993995,1.4593995,0.08939941,0.8893994,0.5393994,1.9093994,3.9393995,0.8293994,0.9493994,1.8093994
3.0493994,4.3693995,4.979399,5.2993994,6.1193995,5.459399,5.5093994,6.209399,4.7993994,4.7793994,4.0893993,2.5693994,2.4893994,0.7193994,1.7993994,1.1193994,1.0393994,1.4793994,-0.9006006,-0.19060059,-0.19060059,-0.08060059,-0.52060056,0.40939942,-1.3006005,-0.51060057,-0.5906006,0.15939942,0.7593994,0.49939942,0.6893994,1.5193994,1.9193994,2.0693994,2.3593993,2.7693994,2.9893994,3.9393995,4.0493994,4.0293994,3.8793993,4.5293994,3.9893994,3.7493994,3.9293995,4.3493996,3.7793994,3.4093995,3.5793993,2.7193995,2.9093995,2.2093995,2.4293995,2.3293993,2.4693995,1.6693994,1.0893995,2.1993995
4.1993995,5.5193996,6.0293994,6.3693995,5.5993996,5.6993995,4.5293994,5.209399,5.4393992,4.8993993,4.1193995,5.2393994,4.3693995,5.0293994,3.0993993,2.6793995,1.1293994,1.4293994,0.8793994,0.3893994,-1.1606005,-0.9406006,-0.4506006,-1.7906005,-1.6006006,-2.0106006,-0.9706006,-0.76060057,0.18939942,0.029399414,0.43939942,0.8793994,0.9493994,1.7293994,1.9193994,2.2193995,2.7193995,2.8893995,3.5793993,3.0393994,3.6493995,3.7393994,4.0193996,4.2693996,3.0293994,2.5293994,2.7893994,2.5893993,2.6693995,2.7093995,2.5593994,2.1993995,1.7893994,1.3993994,1.8193994,1.8093994,2.5993993,2.2293994
4.1393995,4.479399,3.9293995,4.1993995,3.8993995,4.0293994,4.0493994,3.9093995,3.5393994,4.0393996,5.0293994,4.5693994,4.3893995,4.9393992,4.0393996,2.8193994,2.2093995,1.4393994,1.3993994,1.4393994,-0.7506006,-0.9406006,-1.3106006,-1.3406006,-0.47060058,-2.3706007,-2.4606006,-2.2006006,-1.2706006,-0.020600585,0.7093994,0.109399416,0.9993994,1.3993994,2.1393995,2.3693993,2.3293993,2.4793994,2.5893993,2.6593995,3.0593994,3.1293993,2.3693993,3.0793993,2.7793994,2.5893993,2.1493995,1.8093994,1.9593995,2.1293993,1.7193995,1.6393994,1.8493994,1.8493994,1.8693994,2.1693995,2.4593995,2.7793994
4.8993993,4.1893992,3.7693994,3.4493995,3.8293993,4.2993994,3.7493994,3.5593994,4.3693995,4.0293994,3.9793994,4.2893996,4.1993995,3.6993995,3.1393995,2.4693995,0.9993994,0.7093994,1.3893994,2.1593995,1.5893995,0.5293994,0.12939942,-1.5406005,-0.8106006,-2.9206007,-4.8306007,-3.3206005,-2.3706007,-1.6806006,-0.7406006,0.3993994,1.1693994,1.6293994,1.6093994,1.9393994,2.4693995,2.3493993,3.1193993,2.7093995,2.2693994,2.7893994,2.6693995,2.4293995,2.7793994,2.9593995,2.8293993,2.1993995,1.4893994,2.0893993,2.3593993,2.5993993,2.3093994,1.9093994,2.1293993,2.4293995,2.6093993,2.0893993
2.5693994,3.1193993,3.3693993,3.5393994,3.5693994,3.8393993,3.8593993,4.0793996,3.4693995,3.7893994,3.4593995,3.7893994,3.9693995,3.1893995,2.1093993,1.2893994,0.27939942,-0.040600587,-0.070600584,0.79939944,1.0993994,0.6493994,-0.070600584,-0.9206006,-0.9306006,-1.8406006,-3.5706005,-4.5106006,-3.3406005,-2.2806005,-1.3906006,-0.8106006,-0.43060058,0.11939941,0.43939942,1.6793994,2.5593994,2.2393994,2.6793995,2.7493994,2.4793994,0.5893994,0.6393994,1.0893995,2.6693995,2.5393994,3.6893995,3.3293993,2.7593994,2.1693995,2.0993993,2.3393993,2.3193994,2.6093993,2.4893994,2.3693993,2.5393994,3.0293994
