public/data/weather/2019/09/30/0000-wind-isobaric-1000hPa-gfs-1.0.json
{"header": { "discipline":0, "disciplineName":"Meteorological products", "gribEdition":2, "gribLength":52445, "center":7, "centerName":"US National Weather Service - NCEP(WMC)", "subcenter":0, "refTime":"2019-09-30T00:00:00.000Z", "significanceOfRT":1, "significanceOfRTName":"Start of forecast", "productStatus":0, "productStatusName":"Operational products", "productType":1, "productTypeName":"Forecast products", "productDefinitionTemplate":0, "productDefinitionTemplateName":"Analysis/forecast at horizontal level/layer at a point in time", "parameterCategory":2, "parameterCategoryName":"Momentum", "parameterNumber":2, "parameterNumberName":"U-component_of_wind", "parameterUnit":"m.s-1", "genProcessType":2, "genProcessTypeName":"Forecast", "forecastTime":0, "surface1Type":100, "surface1TypeName":"Isobaric surface", "surface1Value":95000.0, "surface2Type":255, "surface2TypeName":"Missing", "surface2Value":0.0, "gridDefinitionTemplate":0, "gridDefinitionTemplateName":"Latitude_Longitude", "numberPoints":65160, "shape":6, "shapeName":"Earth spherical with radius of 6,371,229.0 m", "gridUnits":"degrees", "resolution":48, "winds":"true", "scanMode":0, "nx":360, "ny":181, "basicAngle":0, "lo1":0.0, "la1":90.0, "lo2":359.0, "la2":-90.0, "dx":1.0, "dy":1.0 }, "data":
[rows 125 to 149 of 181, columns 285 to 341 of 360]
9.795606,8.195605,6.6956053,5.2956057,1.9956055,4.3956056,9.295606,-1.8043945,-0.20439453,1.1956055,-2.5043945,-3.2043946,-2.2043946,-3.8043945,-4.0043945,-2.1043944,-0.7043945,0.19560547,1.0956055,-0.7043945,-0.30439454,-0.10439453,-1.2043946,-2.1043944,-1.3043945,-1.1043946,-1.3043945,-0.80439454,-0.10439453,0.29560548,1.4956055,1.5956055,1.7956054,2.1956055,2.1956055,2.4956055,2.7956054,3.3956056,4.7956057,6.1956053,8.495605,10.795606,12.895605,13.495605,14.995605,16.495605,18.195606,19.395605,20.495605,19.395605,17.095606,16.395605,14.795606,14.595606,12.195605,8.695605,8.595606
8.895605,9.795606,7.5956054,8.995605,3.1956055,5.2956057,9.295606,-1.5043945,-2.6043944,-1.6043946,7.3956056,-2.1043944,3.1956055,-2.7043946,-5.2043943,-2.0043945,1.2956054,1.1956055,1.5956055,0.49560547,1.2956054,0.49560547,-0.0043945312,-0.9043945,0.19560547,0.29560548,0.99560547,0.5956055,1.1956055,1.9956055,2.1956055,2.8956056,2.9956055,3.1956055,3.7956054,3.9956055,3.4956055,3.3956056,4.3956056,6.2956057,7.8956056,10.295606,11.195605,12.395605,14.395605,16.095606,18.295605,20.295605,21.195606,20.795605,16.795605,15.295606,13.595606,13.695605,12.495605,10.095606,7.7956057
10.995605,10.395605,8.295606,7.5956054,4.0956054,5.7956057,13.795606,-0.7043945,-4.9043946,-4.3043947,-3.3043945,-4.8043947,0.39560547,2.0956054,-3.5043945,-2.7043946,-0.40439454,0.5956055,1.5956055,2.7956054,1.9956055,1.0956055,0.49560547,0.69560546,2.5956054,2.5956054,2.7956054,2.2956054,2.6956055,3.2956054,3.8956056,4.2956057,4.8956056,4.4956055,5.1956053,5.3956056,4.6956053,4.3956056,4.9956055,6.5956054,7.1956053,8.395605,9.595606,11.495605,11.995605,13.095606,14.595606,18.895605,21.695606,20.095606,17.395605,13.195605,12.495605,11.995605,11.095606,10.595606,9.195605
12.695605,12.195605,4.4956055,2.0956054,4.8956056,14.595606,19.495605,15.795606,-2.0043945,-1.1043946,-1.3043945,-4.8043947,-7.7043943,-2.9043946,0.49560547,2.2956054,0.69560546,2.9956055,5.1956053,4.3956056,3.6956055,2.1956055,0.89560544,2.3956056,3.8956056,4.2956057,4.1956053,4.4956055,3.9956055,4.8956056,5.3956056,5.3956056,5.8956056,5.9956055,5.1956053,6.6956053,5.7956057,5.4956055,6.0956054,6.6956053,6.5956054,7.3956056,8.695605,9.795606,9.395605,6.9956055,7.7956057,10.195605,13.495605,17.395605,14.095606,9.095606,9.695605,9.595606,10.195605,9.595606,10.295606
14.295606,13.795606,12.995605,3.9956055,2.8956056,14.695605,16.695606,15.295606,13.295606,11.595606,2.4956055,-0.0043945312,-3.5043945,-6.1043944,-2.3043945,0.5956055,3.5956054,2.9956055,4.9956055,5.9956055,5.3956056,3.2956054,2.5956054,4.5956054,4.9956055,6.2956057,6.5956054,7.0956054,6.1956053,6.7956057,6.8956056,6.7956057,6.3956056,6.4956055,6.1956053,6.6956053,5.5956054,5.4956055,6.1956053,6.6956053,6.4956055,6.8956056,8.095606,7.7956057,6.3956056,4.9956055,3.9956055,2.8956056,4.4956055,7.9956055,4.3956056,3.1956055,6.5956054,6.4956055,7.6956053,8.595606,8.295606
14.795606,13.795606,10.795606,1.8956054,3.0956054,14.995605,13.995605,12.295606,15.995605,14.995605,10.095606,5.2956057,3.5956054,1.7956054,-0.50439453,1.4956055,1.6956055,5.1956053,5.8956056,7.0956054,6.7956057,6.7956057,5.8956056,6.0956054,6.4956055,7.7956057,8.395605,8.995605,8.295606,8.895605,9.095606,8.795606,9.495605,8.795606,8.595606,8.295606,6.4956055,5.5956054,6.3956056,5.6956053,6.2956057,6.5956054,7.2956057,6.7956057,5.3956056,3.8956056,1.2956054,-0.7043945,-4.4043946,-11.504395,-5.3043947,-1.3043945,1.8956054,4.1956053,6.1956053,7.9956055,9.195605
14.495605,12.795606,10.195605,2.5956054,3.6956055,13.895605,13.195605,11.095606,10.295606,10.295606,14.995605,9.595606,4.3956056,3.9956055,2.3956056,-0.0043945312,2.4956055,0.99560547,2.4956055,8.495605,6.1956053,15.295606,10.795606,8.995605,9.195605,8.495605,10.095606,10.695605,11.395605,11.895605,12.695605,12.895605,11.495605,11.195605,10.495605,8.795606,8.095606,6.8956056,6.9956055,5.8956056,5.5956054,5.9956055,6.1956053,5.5956054,5.2956057,4.5956054,2.4956055,-1.3043945,-3.7043946,-4.8043947,-3.4043946,-0.10439453,2.4956055,4.6956053,6.0956054,7.7956057,9.195605
14.595606,14.095606,11.995605,1.5956055,4.8956056,11.695605,9.395605,11.095606,6.6956053,6.8956056,10.895605,4.4956055,0.7956055,2.6956055,3.7956054,3.3956056,5.1956053,5.6956053,6.8956056,9.795606,11.495605,13.495605,13.795606,13.595606,13.195605,12.395605,12.795606,13.495605,14.795606,15.495605,15.295606,14.795606,13.895605,13.295606,11.495605,10.095606,9.195605,8.495605,8.195605,7.7956057,5.5956054,4.9956055,5.0956054,4.7956057,4.9956055,3.7956054,4.1956053,0.39560547,-1.5043945,-3.3043945,-2.6043944,-0.30439454,3.1956055,5.8956056,6.9956055,7.2956057,7.6956053
8.795606,13.395605,10.195605,2.3956056,4.8956056,12.495605,8.995605,7.3956056,13.595606,9.995605,6.5956054,-1.6043946,-1.9043945,0.29560548,0.39560547,-1.2043946,1.3956054,4.0956054,6.1956053,8.495605,11.095606,12.495605,14.095606,15.095606,16.595606,16.395605,15.495605,16.095606,16.595606,17.395605,18.795605,18.595606,16.195606,14.295606,11.995605,10.095606,9.795606,10.095606,9.295606,8.595606,6.5956054,4.9956055,3.5956054,3.1956055,2.1956055,0.09560547,1.6956055,3.4956055,1.3956054,0.99560547,0.29560548,1.5956055,1.9956055,2.5956054,4.4956055,6.9956055,7.3956056
12.995605,8.895605,3.0956054,2.4956055,9.395605,12.595606,9.695605,7.1956053,11.895605,7.4956055,10.095606,3.4956055,3.7956054,4.9956055,5.2956057,5.2956057,4.9956055,5.3956056,7.3956056,8.995605,10.495605,11.895605,13.795606,15.195605,16.895605,17.195606,16.595606,17.395605,17.895605,17.995605,19.195606,19.295605,17.895605,15.895605,13.695605,10.995605,8.695605,10.595606,10.095606,9.195605,7.5956054,5.1956053,3.4956055,2.9956055,1.9956055,-0.0043945312,-0.0043945312,3.2956054,6.4956055,6.5956054,5.4956055,5.9956055,5.9956055,5.8956056,5.1956053,5.7956057,6.1956053
8.595606,2.7956054,0.5956055,2.2956054,14.295606,4.0956054,12.995605,8.495605,9.795606,13.895605,12.495605,11.195605,14.195605,9.495605,7.9956055,9.095606,9.695605,9.695605,9.295606,8.595606,10.195605,11.195605,13.395605,14.695605,16.295605,16.695606,15.795606,15.495605,16.395605,17.395605,18.295605,17.995605,18.095606,16.595606,15.295606,13.095606,10.295606,11.995605,10.295606,9.295606,8.695605,5.7956057,4.2956057,2.3956056,0.99560547,-0.50439453,-1.9043945,-0.9043945,2.8956056,7.7956057,9.395605,10.495605,10.995605,10.295606,11.695605,10.995605,9.195605
4.5956054,2.1956055,2.3956056,1.2956054,8.995605,13.195605,4.9956055,15.195605,12.095606,16.295605,15.295606,9.095606,9.995605,11.295606,12.295606,12.995605,13.795606,11.495605,7.9956055,8.495605,8.195605,9.995605,11.595606,13.995605,15.395605,15.295606,14.195605,13.195605,12.795606,14.895605,16.695606,16.395605,16.895605,16.295605,15.795606,11.495605,13.695605,13.295606,10.195605,7.3956056,8.295606,6.1956053,4.5956054,3.3956056,1.5956055,-1.5043945,-1.9043945,-2.5043945,-5.9043946,-4.3043947,-0.50439453,3.4956055,7.6956053,11.295606,10.195605,10.095606,9.495605
9.595606,2.5956054,2.2956054,-0.0043945312,6.2956057,7.8956056,10.895605,16.895605,16.695606,19.895605,20.595606,19.495605,18.995605,18.695606,17.995605,17.295605,16.795605,14.395605,9.595606,9.695605,8.695605,8.995605,11.095606,12.095606,13.595606,14.395605,12.995605,11.395605,12.295606,12.795606,14.295606,13.595606,14.695605,13.795606,13.395605,13.695605,14.795606,12.195605,10.395605,9.095606,7.4956055,6.6956053,5.1956053,2.6956055,1.3956054,-0.20439453,-1.7043946,-3.6043944,-3.1043944,-4.7043943,-6.9043946,-6.1043944,-8.004395,-8.004395,-2.0043945,2.1956055,5.1956053
6.3956056,4.9956055,1.7956054,1.8956054,7.8956056,10.995605,5.6956053,9.795606,10.195605,11.295606,17.395605,18.195606,20.095606,19.995605,19.695606,20.195606,18.695606,15.695605,11.795606,9.995605,9.095606,8.995605,9.095606,10.695605,12.795606,13.395605,13.495605,10.295606,10.595606,12.695605,13.895605,13.595606,14.295606,13.895605,13.195605,12.895605,12.595606,12.295606,11.995605,10.295606,7.1956053,7.2956057,5.1956053,3.1956055,2.0956054,0.99560547,-0.30439454,-2.8043945,-4.7043943,-5.1043944,-6.2043943,-11.204394,-14.004395,-13.304395,-13.304395,-13.204394,-10.504395
2.1956055,-0.40439454,2.0956054,4.5956054,4.7956057,8.195605,10.395605,3.6956055,3.0956054,6.0956054,10.395605,13.995605,14.595606,16.195606,16.895605,15.995605,17.495605,16.495605,12.095606,11.195605,10.495605,11.195605,10.495605,7.8956056,9.095606,13.495605,14.295606,14.195605,11.895605,11.995605,13.195605,13.595606,12.895605,13.395605,12.695605,12.095606,11.295606,10.895605,10.095606,9.395605,7.7956057,7.6956053,7.2956057,5.9956055,3.3956056,1.7956054,1.5956055,-0.40439454,-2.3043945,-5.2043943,-7.2043943,-8.804395,-12.604395,-13.404394,-14.204394,-13.904394,-14.904394
1.8956054,0.89560544,2.3956056,5.2956057,1.6956055,3.3956056,7.6956053,2.8956056,3.8956056,7.4956055,10.795606,13.695605,13.895605,13.295606,14.395605,13.595606,13.495605,11.995605,11.095606,12.095606,12.495605,12.395605,12.595606,11.895605,14.195605,11.995605,13.395605,13.995605,14.095606,13.195605,12.095606,12.595606,12.495605,12.995605,12.995605,11.295606,10.995605,10.995605,10.895605,9.995605,9.795606,10.695605,10.495605,8.595606,5.7956057,4.1956053,2.7956054,1.0956055,-0.10439453,-2.1043944,-4.6043944,-6.9043946,-7.9043946,-8.704394,-9.304395,-10.904394,-12.404394
4.5956054,0.09560547,3.1956055,8.695605,11.495605,11.295606,9.295606,3.6956055,4.9956055,6.5956054,6.5956054,7.8956056,8.795606,10.495605,9.195605,10.295606,11.295606,12.195605,12.995605,13.295606,12.995605,12.195605,13.595606,14.295606,11.795606,12.695605,13.195605,17.095606,12.995605,13.495605,12.995605,12.195605,12.395605,12.395605,12.695605,11.295606,10.895605,10.995605,11.195605,11.295606,11.495605,11.795606,11.895605,11.595606,9.095606,6.1956053,5.4956055,4.0956054,2.2956054,0.7956055,-0.50439453,-1.8043945,-5.0043945,-7.1043944,-8.504395,-9.504395,-9.104395
-2.9043946,1.5956055,2.4956055,7.3956056,10.795606,11.895605,10.695605,7.8956056,5.7956057,6.7956057,4.8956056,2.1956055,2.3956056,3.0956054,5.5956054,7.0956054,7.1956053,9.895605,11.595606,12.095606,12.095606,11.795606,11.095606,11.495605,12.395605,12.795606,11.795606,14.695605,13.395605,12.695605,10.595606,10.495605,10.895605,11.095606,10.895605,9.995605,9.495605,10.695605,9.895605,10.895605,11.095606,11.295606,12.795606,12.895605,11.895605,9.895605,7.2956057,6.0956054,5.7956057,3.9956055,1.9956055,0.5956055,-1.1043946,-3.2043946,-4.6043944,-4.2043943,-4.6043944
-0.50439453,0.99560547,2.3956056,5.2956057,9.795606,10.595606,9.195605,11.695605,7.8956056,7.1956053,5.1956053,5.2956057,3.9956055,4.4956055,6.6956053,7.6956053,9.995605,12.195605,12.395605,12.295606,14.395605,14.695605,14.995605,14.095606,12.895605,12.395605,12.495605,9.895605,11.495605,7.5956054,7.6956053,8.695605,8.495605,8.895605,9.095606,9.295606,9.195605,7.9956055,8.295606,9.195605,10.795606,12.095606,12.095606,12.795606,13.395605,12.295606,10.495605,7.8956056,6.6956053,5.8956056,4.8956056,3.3956056,2.4956055,-0.50439453,-2.7043946,-3.9043946,-5.2043943
-1.2043946,-1.0043945,-1.4043945,1.9956055,7.5956054,3.5956054,1.8956054,-4.5043945,-4.1043944,-2.9043946,3.3956056,6.9956055,9.195605,11.095606,12.995605,13.595606,13.895605,13.695605,13.695605,13.795606,13.095606,14.095606,13.995605,12.995605,10.395605,8.895605,10.795606,8.995605,7.2956057,7.3956056,10.395605,8.995605,8.495605,9.095606,7.5956054,6.3956056,5.6956053,5.2956057,8.595606,13.895605,14.495605,12.195605,11.595606,11.795606,12.795606,14.595606,12.495605,10.395605,8.995605,7.3956056,6.0956054,4.6956053,2.4956055,0.69560546,-1.1043946,-2.7043946,-3.3043945
-0.40439454,-0.80439454,-1.1043946,-1.8043945,-2.3043945,-0.40439454,1.7956054,1.5956055,2.6956055,4.3956056,6.0956054,8.095606,10.295606,12.295606,14.895605,17.195606,18.195606,19.195606,19.395605,18.595606,17.695606,16.495605,14.995605,13.295606,14.495605,12.295606,10.095606,10.795606,8.395605,11.795606,11.095606,9.295606,8.395605,7.3956056,6.7956057,7.4956055,7.6956053,8.395605,9.395605,12.295606,5.3956056,4.6956053,10.695605,12.395605,13.395605,13.395605,13.995605,11.495605,10.295606,8.895605,7.3956056,5.9956055,4.6956053,3.2956054,1.9956055,0.69560546,-0.10439453
0.39560547,0.29560548,-0.60439456,-0.80439454,-0.50439453,0.19560547,1.5956055,2.3956056,3.6956055,4.5956054,6.9956055,9.195605,12.195605,15.695605,18.995605,21.595606,22.895605,23.995605,24.595606,24.495605,23.195606,19.495605,16.495605,13.795606,11.695605,11.695605,11.995605,10.695605,10.895605,11.195605,10.195605,8.195605,7.6956053,7.9956055,7.5956054,8.495605,9.795606,11.095606,11.995605,13.795606,14.995605,14.895605,14.395605,13.395605,12.495605,13.595606,12.995605,11.095606,9.995605,9.595606,8.295606,7.4956055,6.0956054,5.5956054,4.4956055,4.0956054,3.3956056
0.19560547,0.19560547,0.29560548,-0.0043945312,0.29560548,1.1956055,1.4956055,2.0956054,3.0956054,3.5956054,4.8956056,6.2956057,9.195605,12.295606,15.995605,16.395605,19.295605,21.295605,21.795605,21.495605,20.895605,17.895605,13.595606,10.595606,8.695605,10.595606,11.395605,8.695605,8.595606,10.095606,9.395605,7.0956054,7.6956053,8.495605,9.395605,10.695605,12.095606,12.495605,13.595606,13.895605,13.995605,14.295606,14.195605,13.695605,13.395605,11.095606,10.895605,9.395605,8.095606,8.695605,6.7956057,6.0956054,6.5956054,5.7956057,5.8956056,5.3956056,4.9956055
-0.20439453,0.09560547,0.5956055,0.89560544,1.1956055,1.4956055,0.89560544,1.1956055,1.1956055,0.39560547,1.2956054,1.6956055,2.4956055,2.0956054,0.7956055,2.6956055,2.6956055,3.1956055,4.1956053,6.8956056,4.4956055,3.4956055,3.3956056,1.3956054,4.1956053,9.395605,8.095606,7.7956057,7.6956053,7.8956056,6.0956054,6.0956054,7.0956054,8.095606,8.995605,9.795606,10.495605,11.795606,12.395605,12.895605,13.095606,13.395605,12.595606,12.295606,11.595606,10.895605,9.395605,7.7956057,6.6956053,5.2956057,5.4956055,5.3956056,6.0956054,6.2956057,5.8956056,5.9956055,5.7956057
0.09560547,0.49560547,0.69560546,1.2956054,1.3956054,1.3956054,0.5956055,-1.0043945,-1.5043945,-3.3043945,-3.9043946,-3.2043946,-5.7043943,-7.0043945,-7.5043945,-9.804395,-12.504395,-7.3043947,-9.204394,-12.004395,-11.604395,-9.004395,-7.0043945,-1.7043946,2.4956055,5.3956056,5.4956055,4.1956053,4.2956057,2.2956054,2.7956054,4.3956056,6.0956054,7.0956054,7.3956056,8.395605,8.995605,10.095606,11.695605,11.895605,12.595606,12.595606,11.195605,10.995605,10.095606,9.595606,7.7956057,6.8956056,6.2956057,4.5956054,5.9956055,5.9956055,5.4956055,5.6956053,6.7956057,6.0956054,5.1956053
