public/data/weather/2019/09/30/0000-wind-isobaric-250hPa-gfs-1.0.json
{"header": { "discipline":0, "disciplineName":"Meteorological products", "gribEdition":2, "gribLength":49670, "center":7, "centerName":"US National Weather Service - NCEP(WMC)", "subcenter":0, "refTime":"2019-09-30T00:00:00.000Z", "significanceOfRT":1, "significanceOfRTName":"Start of forecast", "productStatus":0, "productStatusName":"Operational products", "productType":1, "productTypeName":"Forecast products", "productDefinitionTemplate":0, "productDefinitionTemplateName":"Analysis/forecast at horizontal level/layer at a point in time", "parameterCategory":2, "parameterCategoryName":"Momentum", "parameterNumber":2, "parameterNumberName":"U-component_of_wind", "parameterUnit":"m.s-1", "genProcessType":2, "genProcessTypeName":"Forecast", "forecastTime":0, "surface1Type":100, "surface1TypeName":"Isobaric surface", "surface1Value":25000.0, "surface2Type":255, "surface2TypeName":"Missing", "surface2Value":0.0, "gridDefinitionTemplate":0, "gridDefinitionTemplateName":"Latitude_Longitude", "numberPoints":65160, "shape":6, "shapeName":"Earth spherical with radius of 6,371,229.0 m", "gridUnits":"degrees", "resolution":48, "winds":"true", "scanMode":0, "nx":360, "ny":181, "basicAngle":0, "lo1":0.0, "la1":90.0, "lo2":359.0, "la2":-90.0, "dx":1.0, "dy":1.0 }, "data":
[rows 75 to 99 of 181, columns 57 to 113 of 360]
-19.252329,-19.152328,-17.452328,-16.752329,-14.552328,-13.352328,-12.952329,-13.852328,-13.552328,-14.352328,-14.552328,-16.152328,-16.752329,-16.952328,-16.85233,-17.052328,-15.952329,-15.252329,-13.6523285,-15.6523285,-15.6523285,-18.152328,-19.052328,-18.952328,-18.85233,-18.652328,-16.752329,-18.252329,-17.952328,-18.85233,-18.552328,-17.452328,-16.452328,-15.852328,-14.952329,-14.052328,-10.552328,-5.8523283,-0.55232847,2.8476715,3.0476716,1.9476715,2.4476714,1.1476715,1.4476715,2.5476716,1.2476715,2.2476716,1.5476716,0.8476715,-0.6523285,-0.4523285,-0.55232847,-1.5523285,-2.1523285,-2.6523285,-1.5523285
-20.452328,-20.552328,-20.252329,-18.152328,-17.152328,-16.952328,-17.452328,-15.252329,-15.052328,-16.152328,-16.85233,-18.152328,-19.652328,-19.552328,-18.752329,-18.552328,-17.652328,-16.452328,-15.752329,-17.752329,-19.552328,-19.752329,-20.452328,-21.152328,-21.452328,-19.952328,-20.752329,-21.452328,-20.952328,-20.252329,-18.85233,-15.352328,-12.052328,-9.552328,-7.1523285,-5.6523285,-5.8523283,-3.9523284,-1.3523285,-1.3523285,-1.9523284,-2.0523286,-1.2523285,-0.6523285,-2.4523284,-1.7523285,-2.7523284,-1.3523285,-2.1523285,-2.2523284,-1.9523284,-1.2523285,-1.2523285,-1.9523284,-2.7523284,-2.9523284,-2.0523286
-21.952328,-21.652328,-21.952328,-21.552328,-19.752329,-17.452328,-20.252329,-20.752329,-19.752329,-20.052328,-19.752329,-21.35233,-22.252329,-21.35233,-20.452328,-21.35233,-19.652328,-20.452328,-21.452328,-20.452328,-23.752329,-23.052328,-23.752329,-23.85233,-23.952328,-24.85233,-24.35233,-22.052328,-17.552328,-13.252329,-11.6523285,-10.052328,-8.952329,-9.252329,-8.352328,-7.3523283,-5.6523285,-4.4523287,-4.0523286,-3.4523284,-2.5523286,-4.9523287,-3.8523285,-3.5523286,-3.3523285,-4.3523283,-3.5523286,-3.4523284,-2.9523284,-3.0523286,-3.1523285,-1.7523285,-0.4523285,-0.35232848,0.1476715,0.5476715,-0.4523285
-16.552328,-17.552328,-17.552328,-17.252329,-17.052328,-18.152328,-18.652328,-20.85233,-20.552328,-22.952328,-23.652328,-24.152328,-24.252329,-24.752329,-24.252329,-25.452328,-26.152328,-24.252329,-23.652328,-22.85233,-26.152328,-26.452328,-23.35233,-21.85233,-20.952328,-19.85233,-14.252329,-11.552328,-10.1523285,-10.352328,-10.352328,-10.252329,-10.752329,-9.852328,-10.452329,-8.952329,-9.1523285,-9.552328,-8.352328,-7.2523284,-7.6523285,-6.1523285,-6.1523285,-6.4523287,-4.0523286,-5.9523287,-5.8523283,-4.4523287,-3.5523286,-4.1523285,-4.0523286,-2.6523285,-1.5523285,-1.1523285,-0.2523285,0.047671508,-1.4523284
-11.052328,-12.452329,-11.952329,-12.952329,-13.752329,-14.552328,-18.752329,-21.85233,-22.952328,-24.85233,-26.452328,-26.952328,-28.252329,-27.152328,-26.452328,-23.952328,-23.85233,-22.552328,-25.752329,-26.35233,-21.652328,-15.852328,-11.6523285,-6.1523285,-7.5523286,-6.8523283,-8.252329,-6.3523283,-7.4523287,-9.1523285,-8.252329,-9.1523285,-10.552328,-12.052328,-11.352328,-9.352328,-8.052328,-8.1523285,-9.552328,-10.052328,-9.452329,-8.252329,-8.1523285,-7.8523283,-7.4523287,-6.1523285,-6.8523283,-6.7523284,-5.9523287,-3.7523284,-4.1523285,-1.9523284,-1.1523285,-2.3523285,-4.0523286,-3.6523285,-4.9523287
-11.252329,-10.052328,-9.852328,-10.352328,-11.952329,-13.552328,-16.052328,-18.252329,-23.952328,-26.252329,-26.152328,-23.152328,-20.452328,-20.752329,-18.35233,-16.452328,-22.952328,-19.152328,-15.752329,-13.6523285,-11.352328,-10.6523285,-9.252329,-8.752329,-7.9523287,-7.3523283,-7.6523285,-4.9523287,-6.4523287,-8.552328,-10.052328,-10.952329,-11.052328,-12.352328,-10.952329,-9.852328,-10.052328,-9.352328,-10.452329,-11.752329,-11.052328,-10.552328,-9.552328,-8.752329,-8.252329,-7.6523285,-7.6523285,-6.2523284,-3.9523284,-4.0523286,-2.8523285,-2.6523285,-5.2523284,-6.9523287,-6.5523286,-6.2523284,-7.6523285
-11.052328,-10.552328,-11.852328,-12.852328,-13.452329,-14.752329,-15.252329,-14.252329,-17.752329,-17.152328,-19.752329,-19.652328,-20.152328,-19.552328,-20.452328,-18.752329,-19.35233,-18.252329,-5.5523286,-5.7523284,-8.1523285,-8.452329,-9.952329,-8.6523285,-10.052328,-8.1523285,-7.8523283,-8.6523285,-9.452329,-9.1523285,-9.752329,-11.952329,-10.352328,-11.552328,-10.6523285,-9.1523285,-10.6523285,-10.452329,-10.452329,-9.552328,-10.552328,-11.452329,-10.752329,-10.052328,-10.952329,-10.552328,-7.9523287,-8.1523285,-7.3523283,-7.5523286,-5.9523287,-8.052328,-9.452329,-9.852328,-9.552328,-7.2523284,-7.3523283
-11.6523285,-12.6523285,-14.452329,-14.1523285,-14.1523285,-14.252329,-14.752329,-14.052328,-15.1523285,-17.552328,-19.252329,-16.052328,-15.352328,-14.352328,-12.752329,-15.952329,-11.452329,-14.952329,-11.452329,-9.252329,-8.052328,-4.0523286,-8.952329,-10.752329,-9.752329,-9.552328,-10.552328,-10.252329,-11.452329,-12.1523285,-12.452329,-10.752329,-11.552328,-10.452329,-10.752329,-11.352328,-10.552328,-11.552328,-10.252329,-10.552328,-10.752329,-12.252329,-11.1523285,-8.6523285,-8.6523285,-8.6523285,-7.5523286,-9.052328,-8.952329,-8.252329,-8.752329,-8.252329,-10.352328,-8.852328,-8.352328,-7.5523286,-8.252329
-11.552328,-11.1523285,-10.252329,-12.352328,-14.052328,-15.1523285,-14.852328,-13.852328,-14.252329,-13.852328,-10.552328,-11.752329,-10.952329,-15.1523285,-13.852328,-10.852328,-11.952329,-11.052328,-12.352328,-9.552328,-10.6523285,-7.5523286,-7.4523287,-9.452329,-10.352328,-10.1523285,-8.352328,-10.252329,-8.552328,-12.552328,-11.852328,-12.6523285,-9.952329,-9.1523285,-9.052328,-9.752329,-10.352328,-11.052328,-11.1523285,-10.752329,-9.552328,-11.052328,-9.6523285,-7.6523285,-7.1523285,-6.3523283,-7.4523287,-9.852328,-9.552328,-10.452329,-9.352328,-11.852328,-8.552328,-8.452329,-9.752329,-7.5523286,-8.6523285
-12.852328,-11.1523285,-11.952329,-13.952329,-14.452329,-14.052328,-13.6523285,-13.6523285,-12.252329,-9.952329,-9.6523285,-12.1523285,-12.952329,-11.252329,-10.952329,-11.752329,-12.452329,-8.952329,-8.852328,-8.852328,-9.352328,-7.4523287,-9.752329,-10.052328,-10.252329,-10.6523285,-9.452329,-11.752329,-14.252329,-12.452329,-13.1523285,-12.6523285,-9.552328,-10.452329,-10.052328,-10.252329,-9.752329,-10.452329,-10.352328,-11.852328,-10.352328,-8.352328,-7.9523287,-7.3523283,-5.6523285,-6.5523286,-8.552328,-8.1523285,-9.1523285,-13.6523285,-11.052328,-11.852328,-9.252329,-9.052328,-8.452329,-9.952329,-7.5523286
-18.152328,-16.552328,-14.752329,-13.452329,-12.852328,-14.352328,-14.552328,-14.752329,-11.852328,-12.852328,-12.6523285,-15.252329,-12.452329,-8.452329,-10.252329,-10.452329,-10.1523285,-8.852328,-7.6523285,-9.452329,-9.6523285,-12.752329,-9.252329,-10.352328,-11.252329,-11.752329,-11.052328,-10.752329,-10.1523285,-9.1523285,-10.552328,-8.852328,-11.452329,-9.052328,-10.1523285,-11.252329,-12.1523285,-10.552328,-10.252329,-10.952329,-9.952329,-7.8523283,-6.1523285,-6.9523287,-7.4523287,-8.1523285,-10.1523285,-9.852328,-10.252329,-9.552328,-10.052328,-9.552328,-10.852328,-8.852328,-9.052328,-10.1523285,-7.0523286
-15.352328,-13.1523285,-14.952329,-14.852328,-12.752329,-13.252329,-14.6523285,-13.1523285,-13.352328,-12.1523285,-13.452329,-13.552328,-12.352328,-11.852328,-8.252329,-12.052328,-9.452329,-9.952329,-9.752329,-11.752329,-12.352328,-11.452329,-11.752329,-11.452329,-12.352328,-12.452329,-10.1523285,-11.6523285,-10.952329,-8.752329,-7.7523284,-8.1523285,-7.1523285,-9.852328,-8.852328,-7.4523287,-11.252329,-8.752329,-9.752329,-9.952329,-10.952329,-9.1523285,-8.6523285,-8.552328,-6.4523287,-8.552328,-10.352328,-9.1523285,-9.352328,-12.052328,-12.6523285,-10.352328,-13.352328,-11.552328,-10.252329,-10.852328,-10.452329
-13.1523285,-11.6523285,-10.852328,-9.552328,-13.452329,-14.552328,-15.952329,-14.952329,-15.1523285,-13.1523285,-13.752329,-15.552328,-14.752329,-12.6523285,-11.952329,-10.852328,-12.052328,-10.752329,-13.6523285,-12.052328,-12.752329,-11.552328,-11.552328,-12.052328,-10.452329,-9.852328,-11.1523285,-10.052328,-11.952329,-10.852328,-10.552328,-9.1523285,-8.052328,-11.052328,-9.452329,-6.2523284,-9.6523285,-10.352328,-7.4523287,-9.452329,-9.6523285,-9.252329,-8.452329,-6.3523283,-5.5523286,-9.1523285,-9.452329,-8.952329,-11.252329,-11.552328,-11.6523285,-11.6523285,-11.752329,-12.752329,-10.1523285,-9.6523285,-10.1523285
-13.952329,-13.352328,-12.1523285,-12.452329,-13.052328,-14.352328,-15.252329,-15.252329,-16.052328,-16.052328,-12.552328,-13.752329,-13.252329,-12.552328,-9.552328,-9.952329,-11.552328,-11.952329,-13.6523285,-12.852328,-12.752329,-13.352328,-12.752329,-11.752329,-10.452329,-10.752329,-11.952329,-12.052328,-13.052328,-10.1523285,-10.752329,-9.1523285,-9.752329,-10.252329,-9.352328,-9.252329,-9.252329,-9.352328,-9.552328,-8.852328,-7.3523283,-8.252329,-8.552328,-8.1523285,-9.452329,-11.1523285,-11.552328,-12.552328,-12.6523285,-13.452329,-13.552328,-11.352328,-14.952329,-13.052328,-8.452329,-8.952329,-10.752329
-13.552328,-13.052328,-7.9523287,-11.752329,-12.1523285,-13.952329,-13.252329,-12.952329,-14.552328,-15.052328,-14.6523285,-13.252329,-11.352328,-11.1523285,-11.052328,-10.352328,-12.1523285,-14.052328,-13.552328,-12.552328,-11.452329,-12.852328,-12.852328,-11.552328,-12.852328,-12.6523285,-13.852328,-12.852328,-14.452329,-11.952329,-11.952329,-8.6523285,-7.5523286,-9.552328,-10.452329,-9.752329,-12.6523285,-11.952329,-12.052328,-8.1523285,-5.3523283,-7.5523286,-8.852328,-8.952329,-13.6523285,-11.352328,-10.252329,-7.9523287,-9.052328,-11.6523285,-10.852328,-12.552328,-14.1523285,-13.952329,-9.552328,-9.252329,-9.552328
-12.552328,-12.952329,-9.1523285,-11.352328,-11.052328,-12.052328,-12.452329,-11.352328,-12.352328,-11.6523285,-9.252329,-9.752329,-6.8523283,-9.252329,-11.452329,-10.252329,-11.452329,-13.052328,-13.052328,-15.052328,-14.052328,-12.052328,-11.752329,-8.352328,-10.6523285,-11.752329,-13.552328,-13.952329,-10.352328,-10.952329,-11.352328,-10.252329,-8.252329,-9.552328,-11.852328,-12.6523285,-11.852328,-11.952329,-14.352328,-11.852328,-10.352328,-7.4523287,-11.6523285,-11.852328,-14.052328,-13.6523285,-13.752329,-13.1523285,-14.452329,-16.552328,-13.852328,-12.852328,-14.1523285,-12.952329,-13.1523285,-8.752329,-10.852328
-6.4523287,-10.852328,-9.1523285,-9.952329,-10.752329,-12.352328,-11.1523285,-11.552328,-10.452329,-10.952329,-12.952329,-9.6523285,-9.1523285,-10.1523285,-11.052328,-10.452329,-12.6523285,-12.552328,-11.852328,-12.252329,-11.952329,-12.452329,-11.852328,-12.752329,-11.352328,-10.452329,-10.452329,-11.6523285,-13.952329,-9.252329,-10.352328,-7.8523283,-8.252329,-8.752329,-10.6523285,-12.452329,-9.852328,-12.552328,-14.852328,-14.6523285,-10.052328,-11.252329,-12.452329,-12.852328,-12.952329,-13.452329,-13.852328,-15.1523285,-13.6523285,-14.752329,-14.052328,-13.852328,-13.552328,-14.352328,-11.052328,-8.452329,-7.5523286
-8.952329,-9.352328,-10.052328,-10.452329,-9.852328,-10.552328,-10.952329,-10.6523285,-10.6523285,-11.1523285,-11.552328,-11.752329,-10.052328,-9.252329,-10.552328,-10.752329,-10.6523285,-11.252329,-11.6523285,-12.852328,-12.952329,-11.052328,-11.752329,-13.1523285,-11.6523285,-8.752329,-9.6523285,-10.752329,-9.6523285,-7.0523286,-10.352328,-9.952329,-8.752329,-8.952329,-11.052328,-11.252329,-11.352328,-12.552328,-14.6523285,-14.552328,-13.452329,-13.552328,-11.6523285,-11.052328,-10.452329,-10.452329,-11.052328,-12.452329,-12.052328,-11.252329,-11.552328,-13.1523285,-13.952329,-12.252329,-12.1523285,-11.452329,-9.1523285
-10.452329,-10.552328,-10.752329,-12.252329,-12.352328,-12.052328,-12.052328,-12.6523285,-10.052328,-11.552328,-11.552328,-11.6523285,-10.752329,-9.852328,-8.452329,-9.252329,-8.752329,-12.052328,-10.852328,-12.852328,-12.6523285,-11.852328,-12.952329,-11.952329,-9.952329,-8.052328,-7.2523284,-8.252329,-8.6523285,-9.252329,-8.1523285,-11.1523285,-7.3523283,-9.052328,-10.352328,-9.352328,-11.052328,-12.352328,-11.852328,-10.952329,-10.752329,-12.6523285,-11.752329,-9.452329,-8.1523285,-9.352328,-9.052328,-8.852328,-7.1523285,-6.8523283,-8.6523285,-9.952329,-8.752329,-10.552328,-12.6523285,-11.852328,-10.6523285
-9.452329,-10.952329,-10.752329,-11.752329,-10.252329,-11.752329,-12.1523285,-12.852328,-11.852328,-12.552328,-11.752329,-10.552328,-9.052328,-9.1523285,-9.252329,-9.352328,-10.252329,-10.252329,-11.6523285,-12.1523285,-10.452329,-9.1523285,-8.352328,-8.452329,-9.752329,-9.252329,-6.9523287,-6.7523284,-7.7523284,-7.9523287,-7.4523287,-7.1523285,-8.552328,-6.9523287,-10.552328,-9.6523285,-9.752329,-8.6523285,-8.752329,-7.5523286,-7.4523287,-8.1523285,-9.052328,-8.752329,-7.0523286,-6.5523286,-5.5523286,-4.8523283,-4.9523287,-4.8523283,-5.8523283,-7.0523286,-7.3523283,-7.1523285,-8.352328,-10.452329,-10.852328
-10.752329,-10.352328,-10.952329,-9.952329,-8.752329,-10.052328,-12.1523285,-12.552328,-12.452329,-11.752329,-11.1523285,-9.952329,-8.252329,-7.3523283,-7.4523287,-9.1523285,-9.752329,-10.752329,-10.552328,-7.5523286,-8.452329,-7.7523284,-7.4523287,-7.2523284,-5.6523285,-6.6523285,-6.8523283,-5.8523283,-6.3523283,-5.4523287,-5.3523283,-4.0523286,-5.4523287,-5.1523285,-6.6523285,-7.9523287,-8.252329,-7.7523284,-7.2523284,-6.4523287,-5.1523285,-4.3523283,-5.1523285,-6.4523287,-6.2523284,-5.9523287,-2.9523284,-3.3523285,-3.3523285,-2.7523284,-4.1523285,-4.0523286,-5.1523285,-5.4523287,-8.252329,-9.752329,-9.952329
-9.852328,-10.252329,-10.452329,-10.6523285,-11.452329,-10.852328,-10.852328,-11.1523285,-11.452329,-10.952329,-10.1523285,-8.952329,-8.452329,-7.0523286,-6.2523284,-6.1523285,-7.2523284,-9.052328,-9.452329,-9.6523285,-8.352328,-8.252329,-6.6523285,-4.0523286,-3.4523284,-4.2523284,-5.8523283,-5.7523284,-4.6523285,-4.6523285,-4.3523283,-5.4523287,-4.5523286,-3.1523285,-3.9523284,-3.0523286,-3.1523285,-3.4523284,-3.6523285,-2.9523284,-4.2523284,-3.4523284,-3.5523286,-3.2523284,-3.7523284,-1.8523285,-2.0523286,-1.3523285,-1.2523285,-2.6523285,-1.6523285,-1.7523285,-3.1523285,-3.5523286,-5.1523285,-6.5523286,-8.6523285
-6.7523284,-8.6523285,-9.752329,-9.352328,-9.352328,-9.6523285,-9.552328,-9.852328,-8.952329,-9.252329,-7.5523286,-7.4523287,-6.4523287,-6.4523287,-6.4523287,-5.5523286,-5.7523284,-6.9523287,-6.6523285,-5.6523285,-6.1523285,-4.4523287,-3.0523286,-3.4523284,-3.0523286,-2.9523284,-2.3523285,-5.3523283,-2.8523285,-3.2523284,-3.1523285,-0.9523285,-2.1523285,-2.3523285,-0.9523285,-2.2523284,-0.55232847,0.4476715,-0.05232849,-1.2523285,-0.15232849,-1.1523285,-0.7523285,-1.0523285,0.047671508,0.4476715,0.1476715,0.3476715,0.3476715,0.5476715,-0.35232848,-0.2523285,-0.8523285,-2.7523284,-3.5523286,-5.5523286,-6.1523285
-6.5523286,-7.8523283,-6.8523283,-7.2523284,-6.8523283,-7.4523287,-8.052328,-9.752329,-8.752329,-8.6523285,-6.8523283,-4.2523284,-3.0523286,-5.0523286,-4.5523286,-4.0523286,-3.2523284,-3.2523284,-1.9523284,-2.6523285,-1.8523285,-3.4523284,-1.8523285,-3.0523286,-3.4523284,-1.9523284,-1.0523285,-2.8523285,-1.6523285,-1.6523285,-1.5523285,-0.4523285,-0.15232849,1.1476715,1.6476715,1.0476716,2.8476715,3.0476716,2.9476714,2.9476714,3.2476716,3.0476716,2.7476716,3.9476714,3.3476715,3.5476716,3.0476716,2.4476714,2.2476716,2.1476715,2.9476714,2.1476715,1.5476716,-0.05232849,-0.55232847,-1.7523285,-2.2523284
-5.4523287,-6.1523285,-7.0523286,-5.5523286,-5.4523287,-5.5523286,-5.5523286,-6.2523284,-7.6523285,-6.3523283,-5.7523284,-5.2523284,-3.1523285,-1.9523284,-3.0523286,-3.0523286,-2.4523284,-0.8523285,-0.35232848,0.047671508,0.4476715,0.94767153,1.1476715,1.4476715,0.7476715,0.94767153,0.6476715,0.94767153,-0.6523285,0.6476715,0.24767151,1.8476715,2.3476715,2.8476715,3.6476715,5.2476716,5.1476717,6.6476717,6.9476714,6.2476716,6.3476715,6.6476717,7.2476716,7.8476715,8.047671,7.9476714,6.9476714,5.9476714,4.0476713,4.3476715,5.0476713,5.1476717,5.4476714,3.4476714,2.1476715,1.8476715,1.5476716
