public/data/weather/2019/09/30/0000-wind-isobaric-250hPa-gfs-1.0.json
{"header": { "discipline":0, "disciplineName":"Meteorological products", "gribEdition":2, "gribLength":49670, "center":7, "centerName":"US National Weather Service - NCEP(WMC)", "subcenter":0, "refTime":"2019-09-30T00:00:00.000Z", "significanceOfRT":1, "significanceOfRTName":"Start of forecast", "productStatus":0, "productStatusName":"Operational products", "productType":1, "productTypeName":"Forecast products", "productDefinitionTemplate":0, "productDefinitionTemplateName":"Analysis/forecast at horizontal level/layer at a point in time", "parameterCategory":2, "parameterCategoryName":"Momentum", "parameterNumber":2, "parameterNumberName":"U-component_of_wind", "parameterUnit":"m.s-1", "genProcessType":2, "genProcessTypeName":"Forecast", "forecastTime":0, "surface1Type":100, "surface1TypeName":"Isobaric surface", "surface1Value":25000.0, "surface2Type":255, "surface2TypeName":"Missing", "surface2Value":0.0, "gridDefinitionTemplate":0, "gridDefinitionTemplateName":"Latitude_Longitude", "numberPoints":65160, "shape":6, "shapeName":"Earth spherical with radius of 6,371,229.0 m", "gridUnits":"degrees", "resolution":48, "winds":"true", "scanMode":0, "nx":360, "ny":181, "basicAngle":0, "lo1":0.0, "la1":90.0, "lo2":359.0, "la2":-90.0, "dx":1.0, "dy":1.0 }, "data":
[rows 50 to 74 of 181, columns 0 to 56 of 360]
1.5476716,-1.2523285,-3.8523285,-2.9523284,-2.8523285,0.5476715,3.5476716,3.2476716,2.7476716,1.5476716,0.94767153,0.3476715,1.5476716,4.9476714,6.6476717,8.8476715,9.047671,10.147672,7.8476715,6.2476716,3.9476714,1.6476715,1.6476715,3.1476715,5.0476713,5.5476713,6.2476716,8.647672,9.447672,10.8476715,13.147672,16.347672,18.547672,19.747671,20.14767,20.347672,20.347672,20.447672,21.747671,22.547672,22.847672,23.747671,24.547672,25.14767,27.047672,26.14767,28.347672,27.547672,28.547672,31.847672,33.747673,36.84767,37.747673,36.64767,35.44767,34.547672,34.547672
1.9476715,0.24767151,0.3476715,0.3476715,4.5476713,8.8476715,5.9476714,3.2476716,2.5476716,1.1476715,0.4476715,0.94767153,3.6476715,5.6476717,6.3476715,6.6476717,7.2476716,7.9476714,8.647672,9.147672,8.147672,5.8476715,4.8476715,5.0476713,5.1476717,5.0476713,5.2476716,6.4476714,8.747671,10.247671,12.8476715,15.047671,17.947672,21.14767,22.747671,22.64767,23.047672,22.347672,21.64767,21.947672,22.847672,23.547672,23.14767,23.247671,25.047672,25.64767,26.547672,28.747671,31.547672,33.747673,35.94767,35.84767,33.84767,32.64767,31.747671,31.847672,30.947672
2.9476714,4.1476717,3.2476716,3.5476716,5.9476714,7.5476713,5.8476715,3.3476715,1.3476715,1.4476715,0.6476715,1.4476715,4.2476716,3.4476714,4.3476715,3.0476716,3.6476715,3.5476716,4.0476713,5.7476716,5.8476715,6.3476715,7.1476717,7.8476715,8.647672,9.447672,10.8476715,12.3476715,14.047671,15.547671,17.447672,19.14767,20.847672,22.247671,23.247671,25.047672,25.247671,25.247671,25.947672,26.747671,26.947672,26.547672,27.247671,28.64767,28.747671,29.247671,30.247671,30.947672,31.14767,32.547672,32.64767,32.047672,31.847672,30.447672,28.247671,25.847672,25.547672
3.3476715,3.7476716,4.8476715,5.8476715,5.5476713,5.0476713,3.3476715,2.0476716,1.5476716,1.2476715,0.7476715,1.4476715,1.4476715,1.2476715,0.6476715,-0.55232847,-1.3523285,-2.0523286,-1.8523285,-1.8523285,-1.8523285,-1.2523285,0.047671508,1.4476715,2.4476714,3.7476716,5.2476716,6.4476714,7.5476713,8.747671,9.947672,10.747671,12.247671,13.747671,16.14767,17.447672,19.547672,20.947672,22.747671,23.847672,26.047672,27.247671,29.047672,29.847672,29.847672,31.047672,31.447672,30.547672,31.447672,30.947672,32.84767,32.64767,29.247671,26.347672,24.447672,25.047672,24.847672
4.1476717,4.5476713,3.5476716,3.2476716,3.2476716,3.9476714,2.9476714,1.1476715,2.8476715,3.2476716,3.2476716,1.9476715,-0.4523285,-1.7523285,-2.2523284,-3.1523285,-5.0523286,-6.5523286,-7.2523284,-7.5523286,-6.8523283,-5.8523283,-4.2523284,-2.1523285,-0.05232849,1.6476715,2.5476716,3.2476716,3.7476716,4.4476714,6.0476713,7.3476715,8.447672,10.3476715,12.047671,13.747671,15.647672,16.347672,17.64767,18.447672,19.247671,20.847672,23.047672,23.947672,25.247671,25.64767,26.247671,25.947672,28.247671,27.547672,28.14767,28.347672,26.047672,26.447672,25.747671,26.847672,29.247671
7.4476714,6.8476715,6.5476713,7.1476717,4.6476717,4.4476714,2.1476715,2.7476716,4.2476716,4.0476713,4.5476713,2.9476714,0.6476715,-2.1523285,-3.2523284,-4.5523286,-5.4523287,-6.0523286,-5.8523283,-3.6523285,-0.2523285,4.3476715,6.3476715,7.2476716,9.047671,9.8476715,10.647672,11.647672,12.647672,13.747671,14.447672,15.947672,18.847672,21.64767,24.047672,25.047672,27.247671,27.847672,28.547672,27.947672,26.64767,25.747671,24.447672,24.447672,24.347672,23.547672,23.347672,23.447672,24.447672,25.64767,28.947672,32.247673,34.14767,32.84767,35.34767,36.44767,37.14767
8.247671,8.047671,8.947672,10.747671,11.8476715,8.547671,8.147672,7.1476717,6.8476715,5.9476714,7.4476714,7.0476713,3.2476716,-0.35232848,-1.6523285,-2.8523285,-2.2523284,0.047671508,3.1476715,3.4476714,4.6476717,6.0476713,8.547671,10.547671,11.247671,11.8476715,13.447672,15.147672,17.247671,19.047672,21.547672,24.247671,26.447672,29.14767,31.247671,31.64767,32.547672,32.94767,32.44767,32.34767,32.34767,32.64767,32.747673,33.247673,33.047672,32.94767,31.247671,32.247673,32.94767,36.64767,39.84767,38.94767,37.84767,37.84767,38.247673,37.94767,37.84767
8.8476715,9.447672,9.647672,12.947672,14.147672,15.447672,14.547671,14.247671,14.3476715,13.247671,11.647672,11.247671,9.047671,5.9476714,2.8476715,4.1476717,4.7476716,5.3476715,6.3476715,8.147672,8.3476715,10.047671,11.547671,12.647672,14.647672,16.447672,19.747671,23.047672,24.64767,25.64767,28.14767,31.64767,33.547672,34.547672,34.34767,32.747673,31.947672,31.64767,30.747671,30.747671,31.14767,31.747671,33.84767,35.84767,36.047672,34.547672,35.44767,35.94767,37.44767,36.747673,37.247673,37.047672,35.747673,35.547672,33.94767,33.34767,33.34767
16.047672,16.447672,15.3476715,17.947672,18.847672,17.947672,18.64767,18.747671,18.64767,19.747671,19.547672,18.047672,15.647672,11.947672,11.3476715,10.547671,11.747671,11.747671,11.047671,10.047671,11.147672,13.147672,15.647672,16.847672,18.64767,20.64767,22.947672,25.447672,28.047672,31.047672,31.747671,32.047672,32.34767,31.247671,30.347672,28.747671,27.547672,27.347672,27.447672,26.347672,27.547672,28.64767,30.14767,30.64767,30.047672,30.347672,30.64767,32.047672,32.14767,31.947672,31.347672,30.447672,29.347672,29.247671,28.64767,27.847672,27.447672
22.347672,22.64767,20.747671,20.047672,22.947672,22.947672,22.447672,22.447672,21.747671,23.14767,23.447672,22.947672,20.447672,19.447672,17.047672,18.047672,16.947672,15.247671,15.147672,12.747671,14.3476715,16.247671,16.947672,17.347672,19.847672,20.947672,23.847672,26.447672,28.247671,28.547672,29.047672,28.847672,28.14767,27.447672,27.14767,25.447672,25.247671,25.847672,25.347672,26.14767,26.247671,26.547672,27.14767,26.847672,26.547672,26.547672,26.747671,26.64767,26.047672,26.347672,26.247671,26.547672,25.447672,24.847672,24.847672,24.747671,23.847672
25.947672,27.64767,30.14767,29.64767,27.64767,26.547672,27.047672,26.847672,26.447672,25.947672,26.64767,26.947672,26.347672,24.747671,24.447672,24.14767,20.447672,17.947672,15.8476715,16.047672,15.447672,14.647672,15.647672,18.247671,19.047672,20.847672,23.447672,24.347672,25.847672,26.347672,26.847672,26.447672,25.347672,25.447672,25.247671,24.64767,25.347672,24.64767,24.447672,24.247671,23.847672,23.747671,23.14767,23.747671,23.947672,23.247671,23.14767,23.047672,23.447672,22.947672,23.947672,23.447672,23.64767,23.14767,22.447672,22.047672,21.047672
31.047672,31.747671,31.64767,31.14767,32.64767,31.947672,32.247673,30.14767,29.14767,28.547672,28.347672,28.14767,27.447672,28.247671,27.447672,25.347672,21.247671,18.547672,16.247671,16.64767,13.947672,13.647672,15.047671,17.347672,18.747671,19.447672,21.447672,22.64767,24.047672,24.047672,22.947672,21.547672,21.247671,20.347672,20.14767,19.547672,20.347672,20.747671,20.247671,20.547672,20.447672,21.64767,21.847672,22.047672,22.247671,21.64767,21.64767,21.64767,22.047672,21.847672,21.64767,20.847672,20.547672,21.347672,21.447672,19.847672,19.747671
27.047672,30.14767,30.447672,29.947672,30.847672,30.547672,31.047672,31.047672,29.747671,29.847672,28.447672,27.547672,26.447672,27.347672,25.947672,23.747671,22.447672,21.547672,19.047672,16.447672,15.647672,15.447672,14.247671,17.14767,15.747671,18.047672,20.747671,19.64767,19.64767,18.747671,18.247671,17.747671,16.247671,16.047672,16.047672,16.047672,16.847672,18.547672,18.947672,18.64767,18.347672,18.347672,18.347672,18.447672,18.64767,18.047672,18.947672,18.947672,18.547672,18.14767,16.947672,17.547672,17.64767,17.047672,17.14767,17.247671,17.14767
25.847672,26.347672,27.047672,26.64767,26.947672,25.847672,26.347672,26.447672,25.747671,25.747671,26.047672,25.747671,24.447672,24.847672,22.447672,22.64767,20.64767,20.047672,18.347672,17.447672,16.547672,15.8476715,15.3476715,15.547671,15.147672,17.14767,17.347672,16.547672,15.547671,14.3476715,14.047671,13.447672,12.647672,12.8476715,13.247671,13.647672,14.247671,14.447672,14.8476715,13.947672,13.447672,13.547671,13.647672,13.3476715,12.8476715,13.047671,13.547671,13.047671,13.647672,12.947672,12.747671,12.547671,11.8476715,11.647672,12.147672,11.8476715,12.247671
21.847672,22.047672,22.347672,21.847672,21.447672,20.747671,19.747671,19.847672,20.247671,21.14767,21.847672,21.847672,21.447672,20.947672,21.547672,19.547672,19.347672,19.64767,17.547672,16.847672,16.047672,13.647672,12.647672,14.447672,13.3476715,14.3476715,15.447672,13.547671,11.247671,10.447672,11.3476715,10.747671,11.247671,10.447672,10.247671,9.747671,9.3476715,9.947672,10.247671,9.747671,9.447672,8.3476715,8.647672,7.9476714,7.9476714,8.8476715,8.247671,8.047671,8.247671,7.6476717,7.7476716,8.247671,6.9476714,6.9476714,6.7476716,7.1476717,7.5476713
17.447672,16.247671,17.347672,17.14767,16.64767,15.147672,15.947672,16.547672,15.747671,16.847672,17.047672,17.447672,17.747671,15.8476715,16.047672,17.047672,18.14767,15.8476715,15.3476715,14.947672,11.747671,12.247671,11.747671,10.547671,11.747671,12.147672,10.8476715,11.3476715,9.647672,7.3476715,8.747671,7.4476714,7.0476713,5.2476716,5.7476716,4.5476713,4.9476714,5.4476714,5.3476715,4.2476716,3.3476715,3.5476716,3.6476715,4.1476717,4.4476714,4.3476715,4.7476716,4.7476716,4.4476714,4.7476716,3.5476716,2.8476715,2.5476716,1.8476715,2.2476716,3.2476716,4.0476713
12.8476715,13.647672,11.8476715,12.247671,11.447672,12.047671,12.747671,12.8476715,13.047671,13.047671,12.747671,13.247671,12.747671,13.247671,15.147672,16.947672,13.747671,13.147672,13.747671,12.8476715,10.3476715,9.247671,7.7476716,6.7476716,8.247671,8.547671,6.0476713,8.747671,7.2476716,5.6476717,4.6476717,4.2476716,4.6476717,3.5476716,0.5476715,0.5476715,0.8476715,-0.05232849,-1.0523285,-1.6523285,-2.4523284,-1.8523285,-0.55232847,-1.0523285,-0.9523285,-1.5523285,-1.1523285,-1.3523285,0.6476715,1.3476715,0.24767151,-1.7523285,-3.2523284,-1.5523285,0.5476715,3.1476715,4.9476714
9.247671,9.3476715,7.9476714,7.5476713,8.447672,10.447672,10.647672,10.647672,10.247671,9.547671,9.8476715,9.547671,10.447672,11.3476715,12.247671,11.247671,9.8476715,10.147672,10.047671,9.3476715,7.7476716,5.1476717,4.2476716,3.9476714,2.8476715,5.0476713,2.0476716,3.5476716,2.4476714,0.24767151,0.047671508,-0.35232848,0.1476715,0.4476715,-2.1523285,-1.8523285,-2.4523284,-4.4523287,-4.7523284,-4.7523284,-5.6523285,-7.0523286,-6.7523284,-5.3523283,-5.7523284,-6.4523287,-7.3523283,-6.4523287,-5.4523287,-4.2523284,-4.7523284,-5.2523284,-6.1523285,0.94767153,4.1476717,5.6476717,6.0476713
5.4476714,4.4476714,4.9476714,6.3476715,7.6476717,7.9476714,7.9476714,8.047671,8.8476715,8.447672,7.8476715,6.6476717,7.4476714,8.147672,7.8476715,7.1476717,6.2476716,8.247671,8.047671,6.7476716,4.5476713,2.9476714,1.4476715,2.3476715,0.047671508,2.3476715,0.94767153,-1.1523285,-2.6523285,-3.0523286,-3.0523286,-2.5523286,-3.4523284,-3.9523284,-3.2523284,-2.9523284,-5.3523283,-5.4523287,-8.552328,-9.352328,-9.352328,-9.752329,-10.052328,-10.252329,-9.6523285,-9.252329,-9.252329,-9.452329,-7.8523283,-5.8523283,-5.0523286,-1.9523284,2.2476716,2.1476715,2.6476715,3.4476714,5.1476717
3.1476715,2.9476714,3.5476716,4.3476715,4.0476713,5.1476717,5.4476714,5.0476713,4.5476713,3.5476716,4.0476713,2.3476715,3.7476716,3.0476716,3.7476716,5.4476714,7.4476714,6.9476714,6.5476713,4.0476713,1.9476715,-0.35232848,0.6476715,-0.9523285,-2.0523286,-1.3523285,-1.9523284,-3.7523284,-5.5523286,-5.8523283,-5.2523284,-4.1523285,-4.5523286,-4.2523284,-4.1523285,-2.4523284,-5.7523284,-8.6523285,-7.5523286,-11.052328,-11.252329,-10.252329,-11.752329,-10.952329,-10.252329,-10.6523285,-9.952329,-9.052328,-7.8523283,-5.5523286,-0.7523285,4.5476713,7.8476715,8.147672,5.4476714,3.6476715,3.5476716
1.5476716,1.5476716,0.4476715,0.4476715,0.7476715,0.94767153,1.6476715,1.7476715,-0.7523285,-0.55232847,0.1476715,0.6476715,1.5476716,2.4476714,6.7476716,8.747671,7.4476714,5.0476713,4.5476713,3.6476715,0.047671508,-1.6523285,-1.1523285,-4.0523286,-4.5523286,-4.9523287,-5.7523284,-5.3523283,-6.6523285,-6.0523286,-8.052328,-7.0523286,-4.7523284,-5.5523286,-6.4523287,-4.4523287,-5.8523283,-8.052328,-9.952329,-8.952329,-10.552328,-11.852328,-11.352328,-12.452329,-11.752329,-11.052328,-9.252329,-8.6523285,-7.1523285,-1.5523285,1.3476715,3.9476714,6.2476716,4.4476714,2.3476715,1.9476715,-0.15232849
-1.0523285,-1.7523285,-3.3523285,-3.6523285,-2.9523284,-1.6523285,-2.5523286,-3.1523285,-3.0523286,-1.0523285,0.3476715,1.0476716,1.9476715,4.7476716,5.8476715,6.2476716,6.1476717,4.8476715,2.8476715,1.2476715,-1.5523285,-0.4523285,-3.3523285,-5.6523285,-6.6523285,-5.7523284,-5.9523287,-6.3523283,-5.7523284,-6.2523284,-8.852328,-8.052328,-7.4523287,-7.2523284,-7.2523284,-5.0523286,-4.7523284,-9.6523285,-9.752329,-8.852328,-8.6523285,-9.552328,-10.052328,-11.1523285,-9.352328,-7.7523284,-7.5523286,-6.5523286,-4.7523284,-2.6523285,-2.3523285,-0.55232847,-0.15232849,-0.7523285,-1.1523285,-2.3523285,-3.3523285
-3.5523286,-6.0523286,-4.4523287,-4.3523283,-3.4523284,-4.0523286,-4.5523286,-3.0523286,-2.0523286,-1.7523285,-0.35232848,2.3476715,2.4476714,3.0476716,3.6476715,3.0476716,3.4476714,3.0476716,3.8476715,-0.15232849,-0.2523285,0.4476715,-4.5523286,-6.2523284,-6.9523287,-5.3523283,-5.5523286,-5.5523286,-5.2523284,-5.8523283,-7.0523286,-9.952329,-9.852328,-7.5523286,-7.3523283,-7.6523285,-7.8523283,-6.1523285,-6.5523286,-9.952329,-9.1523285,-8.352328,-9.1523285,-7.5523286,-9.6523285,-8.952329,-9.252329,-7.7523284,-6.4523287,-4.9523287,-5.5523286,-6.6523285,-5.6523285,-4.3523283,-4.1523285,-4.9523287,-7.6523285
-7.2523284,-7.1523285,-6.8523283,-5.2523284,-3.9523284,-5.0523286,-3.6523285,-5.1523285,-2.4523284,-0.9523285,-0.15232849,1.2476715,0.7476715,0.94767153,-0.8523285,0.7476715,1.6476715,0.1476715,-3.0523286,-1.2523285,-1.2523285,-2.5523286,-4.5523286,-6.3523283,-6.9523287,-7.1523285,-6.9523287,-6.5523286,-6.4523287,-7.5523286,-8.552328,-9.852328,-12.752329,-10.852328,-10.752329,-10.352328,-10.052328,-10.352328,-9.1523285,-10.952329,-10.252329,-8.6523285,-8.452329,-10.852328,-11.352328,-11.852328,-10.752329,-9.1523285,-7.3523283,-7.8523283,-10.1523285,-10.452329,-10.252329,-8.552328,-8.852328,-10.052328,-10.852328
-8.352328,-7.6523285,-7.1523285,-4.9523287,-4.6523285,-5.3523283,-5.1523285,-4.2523284,-1.8523285,-2.4523284,0.24767151,1.4476715,0.24767151,-1.9523284,-2.1523285,0.4476715,0.5476715,-2.3523285,0.1476715,0.6476715,-1.5523285,-2.8523285,-6.0523286,-5.7523284,-4.9523287,-7.3523283,-8.352328,-10.252329,-10.6523285,-10.852328,-9.752329,-10.552328,-11.252329,-12.852328,-11.452329,-11.852328,-14.752329,-11.752329,-11.852328,-8.752329,-10.952329,-10.552328,-11.852328,-13.552328,-11.052328,-11.452329,-10.852328,-9.852328,-10.252329,-11.252329,-12.452329,-13.552328,-15.852328,-15.1523285,-14.852328,-13.452329,-16.152328
