public/data/weather/2019/09/30/0000-wind-surface-level-gfs-1.0.json
{"header": { "discipline":0, "disciplineName":"Meteorological products", "gribEdition":2, "gribLength":78288, "center":7, "centerName":"US National Weather Service - NCEP(WMC)", "subcenter":0, "refTime":"2019-09-30T00:00:00.000Z", "significanceOfRT":1, "significanceOfRTName":"Start of forecast", "productStatus":0, "productStatusName":"Operational products", "productType":1, "productTypeName":"Forecast products", "productDefinitionTemplate":0, "productDefinitionTemplateName":"Analysis/forecast at horizontal level/layer at a point in time", "parameterCategory":2, "parameterCategoryName":"Momentum", "parameterNumber":3, "parameterNumberName":"V-component_of_wind", "parameterUnit":"m.s-1", "genProcessType":2, "genProcessTypeName":"Forecast", "forecastTime":0, "surface1Type":103, "surface1TypeName":"Specified height level above ground", "surface1Value":10.0, "surface2Type":255, "surface2TypeName":"Missing", "surface2Value":0.0, "gridDefinitionTemplate":0, "gridDefinitionTemplateName":"Latitude_Longitude", "numberPoints":65160, "shape":6, "shapeName":"Earth spherical with radius of 6,371,229.0 m", "gridUnits":"degrees", "resolution":48, "winds":"true", "scanMode":0, "nx":360, "ny":181, "basicAngle":0, "lo1":0.0, "la1":90.0, "lo2":359.0, "la2":-90.0, "dx":1.0, "dy":1.0 }, "data":
[rows 104 to 129 of 181, columns 174 to 231 of 360]
1.5693994,0.8493994,0.98939943,0.4593994,0.4193994,-0.070600584,0.4193994,1.5993994,2.5193994,3.2593994,4.249399,4.4193993,3.5493994,3.1093993,2.1193993,1.7693994,2.0593994,1.8093994,1.6893994,2.2993994,2.4893994,2.6393995,2.3493993,2.7993994,3.6093993,4.6493993,5.1693993,5.2793994,5.5793996,5.4393992,4.6793995,4.4393992,4.8893995,2.9393995,3.9193995,4.6893992,4.6493993,3.4893994,2.6293993,2.6893995,3.2393994,2.4893994,2.3693993,0.73939943,1.4893994,0.8193994,-0.14060059,0.5293994,0.7193994,0.13939941,0.5993994,0.8693994,1.1993995,0.5793994,1.4693995,1.9893994,0.2993994,1.3293995
0.92939943,0.2993994,-0.46060058,0.11939941,-0.020600585,1.0793995,1.2793994,1.1993995,1.2193995,2.2293994,3.5293994,3.4193995,3.0993993,2.3493993,1.4093994,0.8693994,0.9993994,0.5393994,1.0293994,1.7793994,1.8193994,2.3593993,3.1093993,3.3993995,3.5693994,3.5693994,4.0593996,5.1993995,5.7393994,6.0093994,6.499399,6.6093993,5.6693993,5.3593993,4.9493995,4.4893994,3.6793995,3.7093995,3.5293994,2.8493993,2.2093995,1.9793994,1.9793994,1.2693994,1.0293994,-0.5506006,-0.70060056,-0.9906006,-1.1906006,-1.2106006,0.5693994,1.0893995,0.3993994,0.31939942,-0.34060058,0.8893994,1.3193994,0.8993994
0.5793994,-0.1706006,-0.8006006,-1.0906006,-0.9906006,-0.37060058,0.5793994,0.7593994,1.9393994,2.0693994,1.8593994,2.5193994,3.0393994,2.7093995,2.1993995,0.8393994,0.5093994,0.2693994,-0.4906006,-0.0106005855,0.92939943,2.0193994,2.2093995,3.2093995,3.8793993,4.1093993,4.3993993,4.1193995,3.4293995,3.7893994,5.1293993,5.7593994,6.3593993,6.5293994,6.479399,5.6293993,4.8593993,3.9693995,3.0993993,1.8093994,1.9493995,1.4393994,0.9093994,0.18939942,1.1293994,0.049399413,-1.6406006,-2.7306006,-1.4606006,-2.7506006,-0.9706006,-0.3306006,0.5193994,-0.5006006,-0.3006006,0.079399414,-0.3306006,0.54939944
-0.58060056,-1.2006006,-1.2406006,-1.8906006,0.4893994,0.079399414,-2.0706005,-0.9206006,-0.7306006,0.7193994,1.0093994,2.3393993,3.2393994,4.0893993,1.4093994,1.9393994,-6.0058595E-4,0.8093994,-0.12060059,-0.020600585,0.4793994,0.9993994,1.4493995,1.6693994,2.1693995,2.8293993,3.0693994,3.0993993,4.0793996,4.709399,5.6193995,5.979399,5.8093996,5.6893992,5.7393994,5.6793995,3.8393993,6.2793994,5.8893995,4.1793995,1.3893994,1.0393994,0.8193994,0.5593994,0.18939942,2.1793995,-0.19060059,-2.4006007,-0.34060058,-2.2206006,-1.8806006,-2.0306005,-0.9806006,-1.8806006,-0.5906006,0.3893994,-0.050600585,0.14939941
-2.3306005,-2.1806006,-1.2006006,-3.2806005,-0.6506006,-3.6506007,-2.7906005,-1.8806006,-1.6106006,-0.4206006,0.5093994,0.8793994,1.7893994,3.4093995,3.2393994,2.6293993,0.5793994,0.2993994,0.36939943,0.5293994,0.9993994,1.1093994,1.0693994,0.5593994,0.97939944,2.3293993,2.9893994,4.7893996,5.1393995,5.5193996,5.7593994,5.8493996,5.8493996,5.0893993,4.1293993,4.6293993,5.0693994,4.9093995,5.2893996,5.9393992,6.1893992,6.3093996,4.1593995,3.1793995,0.7493994,0.36939943,0.7893994,-1.2006006,-0.89060056,-0.5406006,-2.4206007,-1.7806005,-2.5306005,-2.6606007,-2.9706006,-1.5106006,-0.40060058,0.33939943
-0.9206006,-1.8406006,-2.3906007,-3.3206005,-4.520601,-4.1006007,-4.750601,-3.1206007,-1.7606006,-1.4806006,-0.77060056,0.029399414,1.5393994,3.2993994,3.9693995,3.5393994,2.2493994,0.8193994,0.28939942,0.16939941,0.5793994,1.3293995,1.8593994,2.6593995,3.4993994,4.2893996,5.0193996,5.3693995,5.5393996,6.1693993,4.7993994,4.2893996,5.2993994,5.8393993,3.6693995,2.7293994,2.9893994,3.4293995,3.9293995,4.459399,5.9893994,6.5393996,6.8993993,6.6593995,6.0493994,6.229399,3.5993993,1.4693995,-0.24060059,-0.9806006,-1.5906006,-2.3606005,-2.3506005,-3.3406005,-3.3806007,-2.3006005,-1.3606006,-1.4706006
0.4293994,1.4693995,-2.1206007,-1.2506006,-3.2306006,-4.1506004,-4.520601,-4.2006006,-3.4406006,-3.2306006,-2.2806005,-1.2506006,-0.6006006,1.9893994,2.8493993,3.9793994,4.0293994,2.1193993,0.6393994,0.6893994,0.7693994,0.5593994,0.6293994,2.2893994,3.2793994,4.229399,5.1593995,4.6893992,4.999399,5.4193993,4.6593995,5.6493993,4.3193994,5.3893995,7.0893993,5.0593996,3.4493995,4.2393994,4.5693994,4.8393993,4.9093995,5.2993994,5.249399,6.3493996,6.0893993,6.6893992,6.1093993,7.0293994,5.6993995,0.60939944,0.18939942,-1.1206006,-2.1106005,-2.4406006,-4.8506007,-3.6206007,-3.0706005,-2.6906006
0.9993994,-0.19060059,0.5893994,0.27939942,-1.8806006,-2.5206006,-3.8806007,-2.6806006,-2.9206007,-4.4006004,-4.9206004,-2.9106007,-0.3206006,0.34939942,1.2093995,1.4493995,3.5193994,3.2393994,2.6193993,2.8093994,2.2293994,1.7293994,0.5593994,0.8293994,2.0693994,3.3193994,4.4693995,4.8393993,5.0593996,4.7693996,4.8693995,4.8993993,4.8993993,6.2193995,6.4193993,6.6593995,5.3593993,4.4193993,4.3193994,4.6193995,5.0793996,5.2993994,4.999399,5.9393992,6.2793994,6.729399,6.5093994,6.5693994,6.9393992,6.3893995,3.7293994,4.4893994,-0.4206006,-0.8806006,-2.9906006,-5.0706005,-4.290601,-3.7006006
-0.3906006,-0.57060057,-0.5906006,-0.6906006,-2.4006007,-3.4406006,-4.0806007,-4.000601,-3.3406005,-4.2106004,-3.3906007,-3.3206005,-1.5406005,-0.5306006,0.27939942,0.7693994,1.0593994,1.9993994,2.7893994,2.8693993,3.2893994,3.9893994,3.4893994,3.4793994,2.4493995,2.0793993,3.2193995,3.3093994,3.6993995,3.8893995,4.1893992,4.5893993,5.1693993,5.2593994,5.2693996,6.1993995,6.5593996,5.459399,5.8093996,5.6693993,3.7793994,4.5493994,4.1393995,4.5993996,5.209399,5.7893996,6.3293996,6.5293994,5.959399,6.5193996,6.4293995,5.1893992,4.2193995,2.9993994,1.1793994,-0.41060057,-3.6706007,-4.8806005
1.4993994,-1.4506006,-0.64060056,-1.4206005,-0.9906006,-2.3606005,-3.3906007,-3.4406006,-4.1306005,-2.8106005,-2.1006005,-2.1206007,-0.6106006,0.4293994,-0.14060059,0.3293994,0.4193994,1.1093994,1.2793994,1.4993994,2.0693994,2.9193995,3.8693993,3.6193993,3.4093995,2.3693993,1.5893995,1.9593995,2.9793994,2.8293993,3.0793993,4.1493993,4.5693994,4.2593994,3.8593993,5.0093994,5.0893993,5.8993993,5.8293996,5.5293994,5.2193995,5.1193995,2.7093995,3.6493995,4.3493996,5.2393994,5.2893996,5.5393996,5.9393992,5.9893994,5.729399,4.9293995,3.5093994,3.6293993,3.9693995,3.8093994,3.7193995,2.5793993
0.7593994,-0.5306006,-2.3606005,-2.5406005,-2.3506005,-1.7806005,-2.9206007,-3.5506005,-5.1006007,-4.5706005,-4.2206006,-1.4906006,-0.8606006,-0.58060056,-0.5306006,-1.1906006,-1.5006006,-0.9006006,0.5393994,0.7593994,1.2493994,2.0093994,2.4693995,2.5793993,3.4393995,3.5493994,2.8993995,3.1693995,3.1493995,2.6893995,2.5093994,3.0593994,2.4993994,2.3393993,2.5993993,3.8293993,3.9593995,3.9293995,3.7593994,4.1793995,4.5593996,3.3893995,4.0593996,3.1093993,4.1093993,3.5693994,3.9093995,4.8693995,5.1293993,4.479399,4.5593996,4.0393996,0.66939944,1.8393995,3.2893994,3.2493994,3.3793993,3.6893995
0.5093994,-2.8506005,-3.6706007,-3.2806005,-2.0106006,-0.8106006,-0.020600585,-1.2306006,-3.6506007,-4.4706006,-3.1106005,-2.3606005,-1.9406006,-1.9106005,-1.5606006,-1.5006006,-1.4506006,-0.5306006,-0.16060059,0.6193994,1.1093994,0.19939941,0.33939943,2.3293993,3.1893995,3.1393995,3.3893995,4.1393995,4.6093993,4.6293993,3.9393995,3.8393993,4.2193995,4.1193995,4.1593995,3.6293993,4.479399,4.6993995,4.249399,4.7993994,5.7593994,5.3793993,4.3693995,3.4493995,4.2993994,5.1293993,5.5893993,4.5693994,4.0393996,3.9893994,4.7393994,3.9993994,3.4893994,3.1993995,2.5293994,3.1193993,3.0193994,2.4393995
-1.2706006,-1.3206006,-4.0506005,-5.4706006,-5.1206007,-2.9806006,-0.5506006,-0.4506006,-2.8006005,-3.8206005,-3.9006007,-3.5906005,-2.1506007,-1.7106006,-2.4406006,-2.5706005,-2.1806006,-2.0006006,-0.7806006,0.12939942,0.059399415,0.9093994,-0.18060058,1.4293994,1.8593994,2.3293993,3.6493995,3.3493993,3.9093995,3.8393993,4.249399,4.1593995,3.9893994,3.7693994,2.5493994,4.249399,3.6893995,4.7793994,5.1893992,5.459399,5.9093995,4.999399,4.3193994,3.2893994,4.249399,4.2393994,5.4893994,6.3693995,6.0493994,3.4493995,3.7893994,3.6893995,2.6693995,2.7493994,2.7093995,2.8793993,3.4293995,3.8593993
-2.8106005,-1.9606006,-3.1106005,-5.0306005,-4.7606006,-3.9706006,-2.9506006,-2.5006006,-2.3506005,-3.9106007,-3.8406005,-3.0806005,-2.1906006,-2.2806005,-2.7406006,-3.3806007,-2.2506006,-2.3106005,-1.5406005,-0.83060056,-0.41060057,-0.7206006,-1.0206006,-0.7406006,0.19939941,0.98939943,1.5593994,2.1493995,3.1393995,3.7693994,4.0893993,3.7693994,3.6593995,3.5793993,2.4693995,2.6193993,3.4493995,4.5693994,5.5793996,6.0693994,5.6293993,4.7393994,3.1093993,2.6793995,3.7593994,3.3393993,3.4493995,4.499399,6.1593995,6.709399,7.0193996,7.0493994,3.0293994,2.1793995,2.2593994,2.7593994,3.2393994,4.5993996
-3.2206006,-3.5606005,-3.3506005,-6.3106008,-6.2206006,-4.9106007,-3.8506005,-4.1606007,-4.270601,-3.5606005,-2.4806006,-2.8906007,-3.4806006,-3.0406005,-3.3706007,-3.1306007,-3.5106006,-2.9306006,-2.8106005,-1.5806006,-0.060600586,0.12939942,-1.8706006,-1.7906005,-1.5506005,-0.3906006,0.8093994,2.0393994,2.8293993,3.6993995,4.1193995,3.5293994,3.5193994,3.0593994,1.6293994,1.0593994,2.8393993,4.6293993,5.6093993,5.1993995,4.999399,5.4893994,1.6593994,0.5093994,2.5193994,2.9893994,3.6493995,4.459399,5.1993995,4.6793995,5.6493993,6.2693996,6.5693994,5.3693995,4.6593995,3.7193995,3.3293993,3.3393993
-3.7606006,-3.4106007,-4.1706004,-5.9806004,-6.3406005,-6.4906006,-5.5106006,-4.3706007,-4.8206005,-4.8106008,-4.2006006,-3.9906006,-3.8306005,-3.5406005,-3.5206006,-2.8806007,-2.2506006,-2.6506007,-3.2806005,-2.9406006,-0.9906006,0.54939944,0.8893994,-0.050600585,-1.1706005,-1.6906006,0.6393994,1.0993994,0.7693994,2.6793995,3.4393995,3.9093995,3.6793995,2.4293995,3.0993993,-0.9406006,2.4093995,4.3893995,5.6693993,5.0593996,4.6793995,5.7693996,6.2693996,0.3293994,2.3393993,2.5693994,3.7393994,5.0293994,4.6693993,4.3093996,4.5193996,4.709399,4.9193993,5.6993995,4.9293995,5.3393993,5.0093994,4.6493993
-5.7606006,-4.9706006,-4.6006007,-6.5706005,-8.380601,-6.8306007,-5.6906004,-5.4906006,-6.3506007,-5.5606008,-5.7606006,-5.540601,-4.4306006,-3.9206007,-4.0706005,-3.8506005,-2.9106007,-1.9306006,-0.7906006,-0.6506006,-2.1606007,-0.1706006,1.8393995,0.5293994,-0.070600584,-0.20060058,1.2393994,1.9493995,2.1893995,2.5393994,3.1893995,3.9193995,3.4593995,3.4893994,2.0593994,0.7893994,1.9693995,4.0093994,4.5693994,3.3293993,4.9093995,4.1893992,4.6693993,4.1793995,3.7893994,3.5993993,3.9493995,4.0693994,4.0593996,4.7793994,4.4193993,4.6593995,4.3693995,4.3393993,5.209399,4.6793995,4.979399,4.8693995
-6.5806007,-6.9906006,-6.7806005,-7.2806005,-7.5706005,-6.8406005,-8.000601,-7.2106004,-7.3606005,-6.4506006,-5.2606006,-6.2406006,-4.9706006,-4.8506007,-4.5606008,-3.9006007,-3.2606006,-2.9106007,-2.1606007,-1.1306006,-0.8006006,0.31939942,0.67939943,0.67939943,1.0893995,0.15939942,0.19939941,1.1693994,1.4593995,2.6893995,3.6093993,5.0193996,1.9393994,4.2193995,5.9193993,0.8493994,2.0793993,3.0893993,3.4693995,3.0093994,3.8493993,2.9793994,3.2493994,2.3493993,2.7293994,2.3393993,3.7993994,4.249399,3.2193995,4.459399,5.209399,4.5193996,5.8393993,5.5093994,4.5293994,4.3093996,3.7993994,3.9993994
-6.290601,-8.080601,-7.9206004,-6.7806005,-8.2206,-6.9706006,-8.1906,-9.2306,-9.4706,-6.5506005,-6.0706005,-6.6906004,-5.9906006,-5.4406004,-5.0106006,-4.9506006,-4.000601,-3.0306005,-1.9106005,-1.6606005,-0.9206006,-0.6206006,-0.7906006,0.8393994,1.1693994,0.6493994,0.5993994,0.28939942,1.0693994,2.1593995,1.8293995,3.9893994,1.8993994,3.1493995,3.9893994,2.4893994,2.4493995,1.6293994,2.3393993,1.7593994,2.3893995,2.8193994,2.8693993,2.9193995,3.8193994,3.3693993,3.7093995,4.229399,4.7893996,4.4493995,5.1793995,4.8093996,5.0593996,4.5193996,5.6193995,5.0893993,4.8993993,5.0893993
-3.5806005,-8.460601,-9.580601,-8.7206,-8.630601,-7.540601,-7.1306005,-9.8206005,-8.4706,-7.790601,-6.750601,-6.520601,-6.5606008,-5.7006006,-4.9706006,-4.7106004,-3.6806006,-3.2906005,-2.6806006,-1.6906006,-1.3406006,0.5593994,-2.2206006,-0.6106006,0.43939942,0.6493994,0.6193994,0.36939943,1.3393995,2.8393993,-0.08060059,2.6993995,2.2693994,1.9893994,2.9193995,2.3593993,3.3293993,2.8093994,1.9193994,2.1293993,3.1493995,3.0293994,3.4393995,3.3493993,2.7193995,3.5493994,4.209399,2.7893994,4.3093996,4.5493994,5.5493994,4.8393993,5.0593996,5.3893995,5.1593995,5.5093994,4.5693994,4.4293995
-4.0106006,-4.3506007,-9.740601,-10.7206,-10.4806,-8.0706005,-6.8206005,-9.1906,-8.4306,-7.4606004,-6.2106004,-6.6206007,-5.9606004,-5.4106007,-4.520601,-4.8406005,-3.5306005,-2.6106005,-1.0606006,-1.4106005,-1.6606005,-2.0306005,-1.9906006,-1.7106006,-1.5406005,-0.5406006,-0.050600585,-0.13060059,0.33939943,1.1693994,0.23939942,1.1093994,1.6393994,2.3393993,2.1893995,2.0593994,2.5193994,2.1993995,1.0193994,2.5993993,2.5093994,2.9393995,2.8593993,2.7393994,3.4093995,3.3193994,4.0993996,1.7393994,3.6093993,4.2993994,4.5293994,5.249399,4.8893995,4.0893993,3.8093994,4.4393992,4.1193995,3.9893994
-5.6906004,-5.5506005,-6.0306005,-12.030601,-12.1906,-10.500601,-8.660601,-9.2206,-9.3906,-8.260601,-6.3006005,-6.3206005,-4.8706007,-4.3706007,-4.5906005,-4.5106006,-3.9306006,-3.2406006,-2.3306005,-1.3806006,-2.2606006,-1.8006005,-0.16060059,-0.9106006,-1.2606006,-0.4506006,0.5193994,0.34939942,0.40939942,-0.18060058,0.2593994,0.28939942,1.4993994,2.7393994,3.2193995,1.5793995,1.9393994,2.6993995,1.8793994,2.0193994,2.2193995,2.7493994,1.9093994,1.1293994,2.2593994,2.8393993,3.7493994,2.2593994,2.0893993,3.1493995,4.0393996,4.2593994,5.2793994,5.1593995,4.4393992,4.959399,3.9593995,3.5393994
-2.3006005,-5.2606006,-6.4106007,-11.830601,-14.530601,-12.530601,-11.050601,-9.750601,-10.490601,-8.8906,-7.540601,-6.6406007,-5.4806004,-4.4506006,-4.9706006,-4.8706007,-3.9206007,-3.4606006,-1.9006006,-1.2006006,-0.28060058,-0.3306006,-0.44060057,-0.25060058,-0.44060057,-1.0206006,-0.8506006,0.9393994,0.37939942,0.2693994,-0.1706006,0.18939942,1.1693994,2.2593994,2.0893993,1.1393994,1.7793994,2.3593993,1.8093994,0.36939943,0.60939944,1.3393995,0.73939943,0.8093994,0.8393994,2.1593995,1.8593994,2.6193993,2.4893994,3.3493993,4.1893992,3.5693994,4.6893992,5.459399,5.2393994,5.1193995,4.8493996,4.2993994
-5.020601,-1.6306006,-4.9806004,-9.7206,-15.6806,-15.6406,-13.1806,-11.0706005,-9.920601,-8.800601,-7.9306006,-6.2206006,-5.6306005,-5.4006004,-4.9706006,-4.4806004,-4.4806004,-3.1006005,-2.6506007,-2.3506005,-1.3006005,0.059399415,0.66939944,1.3993994,0.98939943,-0.6806006,-1.4006006,-0.7306006,0.40939942,-0.20060058,0.22939941,0.31939942,0.2593994,1.5293994,2.2293994,0.98939943,1.0593994,1.1493994,1.1093994,0.7193994,0.21939941,-0.25060058,0.11939941,0.18939942,-0.050600585,-0.12060059,0.12939942,1.5393994,2.4593995,3.5893993,4.1393995,4.8093996,4.479399,5.709399,5.5793996,5.3393993,5.5593996,5.3593993
-4.3306007,-2.5106006,-1.8106006,-3.7706006,-2.5906005,-13.1906,-12.780601,-12.340601,-10.660601,-9.6106,-8.000601,-7.1906004,-6.3606005,-5.8106008,-5.540601,-5.3206005,-4.9506006,-3.2006006,-3.2806005,-3.0006006,-1.0606006,-0.16060059,0.67939943,1.8093994,1.7693994,1.8293995,-1.1106006,-0.6306006,-0.2906006,0.23939942,-0.070600584,0.22939941,0.8393994,1.7393994,2.3693993,2.0593994,1.5193994,2.3993995,1.7893994,0.43939942,0.15939942,-0.58060056,-0.9606006,-0.16060059,-0.24060059,-1.0106006,-0.8506006,0.15939942,1.3593994,2.0693994,3.2193995,4.479399,4.2593994,5.9893994,5.3793993,6.9193993,7.1493993,7.1393995
-1.7406006,-2.7606006,-3.4006007,-2.0606005,-5.4006004,-14.630601,-12.490601,-12.040601,-10.210601,-9.170601,-8.870601,-9.1906,-8.8506,-6.9306006,-5.9906006,-5.250601,-4.6706004,-4.6606007,-5.1306005,-3.1806006,-2.0006006,-0.46060058,0.2693994,1.7593994,2.2793994,2.1693995,-0.020600585,-0.51060057,0.4593994,0.12939942,0.5693994,-0.020600585,0.5893994,1.1393994,1.3893994,1.4093994,1.1893994,1.7493994,1.9193994,1.0293994,0.6993994,-0.6306006,-1.1006006,-1.4006006,-1.1906006,-1.1806006,-1.0406005,-0.6106006,0.7193994,1.0393994,2.6393995,3.6793995,4.2593994,5.9393992,7.1393995,7.5193996,8.329399,7.9893994
