public/data/weather/2019/09/30/0000-wind-isobaric-850hPa-gfs-1.0.json
{"header": { "discipline":0, "disciplineName":"Meteorological products", "gribEdition":2, "gribLength":53001, "center":7, "centerName":"US National Weather Service - NCEP(WMC)", "subcenter":0, "refTime":"2019-09-30T00:00:00.000Z", "significanceOfRT":1, "significanceOfRTName":"Start of forecast", "productStatus":0, "productStatusName":"Operational products", "productType":1, "productTypeName":"Forecast products", "productDefinitionTemplate":0, "productDefinitionTemplateName":"Analysis/forecast at horizontal level/layer at a point in time", "parameterCategory":2, "parameterCategoryName":"Momentum", "parameterNumber":2, "parameterNumberName":"U-component_of_wind", "parameterUnit":"m.s-1", "genProcessType":2, "genProcessTypeName":"Forecast", "forecastTime":0, "surface1Type":100, "surface1TypeName":"Isobaric surface", "surface1Value":85000.0, "surface2Type":255, "surface2TypeName":"Missing", "surface2Value":0.0, "gridDefinitionTemplate":0, "gridDefinitionTemplateName":"Latitude_Longitude", "numberPoints":65160, "shape":6, "shapeName":"Earth spherical with radius of 6,371,229.0 m", "gridUnits":"degrees", "resolution":48, "winds":"true", "scanMode":0, "nx":360, "ny":181, "basicAngle":0, "lo1":0.0, "la1":90.0, "lo2":359.0, "la2":-90.0, "dx":1.0, "dy":1.0 }, "data":
[rows 0 to 24 of 181, columns 58 to 115 of 360]
9.915354,9.915354,9.915354,9.915354,9.915354,9.915354,9.915354,9.915354,9.915354,9.915354,9.915354,9.915354,9.915354,9.815353,9.815353,9.815353,9.715353,9.715353,9.715353,9.615354,9.615354,9.515353,9.515353,9.415354,9.415354,9.315353,9.315353,9.215353,9.215353,9.115354,9.015353,8.915354,8.915354,8.815353,8.715353,8.615354,8.515353,8.415354,8.315353,8.315353,8.215353,8.115354,8.015353,7.8153534,7.7153535,7.6153536,7.515353,7.4153533,7.3153534,7.2153535,7.015353,6.9153533,6.8153534,6.7153535,6.515353,6.4153533,6.3153534,6.1153536
7.4153533,7.4153533,7.4153533,7.3153534,7.3153534,7.3153534,7.2153535,7.2153535,7.1153536,7.1153536,7.015353,7.015353,6.9153533,6.9153533,6.8153534,6.7153535,6.7153535,6.6153536,6.515353,6.4153533,6.4153533,6.3153534,6.2153535,6.1153536,6.015353,5.9153533,5.9153533,5.8153534,5.7153535,5.6153536,5.6153536,5.515353,5.4153533,5.4153533,5.3153534,5.2153535,5.1153536,5.1153536,5.015353,4.9153533,4.9153533,4.8153534,4.7153535,4.7153535,4.6153536,4.515353,4.4153533,4.3153534,4.2153535,4.1153536,4.015353,3.9153533,3.8153534,3.7153535,3.5153534,3.4153533,3.3153534,3.1153533
4.515353,4.515353,4.515353,4.4153533,4.4153533,4.4153533,4.4153533,4.3153534,4.3153534,4.3153534,4.3153534,4.3153534,4.3153534,4.3153534,4.3153534,4.3153534,4.3153534,4.3153534,4.2153535,4.2153535,4.2153535,4.2153535,4.2153535,4.2153535,4.2153535,4.2153535,4.2153535,4.2153535,4.2153535,4.1153536,4.1153536,4.1153536,4.015353,4.015353,3.9153533,3.8153534,3.7153535,3.6153533,3.5153534,3.4153533,3.3153534,3.2153535,3.1153533,3.0153534,2.8153534,2.7153535,2.6153533,2.5153534,2.4153533,2.3153534,2.2153535,2.1153533,2.0153534,1.9153534,1.8153534,1.7153534,1.6153533,1.4153534
1.5153534,1.5153534,1.4153534,1.4153534,1.3153534,1.3153534,1.2153534,1.1153533,1.1153533,1.0153534,1.0153534,0.9153534,0.9153534,0.9153534,0.9153534,0.8153534,0.8153534,0.8153534,0.8153534,0.71535337,0.71535337,0.71535337,0.6153534,0.6153534,0.6153534,0.5153534,0.5153534,0.5153534,0.5153534,0.5153534,0.5153534,0.5153534,0.5153534,0.5153534,0.6153534,0.6153534,0.6153534,0.71535337,0.71535337,0.71535337,0.71535337,0.8153534,0.8153534,0.8153534,0.71535337,0.71535337,0.71535337,0.6153534,0.6153534,0.5153534,0.5153534,0.4153534,0.3153534,0.2153534,0.11535339,0.11535339,0.015353394,-0.084646605
-1.3846467,-1.4846466,-1.4846466,-1.5846466,-1.5846466,-1.6846466,-1.6846466,-1.6846466,-1.6846466,-1.6846466,-1.6846466,-1.6846466,-1.6846466,-1.6846466,-1.6846466,-1.5846466,-1.5846466,-1.5846466,-1.4846466,-1.4846466,-1.3846467,-1.3846467,-1.2846466,-1.1846466,-1.1846466,-1.0846466,-0.9846466,-0.9846466,-0.8846466,-0.8846466,-0.8846466,-0.8846466,-0.9846466,-0.9846466,-1.0846466,-1.1846466,-1.1846466,-1.2846466,-1.3846467,-1.4846466,-1.4846466,-1.5846466,-1.5846466,-1.5846466,-1.5846466,-1.5846466,-1.5846466,-1.5846466,-1.5846466,-1.5846466,-1.5846466,-1.5846466,-1.6846466,-1.6846466,-1.6846466,-1.7846466,-1.8846467,-1.9846466
-4.0846467,-4.0846467,-4.1846466,-4.1846466,-4.1846466,-4.1846466,-4.1846466,-4.1846466,-4.1846466,-4.2846465,-4.2846465,-4.2846465,-4.2846465,-4.3846464,-4.3846464,-4.3846464,-4.484647,-4.484647,-4.484647,-4.484647,-4.484647,-4.484647,-4.3846464,-4.3846464,-4.3846464,-4.3846464,-4.2846465,-4.2846465,-4.1846466,-4.1846466,-4.1846466,-4.0846467,-4.0846467,-3.9846466,-3.8846467,-3.8846467,-3.7846465,-3.6846466,-3.6846466,-3.6846466,-3.5846467,-3.5846467,-3.6846466,-3.6846466,-3.6846466,-3.6846466,-3.6846466,-3.6846466,-3.6846466,-3.6846466,-3.7846465,-3.8846467,-3.8846467,-3.9846466,-3.9846466,-4.0846467,-4.0846467,-4.0846467
-6.484647,-6.3846464,-6.3846464,-6.2846465,-6.1846466,-6.0846467,-5.984647,-5.8846464,-5.7846465,-5.6846466,-5.5846467,-5.5846467,-5.5846467,-5.5846467,-5.6846466,-5.7846465,-5.8846464,-5.984647,-6.0846467,-6.1846466,-6.1846466,-6.1846466,-6.1846466,-6.1846466,-6.0846467,-6.0846467,-6.1846466,-6.1846466,-6.2846465,-6.2846465,-6.2846465,-6.2846465,-6.1846466,-6.1846466,-6.1846466,-6.1846466,-6.2846465,-6.2846465,-6.2846465,-6.1846466,-6.1846466,-6.0846467,-6.0846467,-5.984647,-5.984647,-5.8846464,-5.8846464,-5.8846464,-5.8846464,-5.8846464,-5.8846464,-5.7846465,-5.7846465,-5.6846466,-5.5846467,-5.484647,-5.3846464,-5.3846464
-7.2846465,-7.1846466,-7.1846466,-7.2846465,-7.2846465,-7.3846464,-7.484647,-7.484647,-7.5846467,-7.484647,-7.3846464,-7.2846465,-7.1846466,-7.0846467,-6.8846464,-6.6846466,-6.5846467,-6.3846464,-6.1846466,-6.0846467,-6.0846467,-6.1846466,-6.2846465,-6.484647,-6.6846466,-6.8846464,-7.1846466,-7.3846464,-7.484647,-7.5846467,-7.484647,-7.3846464,-7.3846464,-7.484647,-7.5846467,-7.5846467,-7.484647,-7.3846464,-7.2846465,-7.2846465,-7.1846466,-7.0846467,-6.984647,-6.8846464,-6.7846465,-6.7846465,-6.7846465,-6.7846465,-6.7846465,-6.6846466,-6.5846467,-6.484647,-6.3846464,-6.2846465,-6.1846466,-6.0846467,-5.984647,-5.8846464
-8.984647,-8.884646,-8.784647,-8.784647,-8.684647,-8.684647,-8.584646,-8.484647,-8.384646,-8.284647,-8.284647,-8.184647,-8.184647,-8.284647,-8.384646,-8.584646,-8.684647,-8.684647,-8.584646,-8.484647,-8.484647,-8.384646,-8.284647,-8.084646,-7.7846465,-7.3846464,-7.0846467,-6.7846465,-6.5846467,-6.5846467,-6.6846466,-6.7846465,-6.7846465,-6.6846466,-6.5846467,-6.3846464,-6.1846466,-6.1846466,-6.2846465,-6.2846465,-6.2846465,-6.1846466,-6.1846466,-6.1846466,-6.1846466,-6.0846467,-6.0846467,-6.2846465,-6.3846464,-6.5846467,-6.6846466,-6.6846466,-6.6846466,-6.5846467,-6.5846467,-6.6846466,-6.6846466,-6.6846466
-9.884646,-9.284647,-8.884646,-8.684647,-8.284647,-8.184647,-8.584646,-8.684647,-8.184647,-7.984647,-7.984647,-7.7846465,-7.7846465,-7.6846466,-7.6846466,-7.7846465,-7.7846465,-7.984647,-8.184647,-8.484647,-8.784647,-8.884646,-8.984647,-8.984647,-8.884646,-8.484647,-8.184647,-8.084646,-8.284647,-8.284647,-8.184647,-7.8846464,-7.5846467,-7.8846464,-7.7846465,-7.6846466,-7.984647,-8.284647,-7.8846464,-6.8846464,-6.2846465,-5.8846464,-5.6846466,-5.7846465,-5.6846466,-5.6846466,-5.6846466,-5.6846466,-5.7846465,-5.8846464,-6.0846467,-6.1846466,-6.1846466,-6.2846465,-6.484647,-6.6846466,-6.8846464,-7.0846467
-10.184647,-9.884646,-9.684647,-9.584646,-9.384646,-9.484647,-9.684647,-9.884646,-10.184647,-10.284647,-10.284647,-10.284647,-10.184647,-9.884646,-9.584646,-9.384646,-9.284647,-9.384646,-9.484647,-9.684647,-9.684647,-9.684647,-9.484647,-9.384646,-9.084646,-8.884646,-8.784647,-8.884646,-8.984647,-8.884646,-8.484647,-7.8846464,-7.1846466,-6.6846466,-6.7846465,-7.484647,-7.984647,-8.984647,-9.284647,-10.784647,-8.584646,-7.7846465,-6.6846466,-6.484647,-6.484647,-6.2846465,-6.1846466,-6.0846467,-5.984647,-5.7846465,-5.984647,-6.1846466,-6.3846464,-6.3846464,-6.484647,-6.6846466,-6.8846464,-6.8846464
-11.084646,-10.984647,-10.884646,-10.484647,-10.084646,-10.084646,-10.384646,-10.684647,-10.784647,-10.584646,-10.384646,-10.484647,-10.684647,-10.484647,-10.284647,-10.284647,-10.584646,-10.884646,-10.984647,-11.084646,-10.984647,-10.784647,-10.584646,-10.584646,-10.584646,-10.584646,-10.384646,-10.084646,-9.784647,-9.484647,-9.384646,-9.284647,-9.084646,-8.884646,-8.384646,-7.8846464,-8.184647,-9.184647,-9.484647,-8.184647,-8.984647,-11.984647,-7.8846464,-8.284647,-10.084646,-8.784647,-8.184647,-6.7846465,-6.8846464,-6.984647,-6.8846464,-6.8846464,-6.5846467,-6.2846465,-6.0846467,-6.1846466,-6.5846467,-6.8846464
-11.684647,-11.884646,-11.884646,-11.684647,-11.984647,-12.884646,-13.684647,-12.584646,-11.684647,-11.484647,-10.984647,-10.384646,-10.184647,-10.484647,-10.284647,-9.684647,-9.084646,-9.084646,-9.584646,-10.484647,-11.084646,-11.184647,-10.984647,-10.784647,-10.684647,-10.584646,-10.384646,-10.184647,-9.884646,-9.584646,-9.284647,-8.884646,-8.784647,-8.684647,-8.784647,-9.084646,-9.084646,-8.484647,-8.084646,-7.7846465,-7.5846467,-7.484647,-8.184647,-9.084646,-9.684647,-9.784647,-9.184647,-8.484647,-8.084646,-7.7846465,-7.2846465,-6.7846465,-6.3846464,-6.1846466,-6.2846465,-6.0846467,-5.984647,-5.8846464
-9.984647,-9.484647,-8.984647,-8.784647,-8.984647,-9.384646,-9.484647,-9.584646,-10.184647,-10.984647,-10.484647,-10.084646,-10.684647,-10.984647,-11.084646,-10.984647,-10.884646,-10.884646,-10.984647,-10.684647,-10.384646,-10.184647,-9.784647,-9.584646,-9.484647,-9.384646,-9.084646,-8.984647,-8.884646,-8.784647,-8.784647,-8.584646,-8.284647,-8.084646,-7.984647,-8.084646,-8.184647,-7.984647,-7.8846464,-7.984647,-8.184647,-8.284647,-8.084646,-7.3846464,-7.3846464,-8.684647,-9.084646,-9.084646,-8.784647,-7.984647,-7.484647,-7.8846464,-8.784647,-9.284647,-9.784647,-9.984647,-9.984647,-9.684647
-9.084646,-9.184647,-8.984647,-9.684647,-10.884646,-9.584646,-9.484647,-10.184647,-9.884646,-9.184647,-7.984647,-7.1846466,-6.6846466,-6.984647,-7.3846464,-7.6846466,-7.6846466,-7.5846467,-7.5846467,-7.6846466,-7.984647,-8.184647,-8.384646,-8.484647,-8.384646,-8.184647,-7.8846464,-7.5846467,-7.0846467,-6.6846466,-6.1846466,-5.6846466,-4.984647,-4.2846465,-3.8846467,-3.9846466,-3.8846467,-3.8846467,-4.2846465,-4.5846467,-4.8846464,-4.984647,-4.8846464,-4.984647,-5.3846464,-5.7846465,-5.7846465,-6.484647,-7.3846464,-7.8846464,-7.6846466,-7.7846465,-8.184647,-8.184647,-7.984647,-8.284647,-8.484647,-8.684647
-14.884646,-12.084646,-10.584646,-9.584646,-9.484647,-9.184647,-8.684647,-8.084646,-7.3846464,-6.3846464,-5.984647,-5.2846465,-5.0846467,-7.0846467,-7.484647,-7.3846464,-7.2846465,-6.6846466,-6.2846465,-6.0846467,-6.1846466,-6.6846466,-6.8846464,-6.7846465,-6.5846467,-6.484647,-6.0846467,-5.984647,-5.8846464,-5.484647,-4.484647,-3.9846466,-4.3846464,-4.8846464,-4.484647,-3.4846466,-2.9846466,-2.5846467,-2.0846467,-1.5846466,-1.7846466,-2.0846467,-2.5846467,-2.9846466,-3.3846467,-3.8846467,-3.9846466,-3.9846466,-4.1846466,-4.6846466,-5.5846467,-5.984647,-6.7846465,-7.0846467,-7.3846464,-7.6846466,-8.084646,-8.584646
-10.384646,-10.284647,-10.084646,-9.984647,-9.984647,-9.984647,-9.884646,-9.584646,-9.184647,-8.384646,-7.5846467,-6.5846467,-5.6846466,-5.1846466,-4.5846467,-4.1846466,-4.6846466,-5.3846464,-5.5846467,-5.0846467,-4.5846467,-4.5846467,-4.3846464,-4.484647,-4.8846464,-4.7846465,-4.7846465,-4.5846467,-4.5846467,-4.8846464,-4.6846466,-4.7846465,-4.3846464,-3.9846466,-4.2846465,-3.1846466,-3.6846466,-2.8846467,-3.9846466,-3.7846465,-2.8846467,-2.1846466,-1.9846466,-1.8846467,-1.6846466,-1.8846467,-1.9846466,-2.1846466,-2.5846467,-2.4846466,-1.8846467,-1.6846466,-1.9846466,-2.0846467,-2.5846467,-2.4846466,-2.4846466,-2.4846466
-10.484647,-10.484647,-10.584646,-10.884646,-10.384646,-10.384646,-10.684647,-10.584646,-9.984647,-9.384646,-8.784647,-8.284647,-7.984647,-7.1846466,-5.7846465,-4.6846466,-3.8846467,-3.3846467,-2.8846467,-2.5846467,-2.4846466,-2.4846466,-1.9846466,-1.6846466,-2.0846467,-1.8846467,-2.3846467,-2.8846467,-2.8846467,-3.2846465,-3.3846467,-3.0846467,-2.5846467,-2.7846465,-3.3846467,-3.8846467,-4.1846466,-4.8846464,-5.1846466,-5.1846466,-5.2846465,-4.6846466,-3.9846466,-3.0846467,-2.4846466,-1.6846466,-1.2846466,-0.78464663,-0.3846466,-0.084646605,-0.3846466,-1.1846466,-1.3846467,-0.8846466,-0.084646605,0.4153534,0.8153534,1.4153534
-6.984647,-7.984647,-9.184647,-8.584646,-7.984647,-7.484647,-7.3846464,-7.984647,-8.384646,-8.984647,-8.884646,-8.384646,-7.5846467,-5.8846464,-4.5846467,-4.1846466,-3.9846466,-4.0846467,-2.7846465,-2.1846466,-2.4846466,-2.2846465,-1.6846466,-1.0846466,-0.5846466,-1.1846466,-2.0846467,-0.9846466,-0.6846466,-0.2846466,0.015353394,-0.1846466,-0.8846466,-1.4846466,-1.4846466,-1.9846466,-2.4846466,-3.3846467,-4.0846467,-4.2846465,-4.5846467,-4.984647,-4.7846465,-3.9846466,-3.3846467,-2.8846467,-2.2846465,-1.7846466,-1.7846466,-1.6846466,-1.1846466,-0.6846466,-0.084646605,0.8153534,1.6153533,2.4153533,2.9153533,3.1153533
1.6153533,1.4153534,1.2153534,0.3153534,-0.1846466,-1.7846466,-1.7846466,-1.1846466,-3.0846467,-3.8846467,-3.7846465,-4.0846467,-4.0846467,-3.7846465,-3.0846467,-1.4846466,-0.1846466,-0.084646605,-0.084646605,0.015353394,-0.2846466,0.015353394,0.5153534,1.0153534,1.5153534,2.8153534,1.9153534,1.3153534,0.9153534,0.5153534,0.2153534,-0.084646605,-0.084646605,-0.084646605,-0.084646605,-0.1846466,-0.3846466,-0.084646605,0.11535339,0.3153534,0.3153534,-0.48464662,-1.2846466,-1.4846466,-1.5846466,-1.3846467,-1.0846466,-0.5846466,-0.1846466,0.3153534,0.6153534,0.4153534,0.3153534,0.5153534,1.0153534,1.6153533,2.0153534,2.1153533
4.015353,5.8153534,7.1153536,7.2153535,7.1153536,6.6153536,5.8153534,5.6153536,4.2153535,4.8153534,4.4153533,0.6153534,0.11535339,-0.8846466,-0.1846466,-0.5846466,2.0153534,1.9153534,1.8153534,2.1153533,3.1153533,3.4153533,2.8153534,3.8153534,3.9153533,2.9153533,2.6153533,2.1153533,1.2153534,0.3153534,1.3153534,2.1153533,2.4153533,1.4153534,1.4153534,1.0153534,1.1153533,1.1153533,0.9153534,0.9153534,0.5153534,-0.1846466,-0.3846466,-0.8846466,-1.1846466,-1.2846466,-0.8846466,-1.1846466,-1.0846466,-0.8846466,-0.6846466,-0.2846466,0.11535339,0.4153534,0.6153534,0.8153534,0.6153534,0.4153534
5.4153533,5.8153534,6.515353,5.8153534,7.2153535,7.4153533,6.3153534,6.7153535,6.1153536,6.1153536,5.515353,4.3153534,3.2153535,1.9153534,2.2153535,1.3153534,1.8153534,-0.3846466,0.4153534,1.3153534,-0.3846466,-0.8846466,-0.48464662,0.3153534,0.8153534,0.8153534,0.8153534,1.2153534,1.7153534,1.9153534,1.4153534,1.5153534,2.0153534,1.6153533,1.1153533,0.6153534,0.9153534,0.6153534,1.2153534,1.0153534,0.71535337,0.11535339,-0.084646605,-0.3846466,-0.5846466,-0.6846466,-2.1846466,-2.4846466,-2.9846466,-3.2846465,-2.4846466,-2.9846466,-3.2846465,-2.9846466,-2.1846466,-1.7846466,-2.0846467,-2.0846467
9.315353,11.215353,6.6153536,6.6153536,7.8153534,8.215353,8.315353,7.1153536,8.315353,6.9153533,5.2153535,4.515353,4.9153533,4.9153533,5.3153534,2.8153534,2.9153533,3.3153534,1.2153534,1.4153534,2.2153535,2.5153534,2.0153534,2.1153533,2.4153533,1.4153534,0.3153534,0.6153534,1.4153534,1.8153534,1.4153534,1.4153534,1.9153534,1.7153534,2.0153534,1.7153534,1.7153534,2.0153534,1.7153534,1.7153534,0.8153534,0.71535337,-0.2846466,-0.78464663,-0.78464663,-0.6846466,-1.1846466,-1.9846466,-3.1846466,-3.4846466,-3.5846467,-3.7846465,-4.3846464,-5.0846467,-5.2846465,-4.8846464,-4.8846464,-4.3846464
10.315353,10.015353,10.615354,10.715353,7.015353,7.6153536,7.1153536,6.8153534,5.2153535,3.9153533,3.3153534,3.6153533,5.9153533,5.7153535,5.515353,4.1153536,3.0153534,3.4153533,3.3153534,2.5153534,3.5153534,3.2153535,3.1153533,3.5153534,3.4153533,3.0153534,2.5153534,1.3153534,0.11535339,0.3153534,0.5153534,-0.2846466,-0.2846466,0.4153534,0.3153534,0.5153534,1.1153533,1.5153534,1.8153534,2.0153534,1.5153534,0.71535337,0.11535339,0.11535339,-0.084646605,-0.5846466,-1.1846466,-2.2846465,-2.7846465,-4.0846467,-5.1846466,-7.2846465,-5.5846467,-6.7846465,-7.5846467,-7.3846464,-8.484647,-8.584646
8.915354,10.715353,10.215353,10.915354,11.115354,11.915354,7.7153535,5.9153533,6.515353,6.8153534,5.515353,7.015353,7.3153534,8.315353,4.3153534,5.015353,5.6153536,5.015353,4.7153535,4.3153534,4.2153535,4.6153536,4.3153534,2.4153533,1.7153534,2.1153533,2.3153534,2.3153534,2.2153535,1.4153534,0.2153534,0.2153534,-0.48464662,-1.3846467,-1.0846466,0.015353394,0.3153534,1.3153534,1.8153534,2.0153534,1.9153534,1.3153534,0.9153534,0.2153534,-0.8846466,-1.9846466,-2.3846467,-3.4846466,-3.6846466,-3.6846466,-4.1846466,-5.5846467,-5.2846465,-4.5846467,-6.2846465,-7.2846465,-10.984647,-12.684647
