public/data/weather/2019/09/26/0000-wind-surface-level-gfs-1.0.json
{"header": { "discipline":0, "disciplineName":"Meteorological products", "gribEdition":2, "gribLength":78846, "center":7, "centerName":"US National Weather Service - NCEP(WMC)", "subcenter":0, "refTime":"2019-09-26T00:00:00.000Z", "significanceOfRT":1, "significanceOfRTName":"Start of forecast", "productStatus":0, "productStatusName":"Operational products", "productType":1, "productTypeName":"Forecast products", "productDefinitionTemplate":0, "productDefinitionTemplateName":"Analysis/forecast at horizontal level/layer at a point in time", "parameterCategory":2, "parameterCategoryName":"Momentum", "parameterNumber":3, "parameterNumberName":"V-component_of_wind", "parameterUnit":"m.s-1", "genProcessType":2, "genProcessTypeName":"Forecast", "forecastTime":0, "surface1Type":103, "surface1TypeName":"Specified height level above ground", "surface1Value":10.0, "surface2Type":255, "surface2TypeName":"Missing", "surface2Value":0.0, "gridDefinitionTemplate":0, "gridDefinitionTemplateName":"Latitude_Longitude", "numberPoints":65160, "shape":6, "shapeName":"Earth spherical with radius of 6,371,229.0 m", "gridUnits":"degrees", "resolution":48, "winds":"true", "scanMode":0, "nx":360, "ny":181, "basicAngle":0, "lo1":0.0, "la1":90.0, "lo2":359.0, "la2":-90.0, "dx":1.0, "dy":1.0 }, "data":
[rows 130 to 155 of 181, columns 177 to 235 of 360]
3.7299097,8.01991,10.98991,10.619909,10.499909,9.199909,11.13991,12.55991,12.47991,10.249909,1.8799096,-0.89009035,0.91990966,-5.3900905,-10.460091,-11.81009,-14.89009,-17.28009,-14.66009,-12.52009,-9.6200905,-7.73009,-6.77009,-6.4900904,-6.50009,-6.7200904,-6.5700903,-5.8900905,-4.4300904,-3.5700903,-2.7500904,-13.11009,-13.920091,-12.64009,-11.43009,-9.86009,-9.52009,-9.380091,-10.20009,-8.64009,-6.3700905,-3.9900904,-2.3300903,-0.5500903,-0.040090334,2.2099097,2.2499096,0.98990965,1.2799096,2.5499096,4.2999096,6.2099094,6.4399095,8.579909,8.54991,10.1699095,11.26991,11.33991,9.89991
5.74991,8.64991,10.56991,10.75991,10.81991,9.05991,11.30991,14.659909,19.71991,3.6799097,-1.9100903,-1.6600903,0.49990967,-2.3800902,-6.7600904,-14.53009,-18.16009,-14.89009,-13.5800905,-11.72009,-9.45009,-8.250091,-7.0900903,-7.5900903,-8.36009,-7.3200903,-7.02009,-6.8900905,-5.4300904,-3.7400904,-2.9500904,-14.16009,-13.960091,-12.880091,-11.53009,-9.790091,-9.090091,-8.57009,-9.22009,-8.69009,-7.0600905,-5.40009,-2.3000903,-0.95009035,-1.4500903,0.96990967,1.5399097,1.8399097,0.5099097,1.4799097,3.5599096,5.84991,5.8399096,7.2999096,8.539909,9.98991,11.04991,10.97991,10.54991
5.1599097,7.9399095,9.749909,8.159909,9.73991,7.05991,10.789909,14.52991,17.35991,11.83991,2.4999096,0.5699097,0.55990964,-2.4800904,-11.170091,-10.95009,-12.64009,-11.02009,-11.01009,-10.28009,-8.790091,-8.49009,-8.5800905,-8.70009,-7.3600903,-5.9500904,-5.9900904,-5.9100904,-5.0600905,-4.0100904,-2.5500903,-15.18009,-13.68009,-13.19009,-11.750091,-9.800091,-8.74009,-8.66009,-8.800091,-8.45009,-7.1800904,-6.3500905,-4.27009,-1.5000904,-2.1400902,-0.14009033,-0.39009035,0.90990967,1.6899097,2.1399097,3.3999097,4.9299097,5.59991,6.7999096,8.699909,8.92991,10.84991,11.09991,11.64991
4.61991,6.07991,7.3599095,8.04991,7.9199095,8.54991,7.36991,11.1299095,14.67991,14.23991,6.74991,6.2399096,-1.0800903,-5.8400903,-8.1200905,-10.130091,-9.19009,-9.31009,-9.19009,-9.290091,-8.26009,-7.4700904,-8.95009,-8.90009,-7.63009,-6.3900905,-5.3500905,-5.1600904,-4.3100905,-6.2000904,0.39990968,-14.95009,-14.31009,-13.20009,-11.36009,-9.43009,-8.70009,-7.71009,-7.2800903,-7.6100903,-6.7600904,-6.77009,-5.48009,-3.1700904,-1.9700904,-1.2100903,-0.71009034,-0.36009035,0.36990967,1.2099097,2.3599098,2.9299097,4.0099096,5.9699097,7.49991,7.99991,8.829909,10.35991,11.18991
6.1799097,1.5999097,5.80991,7.3999095,5.8999095,6.76991,5.01991,6.6899095,10.209909,11.949909,13.119909,4.6999097,2.8099096,-3.3100903,-5.3700905,-6.71009,-7.5600905,-7.42009,-7.6000905,-7.8900905,-7.96009,-7.9900904,-8.28009,-9.340091,-8.03009,-7.0300903,-5.88009,-4.96009,-4.2000904,-4.5700903,-2.4300904,-13.290091,-14.06009,-12.98009,-11.47009,-9.65009,-8.250091,-7.46009,-7.0100904,-6.9700904,-6.7200904,-5.8700905,-5.7600904,-4.3300905,-3.6200902,-2.4200904,-0.84009033,0.10990967,0.25990966,0.48990968,1.0799097,1.7299097,2.7999096,4.51991,6.1099095,6.6799097,6.4699097,7.9899096,9.73991
6.4599094,0.13990967,3.7499096,7.05991,6.1999097,4.97991,2.2899096,2.6299098,5.82991,7.8799095,8.54991,9.959909,1.3799096,-0.48009032,-2.7800903,-4.2600904,-5.0800905,-5.8100905,-6.7200904,-7.5800905,-7.75009,-7.44009,-8.11009,-8.3300905,-8.210091,-7.8500905,-6.9300904,-6.2400904,-5.0400906,-5.4300904,-8.000091,-13.000091,-13.49009,-13.23009,-11.81009,-10.07009,-8.64009,-7.88009,-7.2800903,-6.1100903,-5.5400906,-5.75009,-5.3400903,-4.6400905,-4.3200903,-3.4900904,-2.0000904,-1.0400903,-0.27009034,0.23990966,0.9599097,1.3099097,2.3099096,3.2799096,4.3999095,5.3199096,5.99991,6.9399095,7.53991
1.0499097,0.17990966,4.51991,6.1399097,6.11991,3.2799096,1.6899097,0.66990966,2.4799097,4.4699097,5.2099094,5.8899097,5.5699096,2.5499096,-2.2800903,-3.9200904,-4.4900904,-5.3300905,-6.46009,-6.8000903,-7.6100903,-8.630091,-8.3700905,-8.420091,-8.64009,-8.590091,-8.460091,-7.7900906,-6.69009,-7.02009,-10.6200905,-12.1200905,-12.93009,-12.73009,-12.03009,-10.70009,-9.10009,-8.380091,-7.21009,-6.5400906,-5.7800903,-6.0400906,-5.75009,-4.7200904,-3.9400904,-3.6200902,-2.2900903,-1.0000904,-0.70009035,-0.42009032,0.43990967,1.1199096,1.1799097,1.8099097,2.4299097,3.4199097,3.9499097,5.4199095,5.2199097
1.4399097,4.5299096,6.3899097,6.61991,5.53991,2.0499096,-0.19009033,-1.4300903,0.16990967,2.2699096,3.2599096,3.9899096,2.8199096,3.9199097,1.9599097,-3.8800902,-4.52009,-4.2800903,-4.4900904,-6.19009,-7.6400905,-8.53009,-8.97009,-9.35009,-9.340091,-9.18009,-9.300091,-9.290091,-8.43009,-8.28009,-9.880091,-12.8700905,-12.23009,-12.02009,-10.8700905,-10.040091,-8.82009,-8.26009,-7.3300905,-6.0600905,-5.5300903,-6.0100904,-5.4700904,-5.0800905,-4.6400905,-4.0100904,-2.9400904,-2.2400904,-1.1500903,-0.83009034,0.36990967,1.2999097,1.2999097,2.0299096,1.0199096,1.5799097,2.3699098,3.7199097,3.7799096
3.7999096,6.6799097,7.49991,6.57991,5.0899096,2.6499097,-1.3700904,-1.9500903,-0.42009032,0.43990967,1.9699097,2.2699096,2.4499097,2.5299096,1.7499096,-1.2500904,-4.4900904,-3.9800904,-3.6000903,-5.3400903,-7.1600904,-8.48009,-9.52009,-10.170091,-10.90009,-11.06009,-10.82009,-10.49009,-10.460091,-9.960091,-10.91009,-11.81009,-11.82009,-11.5800905,-10.56009,-9.8300905,-8.97009,-8.540091,-7.52009,-6.19009,-5.6000905,-5.67009,-5.69009,-5.19009,-4.90009,-3.7900903,-2.8900902,-2.8100903,-0.95009035,-0.24009033,1.1999097,2.2699096,2.2299097,2.6899097,1.6899097,-0.0100903325,-9.033203E-5,0.53990966,2.3099096
6.5499096,9.01991,9.68991,8.33991,4.6399097,3.1799097,1.6099097,-1.4400903,-0.30009034,-0.0100903325,0.96990967,0.59990966,0.20990966,0.25990966,1.1299096,-1.3900903,-2.7500904,-1.6500903,-3.9700904,-6.2900906,-7.8700905,-8.540091,-9.6200905,-11.920091,-13.19009,-13.590091,-13.36009,-12.290091,-12.19009,-11.44009,-11.590091,-11.8700905,-11.3700905,-10.99009,-10.420091,-9.93009,-9.23009,-8.61009,-7.3100905,-6.42009,-4.92009,-5.5900903,-5.2600904,-5.6400905,-4.7900906,-4.0100904,-3.6600904,-2.3700902,-1.2800903,0.19990967,2.5499096,4.1899095,5.4499097,7.1999097,6.30991,5.7199097,1.9099097,1.7599096,0.18990967
7.0899096,7.4899096,8.38991,8.97991,6.5299096,4.9499097,3.4899096,1.7299097,-0.43009034,-1.5000904,-2.4100904,-1.9000903,-3.0000904,-1.9900904,-0.44009033,-1.4600903,-0.69009036,-2.3600903,-3.4700904,-4.90009,-5.77009,-7.8400903,-10.380091,-13.790091,-15.290091,-16.09009,-15.340091,-14.1200905,-13.10009,-12.22009,-11.86009,-12.3300905,-12.040091,-11.550091,-10.69009,-9.800091,-8.710091,-7.75009,-6.71009,-6.2600904,-5.6400905,-6.5100904,-6.2600904,-5.8400903,-4.1400905,-3.3200903,-4.96009,-6.4500904,-4.0600905,-0.76009035,2.3899097,4.6599097,6.32991,7.0299096,7.4499097,7.9099097,6.9699097,7.49991,6.7199097
5.5499096,6.26991,7.1299095,8.72991,8.88991,8.959909,9.079909,6.2199097,0.25990966,-4.46009,-6.75009,-6.98009,-6.5100904,-3.6100903,-2.8000903,-1.5400903,-1.1300904,-1.7200904,-2.9400904,-2.5700903,-4.4300904,-6.5100904,-11.03009,-16.060091,-17.71009,-18.01009,-16.58009,-14.64009,-13.98009,-12.44009,-11.670091,-13.43009,-12.15009,-11.050091,-10.000091,-9.550091,-8.540091,-7.4700904,-6.9100904,-7.2200904,-7.1400905,-7.1600904,-6.9700904,-5.6600904,-3.8500903,-6.6600904,-6.23009,-4.25009,-1.3100903,1.5899097,3.4999096,3.9199097,5.34991,5.9599094,6.55991,7.1999097,7.11991,6.9899096,6.99991
5.7199097,5.76991,6.6099095,8.21991,10.329909,11.4199095,13.38991,4.9499097,5.2199097,-0.82009035,-5.5100904,-8.43009,-8.590091,-5.8200903,-2.5200903,-2.0900903,-2.3200903,-2.1000903,-0.6000903,-2.8500903,-4.8200903,-10.000091,-14.380091,-15.64009,-18.730091,-19.67009,-17.36009,-15.27009,-14.11009,-12.57009,-12.10009,-11.85009,-11.590091,-9.920091,-9.250091,-8.22009,-7.8600903,-7.92009,-7.8300905,-8.01009,-6.5600905,-7.2400904,-6.8400903,-5.3900905,-6.6000905,-5.8500905,-4.65009,-2.9200904,-0.28009033,0.97990966,2.3099096,3.0599096,3.9299097,4.6699095,5.7799096,6.57991,7.2799096,7.49991,7.9099097
7.6299095,5.7799096,5.6999097,7.4699097,9.60991,12.18991,13.81991,7.84991,5.1399097,4.05991,0.47990966,-3.5600903,-4.3400903,-4.0300903,-2.6000903,-0.53009033,-0.7200903,-1.1100904,-1.1000904,-4.0100904,-4.27009,-12.66009,-15.91009,-19.28009,-19.730091,-18.08009,-16.33009,-14.65009,-12.630091,-11.500091,-11.32009,-11.23009,-10.380091,-9.10009,-7.71009,-7.1100903,-7.0500903,-7.46009,-7.38009,-6.98009,-6.50009,-7.7000904,-7.3600903,-6.3200903,-5.65009,-4.5600905,-2.4900904,-1.2400904,-0.05009033,1.0199096,2.1699097,3.2399096,4.1499095,4.84991,6.0699096,6.74991,7.03991,7.0699096,6.9499097
8.09991,7.5499096,6.80991,6.82991,8.43991,11.09991,12.869909,8.369909,7.3599095,6.1999097,4.99991,-2.5800903,-0.42009032,1.4699097,3.0699096,2.6899097,-3.6900904,-7.5700903,-5.7000904,-4.5300903,-5.4500904,-9.670091,-12.960091,-14.95009,-15.91009,-14.98009,-14.090091,-12.76009,-12.050091,-11.73009,-11.06009,-9.64009,-8.47009,-7.69009,-7.3700905,-6.3300905,-6.7400904,-6.0800905,-5.2600904,-5.3000903,-5.2900906,-5.3700905,-6.4300904,-5.3700905,-3.9000902,-2.8100903,-1.6100904,-0.59009033,0.15990967,1.2399096,2.0399096,3.2199097,4.3399096,5.72991,6.51991,7.05991,7.1899095,7.2599096,6.8999095
7.72991,6.9199095,6.6399097,6.5499096,7.51991,9.9199095,12.459909,11.67991,8.949909,7.2099094,-0.75009036,1.5999097,4.3399096,5.82991,7.03991,-1.9200903,-6.3400903,-7.7600904,-6.7600904,-4.90009,-6.8200903,-8.050091,-10.6200905,-12.47009,-12.93009,-12.89009,-12.82009,-12.840091,-12.16009,-10.61009,-8.53009,-8.050091,-8.36009,-7.4500904,-6.94009,-6.8400903,-5.5400906,-5.7200904,-6.65009,-6.27009,-6.19009,-5.2400904,-4.3000903,-3.1300902,-1.8800904,-1.0500903,0.019909669,0.5799097,1.1899097,1.9799097,3.0299096,4.07991,5.22991,5.9599094,6.99991,7.5899096,7.9699097,7.28991,7.26991
6.4899096,5.78991,6.4499097,6.0699096,6.7399096,8.68991,10.449909,12.71991,8.51991,-1.1600903,-0.9100903,3.0499096,6.5899096,8.34991,9.10991,-3.2900903,-6.3400903,-5.88009,-7.63009,-7.69009,-7.5800905,-7.5500903,-8.340091,-9.73009,-10.48009,-10.61009,-10.460091,-10.1200905,-9.710091,-8.98009,-8.44009,-8.74009,-7.13009,-7.52009,-6.9700904,-6.5600905,-5.96009,-5.3600903,-4.5500903,-4.1100903,-3.9600904,-2.8400903,-1.6700903,-1.1000904,-0.21009034,0.9399097,1.7299097,2.5199096,3.1299098,3.3599098,3.5099096,4.1699095,5.30991,6.1099095,6.78991,7.26991,7.53991,7.4499097,7.0499096
4.6999097,5.09991,5.2199097,5.22991,5.1299095,6.9099097,8.80991,11.289909,10.909909,-1.8400903,-1.2500904,2.0699096,5.80991,6.8599095,7.0099096,5.59991,-3.4900904,-4.7800903,-5.6600904,-6.8900905,-7.3600903,-8.790091,-9.68009,-9.8300905,-10.1200905,-9.89009,-9.6200905,-9.72009,-9.6200905,-9.97009,-10.130091,-9.880091,-9.39009,-8.550091,-8.10009,-7.0800905,-6.2900906,-5.3200903,-4.67009,-3.5900903,-2.7500904,-1.0500903,0.21990967,1.0399097,1.5699097,1.9799097,2.5099096,3.0599096,3.4199097,3.6999097,4.3599095,5.1999097,6.0299096,6.78991,7.1699095,7.4199095,7.4099097,7.2399096,7.3399096
4.59991,4.1099095,4.32991,3.6699097,2.9899096,4.4499097,6.0099096,8.789909,9.92991,-4.9500904,-3.9600904,-0.47009033,1.9099097,2.8599098,3.4299097,3.0099096,1.3299097,-2.0200903,-2.9400904,-5.52009,-6.4500904,-7.8300905,-9.000091,-9.70009,-10.130091,-10.35009,-9.98009,-9.8300905,-9.460091,-9.82009,-10.0800905,-9.5800905,-8.89009,-7.7600904,-7.0300903,-6.0800905,-5.5300903,-4.17009,-3.2100904,-1.6800903,-0.52009034,-0.15009034,0.26990968,0.99990964,1.7199097,1.9999096,2.1399097,3.1999097,3.8299096,4.5099096,5.3899097,6.03991,6.57991,6.8599095,6.8999095,7.6699095,7.6799097,7.6899095,7.53991
5.1399097,5.1399097,4.8799095,1.7599096,2.0199096,1.8599097,2.2499096,5.3199096,6.5499096,-3.8800902,-7.0400906,-4.3000903,-3.0100904,-3.0200903,-2.4900904,-2.2800903,-2.9300904,-4.4500904,-5.3200903,-6.3100905,-6.8700905,-7.5300903,-7.8700905,-8.53009,-9.32009,-9.590091,-10.02009,-9.710091,-9.90009,-9.40009,-9.01009,-8.31009,-7.2800903,-6.65009,-5.92009,-4.90009,-3.7700903,-2.4800904,-1.2000903,0.06990967,1.3499097,2.1399097,2.4999096,2.3199096,2.7799096,2.9099097,3.5799096,4.1999097,4.57991,5.1899095,5.76991,6.3899097,6.9199095,6.9599094,7.1299095,7.3399096,7.4299097,7.6999097,7.3399096
8.17991,3.5599096,2.8599098,2.1199098,0.22990967,-0.27009034,-1.5900903,2.7299097,5.4699097,-2.1300902,-8.290091,-7.73009,-5.88009,-6.4100904,-6.9300904,-6.63009,-6.52009,-6.3300905,-6.6200905,-7.0100904,-7.3300905,-7.5400906,-7.77009,-7.75009,-8.15009,-8.70009,-9.18009,-8.86009,-8.3700905,-8.18009,-7.7000904,-6.77009,-5.90009,-5.1100903,-4.13009,-2.7900903,-1.8800904,-0.16009033,1.1399096,2.3299096,2.9099097,3.5599096,3.9399097,4.1899095,4.4099097,4.6099095,4.74991,5.1799097,5.7099094,5.82991,6.3999095,6.9599094,7.0899096,6.6399097,7.2399096,7.6799097,7.82991,7.82991,8.079909
9.33991,4.24991,4.1799097,1.6599097,-1.4600903,-1.6000904,-3.5000904,-0.030090332,3.8999097,-3.5600903,-11.380091,-10.57009,-9.40009,-9.07009,-9.31009,-8.89009,-8.93009,-9.44009,-9.22009,-8.840091,-8.380091,-8.01009,-8.07009,-8.02009,-8.300091,-8.670091,-8.95009,-8.20009,-7.6100903,-7.27009,-6.8000903,-5.8900905,-4.0800905,-3.2300904,-1.8200903,-0.84009033,0.34990966,0.8299097,1.4299097,2.2399096,2.9899096,4.01991,4.4399095,4.7599096,5.1699095,5.36991,5.4299097,5.53991,6.1399097,6.82991,6.82991,7.2199097,7.4499097,7.4699097,7.6599097,7.76991,7.72991,7.9599094,8.27991
10.199909,9.71991,9.8799095,2.8699098,-1.0300903,-2.2500904,-4.19009,-1.7000903,3.4599097,-2.8400903,-13.590091,-12.52009,-11.48009,-10.74009,-11.800091,-11.540091,-11.40009,-11.250091,-11.35009,-10.90009,-10.340091,-8.130091,-8.86009,-9.02009,-9.07009,-8.85009,-8.16009,-8.01009,-6.7600904,-6.5300903,-5.0800905,-4.2900906,-3.4400904,-2.8700902,-1.6600903,-0.14009033,0.65990967,1.4899096,2.0999098,2.3999097,2.9299097,3.6099098,3.7999096,3.6399097,4.7099094,5.8599095,6.24991,6.6399097,7.3999095,7.5499096,7.6799097,7.72991,7.7799096,7.53991,7.6899095,7.6299095,8.06991,8.6699095,8.77991
9.17991,9.18991,8.579909,7.3899097,5.5699096,-2.7100904,-4.67009,-2.9300904,1.9199097,-3.7300904,-13.68009,-13.11009,-12.500091,-12.1200905,-11.880091,-12.6200905,-12.1200905,-11.76009,-10.44009,-9.500091,-8.48009,-8.64009,-8.26009,-8.11009,-8.170091,-7.8700905,-7.0800905,-7.0500903,-6.27009,-6.00009,-5.2600904,-3.8300903,-2.7800903,-1.6000904,-0.24009033,1.1099097,1.3399097,2.0999098,2.3499098,2.9999096,3.3799098,3.6499097,3.7199097,4.2999096,5.47991,5.1799097,5.49991,5.74991,6.8799095,7.0499096,7.57991,7.57991,7.5899096,7.6099095,8.039909,9.079909,10.14991,10.1699095,9.289909
7.9399095,6.7599096,5.7399096,5.2999096,4.6499095,2.0299096,-4.4500904,-3.8700902,-1.3700904,2.2199097,-10.960091,-12.53009,-12.39009,-13.35009,-13.56009,-13.20009,-12.920091,-11.99009,-11.27009,-10.39009,-9.53009,-8.94009,-8.16009,-7.7900906,-8.02009,-7.7400904,-7.7000904,-7.38009,-6.2600904,-5.0700903,-3.6500902,-2.6000903,-1.7000903,0.009909668,0.71990967,1.2999097,2.0499096,2.0399096,2.4899096,2.6599097,2.9299097,3.3499098,3.4799097,3.6999097,4.32991,4.9699097,5.36991,5.7599096,6.4699097,7.30991,6.3599095,6.09991,6.6999097,7.05991,9.039909,10.1299095,9.9199095,9.55991,9.289909
7.7999096,5.99991,3.5799096,1.7599096,1.3199097,1.9899096,-5.15009,-5.67009,-3.8000903,-0.8700903,-6.9100904,-12.14009,-12.31009,-13.15009,-14.15009,-14.03009,-13.540091,-12.65009,-11.89009,-10.95009,-10.22009,-9.61009,-9.07009,-8.10009,-7.4100904,-6.8200903,-5.8100905,-4.8700905,-4.00009,-3.6900904,-3.1500902,-2.0600903,-0.89009035,0.16990967,0.7799097,1.4899096,1.5699097,1.8099097,2.2399096,2.6599097,3.0799096,3.3799098,3.5899096,4.0899096,4.6599097,5.0899096,5.78991,6.22991,6.2999096,6.3599095,6.49991,7.1799097,7.5499096,8.29991,9.68991,9.14991,9.50991,9.81991,9.199909
