public/data/weather/2019/09/26/0000-wind-isobaric-250hPa-gfs-1.0.json
{"header": { "discipline":0, "disciplineName":"Meteorological products", "gribEdition":2, "gribLength":51715, "center":7, "centerName":"US National Weather Service - NCEP(WMC)", "subcenter":0, "refTime":"2019-09-26T00:00:00.000Z", "significanceOfRT":1, "significanceOfRTName":"Start of forecast", "productStatus":0, "productStatusName":"Operational products", "productType":1, "productTypeName":"Forecast products", "productDefinitionTemplate":0, "productDefinitionTemplateName":"Analysis/forecast at horizontal level/layer at a point in time", "parameterCategory":2, "parameterCategoryName":"Momentum", "parameterNumber":3, "parameterNumberName":"V-component_of_wind", "parameterUnit":"m.s-1", "genProcessType":2, "genProcessTypeName":"Forecast", "forecastTime":0, "surface1Type":100, "surface1TypeName":"Isobaric surface", "surface1Value":25000.0, "surface2Type":255, "surface2TypeName":"Missing", "surface2Value":0.0, "gridDefinitionTemplate":0, "gridDefinitionTemplateName":"Latitude_Longitude", "numberPoints":65160, "shape":6, "shapeName":"Earth spherical with radius of 6,371,229.0 m", "gridUnits":"degrees", "resolution":48, "winds":"true", "scanMode":0, "nx":360, "ny":181, "basicAngle":0, "lo1":0.0, "la1":90.0, "lo2":359.0, "la2":-90.0, "dx":1.0, "dy":1.0 }, "data":
[rows 78 to 103 of 181, columns 118 to 176 of 360]
-0.30025023,-0.90025026,-1.9002502,-2.1002502,-3.2002501,-1.3002503,-1.7002503,-1.3002503,0.39974976,0.69974977,1.3997498,3.3997498,4.29975,3.9997497,5.3997498,5.4997497,3.2997499,3.4997497,0.59974974,-4.4002504,-5.70025,-6.0002503,-4.1002502,-2.2002501,-2.5002503,-0.20025024,-2.1002502,-0.100250244,1.2997497,-3.7002501,-5.5002503,-4.0002503,-0.5002502,-1.3002503,-1.0002502,0.19974975,-1.8002503,1.0997498,-1.2002503,-1.6002502,0.49974975,1.2997497,3.8997498,1.4997498,3.4997497,5.0997496,5.3997498,3.8997498,1.0997498,-0.90025026,-0.70025027,-2.2002501,-1.6002502,-0.90025026,-1.1002502,-0.70025027,-1.3002503,-1.6002502,-1.8002503
-1.3002503,-2.2002501,-2.8002503,-0.40025026,0.89974976,0.59974974,-0.90025026,-1.2002503,0.49974975,0.29974976,2.0997498,4.29975,3.7997499,3.6997497,6.3997498,5.3997498,4.69975,4.19975,-2.5024413E-4,-2.8002503,-5.20025,-7.5002503,-9.10025,-7.6002502,-3.6002502,-1.9002502,0.49974975,-2.6002502,-4.80025,-5.20025,-6.5002503,-2.9002502,-0.70025027,-2.1002502,-1.9002502,-0.90025026,-2.4002502,-0.100250244,-1.8002503,0.19974975,0.29974976,2.7997499,1.8997498,2.8997498,2.4997497,4.69975,6.9997497,6.5997496,2.4997497,0.39974976,0.39974976,-0.5002502,-3.7002501,-2.9002502,-2.9002502,-1.1002502,-0.40025026,-1.1002502,-1.2002503
-1.4002502,-0.70025027,0.89974976,0.39974976,2.3997498,1.3997498,1.2997497,-1.0002502,-1.8002503,2.7997499,5.0997496,6.3997498,5.29975,3.1997497,4.0997496,4.9997497,5.0997496,3.9997497,1.0997498,0.29974976,-0.5002502,-7.1002502,-10.60025,-11.00025,-5.30025,-5.30025,-7.70025,-5.30025,-6.0002503,-6.30025,-3.0002503,-1.0002502,-1.9002502,-5.6002502,-4.4002504,-2.4002502,-3.0002503,-1.9002502,-1.9002502,0.79974973,0.09974976,1.9997498,1.7997497,2.0997498,1.6997497,7.9997497,7.0997496,8.49975,7.0997496,2.3997498,0.89974976,-1.1002502,-1.3002503,-0.40025026,-5.30025,-1.8002503,-2.7002501,-2.3002503,-1.6002502
0.59974974,0.59974974,-0.40025026,-2.5024413E-4,2.3997498,2.6997497,2.8997498,0.29974976,1.3997498,4.9997497,4.29975,4.4997497,5.19975,3.5997498,5.19975,4.19975,2.9997497,4.0997496,1.5997498,0.29974976,-0.60025024,-2.8002503,-7.30025,-12.00025,-9.60025,-7.5002503,-10.00025,-8.10025,-5.5002503,-7.0002503,-4.4002504,-3.8002503,-3.0002503,-5.1002502,-5.9002504,-1.5002502,-3.8002503,-2.8002503,-2.8002503,-1.6002502,0.59974974,0.49974975,1.7997497,1.4997498,4.29975,8.39975,6.29975,3.2997499,-2.6002502,-3.0002503,-1.1002502,-0.80025023,-1.6002502,-4.80025,-5.4002504,-3.3002503,-2.0002503,-1.9002502,-2.3002503
-0.40025026,-1.4002502,-0.30025023,-0.70025027,0.59974974,2.8997498,3.5997498,2.2997499,3.3997498,3.4997497,2.5997498,2.6997497,3.4997497,4.8997498,6.0997496,5.79975,4.69975,3.2997499,1.8997498,0.89974976,-0.5002502,-2.3002503,-5.1002502,-9.30025,-10.90025,-11.00025,-14.700251,-11.90025,-6.4002504,-4.9002504,-3.9002502,-8.700251,-7.5002503,-5.0002503,-4.70025,-4.0002503,-3.8002503,-1.1002502,-2.7002501,-1.2002503,-0.40025026,2.0997498,2.3997498,2.0997498,4.79975,1.8997498,-3.1002502,-3.2002501,-5.9002504,-3.5002503,-3.8002503,-2.4002502,-4.30025,-5.20025,-6.20025,-4.4002504,-4.30025,-4.1002502,-4.20025
-1.7002503,-2.1002502,-0.60025024,0.49974975,3.3997498,3.0997498,3.9997497,4.69975,4.9997497,3.2997499,4.0997496,2.1997497,3.7997499,4.29975,7.4997497,7.3997498,5.9997497,4.69975,2.8997498,2.6997497,-0.100250244,-3.1002502,-5.0002503,-6.1002502,-7.4002504,-8.10025,-8.30025,-7.0002503,-9.80025,-10.00025,-11.10025,-13.90025,-8.00025,-7.20025,-6.4002504,-3.8002503,-2.9002502,-2.4002502,-3.1002502,-0.40025026,0.79974973,1.5997498,1.3997498,1.2997497,1.1997497,-5.0002503,-4.20025,-4.6002502,-6.9002504,-8.30025,-4.80025,0.09974976,-5.20025,-5.9002504,-3.7002501,-4.9002504,-4.30025,-6.80025,-4.70025
-1.9002502,-0.80025023,-2.5024413E-4,1.2997497,2.3997498,4.0997496,5.9997497,6.4997497,6.19975,3.1997497,5.29975,5.8997498,4.4997497,4.5997496,4.5997496,6.19975,6.79975,4.69975,3.4997497,1.0997498,0.19974975,-3.1002502,-4.6002502,-6.4002504,-7.80025,-6.20025,-7.4002504,-9.10025,-10.30025,-9.10025,-14.80025,-14.50025,-11.50025,-9.700251,-6.9002504,-4.0002503,-3.6002502,-2.6002502,-2.3002503,-0.90025026,1.5997498,1.6997497,0.69974977,-2.8002503,-6.0002503,-7.70025,-7.9002504,-8.200251,-7.5002503,-5.4002504,-3.9002502,-4.9002504,-2.9002502,-5.30025,-7.70025,-6.20025,-7.1002502,-6.5002503,-4.0002503
-0.40025026,0.49974975,3.0997498,2.7997499,2.8997498,2.8997498,6.29975,6.69975,3.6997497,2.9997497,4.79975,7.4997497,5.4997497,4.4997497,2.6997497,2.9997497,4.0997496,4.3997498,1.8997498,1.2997497,-1.2002503,-2.0002503,-3.6002502,-4.1002502,-6.80025,-8.60025,-9.40025,-12.40025,-9.700251,-10.700251,-13.80025,-12.80025,-11.40025,-10.50025,-7.30025,-6.0002503,-5.20025,-3.5002503,-2.3002503,-1.9002502,0.9997498,1.4997498,-1.7002503,-4.30025,-4.4002504,-8.700251,-6.6002502,-6.0002503,-5.9002504,-4.9002504,-5.1002502,-3.5002503,-8.200251,-6.20025,-6.0002503,-6.9002504,-6.70025,-5.5002503,-3.5002503
0.79974973,0.09974976,1.7997497,0.79974973,2.7997499,2.9997497,5.69975,5.19975,4.69975,2.4997497,4.5997496,7.29975,6.4997497,4.79975,3.0997498,3.5997498,3.2997499,1.1997497,1.4997498,0.49974975,-1.6002502,-2.9002502,-4.9002504,-4.70025,-5.20025,-6.9002504,-10.200251,-11.200251,-9.50025,-10.00025,-11.00025,-10.50025,-11.40025,-8.90025,-7.9002504,-6.9002504,-2.9002502,-0.80025023,-0.30025023,-3.0002503,-0.80025023,1.1997497,-2.3002503,-2.6002502,-3.9002502,-5.6002502,-6.6002502,-5.5002503,-6.0002503,-6.80025,-3.0002503,-5.1002502,-4.5002503,-4.70025,-4.5002503,-6.6002502,-5.9002504,-5.5002503,-4.4002504
-1.2002503,-1.1002502,-0.70025027,1.8997498,3.9997497,5.8997498,5.19975,3.5997498,3.2997499,3.8997498,2.9997497,4.69975,8.19975,6.5997496,5.29975,2.8997498,2.4997497,2.6997497,2.0997498,-1.5002502,-3.2002501,-4.9002504,-3.7002501,-4.0002503,-5.20025,-6.70025,-9.700251,-9.00025,-7.9002504,-8.700251,-9.00025,-8.90025,-9.50025,-6.6002502,-7.9002504,-6.30025,-2.3002503,-2.5024413E-4,-1.3002503,-3.8002503,-2.1002502,-0.40025026,-0.60025024,-2.1002502,-3.0002503,-3.7002501,-4.20025,-4.70025,-4.4002504,-4.9002504,-4.6002502,-3.3002503,-3.6002502,-4.30025,-5.5002503,-4.4002504,-6.0002503,-5.0002503,-5.0002503
-3.6002502,-2.2002501,0.9997498,3.4997497,4.69975,6.0997496,6.79975,6.4997497,3.7997499,2.0997498,4.4997497,6.5997496,4.8997498,7.3997498,7.29975,5.8997498,3.6997497,3.8997498,2.0997498,-2.9002502,-3.8002503,-6.1002502,-5.5002503,-6.5002503,-6.6002502,-5.4002504,-7.20025,-7.80025,-6.1002502,-8.60025,-9.200251,-6.5002503,-6.5002503,-7.30025,-7.5002503,-5.9002504,-2.7002501,-1.0002502,-2.1002502,-3.5002503,-1.8002503,-2.3002503,-2.4002502,-2.0002503,-2.2002501,-1.5002502,-1.4002502,-3.1002502,-3.2002501,-2.1002502,-3.1002502,-2.5002503,-3.0002503,-3.3002503,-6.0002503,-5.6002502,-4.30025,-3.5002503,-3.7002501
-5.1002502,-2.7002501,1.0997498,3.5997498,3.4997497,4.5997496,6.0997496,4.69975,6.29975,5.19975,5.0997496,6.8997498,6.19975,4.69975,6.0997496,4.4997497,3.7997499,3.6997497,2.0997498,0.09974976,-2.8002503,-4.4002504,-4.9002504,-5.30025,-4.9002504,-4.0002503,-6.30025,-6.80025,-6.4002504,-8.00025,-7.70025,-7.5002503,-7.80025,-8.30025,-7.9002504,-5.0002503,-3.1002502,-4.0002503,-3.4002502,-2.8002503,-3.8002503,-1.8002503,-1.5002502,-2.1002502,-0.20025024,0.69974977,0.69974977,0.19974975,-2.2002501,-2.5002503,-3.0002503,-3.4002502,-2.5002503,-2.3002503,-3.1002502,-3.3002503,-3.7002501,-4.20025,-3.5002503
-4.30025,-2.9002502,-0.40025026,3.8997498,4.0997496,3.4997497,5.29975,5.69975,6.4997497,6.79975,6.3997498,6.79975,7.4997497,5.29975,2.4997497,3.4997497,3.8997498,4.5997496,3.0997498,-0.30025023,-1.7002503,-0.40025026,-4.80025,-7.6002502,-6.9002504,-5.6002502,-6.4002504,-6.0002503,-6.30025,-6.6002502,-8.30025,-7.70025,-4.70025,-5.4002504,-6.30025,-4.6002502,-2.4002502,-2.6002502,-1.7002503,-4.1002502,-3.5002503,-2.2002501,-2.8002503,-3.5002503,-1.8002503,-0.30025023,-2.5024413E-4,-1.5002502,-1.7002503,-1.3002503,-3.6002502,-3.8002503,-2.2002501,-3.0002503,-1.7002503,-3.4002502,-3.6002502,-1.6002502,0.19974975
-4.0002503,-2.8002503,-2.9002502,1.3997498,3.4997497,5.19975,7.4997497,7.4997497,6.8997498,7.3997498,6.19975,4.79975,5.79975,3.9997497,2.9997497,0.49974975,-0.100250244,4.0997496,1.8997498,1.4997498,-0.80025023,-2.9002502,-5.6002502,-8.90025,-6.70025,-7.5002503,-5.20025,-7.4002504,-6.80025,-6.30025,-6.20025,-4.5002503,-3.7002501,-3.7002501,-4.70025,-3.2002501,-2.5002503,-3.1002502,-1.4002502,-4.20025,-4.4002504,-3.6002502,-1.9002502,-1.9002502,-3.1002502,-1.5002502,-0.100250244,-0.5002502,-3.4002502,-3.5002503,-2.4002502,-3.9002502,-2.4002502,-0.70025027,-1.1002502,-0.80025023,-2.3002503,-1.1002502,0.89974976
-3.1002502,-2.9002502,-3.0002503,-2.8002503,1.5997498,5.0997496,4.29975,6.3997498,7.69975,6.8997498,8.09975,3.6997497,3.2997499,2.9997497,1.9997498,0.9997498,0.09974976,-0.5002502,-3.0002503,-4.9002504,-5.6002502,-6.6002502,-6.80025,-7.70025,-8.00025,-8.90025,-6.5002503,-7.4002504,-7.4002504,-7.6002502,-6.4002504,-4.80025,-3.0002503,-3.1002502,-3.3002503,-2.8002503,-3.0002503,-3.6002502,-2.0002503,-5.30025,-5.4002504,-3.5002503,-3.3002503,-1.0002502,0.49974975,0.9997498,0.29974976,0.59974974,-1.3002503,-1.8002503,-1.6002502,-1.6002502,-3.0002503,-2.5002503,-1.2002503,-0.20025024,-1.2002503,-1.8002503,1.3997498
-6.70025,-4.5002503,-3.5002503,-0.80025023,0.39974976,2.3997498,6.9997497,4.5997496,5.19975,7.0997496,3.9997497,3.8997498,4.29975,2.9997497,2.5997498,2.6997497,1.1997497,-2.6002502,-6.80025,-6.80025,-5.80025,-6.70025,-7.70025,-8.50025,-10.30025,-10.80025,-7.6002502,-6.0002503,-6.70025,-7.70025,-5.20025,-2.6002502,-4.5002503,-6.30025,-6.5002503,-3.9002502,-1.9002502,-2.8002503,-5.0002503,-4.0002503,-4.6002502,-2.5002503,-2.6002502,-1.0002502,0.89974976,2.0997498,0.79974973,1.6997497,0.89974976,-1.2002503,-2.0002503,-1.4002502,-1.3002503,-3.3002503,-3.1002502,-2.3002503,-3.2002501,-2.1002502,-0.100250244
-5.80025,-4.6002502,-2.8002503,0.59974974,2.8997498,4.29975,5.9997497,5.19975,4.29975,1.2997497,1.4997498,0.69974977,2.6997497,4.8997498,3.4997497,3.2997499,0.39974976,-2.3002503,-7.4002504,-6.4002504,-8.700251,-8.40025,-6.4002504,-7.6002502,-9.90025,-10.50025,-8.200251,-6.9002504,-7.1002502,-7.9002504,-5.4002504,-5.4002504,-6.80025,-6.6002502,-7.5002503,-3.7002501,-3.0002503,-4.6002502,-5.70025,-5.0002503,-3.2002501,-3.2002501,-1.5002502,1.4997498,2.1997497,2.6997497,2.6997497,0.89974976,1.2997497,-0.100250244,-0.30025023,-2.5002503,-2.5024413E-4,-3.9002502,-4.20025,-3.2002501,-3.0002503,-3.0002503,0.09974976
-5.6002502,-3.8002503,1.8997498,4.79975,6.69975,7.3997498,6.79975,5.5997496,3.2997499,1.1997497,-1.4002502,-0.70025027,2.3997498,2.1997497,1.9997498,1.8997498,-2.5024413E-4,-3.9002502,-4.70025,-7.70025,-8.00025,-7.4002504,-7.70025,-8.50025,-8.80025,-8.60025,-7.6002502,-7.9002504,-8.700251,-8.50025,-7.5002503,-7.30025,-6.80025,-7.1002502,-8.200251,-5.4002504,-6.0002503,-5.6002502,-6.0002503,-4.20025,-3.9002502,-3.5002503,-0.90025026,0.19974975,0.49974975,0.29974976,-0.30025023,0.09974976,1.7997497,0.49974975,-0.60025024,-0.60025024,-1.7002503,-2.9002502,-2.7002501,-4.6002502,-2.9002502,-2.3002503,-1.9002502
-3.9002502,0.29974976,4.79975,4.29975,6.3997498,6.29975,6.9997497,6.69975,5.4997497,4.19975,1.6997497,-0.20025024,-0.90025026,1.8997498,0.39974976,3.0997498,3.1997497,-2.8002503,-7.30025,-7.6002502,-3.3002503,-4.70025,-4.9002504,-7.4002504,-9.90025,-9.90025,-7.20025,-6.70025,-8.80025,-9.10025,-7.70025,-5.30025,-6.4002504,-8.200251,-6.1002502,-6.80025,-7.6002502,-8.40025,-7.20025,-5.80025,-4.9002504,-2.3002503,-1.1002502,-1.2002503,-1.1002502,0.59974974,4.0997496,3.6997497,0.39974976,0.89974976,1.1997497,-2.5024413E-4,-0.60025024,-2.8002503,-3.2002501,-3.1002502,-3.2002501,-4.1002502,-0.5002502
-1.3002503,1.8997498,2.9997497,3.1997497,4.79975,5.4997497,5.9997497,6.9997497,4.8997498,4.69975,1.9997498,1.1997497,0.49974975,0.09974976,-0.60025024,0.09974976,1.5997498,0.89974976,-8.00025,-4.1002502,-4.5002503,-5.6002502,-6.20025,-7.4002504,-9.30025,-10.80025,-9.40025,-9.200251,-9.50025,-10.30025,-10.10025,-8.40025,-7.0002503,-7.6002502,-6.9002504,-8.200251,-8.80025,-8.40025,-7.4002504,-6.70025,-4.5002503,-1.7002503,-3.7002501,-0.100250244,-0.5002502,-1.3002503,1.4997498,3.9997497,4.5997496,3.6997497,2.2997499,0.49974975,-0.60025024,2.1997497,-0.20025024,-1.7002503,-1.7002503,-4.80025,-2.4002502
1.1997497,1.8997498,2.6997497,2.8997498,3.6997497,4.29975,5.9997497,6.29975,4.3997498,2.7997499,2.9997497,3.7997499,2.3997498,2.1997497,-0.100250244,0.69974977,0.9997498,-1.7002503,-4.1002502,-3.7002501,-5.5002503,-7.70025,-7.0002503,-7.9002504,-9.50025,-9.90025,-9.200251,-11.00025,-11.10025,-10.60025,-9.50025,-7.20025,-8.10025,-10.30025,-9.10025,-9.200251,-9.10025,-7.20025,-7.1002502,-6.5002503,-5.6002502,-5.4002504,-5.5002503,-1.0002502,-2.8002503,-1.1002502,1.0997498,0.79974973,0.69974977,3.3997498,2.8997498,2.9997497,-0.60025024,1.1997497,0.29974976,-0.70025027,-1.4002502,-3.4002502,-4.6002502
0.29974976,0.59974974,0.9997498,1.2997497,1.9997498,3.1997497,3.9997497,4.19975,2.8997498,2.1997497,2.1997497,2.7997499,2.5997498,2.4997497,2.3997498,1.0997498,0.69974977,-3.1002502,-3.4002502,-2.2002501,-3.0002503,-6.1002502,-6.70025,-9.40025,-10.00025,-8.10025,-9.10025,-10.200251,-10.50025,-12.700251,-9.60025,-7.5002503,-8.90025,-8.90025,-9.700251,-11.80025,-11.200251,-8.200251,-8.60025,-6.1002502,-7.1002502,-8.50025,-7.5002503,-4.80025,-2.2002501,-1.9002502,-0.80025023,-0.90025026,-2.5024413E-4,2.2997499,4.19975,0.39974976,0.39974976,-1.4002502,-2.6002502,-1.0002502,-3.0002503,-3.3002503,-3.9002502
-3.6002502,-1.8002503,-2.5024413E-4,0.19974975,0.19974975,0.19974975,1.0997498,0.89974976,0.89974976,0.69974977,0.89974976,1.2997497,1.3997498,1.8997498,1.9997498,2.6997497,1.5997498,-0.5002502,-4.9002504,-4.70025,-3.7002501,-5.20025,-7.9002504,-7.4002504,-6.70025,-6.20025,-10.700251,-7.9002504,-9.40025,-8.60025,-9.700251,-8.40025,-11.10025,-9.90025,-9.700251,-11.90025,-10.40025,-10.700251,-8.30025,-6.70025,-8.10025,-5.5002503,-5.70025,-3.7002501,-3.8002503,-2.1002502,-1.9002502,-1.0002502,0.09974976,-1.9002502,0.9997498,-1.1002502,-0.90025026,-2.2002501,-1.6002502,-2.5002503,-2.8002503,-2.9002502,-3.7002501
-3.6002502,-2.7002501,-1.9002502,-2.2002501,-2.6002502,-0.80025023,-0.40025026,-0.20025024,0.49974975,0.9997498,1.6997497,2.0997498,2.9997497,4.0997496,3.5997498,4.29975,4.8997498,1.2997497,-1.2002503,-1.2002503,-5.20025,-8.30025,-9.10025,-7.30025,-2.4002502,-7.1002502,-8.200251,-4.9002504,-5.70025,-7.80025,-11.90025,-9.80025,-9.90025,-11.700251,-12.10025,-11.60025,-9.700251,-10.40025,-8.40025,-10.200251,-9.10025,-6.80025,-2.5002503,-2.9002502,-3.7002501,-2.8002503,-0.40025026,-0.70025027,-0.40025026,-0.5002502,-1.8002503,-2.8002503,-4.20025,-2.0002503,-3.1002502,-3.3002503,-4.80025,-3.5002503,-3.0002503
-4.9002504,-4.20025,-4.0002503,-2.9002502,-3.2002501,-1.8002503,-0.80025023,-0.20025024,0.09974976,0.29974976,0.79974973,2.0997498,3.7997499,3.4997497,4.3997498,4.8997498,4.29975,4.3997498,4.29975,2.8997498,-1.4002502,-4.70025,-6.9002504,-7.9002504,-8.00025,-7.70025,-7.70025,-5.6002502,-4.0002503,-8.200251,-8.80025,-10.40025,-9.90025,-11.700251,-10.50025,-9.50025,-7.80025,-11.10025,-11.200251,-13.00025,-8.30025,-6.20025,-6.1002502,-8.00025,-4.4002504,-3.8002503,-3.3002503,-2.8002503,0.49974975,-0.80025023,0.29974976,-3.6002502,-5.6002502,-4.4002504,-3.7002501,-5.6002502,-4.9002504,-5.4002504,-2.7002501
-5.1002502,-4.80025,-3.9002502,-2.9002502,-2.9002502,-2.7002501,-1.4002502,-0.90025026,-0.20025024,0.29974976,1.6997497,2.7997499,3.7997499,5.5997496,5.5997496,6.79975,6.4997497,5.9997497,5.5997496,4.4997497,3.5997498,2.8997498,-5.20025,-2.7002501,-6.1002502,-9.10025,-8.50025,-6.5002503,-6.20025,-6.70025,-7.6002502,-9.30025,-11.60025,-14.200251,-11.40025,-10.10025,-9.00025,-10.200251,-12.30025,-10.00025,-9.200251,-8.200251,-8.00025,-9.00025,-4.20025,-3.3002503,-0.40025026,-0.5002502,-2.5002503,-3.1002502,-1.1002502,-4.70025,-6.30025,-6.1002502,-5.0002503,-8.60025,-8.80025,-8.30025,-5.5002503
