public/data/weather/2019/09/26/0000-wind-isobaric-70hPa-gfs-1.0.json
{"header": { "discipline":0, "disciplineName":"Meteorological products", "gribEdition":2, "gribLength":70230, "center":7, "centerName":"US National Weather Service - NCEP(WMC)", "subcenter":0, "refTime":"2019-09-26T00:00:00.000Z", "significanceOfRT":1, "significanceOfRTName":"Start of forecast", "productStatus":0, "productStatusName":"Operational products", "productType":1, "productTypeName":"Forecast products", "productDefinitionTemplate":0, "productDefinitionTemplateName":"Analysis/forecast at horizontal level/layer at a point in time", "parameterCategory":2, "parameterCategoryName":"Momentum", "parameterNumber":2, "parameterNumberName":"U-component_of_wind", "parameterUnit":"m.s-1", "genProcessType":2, "genProcessTypeName":"Forecast", "forecastTime":0, "surface1Type":100, "surface1TypeName":"Isobaric surface", "surface1Value":7000.0, "surface2Type":255, "surface2TypeName":"Missing", "surface2Value":0.0, "gridDefinitionTemplate":0, "gridDefinitionTemplateName":"Latitude_Longitude", "numberPoints":65160, "shape":6, "shapeName":"Earth spherical with radius of 6,371,229.0 m", "gridUnits":"degrees", "resolution":48, "winds":"true", "scanMode":0, "nx":360, "ny":181, "basicAngle":0, "lo1":0.0, "la1":90.0, "lo2":359.0, "la2":-90.0, "dx":1.0, "dy":1.0 }, "data":
[rows 104 to 129 of 181, columns 118 to 176 of 360]
12.576088,11.546087,11.666088,11.746088,10.446088,8.986088,9.866088,9.986088,9.696088,9.716087,11.386087,10.986088,11.526088,11.676087,11.646088,11.336087,11.596087,12.296087,12.006087,11.876087,12.476088,12.646088,12.246088,10.856088,11.166088,12.206088,10.846087,8.826088,8.876087,8.776088,6.0560875,6.8860874,7.0860877,6.5860877,7.3860874,6.7860875,7.3260875,7.946088,9.096087,9.156088,8.706088,8.636087,7.946088,7.6160874,7.6160874,9.506087,9.636087,9.256087,10.276088,11.136087,11.356088,11.296087,11.416088,8.356088,7.9360876,7.8860874,7.5960875,7.3260875,8.466087
12.996088,11.986088,11.186088,11.176087,10.336087,9.696088,9.856088,9.566088,9.766088,9.516088,9.776088,10.886087,10.876087,10.8060875,12.246088,12.136087,12.836087,13.5560875,13.576088,13.966087,15.576088,15.066088,14.626087,14.426087,13.026088,12.726088,14.256087,12.576088,11.076088,9.486088,9.006087,8.846087,7.3260875,7.7960877,8.886087,7.156088,7.9560876,6.696088,7.5560875,8.466087,7.9960876,7.986088,6.6160874,6.7460876,5.8860874,8.436088,9.576088,9.166088,10.666088,11.516088,11.486088,12.426087,11.786088,11.156088,10.916088,8.896088,8.136087,8.126087,8.416088
13.156088,12.356088,11.066088,10.266088,11.406088,10.736088,9.726088,9.316088,10.206088,10.386087,8.886087,10.646088,10.966087,10.746088,12.356088,12.796087,13.066088,13.316088,15.176087,16.006088,14.256087,17.106087,17.316088,16.916088,15.146088,14.526088,14.956088,15.716087,13.446088,11.796087,9.506087,10.886087,9.486088,8.616088,7.7660875,8.066088,7.6260877,7.0860877,7.0860877,6.4560876,6.8860874,6.8960876,6.4760876,5.5460877,5.3260875,6.0860877,8.236088,7.9160876,9.326088,11.246088,11.756087,12.966087,13.636087,11.886087,11.526088,11.406088,9.716087,9.316088,8.916088
11.346087,12.546087,11.506087,9.606088,10.966087,11.256087,10.826088,9.126087,11.376087,10.576088,9.566088,11.596087,11.416088,11.846087,12.936088,12.506087,10.226088,13.606088,15.406088,14.646088,15.286088,15.766088,18.766088,18.346088,17.666088,15.976088,15.956088,15.826088,14.866088,14.006087,11.766088,9.946088,9.866088,9.426087,7.8360877,8.336087,8.236088,6.4560876,7.2660875,6.4760876,6.236088,5.966088,6.2660875,4.9160876,5.156088,4.5260878,5.8860874,6.5860877,6.0160875,8.376087,9.176087,10.746088,12.856088,13.736088,12.736088,10.956088,10.386087,9.786088,9.526088
10.326088,11.0560875,9.956088,10.096087,10.846087,10.896088,9.886087,9.896088,8.866088,10.366088,10.136087,10.946088,11.406088,11.256087,10.836087,13.006087,11.776088,10.966087,13.036088,17.076088,13.646088,17.006088,17.596088,18.766088,18.446087,18.646088,15.706088,16.446087,15.816088,14.826088,13.186088,12.376087,11.226088,10.436088,8.5560875,8.846087,8.396088,7.676088,6.7760878,5.736088,5.8860874,5.6860876,5.7760878,5.2660875,5.1060877,3.7660875,4.5760875,5.2860875,5.446088,5.6660876,7.256088,9.606088,10.716087,11.496088,11.036088,11.406088,10.196088,10.896088,11.016088
9.186088,10.366088,10.096087,9.506087,10.096087,9.776088,8.906088,9.266088,9.236088,9.706088,10.876087,8.646088,9.936088,9.666088,10.446088,12.366088,13.026088,12.446088,13.126087,14.716087,15.436088,13.416088,17.116087,17.766088,17.946087,17.556087,16.616087,16.066088,14.866088,14.996088,14.696088,13.756087,10.846087,11.106088,9.396088,8.896088,8.616088,8.126087,7.5960875,6.7260876,5.8260875,4.7260876,5.7760878,5.5160875,6.1660876,5.6860876,4.0960875,5.2660875,7.1260877,7.5360875,7.2860875,8.866088,9.636087,10.456088,9.856088,10.186088,9.786088,10.326088,11.566088
8.176087,9.086087,10.736088,8.866088,10.3060875,10.006087,10.066088,9.756087,9.026088,8.626087,9.966087,10.626087,8.216087,8.046087,8.676087,9.396088,11.326088,11.816088,11.386087,14.846087,16.196087,14.676087,14.376087,17.306087,17.336088,15.566088,17.126087,15.366088,14.466087,14.376087,13.886087,13.936088,11.386087,11.526088,9.866088,9.286088,9.466087,8.966087,8.646088,8.186088,7.6060877,5.8460875,5.0460877,5.5660877,6.006088,7.196088,6.966088,5.716088,7.0660877,8.086087,8.876087,8.486088,9.246088,9.866088,10.216087,10.726088,11.166088,11.946088,11.796087
8.356088,8.006087,9.736088,10.046087,8.276088,8.516088,8.896088,7.3860874,7.3360877,5.5260878,8.566088,10.716087,8.586087,6.196088,8.996088,10.686088,6.8060875,8.676087,10.796087,12.966087,16.766088,16.506088,15.756087,15.136087,17.006088,15.866088,15.236088,16.206087,12.746088,13.316088,12.606088,11.536088,12.3060875,10.356088,10.226088,9.896088,9.366088,8.8060875,9.176087,9.496088,8.936088,8.156088,6.9560876,6.7760878,7.0960875,6.7860875,7.4560876,8.496088,7.946088,8.726088,9.396088,9.876087,9.626087,9.496088,10.016088,11.016088,11.796087,13.046087,13.036088
9.476088,8.316088,9.016088,9.256087,7.9960876,7.2760878,6.506088,5.6460876,5.2460876,6.3160877,7.5660877,9.066088,8.396088,6.9560876,6.2260876,11.796087,9.626087,8.116088,8.546087,11.496088,13.976088,18.036087,17.176088,12.736088,13.696088,15.236088,15.346087,14.046087,12.596087,11.406088,11.766088,12.236088,11.576088,12.426087,9.416088,8.526088,8.696088,7.4160876,8.666088,8.006087,9.696088,9.346087,9.186088,9.276088,8.916088,8.286088,8.086087,8.436088,8.746088,9.476088,9.636087,9.416088,10.5560875,11.3060875,12.246088,12.396088,13.646088,14.046087,15.006087
9.336087,9.3060875,8.276088,8.866088,7.7260876,6.0160875,6.156088,4.7260876,5.8760877,7.2460876,5.0360875,5.7260876,5.8460875,6.716088,5.0160875,6.0760875,10.396088,9.696088,10.006087,9.796087,13.016088,15.826088,14.426087,11.466087,7.986088,13.296087,13.766088,12.876087,10.866088,11.666088,11.226088,11.936088,11.576088,10.696088,10.346087,6.9160876,7.8060875,9.436088,9.016088,9.296087,10.076088,9.616088,10.186088,10.256087,9.916088,9.386087,9.736088,9.316088,9.966087,9.596087,10.296087,10.576088,11.446088,12.356088,13.536088,14.416088,14.596087,15.816088,16.696087
7.986088,8.576088,8.776088,8.236088,7.0960875,6.3360877,4.446088,2.9960876,5.1860876,4.8660874,2.6360877,4.156088,4.7060876,4.8460875,4.7060876,5.3460875,8.916088,11.326088,11.146088,9.366088,11.696088,13.276088,12.906088,10.166088,5.4960876,5.0660877,10.926087,12.196088,8.676087,10.416088,10.956088,11.136087,10.856088,9.576088,9.276088,9.046087,6.3460875,7.5360875,7.5260878,7.7660875,9.236088,10.326088,10.0560875,11.116088,11.406088,10.906088,11.176087,10.676087,9.516088,10.316088,11.606088,12.076088,12.736088,13.816088,14.576088,15.3060875,16.276087,16.876087,17.376087
8.426087,8.436088,7.9560876,6.7460876,6.4760876,5.8660874,3.5560877,1.0860877,3.2060876,5.0260878,4.466088,3.3860877,5.9160876,5.986088,6.0960875,4.3560877,5.176088,10.166088,11.326088,8.976088,9.506087,10.0560875,10.926087,9.646088,7.2760878,4.7060876,6.8060875,7.8460875,9.236088,9.646088,9.656088,8.836087,7.0760875,5.946088,7.0260878,8.396088,8.996088,7.716088,6.9360876,7.3360877,9.616088,10.426087,11.826088,11.386087,11.436088,11.446088,11.726088,11.436088,12.076088,12.386087,11.676087,12.296087,14.0560875,14.226088,14.5560875,14.886087,15.616088,16.816088,17.446087
7.6460876,7.926088,8.346087,7.0760875,6.0860877,3.9160876,3.1960876,2.7660875,4.1360874,5.7260876,4.1860876,1.1860876,5.7460876,5.986088,7.406088,4.8760877,3.7660875,8.496088,11.226088,9.626087,9.326088,9.206088,10.3060875,9.686088,6.8860874,7.8960876,6.8660874,7.426088,9.766088,6.7260876,9.506087,8.916088,5.9160876,5.966088,6.426088,7.926088,9.116088,8.656088,8.836087,8.636087,8.716087,10.176087,10.226088,10.106088,10.276088,11.316088,11.536088,10.966087,11.596087,12.246088,13.136087,12.966087,13.406088,14.206088,14.856088,15.356088,15.5560875,16.296087,17.026087
7.3760877,7.0660877,7.736088,6.8260875,5.0460877,4.736088,4.6360874,2.8160877,4.256088,5.5260878,5.8060875,4.5560875,4.756088,5.0160875,6.8360877,5.696088,3.5060875,8.436088,9.676087,9.966087,11.086087,11.256087,8.426087,7.6660876,6.4160876,5.8760877,6.3960876,7.0660877,9.626087,8.896088,6.3560877,7.0360875,5.5260878,5.8160877,7.2660875,8.656088,8.196088,8.456088,7.716088,9.486088,8.966087,9.446088,9.246088,9.686088,10.516088,11.576088,11.246088,11.766088,11.756087,11.166088,12.096087,12.266088,12.936088,13.8060875,14.106088,13.316088,12.876087,13.836087,14.706088
7.8460875,7.5560875,6.8960876,5.5460877,4.5260878,3.8660877,4.1360874,2.5160875,5.8660874,6.6460876,6.5360875,6.8660874,5.6260877,4.3760877,5.2760878,5.1160874,5.1160874,6.9160876,10.206088,11.396088,11.356088,11.136087,8.016088,6.0960875,5.8760877,6.656088,6.1460876,5.7960877,5.8460875,7.9760876,7.2860875,4.6060877,6.696088,6.5860877,8.086087,8.236088,7.1460876,6.3360877,5.6460876,8.096087,7.8560877,7.6360874,8.226088,8.686088,8.206088,9.446088,9.466087,9.516088,9.486088,10.656088,11.586087,11.996088,12.156088,13.226088,14.3060875,14.776088,14.5560875,14.646088,15.166088
7.6160874,6.236088,4.716088,4.506088,1.7360877,3.6660876,4.6160874,3.2760878,6.0860877,5.7760878,5.9760876,6.3360877,6.5560875,5.3460875,5.6360874,5.6460876,5.446088,7.4960876,9.226088,10.316088,11.846087,11.826088,8.886087,5.6360874,5.5660877,6.446088,6.466088,4.006088,4.676088,7.1360874,7.9960876,5.3860874,4.006088,5.8560877,8.586087,8.036088,5.426088,5.1260877,5.1160874,6.0760875,5.7460876,7.446088,7.2260876,7.1360874,6.9360876,7.756088,8.386087,9.856088,10.426087,10.676087,11.646088,12.246088,12.896088,13.386087,13.436088,13.646088,14.0560875,14.246088,15.186088
6.0960875,4.4960876,2.4060876,-0.28391236,1.5560876,2.3860877,3.4160876,3.7560875,6.2260876,5.8160877,5.1160874,7.0260878,6.2060876,4.9960876,4.3760877,6.0560875,5.926088,6.3760877,7.8260875,9.586087,11.016088,10.486088,8.076088,5.2460876,4.1260877,3.8160877,6.2260876,5.8160877,4.6060877,4.4960876,6.426088,6.7960877,5.9760876,7.0160875,9.3060875,9.126087,6.9360876,6.696088,7.6660876,6.716088,7.8960876,8.206088,7.6060877,8.406088,8.376087,8.616088,8.966087,9.696088,10.186088,11.096087,11.646088,11.5560875,12.146088,13.296087,14.036088,14.356088,15.066088,15.8060875,16.246088
5.5160875,3.6160877,2.6260877,2.1560876,1.0060877,1.4560876,2.8060877,3.3760877,5.4560876,5.7960877,5.6660876,6.006088,5.8960876,5.8860874,4.6860876,6.0460877,5.656088,6.3560877,6.9560876,7.6860876,10.126087,8.396088,8.456088,5.696088,3.7960877,3.4560876,3.7460876,4.3860874,5.4760876,5.506088,6.5460877,7.3560877,6.9960876,7.216088,8.746088,8.656088,8.576088,7.696088,8.076088,8.186088,9.026088,8.576088,7.6260877,8.196088,8.936088,8.356088,8.196088,9.226088,10.456088,11.036088,11.486088,12.096087,12.816088,12.576088,12.916088,13.606088,14.476088,14.586087,15.136087
3.9760876,2.1260877,3.6760876,1.9360876,1.1660876,1.3560877,2.5960877,3.9060876,4.676088,4.156088,5.196088,4.8360877,4.716088,5.2060876,4.426088,4.4960876,5.0760875,5.2060876,5.6260877,4.4560876,7.8660874,6.0660877,5.8160877,5.5460877,3.4760876,2.4460876,1.7960876,3.8960876,4.8460875,6.1260877,6.5660877,4.8560877,4.5560875,6.1060877,7.426088,8.436088,9.786088,8.666088,7.2860875,7.5360875,8.156088,8.146088,7.4560876,8.186088,8.176087,8.066088,8.916088,9.356088,9.986088,10.486088,10.646088,11.716087,12.996088,13.466087,14.566088,15.316088,15.196088,15.876087,16.446087
2.6660876,2.1960876,2.6360877,2.3360877,2.5460877,1.6860876,2.8660877,1.9960877,3.8060877,4.3560877,3.7460876,3.4860876,3.8060877,4.0160875,3.8560877,3.2260876,4.1060877,4.4160876,5.7460876,4.4160876,4.9760876,5.3960876,5.6360874,5.3960876,4.9960876,3.3960876,1.1460876,2.7460876,4.0460877,5.0460877,4.656088,5.4160876,4.5360875,3.6860876,6.006088,8.576088,8.706088,9.396088,9.276088,8.436088,7.7260876,7.6260877,8.466087,8.206088,8.996088,9.346087,9.196088,9.876087,10.096087,11.166088,11.006087,11.046087,11.526088,12.126087,13.626087,15.166088,15.706088,15.856088,16.446087
1.5660876,2.1260877,1.6360877,2.0760877,2.1060877,2.0560877,2.6360877,2.8860877,2.6360877,3.5460877,2.1060877,2.8360877,3.2260876,3.4660876,3.4960876,2.2160876,2.3960876,3.0860877,3.6560876,3.5760877,4.6160874,4.9160876,5.1360874,3.5260878,3.1260877,3.7060876,2.0760877,2.0860877,3.1560876,3.5460877,3.6060877,4.8860874,3.6060877,3.9860876,5.0360875,6.406088,7.5260878,8.616088,9.116088,9.236088,10.296087,10.026088,9.496088,9.106088,8.5560875,9.096087,9.596087,9.926087,9.8060875,10.166088,10.856088,11.476088,12.286088,13.226088,13.926087,15.196088,14.946088,14.826088,16.056087
1.8360877,2.6360877,2.5860877,2.4560876,2.1460876,2.4060876,1.5760876,2.2660875,2.2760878,2.8960876,3.2260876,2.2860878,3.1260877,2.8460877,3.6260877,2.7060876,1.8560877,2.3560877,2.7760878,3.2360876,3.9060876,4.1860876,5.0660877,3.2860878,2.7760878,2.4360876,2.8160877,2.5260878,3.6160877,3.2460876,3.0760877,3.3860877,4.176088,4.3860874,6.0760875,6.8360877,8.016088,8.526088,9.346087,9.416088,9.796087,10.036088,9.846087,10.066088,9.8060875,9.206088,9.026088,8.926087,9.756087,10.406088,10.506087,11.116088,12.436088,13.526088,14.606088,16.636087,14.8060875,15.596087,15.856088
2.6960876,2.4060876,2.2060876,2.2960877,2.6660876,2.3760877,2.4060876,2.2760878,2.2360876,1.4160876,1.6760876,2.4760876,2.5660877,2.9160876,2.5660877,2.2360876,2.2660875,2.3460877,1.7760876,2.4060876,2.9460876,3.6260877,4.3860874,3.7260876,3.3060877,2.6060877,3.4360876,2.9060876,2.9960876,3.6760876,2.5360878,3.2360876,3.4760876,4.256088,5.1260877,6.1460876,6.3960876,7.006088,8.226088,8.716087,9.876087,10.766088,11.036088,11.226088,11.406088,11.496088,11.046087,11.386087,11.856088,12.346087,12.5560875,12.626087,13.246088,13.956088,13.656088,14.406088,13.536088,14.086087,13.416088
2.9760876,2.9360876,2.7360876,2.5760877,2.1160877,2.5960877,2.3160877,2.4060876,2.9560876,2.8960876,2.4060876,1.5160877,2.5360878,2.1360877,2.3360877,1.9660877,2.0060875,2.4260876,1.6760876,2.2960877,2.6960876,3.6260877,4.0560875,3.7460876,3.2260876,2.7160876,3.9060876,3.5760877,2.6460876,2.7260876,3.0660877,3.8560877,4.1160874,3.8760877,4.216088,4.0860877,5.3960876,5.3360877,5.926088,7.1060877,7.6860876,8.566088,9.206088,9.606088,10.116088,10.476088,10.926087,11.786088,12.286088,12.206088,12.456088,12.736088,13.626087,13.846087,13.076088,12.976088,14.286088,10.366088,10.486088
3.4660876,2.9360876,3.1160877,2.4660876,2.4160876,2.9660876,2.4160876,2.8760877,2.8460877,2.6160877,2.6560876,2.0760877,2.4860876,2.0960877,2.8960876,1.8060876,2.3860877,2.6060877,2.4460876,3.2360876,3.5360878,3.8060877,3.8860877,3.2160876,3.7360876,3.2260876,3.0660877,3.6460876,3.1760876,2.3160877,3.4960876,3.0660877,4.196088,4.236088,4.0160875,5.1260877,4.5960875,5.3960876,5.7660875,6.1360874,6.6260877,8.036088,8.946088,9.776088,10.196088,10.496088,11.336087,11.986088,12.316088,12.286088,12.566088,13.3060875,14.326088,14.936088,14.696088,15.006087,16.766088,14.3060875,12.036088
3.1060877,3.4060876,3.2660875,3.2660875,2.4560876,2.6760876,3.1860876,2.5260878,3.3660877,2.6960876,1.8160876,1.3860877,2.0460877,2.1360877,3.1660876,2.1360877,2.5260878,2.7060876,3.2860878,3.6060877,3.4560876,3.5260878,3.3560877,3.1360877,3.3760877,3.7960877,4.0160875,4.3260875,4.7260876,3.5160875,3.9560876,3.9660876,3.7560875,3.8360877,4.5460877,5.1860876,5.4160876,5.8960876,6.426088,6.9160876,7.4960876,8.426087,8.886087,9.656088,10.246088,10.706088,10.746088,10.846087,10.936088,10.356088,11.0560875,12.516088,13.936088,13.836087,13.646088,14.006087,14.136087,16.686089,8.966087
