public/data/weather/2019/09/26/0000-wind-surface-level-gfs-1.0.json
{"header": { "discipline":0, "disciplineName":"Meteorological products", "gribEdition":2, "gribLength":78846, "center":7, "centerName":"US National Weather Service - NCEP(WMC)", "subcenter":0, "refTime":"2019-09-26T00:00:00.000Z", "significanceOfRT":1, "significanceOfRTName":"Start of forecast", "productStatus":0, "productStatusName":"Operational products", "productType":1, "productTypeName":"Forecast products", "productDefinitionTemplate":0, "productDefinitionTemplateName":"Analysis/forecast at horizontal level/layer at a point in time", "parameterCategory":2, "parameterCategoryName":"Momentum", "parameterNumber":3, "parameterNumberName":"V-component_of_wind", "parameterUnit":"m.s-1", "genProcessType":2, "genProcessTypeName":"Forecast", "forecastTime":0, "surface1Type":103, "surface1TypeName":"Specified height level above ground", "surface1Value":10.0, "surface2Type":255, "surface2TypeName":"Missing", "surface2Value":0.0, "gridDefinitionTemplate":0, "gridDefinitionTemplateName":"Latitude_Longitude", "numberPoints":65160, "shape":6, "shapeName":"Earth spherical with radius of 6,371,229.0 m", "gridUnits":"degrees", "resolution":48, "winds":"true", "scanMode":0, "nx":360, "ny":181, "basicAngle":0, "lo1":0.0, "la1":90.0, "lo2":359.0, "la2":-90.0, "dx":1.0, "dy":1.0 }, "data":
[rows 104 to 129 of 181, columns 295 to 353 of 360]
-0.49009034,-0.24009033,0.35990965,1.0299096,0.5799097,-0.5600903,1.5099096,1.3699096,1.5199096,1.2099097,1.8299097,3.4199097,3.3099096,0.34990966,-0.31009033,-2.3400903,-0.16009033,1.3199097,-1.3200903,0.6899097,-0.23009034,-0.48009032,1.2999097,0.26990968,-0.7300903,0.5699097,0.61990964,0.36990967,-0.34009033,0.30990967,2.3299096,2.2899096,2.7799096,2.8699098,2.1999097,2.5399096,2.8099096,2.9199097,2.9799097,2.4799097,2.0299096,2.7199097,3.0599096,1.8999096,2.8099096,1.7299097,1.1199096,1.8799096,3.0699096,3.2899096,3.9399097,4.07991,4.4399095,4.86991,4.9899096,5.2199097,5.1899095,5.09991,5.26991
0.96990967,1.2399096,0.8199097,0.97990966,2.5099096,3.0999098,2.2299097,1.5999097,0.43990967,0.5799097,2.6199098,3.9999096,3.1799097,1.0999097,1.5799097,-0.14009033,1.1899097,-0.71009034,0.79990965,-0.37009034,-0.95009035,-1.5800903,-2.5600903,-0.35009032,2.2799096,0.44990966,2.9299097,-1.5800903,-1.5000904,0.09990967,0.5899097,2.1199098,2.4999096,2.9899096,2.7199097,3.5599096,2.6399097,2.6699097,1.3999096,2.5799096,2.5899096,2.4199097,2.4699097,2.4499097,1.3499097,1.1499096,2.0099096,3.6299098,3.0099096,2.3499098,3.0299096,2.9099097,3.7599096,3.9399097,5.07991,5.5699096,5.78991,5.6299095,5.30991
2.4999096,2.9699097,2.9499097,6.30991,2.6599097,4.4499097,4.51991,4.6999097,2.9199097,0.6299097,-3.3400903,1.4399097,3.5999098,0.009909668,1.1499096,-0.44009033,1.5999097,2.4699097,0.8299097,-0.64009035,-1.3100903,-1.0000904,1.0999097,-1.1000904,-0.49009034,0.96990967,1.4199097,3.3199096,-0.090090334,-0.6600903,0.21990967,1.1099097,1.6699097,2.1699097,2.5299096,3.8599098,3.4799097,2.5199096,2.0899096,2.0299096,1.8799096,2.2099097,2.3299096,1.6899097,0.86990964,1.8199097,2.7499096,2.2599096,2.2099097,2.4799097,2.6099098,2.9199097,3.0899096,3.4799097,4.49991,5.24991,5.6599097,6.2399096,6.4199095
0.72990966,2.2699096,3.2299097,2.1799097,3.9099097,2.5499096,3.7199097,3.3699098,2.2299097,0.92990965,-1.0700903,0.45990968,3.4799097,4.82991,6.59991,-0.040090334,-0.24009033,0.31990966,2.0699096,0.35990965,2.6899097,-2.2100904,-0.49009034,0.35990965,0.31990966,-0.38009033,3.5099096,3.5299096,2.3299096,2.0699096,1.4699097,0.23990966,0.78990966,0.9399097,1.4399097,2.7299097,3.4299097,3.0699096,2.7599096,2.6499097,1.8999096,1.1999097,1.7099097,0.029909668,1.1099097,1.8199097,1.3299097,1.8399097,2.5999098,2.8799098,2.6799097,2.1099098,3.0099096,3.4799097,3.7599096,5.0899096,5.34991,5.6799097,5.97991
2.5599096,1.8699096,5.5899096,2.3799098,1.0699097,1.5699097,2.0999098,2.9699097,3.2799096,2.8099096,-0.07009033,0.22990967,3.9299097,4.72991,5.28991,6.6399097,-2.9700904,-1.0700903,1.7199097,1.6299096,2.1199098,-1.3400903,1.2299097,-0.8500903,0.07990967,0.67990965,3.3699098,2.8699098,1.8499097,1.9999096,2.8099096,3.0699096,1.6299096,0.78990966,1.1499096,1.8599097,1.7799096,2.1299098,2.9199097,3.1799097,2.8299096,1.5399097,-0.7200903,-0.47009033,0.7699097,1.2899097,1.1599097,0.8299097,1.5799097,1.0299096,1.9799097,3.0899096,3.0099096,3.3199096,3.6999097,4.36991,5.2799096,5.97991,6.4499097
0.03990967,0.089909665,2.8699098,5.07991,3.3899097,-0.38009033,0.79990965,1.9799097,3.3299096,1.6299096,0.019909669,0.5199097,2.6099098,3.8799098,5.3999095,6.47991,-1.6800903,-2.8500903,-3.1400902,-0.49009034,0.15990967,0.5299097,-1.0200903,-1.3400903,-1.1200904,-0.35009032,2.4399097,2.9399097,2.4499097,1.1099097,2.3699098,2.6799097,2.9199097,0.5099097,1.0899097,2.0899096,2.0499096,1.5299096,2.4999096,3.3599098,3.9799097,1.0799097,-0.16009033,-1.4000903,-0.14009033,0.049909666,-0.6100903,1.6199096,0.39990968,2.0299096,2.2199097,2.5499096,2.9999096,3.3099096,3.8299096,4.30991,4.7199097,4.9099097,5.4699097
0.26990968,0.27990967,0.96990967,2.4099097,3.2799096,1.7799096,1.2899097,0.9399097,1.4999096,2.3299096,1.2199097,2.1199098,1.3999096,4.6099095,3.1599097,3.2999096,1.5799097,1.1499096,-4.5300903,-1.9000903,-0.76009035,-0.51009035,-0.6000903,-1.1100904,0.48990968,-0.8600903,0.79990965,0.59990966,1.4399097,2.4099097,2.0899096,3.0299096,3.8199096,3.7599096,2.8599098,3.5199096,3.8199096,1.6199096,1.6999097,2.3599098,4.0099096,3.4799097,-0.64009035,-0.95009035,-0.33009034,0.27990967,0.9399097,0.9499097,1.3399097,2.3299096,2.5399096,3.3399096,3.0699096,3.6699097,4.07991,3.7699096,3.9699097,4.2799096,4.7099094
-0.120090336,0.12990966,-0.39009035,-0.31009033,1.5599097,2.8499098,0.8299097,1.7799096,1.8699096,1.8799096,1.5299096,1.4499097,0.61990964,-0.18009034,1.1299096,5.36991,7.9599094,2.2299097,1.0999097,0.80990964,-0.5500903,-2.0000904,1.5799097,0.46990967,-1.3200903,-2.5600903,0.7099097,-0.6800903,-0.24009033,0.35990965,0.92990965,2.0799096,2.5199096,3.6199098,4.2599096,3.8899097,5.4199095,4.5899096,1.8399097,2.0499096,3.2399096,4.7599096,1.0799097,-0.23009034,0.26990968,0.07990967,-0.24009033,0.66990966,-0.49009034,1.2299097,2.6099098,2.5199096,3.6499097,3.6499097,4.28991,4.6799097,4.3199096,4.53991,4.34991
0.37990966,-1.1700903,0.29990968,-1.4300903,-9.033203E-5,-0.16009033,0.66990966,-0.23009034,-0.26009032,1.3799096,0.7599097,0.53990966,1.1699097,0.55990964,2.5699096,0.66990966,3.2599096,2.2399096,-1.1200904,-2.2100904,-0.8100903,-1.1100904,-0.32009032,-0.39009035,-2.9000902,-2.5900903,-1.6100904,0.6899097,-0.77009034,0.59990966,0.65990967,2.0399096,1.9999096,2.2899096,2.5499096,4.47991,3.9899096,5.26991,4.7399096,3.9699097,3.3299096,4.2399096,1.5799097,1.0399097,0.84990966,-0.31009033,0.35990965,1.6799097,0.97990966,1.4799097,1.8499097,2.4099097,3.5899096,3.4899096,4.4099097,5.0499096,4.76991,4.57991,4.3599095
1.4099097,-0.47009033,3.0599096,0.91990966,1.1099097,-0.43009034,-1.0000904,-0.90009034,-0.6100903,-1.0000904,0.39990968,-0.090090334,-1.2200904,0.26990968,1.2599096,0.48990968,2.2199097,3.8699098,3.7499096,1.3999096,0.35990965,-2.0900903,-1.3500904,-6.5300903,-4.6100903,-3.7700903,-2.5200903,-0.8500903,0.019909669,0.45990968,0.41990966,1.1099097,2.2999096,3.5099096,4.01991,2.7399096,4.1499095,4.2999096,4.47991,5.2199097,3.6899097,4.4699097,1.4799097,1.5799097,1.1399096,1.5699097,0.8299097,2.2199097,1.3299097,2.1899097,2.3699098,2.9399097,2.5599096,3.3899097,4.05991,4.34991,4.86991,4.7799096,4.3399096
0.47990966,1.9699097,1.6899097,2.3799098,1.6899097,3.5199096,1.6399096,0.98990965,0.9499097,0.54990965,-0.65009034,-1.9400903,-0.37009034,0.16990967,0.54990965,0.9599097,2.0599096,3.3899097,1.4399097,1.6399096,-2.8900902,-4.5600905,-5.9300904,-6.1000905,-4.7900906,-3.2100904,-1.8300903,-1.3300903,-0.70009035,0.74990964,0.8299097,1.0299096,1.7699096,1.5199096,2.6299098,3.2799096,3.2899096,4.6799097,3.4899096,3.7999096,5.6399097,5.2599096,4.1399097,1.8199097,0.44990966,0.27990967,-0.37009034,0.42990968,1.0699097,2.0199096,2.5599096,2.0099096,3.0099096,2.6999097,3.5799096,4.2399096,4.6499095,4.5699096,4.4099097
1.3599097,0.84990966,1.7499096,1.8499097,2.1999097,2.1699097,2.9099097,3.1999097,2.4099097,1.3799096,-1.2500904,-0.30009034,0.089909665,-0.42009032,0.26990968,-0.090090334,1.2499096,1.5099096,2.4199097,0.85990965,-5.3300905,-5.2900906,-4.3000903,-2.9800904,-3.4600904,-3.4500904,-2.7300904,-0.78009033,-1.3100903,-1.0300903,0.20990966,0.35990965,0.73990965,1.8799096,2.0499096,2.8499098,1.4499097,2.2199097,3.5599096,3.3199096,3.7999096,4.74991,4.57991,4.51991,2.5899096,-0.36009035,-0.29009032,-0.28009033,-0.05009033,1.2799096,2.6099098,2.1999097,2.4999096,3.4299097,4.55991,4.07991,3.6199098,3.6599097,4.6299095
0.09990967,0.53990966,1.1099097,1.9799097,1.1399096,2.1299098,2.2899096,2.0799096,2.6199098,1.7999097,2.2099097,0.47990966,2.3999097,0.54990965,0.03990967,0.16990967,0.15990967,3.1599097,2.5499096,-0.6200903,-2.8300903,-2.7200904,-3.3000903,-4.1000905,-4.4500904,-3.8000903,-3.5400903,-2.5900903,-1.2900903,-0.05009033,1.2199097,0.85990965,0.61990964,1.0999097,2.2199097,1.0199096,1.8599097,2.7499096,2.2099097,2.4099097,2.0799096,2.2899096,3.9099097,4.0899096,4.0699096,3.7599096,2.1299098,0.9399097,0.31990966,0.73990965,1.4899096,2.3299096,2.9699097,3.2999096,3.3699098,4.2099094,3.7699096,3.7599096,3.5999098
-2.1400902,-0.33009034,0.5299097,0.6899097,0.8199097,1.1199096,1.9399097,3.1199098,2.2599096,2.0199096,1.5899097,0.85990965,0.73990965,-0.48009032,-0.5500903,0.23990966,0.25990966,-0.08009033,-0.8600903,-1.2700903,-2.8000903,-2.9700904,-2.5300903,-1.8600904,-2.3400903,-4.2000904,-3.6800904,-2.3300903,-1.7700903,-0.53009033,-0.10009033,0.7099097,0.9599097,0.8899097,0.96990967,2.0199096,2.3699098,2.8799098,2.7799096,2.0899096,2.3599098,1.7799096,4.07991,2.6699097,4.07991,3.7799096,3.5499096,2.9599097,3.9799097,-1.0400903,0.10990967,1.2699096,1.4899096,2.5399096,2.6999097,3.0899096,3.8999097,3.6699097,3.5099096
-1.7400904,-1.3300903,-0.120090336,1.0299096,0.55990964,0.80990964,2.3199096,3.0399096,2.2799096,1.7599096,1.0199096,2.5599096,3.4799097,2.2699096,-0.25009033,-1.0500903,-1.7300904,-3.0500903,-2.8600903,-3.4600904,-4.8400903,-4.3400903,-3.5200903,-3.7400904,-4.25009,-3.9000902,-3.5800903,-3.6800904,-3.7100904,-1.8200903,-0.5400903,0.66990966,1.5899097,0.78990966,0.67990965,2.1099098,1.2799096,2.8299096,4.3799095,2.1499097,1.1899097,2.3399096,1.1899097,3.1999097,3.0499096,3.4099097,3.7599096,4.2599096,3.9999096,4.2599096,-0.35009032,-0.15009034,1.0699097,1.8599097,2.4899096,2.8999097,3.2199097,3.5499096,3.4199097
-3.4200904,-1.2500904,-1.4200903,-0.36009035,0.7099097,0.79990965,1.2999097,3.5499096,1.9799097,2.4599097,2.3099096,2.5099096,1.0799097,0.24990967,0.33990967,0.10990967,-4.9100904,-3.8600903,-2.8500903,-4.0700903,-5.0100904,-4.98009,-4.4500904,-3.9100904,-4.2000904,-5.1600904,-5.7200904,-5.1200905,-3.1900904,-2.4300904,-1.6900903,-1.4300903,0.33990967,1.4899096,1.3899096,0.059909668,0.35990965,1.1399096,2.5599096,3.3799098,2.9299097,1.7099097,1.8399097,2.5199096,3.5699096,4.24991,4.03991,3.3999097,4.4299097,3.3899097,4.5899096,5.4099097,-0.41009033,0.8299097,1.7499096,2.3299096,2.8899097,3.1499097,3.5899096
-3.2700903,-1.1600903,-1.8900903,0.39990968,0.24990967,1.0199096,1.0399097,1.8199097,2.7599096,1.9299097,2.1299098,1.4699097,0.21990967,0.5199097,0.5199097,-4.75009,-3.8100903,-3.7500904,-3.2000904,-6.13009,-6.0600905,-5.6400905,-5.0600905,-4.6400905,-4.38009,-4.52009,-5.2900906,-5.2900906,-4.2600904,-3.8300903,-3.2700903,-2.3900902,-1.9000903,-1.1500903,-0.11009033,-0.21009034,0.60990965,0.09990967,1.1699097,2.1199098,2.2299097,1.7599096,2.4399097,1.7299097,2.1099098,2.9599097,3.5299096,4.4199095,4.5099096,4.3199096,4.26991,5.59991,4.8399096,-1.8400903,0.23990966,1.0999097,2.3199096,3.3899097,3.6099098
-1.0700903,-3.1900904,-2.1100903,-1.5600903,-1.2000903,-0.53009033,0.07990967,0.16990967,1.5999097,2.0299096,2.3099096,1.6699097,0.11990967,0.40990967,-2.0100904,-3.3800902,-5.52009,-5.15009,-4.3400903,-4.65009,-6.3900905,-6.46009,-5.5500903,-4.4500904,-5.0800905,-4.7200904,-4.40009,-5.7900906,-4.73009,-4.9100904,-4.63009,-4.17009,-3.4300904,-2.2100904,-2.1500902,-0.58009034,-0.6100903,-0.44009033,0.029909668,-0.10009033,0.21990967,1.6899097,0.12990966,1.7899097,0.5199097,1.6099097,3.1699097,3.3299096,4.5099096,4.99991,5.84991,5.9399095,5.8399096,4.8599095,-2.5100904,-1.5700903,0.49990967,2.8399096,3.0399096
-0.7300903,-4.15009,-2.9800904,-3.0400903,-2.0300903,-2.0300903,-1.8000903,-1.5500903,-1.4000903,-0.18009034,-0.23009034,0.019909669,-1.3300903,-0.8700903,-3.2600904,-3.2900903,-3.9400904,-5.71009,-4.9300904,-5.3100905,-6.0400906,-6.3700905,-5.9100904,-5.3600903,-5.2200904,-5.1100903,-5.48009,-5.2900906,-5.3000903,-5.2000904,-5.17009,-4.5400906,-3.4900904,-3.8000903,-2.1500902,-1.7200904,-0.82009035,-0.8000903,-0.9700903,-0.35009032,-0.020090332,0.6299097,0.54990965,-1.6100904,0.97990966,1.6499096,2.0599096,2.7399096,3.9599097,4.8899097,5.24991,5.0899096,6.6699095,5.74991,4.8799095,-2.2600904,-1.9000903,-0.040090334,2.3099096
-2.8300903,-4.23009,-2.8600903,-2.9600904,-2.7300904,-1.4200903,-2.2800903,-1.2200904,-1.6900903,-2.1200902,-1.2500904,-1.8900903,-2.1200902,-4.0100904,-2.5000904,-3.5700903,-2.5000904,-4.5700903,-5.50009,-5.1400905,-5.3500905,-5.6200905,-5.8600903,-5.23009,-5.5800905,-6.4300904,-5.5300903,-6.3700905,-5.1000905,-5.4700904,-4.3600903,-4.77009,-4.3700905,-4.3700905,-3.3000903,-2.9900904,-2.9000902,-1.2800903,-3.6600904,-2.0600903,-1.0800903,-1.6300904,0.6999097,-0.35009032,0.5199097,0.98990965,1.0399097,2.1499097,2.4899096,3.1899097,5.0099096,5.5899096,5.59991,6.6699095,5.61991,6.1499095,-1.4500903,-2.2400904,-0.090090334
-1.4200903,-2.7900903,-3.5200903,-2.5800903,-1.2300904,-0.47009033,-1.3700904,-2.6700904,-0.89009035,-0.94009036,-1.5900903,-3.4000902,-7.0100904,-6.3000903,-5.27009,-4.0500903,-3.1500902,-2.1000903,-2.4000902,-3.6600904,-4.75009,-5.2600904,-5.8500905,-6.5400906,-6.1600904,-6.71009,-6.8500905,-6.69009,-7.2900906,-7.6000905,-7.3700905,-6.3000903,-4.7600904,-4.3900905,-3.7400904,-2.9800904,-3.4100904,-3.3700902,-2.9300904,-3.6100903,-2.8700902,-2.3200903,-1.3000903,-0.88009036,-0.88009036,-0.10009033,0.61990964,1.0499097,2.0099096,2.5999098,3.2499096,3.5699096,5.0099096,6.2099094,7.0899096,5.55991,6.9299097,4.9199095,-1.7600904
-2.1600904,-1.2600904,0.7099097,-0.9300903,0.5199097,1.4799097,0.6899097,1.6199096,2.0699096,3.7299097,1.4999096,-1.0800903,-6.3700905,-6.7200904,-5.8200903,-4.5500903,-3.3300903,-1.8400903,-0.9300903,-1.4800904,-1.3900903,-1.6700903,-2.8400903,-5.6600904,-6.50009,-7.13009,-7.3600903,-7.2200904,-7.8300905,-6.7900906,-6.2600904,-6.8400903,-6.8100905,-6.1000905,-5.2800903,-4.4100904,-4.0600905,-4.6100903,-3.9700904,-4.3900905,-3.6200902,-4.23009,-2.2700903,-1.5000904,-1.5100904,-2.1500902,-0.43009034,0.7699097,1.5999097,2.4199097,2.2699096,2.7699096,3.1599097,4.4399095,6.0699096,6.30991,7.4699097,6.5699096,7.36991
-2.0300903,-0.060090333,-0.35009032,-0.43009034,0.72990966,1.1999097,1.1599097,-0.40009034,1.6599097,4.03991,4.0899096,-1.8900903,-3.5500903,-4.02009,-4.1800904,-3.4800904,-2.6400902,-1.6800903,-1.2000903,-0.18009034,0.30990967,-0.38009033,-2.0200903,-3.2700903,-6.7600904,-6.69009,-7.5100904,-7.6600904,-7.8400903,-6.98009,-7.27009,-6.8900905,-6.38009,-7.13009,-6.63009,-5.6800904,-4.88009,-5.5100904,-5.6200905,-5.0400906,-4.6400905,-5.1100903,-4.5300903,-4.1100903,-3.4200904,-1.6700903,-1.3300903,-0.41009033,0.74990964,1.8699096,1.8099097,2.1999097,2.3699098,3.2199097,4.9599094,5.6299095,6.49991,7.6499095,6.2199097
-2.7700903,-1.7400904,0.21990967,0.07990967,0.45990968,1.0499097,1.5899097,0.61990964,0.85990965,3.2799096,3.9899096,0.85990965,-2.3400903,-2.6300902,-2.5700903,-2.2300904,-1.9500903,-1.1700903,-0.8500903,0.09990967,0.97990966,1.4199097,0.33990967,-1.6900903,-3.7700903,-4.2900906,-8.0800905,-7.0300903,-8.18009,-7.7000904,-7.73009,-7.4900904,-6.42009,-7.0100904,-6.7900906,-5.69009,-6.98009,-7.02009,-6.21009,-6.4300904,-5.8000903,-4.9900904,-5.5600905,-4.7900906,-4.50009,-4.4900904,-2.3300903,-1.9200903,-0.95009035,-0.43009034,0.6299097,1.7299097,2.4499097,2.2999096,3.3799098,4.09991,5.7099094,6.03991,6.99991
-0.88009036,-3.9200904,-1.9700904,-0.9300903,-0.18009034,-1.0200903,-1.0600903,-0.28009033,0.029909668,0.65990967,2.4099097,2.6699097,1.2299097,-9.033203E-5,-0.30009034,-0.23009034,-0.07009033,0.74990964,1.5099096,1.9399097,2.1599097,2.1599097,1.0899097,0.5899097,-1.3700904,-3.3500903,-5.1800904,-5.8200903,-8.78009,-7.65009,-8.51009,-8.130091,-8.32009,-7.4900904,-7.0800905,-6.73009,-7.4900904,-7.5800905,-7.40009,-7.0700903,-6.88009,-6.7200904,-6.02009,-5.9500904,-5.2200904,-4.96009,-4.0800905,-2.6600904,-2.2600904,-1.9900904,-0.82009035,-0.42009032,0.09990967,1.0699097,2.9299097,3.3099096,3.5999098,4.53991,5.9199095
3.0399096,2.3299096,0.73990965,-2.4600904,-2.3300903,-3.0900903,-2.9900904,-2.0700903,-1.4600903,-0.94009036,0.049909666,1.2399096,1.4899096,1.5599097,1.4899096,1.5899097,1.4199097,1.6899097,2.0499096,3.6999097,3.9499097,5.84991,5.7399096,1.4499097,-0.24009033,-0.63009036,-1.9400903,-3.6500902,-6.27009,-7.13009,-7.3700905,-10.76009,-9.72009,-8.99009,-9.290091,-7.44009,-7.5800905,-7.6200905,-8.290091,-8.03009,-7.9900904,-7.6800904,-6.9300904,-6.90009,-6.5500903,-6.0300903,-5.5300903,-4.71009,-3.3600903,-2.6500902,-2.5300903,-1.9600903,-1.0100904,-0.21009034,0.27990967,0.47990966,0.85990965,1.9799097,3.2399096
