public/data/weather/2019/09/26/0000-wind-surface-level-gfs-1.0.json
{"header": { "discipline":0, "disciplineName":"Meteorological products", "gribEdition":2, "gribLength":78478, "center":7, "centerName":"US National Weather Service - NCEP(WMC)", "subcenter":0, "refTime":"2019-09-26T00:00:00.000Z", "significanceOfRT":1, "significanceOfRTName":"Start of forecast", "productStatus":0, "productStatusName":"Operational products", "productType":1, "productTypeName":"Forecast products", "productDefinitionTemplate":0, "productDefinitionTemplateName":"Analysis/forecast at horizontal level/layer at a point in time", "parameterCategory":2, "parameterCategoryName":"Momentum", "parameterNumber":2, "parameterNumberName":"U-component_of_wind", "parameterUnit":"m.s-1", "genProcessType":2, "genProcessTypeName":"Forecast", "forecastTime":0, "surface1Type":103, "surface1TypeName":"Specified height level above ground", "surface1Value":10.0, "surface2Type":255, "surface2TypeName":"Missing", "surface2Value":0.0, "gridDefinitionTemplate":0, "gridDefinitionTemplateName":"Latitude_Longitude", "numberPoints":65160, "shape":6, "shapeName":"Earth spherical with radius of 6,371,229.0 m", "gridUnits":"degrees", "resolution":48, "winds":"true", "scanMode":0, "nx":360, "ny":181, "basicAngle":0, "lo1":0.0, "la1":90.0, "lo2":359.0, "la2":-90.0, "dx":1.0, "dy":1.0 }, "data":
[rows 0 to 24 of 181, columns 0 to 56 of 360]
1.2190967,1.2090967,1.2090967,1.1990967,1.1890967,1.1790967,1.1690967,1.1590967,1.1490967,1.1390967,1.1290966,1.1090966,1.0990967,1.0890967,1.0790967,1.0690967,1.0490967,1.0390967,1.0190967,1.0090966,0.9990967,0.97909665,0.96909666,0.9490967,0.9390967,0.9190967,0.89909667,0.8890967,0.8690967,0.84909666,0.83909667,0.8190967,0.7990967,0.77909666,0.7590967,0.7490967,0.72909665,0.70909667,0.6890967,0.6690967,0.64909667,0.6290967,0.6090967,0.58909667,0.5690967,0.5490967,0.52909666,0.5090967,0.48909667,0.4690967,0.44909668,0.41909668,0.39909667,0.3790967,0.35909668,0.33909667,0.31909668
2.2590966,2.1890967,2.1190968,2.0690966,2.0090966,1.9590967,1.9090967,1.8590966,1.7990967,1.7590966,1.7190967,1.6790967,1.6390967,1.5890967,1.5490967,1.5090966,1.4590967,1.3990967,1.3390967,1.2690967,1.2090967,1.1490967,1.0890967,1.0390967,0.9990967,0.9490967,0.89909667,0.8590967,0.8290967,0.78909665,0.7690967,0.7490967,0.7390967,0.72909665,0.71909666,0.71909666,0.71909666,0.72909665,0.7390967,0.7590967,0.77909666,0.7990967,0.8290967,0.8590967,0.8890967,0.9290967,0.95909667,0.9990967,1.0390967,1.0790967,1.1190966,1.1590967,1.2090967,1.2490966,1.2990967,1.3390967,1.3890967
2.4690967,2.3590968,2.2490966,2.1290967,2.0090966,1.8890967,1.7690967,1.6690967,1.6190966,1.5690967,1.5290967,1.5090966,1.4990966,1.4890966,1.4890966,1.4690967,1.4190967,1.3490967,1.2690967,1.1790967,1.0890967,0.9990967,0.9190967,0.84909666,0.77909666,0.71909666,0.6690967,0.6190967,0.5790967,0.5490967,0.4990967,0.45909667,0.41909668,0.38909668,0.36909667,0.35909668,0.3490967,0.33909667,0.3490967,0.35909668,0.36909667,0.38909668,0.41909668,0.45909667,0.4990967,0.5590967,0.6190967,0.72909665,0.83909667,0.97909665,1.1190966,1.2690967,1.4290967,1.5790967,1.7290967,1.8790966,1.9990966
2.1090968,2.0290966,1.9690967,1.9190967,1.8790966,1.8490967,1.7990967,1.7190967,1.6190966,1.5190967,1.4390967,1.3690966,1.3390967,1.3490967,1.3590966,1.3790966,1.3890967,1.3890967,1.2890967,1.1690967,0.95909667,0.58909667,0.22909668,-0.07090332,-0.29090333,-0.46090332,-0.5509033,-0.5709033,-0.5809033,-0.6109033,-0.66090333,-0.71090335,-0.7509033,-0.7509033,-0.7009033,-0.6209033,-0.5109033,-0.39090332,-0.26090333,-0.13090332,0.009096679,0.15909667,0.29909667,0.42909667,0.52909666,0.6190967,0.6790967,0.7490967,0.8290967,0.9290967,1.0290967,1.1290966,1.2290967,1.2990967,1.3590966,1.4190967,1.4790967
1.8390967,1.6290966,1.3890967,1.2390966,1.1390967,1.1490967,1.1890967,1.1890967,1.1790967,1.1190966,1.0690967,1.0690967,1.0690967,1.0390967,0.9190967,0.6090967,0.21909668,-0.24090332,-0.66090333,-0.97090334,-1.2209033,-1.4109033,-1.5709033,-1.7409034,-1.8609033,-1.9209033,-1.9509033,-1.9909034,-2.0409033,-2.0709033,-2.0309033,-1.8909034,-1.6909033,-1.4809033,-1.2709033,-1.0809033,-0.9309033,-0.8209033,-0.7009033,-0.5609033,-0.4009033,-0.2509033,-0.13090332,-0.05090332,0.02909668,0.109096676,0.18909667,0.24909668,0.24909668,0.21909668,0.16909668,0.08909668,-9.033203E-4,-0.10090332,-0.21090332,-0.30090332,-0.36090332
1.1290966,1.0290967,0.8890967,0.7390967,0.5090967,0.29909667,0.12909669,0.16909668,0.14909668,0.05909668,-0.35090333,-0.7509033,-1.1109033,-1.5109034,-1.8209033,-2.0109034,-2.2209034,-2.4409034,-2.5509033,-2.6609032,-2.7209034,-2.7509034,-2.7909033,-2.8209033,-2.8509033,-2.9009032,-2.9809034,-3.0609033,-3.0609033,-2.9609034,-2.8109033,-2.6209033,-2.3809032,-2.0909033,-1.8209033,-1.6509033,-1.5609033,-1.4809033,-1.3609033,-1.1909033,-0.9909033,-0.8609033,-0.8209033,-0.84090334,-0.8709033,-0.8609033,-0.85090333,-0.91090333,-1.0809033,-1.2809033,-1.4509033,-1.4609033,-1.3709034,-1.2309033,-1.1309034,-1.1109033,-1.0909033
0.59909666,0.5490967,0.5090967,0.41909668,0.25909668,0.06909668,-0.020903321,0.07909668,0.09909668,-0.10090332,-0.42090333,-0.8009033,-1.1909033,-1.4409033,-1.5809033,-1.6909033,-1.8009033,-2.0109034,-2.1809034,-2.2209034,-2.2009034,-2.2409034,-2.3909032,-2.5909033,-2.6709032,-2.6909034,-2.7509034,-2.8609033,-2.9909034,-3.0509033,-2.8909032,-2.6709032,-2.4409034,-2.2109034,-1.9009033,-1.6209034,-1.5909033,-1.7709033,-1.9209033,-1.8809034,-1.6309034,-1.3109033,-1.0709033,-0.97090334,-1.1009033,-1.3409033,-1.6409034,-1.8709034,-1.9509033,-1.8909034,-1.7809033,-1.7609034,-1.8009033,-1.6309034,-1.1409034,-0.5809033,-0.6309033
-0.6909033,-0.8609033,-0.77090335,-0.59090334,-0.59090334,-0.6709033,-0.65090334,-0.60090333,-0.65090334,-0.66090333,-0.48090333,-0.42090333,-0.6409033,-0.8109033,-0.8909033,-1.0009034,-1.1709033,-1.4609033,-1.6109033,-1.6809033,-1.7709033,-1.8709034,-2.0209033,-2.1409032,-2.1909034,-2.1809034,-2.1309032,-2.1309032,-2.2809033,-2.4609034,-2.5709033,-2.5109034,-2.2009034,-1.9009033,-1.6909033,-1.7709033,-1.8809034,-1.9709033,-1.9809033,-1.8209033,-1.3809034,-1.0609033,-1.0609033,-1.3509033,-1.5309033,-1.6109033,-1.7709033,-2.1409032,-2.4309034,-2.3809032,-2.2009034,-2.0809033,-2.0709033,-2.0309033,-1.7409034,-1.3909034,-1.3509033
-0.60090333,-0.6709033,-0.9309033,-1.3409033,-1.6709033,-1.8709034,-2.0509033,-2.1609032,-2.2809033,-2.4309034,-2.5009034,-2.2209034,-1.4309033,-0.60090333,-0.38090333,-0.43090332,-0.54090333,-0.8709033,-1.2109033,-1.6009033,-2.1009033,-2.3209033,-2.1309032,-2.2109034,-2.3509033,-2.3409033,-2.3309033,-2.4709034,-2.5609033,-2.5309033,-2.4509034,-2.1809034,-1.7709033,-1.3409033,-1.3009033,-1.5409033,-1.5909033,-1.4809033,-1.6209034,-1.8609033,-1.8409033,-1.6509033,-1.5309033,-1.5409033,-1.5109034,-1.3209033,-1.3609033,-1.6109033,-1.5609033,-1.2309033,-1.1309034,-1.7009033,-2.3009033,-2.6009033,-2.8309033,-2.9009032,-2.7009034
-0.7309033,-0.72090334,-0.97090334,-1.2309033,-1.3009033,-1.2009033,-0.72090334,-0.35090333,-0.020903321,0.109096676,0.44909668,0.52909666,0.11909668,-0.45090333,-0.7509033,-0.59090334,-0.17090333,0.8090967,1.5690967,1.8490967,1.2490966,-0.15090331,-0.9309033,-0.96090335,-0.9809033,-1.2509034,-1.7509034,-2.2109034,-2.1509032,-1.9209033,-1.6409034,-1.3809034,-0.9409033,-0.46090332,-0.18090332,-0.45090333,-0.6409033,-0.6109033,-0.97090334,-1.2909033,-1.2209033,-1.1409034,-1.1609033,-1.3809034,-1.7509034,-2.1209033,-2.6009033,-2.6809034,-2.1709032,-1.4509033,-0.8709033,-0.9809033,-1.3209033,-1.5309033,-1.6009033,-1.1309034,-0.9509033
-0.43090332,-0.15090331,0.45909667,1.2790967,1.5090966,1.8790966,1.6290966,0.7990967,1.2290967,2.3290968,2.9990966,1.5690967,0.83909667,0.90909666,1.5190967,0.22909668,-0.8109033,-1.6409034,-2.4709034,-0.8609033,-0.36090332,0.9290967,1.1690967,1.2590966,1.4690967,1.4690967,1.9690967,2.0590966,1.1790967,0.44909668,0.14909668,0.3090967,0.22909668,0.3090967,0.5190967,0.44909668,-0.08090332,-0.7309033,-1.3209033,-1.7909033,-1.5609033,-1.2709033,-1.1809033,-1.1009033,-1.0409033,-1.0209033,-1.1809033,-1.6409034,-2.0409033,-1.7809033,-1.5209033,-1.3809034,-1.4909034,-1.4909034,-1.0609033,-0.91090333,-1.1809033
3.3790967,3.6390967,3.8890967,4.7190967,5.2790966,5.2790966,4.479097,3.6490967,3.3590968,2.7790966,-0.01090332,-1.4409033,-1.8609033,-0.91090333,0.5190967,0.6990967,-0.12090332,1.5290967,2.9690967,1.1790967,0.24909668,-0.19090332,-0.90090334,-0.6209033,-0.90090334,-1.1309034,-1.2309033,-1.4409033,-1.4609033,-1.1209034,-0.8709033,-0.4409033,0.02909668,-0.04090332,-0.11090332,0.06909668,0.12909669,-0.22090332,-0.7609033,-1.0709033,-1.0209033,-1.1109033,-1.2909033,-1.0609033,-0.41090333,-0.29090333,-1.0209033,-1.8009033,-1.7309033,-1.4009033,-1.6009033,-1.7709033,-1.4809033,-1.3509033,-1.0609033,-0.72090334,-0.8809033
5.7990966,6.1190968,6.329097,6.2590966,6.2590966,5.809097,5.829097,5.6290965,5.2990966,4.8890967,4.0890965,2.6190968,1.1490967,-0.24090332,-1.2309033,-0.30090332,-0.09090332,0.89909667,1.3290967,0.97909665,0.70909667,0.07909668,1.5490967,1.2590966,0.32909667,-0.21090332,-1.0609033,-1.9009033,-1.7509034,-1.2909033,-1.2109033,-0.8909033,-0.8009033,-0.7609033,-0.9809033,-1.3609033,-1.3909034,-1.2309033,-1.3809034,-0.9309033,-0.8009033,-0.91090333,-1.2609034,-1.5109034,-1.4009033,-1.4909034,-2.1009033,-2.1809034,-2.2809033,-2.7209034,-2.9409034,-3.0409033,-3.2909033,-3.1109033,-2.7409034,-2.9109032,-2.6409032
5.8990965,5.6790967,5.6490965,5.309097,5.1490965,5.309097,5.559097,5.519097,5.2790966,5.1190968,5.1990967,5.3790965,4.5890965,3.0390966,0.8690967,-0.84090334,0.4090967,1.1390967,-0.23090333,-1.1809033,-1.2809033,-0.5809033,-0.19090332,0.25909668,0.7690967,-0.15090331,-1.3709034,-1.2009033,-1.0109034,-0.96090335,-1.1809033,-1.7009033,-2.0309033,-1.9309033,-1.6709033,-1.2409034,-1.6509033,-2.1909034,-2.2509034,-1.8509033,-1.7209033,-1.9809033,-2.3909032,-2.3609033,-2.1909034,-2.6909034,-2.9009032,-3.2409034,-3.6009033,-3.6109033,-3.7809033,-3.8909032,-4.000903,-3.9209032,-3.8009033,-4.4309034,-4.6609035
4.6790967,4.8790965,5.0890965,5.3190966,5.5290966,5.6690965,5.849097,6.0890965,6.229097,6.269097,6.1890965,6.2390966,6.4090967,6.3390965,5.9290967,5.499097,4.849097,4.709097,4.229097,3.5290966,2.9590967,2.5190966,1.6390967,1.2690967,1.8390967,0.52909666,-0.9209033,-1.7209033,-1.9309033,-1.0509033,-1.2009033,-1.5709033,-2.1209033,-2.6109033,-1.9609033,-1.2309033,-1.8909034,-1.9109033,-1.6309034,-1.6409034,-2.3309033,-2.9409034,-3.7209034,-3.9709034,-4.020903,-3.9609034,-4.0909033,-3.9209032,-4.2209034,-4.6609035,-4.9109035,-5.250903,-5.730903,-6.000903,-6.250903,-6.6209035,-6.7209034
3.3290968,3.6190968,3.9690967,4.309097,4.6690965,5.099097,5.2990966,5.3990965,5.8590965,6.229097,5.959097,5.849097,6.249097,6.829097,6.6890965,5.9690967,5.579097,4.9290967,4.3890967,3.8690968,3.3090966,3.2290967,3.0390966,2.0590966,1.8090967,1.6790967,1.3890967,0.39909667,-1.4009033,-1.2609034,-1.0809033,-1.7209033,-1.8709034,-2.6009033,-2.6409032,-1.0509033,-1.2109033,-1.2409034,-1.1709033,-1.3509033,-1.7409034,-1.6509033,-2.2109034,-2.4309034,-2.9309034,-3.3409033,-3.6509032,-3.9209032,-4.190903,-4.290903,-4.900903,-5.1009035,-5.3809032,-6.250903,-6.6609035,-6.5809035,-4.1809034
2.6890967,2.7690966,2.4990966,2.5890968,3.4690967,4.1390967,4.789097,5.349097,5.789097,6.209097,6.9890966,6.7990966,6.829097,6.749097,6.079097,5.559097,5.479097,5.039097,4.6490965,4.3690968,3.5790968,3.1290967,3.8490968,3.5190966,3.3290968,3.0190966,2.6390967,2.2690966,0.22909668,-0.91090333,-1.3609033,-1.7309033,-1.9209033,-2.0909033,-2.0709033,-1.2209033,-0.48090333,-1.3709034,-1.1709033,-0.9409033,-1.5809033,-1.5509033,-2.0209033,-2.2809033,-2.8609033,-3.5209033,-4.1009035,-4.150903,-4.1209035,-4.230903,-4.460903,-4.480903,-4.210903,-3.8609033,-3.4509034,-1.7309033,-1.4709033
0.7390967,1.4490967,1.7690967,2.0990968,2.4490967,2.3490968,2.4590967,3.2490966,4.4390965,4.539097,3.8590968,5.059097,6.519097,6.4890966,6.0290966,5.599097,5.4090967,5.059097,4.8390965,4.249097,4.5290966,3.9290967,3.1490967,3.5890968,3.2190967,3.1890967,2.5090966,1.7990967,0.2790967,-0.6809033,-1.5409033,-1.8909034,-2.2109034,-2.0709033,-1.9309033,-1.5709033,-0.8009033,-1.1709033,-1.2809033,-0.79090333,-0.91090333,-0.6709033,-1.4909034,-1.7309033,-2.6309032,-3.2009034,-3.4009032,-3.4209032,-3.7109034,-3.4309034,-2.9409034,-2.3109033,-2.5809033,-2.6109033,-0.6809033,-0.03090332,-2.8009033
0.90909666,1.4990966,2.1190968,2.2090967,2.2590966,2.3490968,2.6990967,2.8090966,2.3190966,2.9390967,4.0690966,4.499097,4.9190965,5.4690967,5.729097,5.7190967,5.079097,5.2990966,5.3190966,5.1290965,4.6490965,4.039097,3.4690967,3.5990968,3.2790966,2.9490967,2.6190968,2.2890966,1.2190967,-0.5509033,-1.5809033,-2.2409034,-2.6209033,-2.5609033,-2.3609033,-2.0009034,-1.0709033,-1.0509033,-1.2509034,-0.54090333,-0.35090333,-0.39090332,-1.0609033,-1.4109033,-1.8409033,-2.7909033,-3.0109034,-2.6509032,-2.4009032,-2.3509033,-2.0609033,-0.90090334,-0.33090332,-1.0309033,-3.4609034,-4.5709033,-5.8009033
0.4390967,0.8790967,1.0790967,1.2690967,1.4890966,1.5590967,1.5290967,1.7990967,2.2090967,2.6590967,3.0990968,3.1990967,3.5890968,4.0890965,5.269097,5.7590966,5.229097,5.2390966,5.2990966,5.4090967,5.3590965,4.7390966,3.2790966,3.2490966,3.9490967,4.3590965,4.8890967,3.5990968,3.2790966,0.48909667,0.17909668,-1.8209033,-2.4409034,-2.7509034,-2.5109034,-2.2809033,-1.6109033,-0.78090334,-0.7609033,-1.2209033,-0.05090332,0.23909669,0.14909668,-0.19090332,-0.6909033,-1.5909033,-1.9809033,-2.2609034,-2.4709034,-2.0709033,-2.3809032,-3.4709034,-2.7909033,-1.9309033,-1.7109033,-1.8509033,-2.8009033
-0.59090334,-0.11090332,0.11909668,0.21909668,0.4690967,0.2790967,0.29909667,0.3790967,0.8890967,1.4490967,1.6190966,1.4190967,1.5990967,1.9190967,1.9290967,2.4090967,3.6390967,4.3790965,5.4090967,4.4390965,5.579097,5.3790965,3.9490967,1.7890967,1.0290967,1.4390967,1.6290966,2.8990967,2.4590967,1.9190967,-0.53090334,-0.90090334,-0.85090333,-1.9409033,-2.3509033,-1.4109033,-1.8109033,-0.9209033,0.12909669,-0.12090332,0.5090967,1.0590967,1.3290967,1.0490967,0.41909668,-0.3709033,-0.8109033,-1.2509034,-1.7109033,-2.2709033,-3.2509034,-3.3409033,-3.0709033,-3.0409033,-2.3909032,-2.8309033,-3.3909032
-1.8109033,-1.6109033,-1.8409033,-1.5309033,-1.3909034,-1.2409034,-1.2809033,-1.1009033,-0.60090333,0.03909668,0.22909668,0.3790967,-0.15090331,-0.3409033,-0.020903321,1.3190967,2.3390968,1.8990967,0.6190967,1.2990967,2.4790967,2.7590966,2.8690968,1.4890966,1.9990966,1.8890967,1.1090966,1.1290966,2.3390968,1.6290966,0.95909667,0.5190967,0.02909668,-0.26090333,-1.5909033,-1.4409033,-1.0909033,-0.8609033,-0.32090333,0.38909668,0.9290967,0.7490967,1.4690967,1.5790967,1.6490967,1.3590966,1.1190966,0.64909667,-0.27090332,0.28909668,-0.4409033,-1.4109033,-1.9609033,-1.4909034,-1.4509033,-1.3909034,-1.2409034
-3.3609033,-3.6109033,-3.6109033,-3.6309032,-3.4509034,-3.3909032,-3.6309032,-3.6709032,-3.6709032,-3.7309034,-4.5709033,-5.3009033,-5.170903,-3.3709033,-3.7509034,-4.1209035,-0.66090333,-0.7609033,0.24909668,3.4790967,1.8890967,1.5990967,1.9090967,1.9790967,0.84909666,1.5790967,1.7790967,1.6590967,2.1990967,1.0690967,1.0590967,1.1090966,0.9490967,1.0290967,1.2090967,2.3990967,-1.6709033,-1.3109033,-1.8409033,-0.52090335,0.4690967,1.1790967,1.4290967,1.7290967,1.5290967,3.2190967,2.9890966,2.3190966,2.2490966,1.8290967,2.3190966,1.7490966,1.9090967,2.3990967,2.6690967,3.2290967,3.5590966
-3.9709034,-4.1309032,-4.2009034,-4.9109035,-4.5609035,-4.3509035,-5.6609035,-6.0809035,-5.9309034,-5.4309034,-6.150903,-6.3909035,-6.5709033,-6.210903,-2.6709032,-0.91090333,-0.96090335,0.6890967,1.3390967,1.6990967,1.2090967,1.6190966,1.4290967,1.0090966,1.0790967,1.2690967,1.1590967,1.6490967,1.3090967,1.2890967,1.6890967,1.2690967,1.0490967,0.59909666,0.42909667,0.6190967,1.0390967,1.4790967,1.1890967,-0.5009033,-2.2809033,0.09909668,-0.13090332,0.4390967,1.3690966,2.9390967,2.8890967,3.0490966,1.8490967,4.5290966,5.309097,5.6890965,6.459097,5.849097,6.229097,4.349097,4.6190968
-3.9409034,-3.9209032,-4.1309032,-4.520903,-4.5709033,-5.3709035,-6.230903,-7.0109034,-6.690903,-6.0309033,-5.3309035,-4.4109035,-2.8009033,-2.1909034,-1.9209033,-1.0709033,-0.35090333,0.71909666,1.1590967,1.1290966,1.4190967,1.3090967,1.1690967,1.0290967,0.6790967,0.6990967,0.89909667,1.0190967,1.6990967,1.8790966,1.9790967,3.3290968,1.6390967,1.3690966,1.1090966,0.78909665,0.24909668,0.83909667,0.8590967,3.2090967,3.4890966,3.1290967,2.4990966,0.9990967,-1.2109033,0.9390967,1.6890967,1.7690967,2.2690966,2.5390966,2.5690966,2.6890967,3.2090967,3.3190966,3.6090968,3.5090966,3.8690968
