public/data/weather/2019/09/26/0000-wind-isobaric-10hPa-gfs-1.0.json
{"header": { "discipline":0, "disciplineName":"Meteorological products", "gribEdition":2, "gribLength":71041, "center":7, "centerName":"US National Weather Service - NCEP(WMC)", "subcenter":0, "refTime":"2019-09-26T00:00:00.000Z", "significanceOfRT":1, "significanceOfRTName":"Start of forecast", "productStatus":0, "productStatusName":"Operational products", "productType":1, "productTypeName":"Forecast products", "productDefinitionTemplate":0, "productDefinitionTemplateName":"Analysis/forecast at horizontal level/layer at a point in time", "parameterCategory":2, "parameterCategoryName":"Momentum", "parameterNumber":2, "parameterNumberName":"U-component_of_wind", "parameterUnit":"m.s-1", "genProcessType":2, "genProcessTypeName":"Forecast", "forecastTime":0, "surface1Type":100, "surface1TypeName":"Isobaric surface", "surface1Value":1000.0, "surface2Type":255, "surface2TypeName":"Missing", "surface2Value":0.0, "gridDefinitionTemplate":0, "gridDefinitionTemplateName":"Latitude_Longitude", "numberPoints":65160, "shape":6, "shapeName":"Earth spherical with radius of 6,371,229.0 m", "gridUnits":"degrees", "resolution":48, "winds":"true", "scanMode":0, "nx":360, "ny":181, "basicAngle":0, "lo1":0.0, "la1":90.0, "lo2":359.0, "la2":-90.0, "dx":1.0, "dy":1.0 }, "data":
[rows 50 to 74 of 181, columns 290 to 347 of 360]
3.892798,3.202798,2.8027978,3.662798,4.412798,3.9627979,3.392798,3.3527977,2.0027978,2.642798,2.0927978,1.8927978,1.9027978,2.9927979,2.0727978,1.2527978,1.0827979,1.4627979,1.9827979,2.3527977,2.2927978,1.5927979,2.0727978,3.182798,1.2227979,2.2927978,3.0927978,0.9027979,1.4527979,2.142798,1.4527979,0.7227979,1.1627978,1.6527978,2.3427978,4.1927977,3.5727978,2.872798,2.5027978,2.5027978,2.4827979,2.2427979,2.682798,3.2527978,4.412798,5.372798,6.4427977,7.0927978,6.262798,6.4027977,6.4627976,6.582798,6.4627976,6.492798,6.1327977,5.782798,5.072798,3.872798
3.9627979,3.1127977,2.3027978,3.9927979,3.9727979,3.7127979,2.2427979,2.0027978,1.2927978,1.0827979,0.44279784,0.69279784,1.0427978,0.7827979,0.0027978516,-0.26720214,-1.4572022,-0.38720214,-0.22720215,0.13279785,0.7127979,-0.47720215,-0.31720215,0.24279785,-2.127202,2.9827979,1.1127979,-0.24720214,-0.24720214,-0.17720215,-0.14720215,0.92279786,0.5227978,0.28279784,1.6727978,1.2527978,0.70279783,1.6927979,2.5827978,1.1227978,-0.17720215,0.70279783,2.622798,3.5627978,5.3627977,5.452798,5.162798,5.022798,4.792798,5.4227977,5.022798,5.1127977,4.822798,4.062798,3.3127978,2.9627979,2.3127978,0.88279784
2.2527978,2.662798,1.3827978,1.0827979,1.0427978,1.6027979,1.1027979,1.0127978,0.27279785,-1.2872021,-1.4472022,-1.0272021,-0.63720214,-1.3372022,-1.9472022,-3.3872023,-3.2772021,-2.9872022,-2.9772022,-3.2772021,-2.297202,-3.2272022,-3.057202,-2.327202,-2.6372023,-1.5372021,-2.7872021,-3.4072022,-2.617202,-2.2272022,-1.9572022,-1.6272022,-2.827202,-1.4572022,-0.16720214,1.2027979,0.09279785,-1.0372021,-0.7272022,-0.08720215,1.1027979,2.2627978,2.2127979,1.4227978,2.0727978,2.132798,2.162798,1.3627979,1.1627978,1.8627979,1.8527979,1.3627979,1.0627979,1.3727978,0.67279786,0.57279783,0.02279785,-0.29720214
0.66279787,-0.18720216,-1.8272022,-2.1972022,-1.9972022,-2.1472023,-1.3872021,-1.3672022,-2.557202,-3.4972022,-3.6372023,-4.4072022,-3.9172022,-3.5272021,-4.217202,-4.507202,-4.937202,-6.3872023,-6.067202,-5.977202,-5.1372023,-4.817202,-3.5172021,-5.627202,-4.627202,-4.897202,-7.1372023,-5.707202,-4.1172023,-3.6872022,-5.917202,-6.127202,-2.3972023,-2.077202,-3.1572022,-2.0372021,-1.8972021,-2.4772022,-2.297202,-1.3872021,-0.99720216,-0.38720214,-0.7272022,-0.33720216,0.09279785,-0.56720215,-1.4872022,-2.297202,-2.0072021,-1.0972022,-0.6672022,-0.83720213,-0.58720213,-0.56720215,-0.5372021,-0.89720213,-1.4472022,-1.2972021
-3.1672022,-4.0172024,-5.0772023,-5.0772023,-4.457202,-4.357202,-4.3672023,-5.227202,-5.437202,-6.1372023,-6.357202,-6.987202,-7.917202,-7.7872024,-7.8472023,-7.877202,-9.227202,-8.947202,-8.317203,-8.477202,-6.447202,-5.647202,-6.777202,-10.517202,-8.497202,-9.857203,-7.817202,-7.8272023,-4.607202,-9.617202,-8.087202,-4.457202,-2.377202,-3.9972022,-6.417202,-4.687202,-5.2672024,-4.977202,-4.737202,-4.317202,-3.4372022,-3.3872023,-2.817202,-2.0372021,-2.7672021,-2.9372022,-3.6372023,-3.5072021,-2.357202,-1.5072021,-1.1672021,-1.0272021,-1.6772021,-1.8372022,-2.2172022,-2.0172021,-2.127202,-2.0372021
-5.977202,-6.8472023,-7.247202,-7.417202,-7.2672024,-6.567202,-6.677202,-7.0572023,-7.5172024,-7.277202,-8.497202,-9.847202,-9.917202,-9.967202,-10.607203,-10.387202,-11.557202,-11.437202,-9.997202,-8.907202,-8.697202,-8.547202,-10.537202,-12.507202,-10.237202,-8.717202,-9.067203,-9.807202,-11.417202,-8.867202,-7.2672024,-5.5772023,-6.0972023,-7.5172024,-8.997202,-6.7872024,-8.047202,-7.207202,-6.677202,-5.6572022,-4.747202,-6.047202,-4.987202,-4.447202,-4.277202,-3.9072022,-3.877202,-3.347202,-2.4472022,-2.097202,-1.8772022,-2.597202,-3.377202,-3.4472022,-3.4572022,-3.1472023,-3.347202,-3.077202
-7.917202,-8.127202,-8.427202,-8.257202,-8.317203,-7.877202,-8.417202,-8.257202,-8.217202,-9.777203,-11.107203,-11.037202,-11.337202,-12.3972025,-11.767202,-12.167202,-12.127202,-12.677202,-11.357203,-10.867202,-9.977202,-11.707202,-13.667202,-13.307202,-8.967202,-10.827202,-11.197202,-13.587202,-10.477202,-6.8472023,-8.317203,-7.837202,-8.387202,-8.847202,-10.157202,-8.347202,-7.8472023,-7.0572023,-7.237202,-6.777202,-7.1572022,-7.917202,-7.547202,-7.207202,-5.937202,-5.677202,-5.0572023,-4.877202,-4.1572022,-3.4572022,-2.8972023,-3.5172021,-3.9972022,-4.797202,-5.207202,-4.757202,-4.377202,-4.127202
-7.8672023,-8.407202,-8.497202,-8.817203,-8.8972025,-9.727202,-9.177202,-9.607203,-11.037202,-11.387202,-12.257202,-12.177202,-12.677202,-14.1472025,-13.417202,-12.017202,-12.087202,-13.507202,-13.707202,-12.757202,-10.967202,-15.237202,-14.887202,-12.567203,-10.517202,-12.077202,-13.577202,-10.787202,-9.077202,-9.577202,-10.987202,-9.987202,-10.367202,-10.127202,-8.937202,-7.937202,-7.197202,-7.0972023,-8.857203,-9.287202,-8.857203,-9.677202,-9.187202,-8.517202,-7.357202,-7.5572023,-6.6572022,-5.957202,-5.3472023,-4.477202,-4.377202,-5.527202,-6.507202,-6.857202,-6.1372023,-5.457202,-5.747202,-5.747202
-8.537202,-8.617202,-8.887202,-9.137202,-9.237202,-9.627202,-10.417202,-11.617202,-12.187202,-12.367202,-12.967202,-12.757202,-11.957202,-13.817203,-13.487202,-12.707202,-13.1472025,-14.417202,-15.557202,-13.427202,-14.477202,-17.347202,-12.717202,-12.237202,-12.267202,-12.8972025,-13.157202,-10.507202,-12.127202,-13.047202,-11.547202,-11.967202,-11.917202,-10.277203,-9.037202,-9.267202,-8.257202,-8.877202,-10.367202,-10.547202,-9.467202,-9.457202,-9.437202,-9.477202,-8.997202,-8.967202,-8.507202,-7.957202,-7.737202,-8.117202,-8.507202,-9.097202,-9.027203,-8.507202,-7.817202,-7.937202,-7.977202,-8.747202
-8.517202,-8.207202,-9.757202,-10.357203,-10.087202,-10.117202,-10.877202,-12.137202,-11.797202,-11.807202,-12.037202,-10.967202,-10.717202,-12.387202,-13.217202,-12.877202,-14.767202,-14.457202,-15.967202,-15.227202,-14.517202,-15.427202,-14.107203,-13.367202,-13.817203,-14.187202,-11.767202,-11.987202,-14.217202,-13.097202,-12.427202,-13.137202,-12.257202,-10.1472025,-9.727202,-10.547202,-9.967202,-9.617202,-11.567203,-12.367202,-11.477202,-10.967202,-11.467202,-10.877202,-11.267202,-11.047202,-11.087202,-11.217202,-11.597202,-12.357203,-12.057202,-11.277203,-11.667202,-10.887202,-10.707202,-11.137202,-11.447202,-11.677202
-9.417202,-9.137202,-10.187202,-11.277203,-10.547202,-11.367202,-11.067203,-11.657202,-11.437202,-10.297202,-10.357203,-10.117202,-10.627202,-12.867202,-14.587202,-15.317203,-15.847202,-15.107203,-15.667202,-15.907202,-14.447202,-15.767202,-17.167202,-14.667202,-14.877202,-12.937202,-12.317203,-12.797202,-14.227202,-14.377202,-15.487202,-13.357203,-11.987202,-12.127202,-12.377202,-12.617202,-12.707202,-12.3972025,-13.027203,-14.387202,-13.437202,-13.587202,-13.727202,-12.867202,-13.057202,-12.437202,-13.347202,-13.667202,-14.6472025,-14.307202,-14.337202,-14.127202,-14.047202,-13.767202,-14.157202,-14.947202,-14.977202,-14.617202
-9.427202,-10.217202,-11.057202,-12.417202,-13.567203,-12.017202,-11.707202,-11.457202,-11.887202,-12.497202,-11.197202,-11.737202,-13.817203,-15.907202,-16.287203,-16.657202,-16.697203,-16.067202,-17.787203,-16.547203,-16.657202,-18.297203,-18.017202,-15.887202,-15.8972025,-14.087202,-14.737202,-15.797202,-16.587202,-17.307201,-16.077202,-14.1472025,-13.737202,-14.117202,-13.847202,-14.027203,-14.8972025,-14.857203,-14.407202,-14.797202,-14.197202,-14.497202,-14.8972025,-15.317203,-15.487202,-14.947202,-16.117203,-16.807201,-17.647202,-17.877203,-17.947203,-18.457203,-18.137201,-17.877203,-18.427202,-18.887201,-18.177202,-17.397202
-11.597202,-12.547202,-14.907202,-15.357203,-15.747202,-16.497202,-13.597202,-11.867202,-12.747202,-15.017202,-13.847202,-14.157202,-15.667202,-17.397202,-18.047203,-18.077202,-17.577202,-18.107203,-17.727201,-18.177202,-19.427202,-19.867203,-18.967201,-17.307201,-18.217201,-16.797203,-17.847202,-18.917202,-18.867203,-18.727201,-16.867203,-17.297203,-16.057201,-15.797202,-16.077202,-16.397202,-17.617203,-17.427202,-17.077202,-16.747202,-16.097202,-15.537202,-16.757202,-18.747202,-20.257202,-20.447203,-20.887201,-21.707203,-21.847202,-21.547203,-20.697203,-22.087202,-21.947203,-20.947203,-21.417202,-21.247202,-20.317202,-21.207203
-15.137202,-15.247202,-18.037203,-18.147202,-17.017202,-17.767202,-17.227201,-15.007202,-13.047202,-16.297203,-18.307201,-18.207203,-18.187202,-18.707203,-20.247202,-20.537203,-20.467201,-19.507202,-19.477201,-19.667202,-22.307201,-21.817202,-20.667202,-19.907202,-19.517202,-19.907202,-20.707203,-21.607203,-21.487202,-21.007202,-19.607203,-19.727201,-19.387201,-18.717201,-19.047203,-19.777203,-20.617203,-20.567202,-19.637201,-19.907202,-19.217201,-19.817202,-20.427202,-21.807201,-24.127203,-24.737202,-24.947203,-25.737202,-25.387201,-24.407202,-24.107203,-24.107203,-25.107203,-23.917202,-24.357203,-23.907202,-23.307201,-24.507202
-17.137201,-17.127203,-20.387201,-21.147202,-19.887201,-19.227201,-17.847202,-17.437202,-15.087202,-18.277203,-20.267202,-20.797203,-20.267202,-21.087202,-22.397202,-22.457203,-23.277203,-21.937202,-21.927202,-22.167202,-23.247202,-22.617203,-22.417202,-22.327202,-22.317202,-23.077202,-23.337202,-24.077202,-24.147202,-23.187202,-21.787203,-22.447203,-22.037203,-22.487202,-22.347202,-23.247202,-23.747202,-23.697203,-23.667202,-23.877203,-24.247202,-24.477201,-25.187202,-25.627203,-26.577202,-26.547203,-27.447203,-28.327202,-28.257202,-28.387201,-27.877203,-26.387201,-27.397202,-26.317202,-26.407202,-26.727201,-26.967201,-26.997202
-20.227201,-20.687202,-24.147202,-24.767202,-22.177202,-20.707203,-18.957203,-19.517202,-17.927202,-21.417202,-23.927202,-22.867203,-22.337202,-22.757202,-24.677202,-24.727201,-25.317202,-24.247202,-24.227201,-23.937202,-24.097202,-24.317202,-24.997202,-25.127203,-25.497202,-26.627203,-26.527203,-26.207203,-25.927202,-25.457203,-26.097202,-25.517202,-25.927202,-27.277203,-26.567202,-26.557201,-26.727201,-26.727201,-27.727201,-27.087202,-28.007202,-27.897202,-28.727201,-28.057201,-28.197203,-28.607203,-29.537203,-30.927202,-31.167202,-31.337202,-30.927202,-29.757202,-28.477201,-28.327202,-29.287203,-29.317202,-28.017202,-27.617203
-23.657202,-23.667202,-26.937202,-25.107203,-23.317202,-24.017202,-24.027203,-23.307201,-21.107203,-23.397202,-26.087202,-24.147202,-25.397202,-24.907202,-27.937202,-27.487202,-26.277203,-25.187202,-26.177202,-26.207203,-26.487202,-27.177202,-28.117203,-28.337202,-28.917202,-27.927202,-28.307201,-28.187202,-28.727201,-27.797203,-28.387201,-28.627203,-30.117203,-30.637201,-29.847202,-28.957203,-29.397202,-29.817202,-28.727201,-30.637201,-30.957203,-30.047203,-31.637201,-31.427202,-30.927202,-31.717201,-31.517202,-33.457203,-33.257202,-33.8072,-33.9672,-32.917202,-31.477201,-31.277203,-32.207203,-30.867203,-29.377203,-29.037203
-26.647202,-27.077202,-28.417202,-27.537203,-24.417202,-28.487202,-27.407202,-25.037203,-22.227201,-25.317202,-27.017202,-26.517202,-28.337202,-28.267202,-29.367203,-28.997202,-27.727201,-27.097202,-29.177202,-28.987202,-29.267202,-29.847202,-30.507202,-30.857203,-30.957203,-30.317202,-29.597202,-30.397202,-30.747202,-29.807201,-30.747202,-31.337202,-32.117203,-31.757202,-32.1472,-31.747202,-32.5172,-32.277203,-31.947203,-31.797203,-33.2372,-32.587204,-33.547203,-32.6972,-34.1772,-35.3272,-34.4472,-34.5372,-35.1772,-35.6972,-36.117203,-35.247204,-34.6272,-34.247204,-33.8272,-32.2172,-31.037203,-30.947203
-29.027203,-31.517202,-31.307201,-28.307201,-27.667202,-29.817202,-29.907202,-27.257202,-25.267202,-27.857203,-29.607203,-29.937202,-30.347202,-30.547203,-30.527203,-30.727201,-30.237202,-29.187202,-31.767202,-32.3772,-32.047203,-32.187202,-32.7372,-33.167202,-32.727203,-32.337204,-31.627203,-31.667202,-31.337202,-29.847202,-30.717201,-32.157204,-32.207203,-32.847202,-33.1472,-33.507202,-35.4272,-35.0172,-34.7372,-34.6072,-34.7672,-35.3772,-34.847202,-34.2672,-36.087204,-37.457203,-37.437202,-37.407204,-37.437202,-37.417202,-37.0572,-37.067204,-37.067204,-35.8072,-34.6272,-33.297203,-32.8272,-33.247204
-32.6472,-34.3972,-32.247204,-30.647202,-28.307201,-30.217201,-34.0772,-30.437202,-29.457203,-31.907202,-32.1972,-32.977203,-33.277203,-32.687202,-32.847202,-32.227203,-31.927202,-32.4272,-33.747204,-34.687202,-34.507202,-33.9872,-34.257202,-34.027203,-33.347202,-33.1272,-32.7172,-31.947203,-31.497202,-31.777203,-33.367203,-33.6472,-34.247204,-35.297203,-34.3972,-33.8572,-35.117203,-37.027203,-37.667202,-37.407204,-36.997204,-36.887203,-36.047203,-36.1972,-37.257202,-37.957203,-39.867203,-39.3972,-37.837204,-38.167202,-37.5572,-38.637203,-37.7172,-36.527203,-35.257202,-34.5772,-34.777203,-34.9672
-34.8272,-34.777203,-32.917202,-32.8072,-29.317202,-33.1072,-35.9672,-34.367203,-34.277203,-34.477203,-34.757202,-35.757202,-35.727203,-34.727203,-34.3772,-33.5372,-34.617203,-34.747204,-36.367203,-37.2372,-36.3272,-34.4872,-35.2872,-34.667202,-34.637203,-33.3772,-33.507202,-33.207203,-32.9672,-33.777203,-34.997204,-34.777203,-35.547203,-35.907204,-36.6072,-36.8072,-36.1072,-36.317204,-38.3072,-39.7672,-40.5372,-39.597202,-37.957203,-38.687202,-37.4872,-39.137203,-39.337204,-40.297203,-37.8772,-38.337204,-38.687202,-39.2372,-38.347202,-38.2672,-36.937202,-36.337204,-37.047203,-38.0172
-36.617203,-34.757202,-33.6072,-34.387203,-32.587204,-37.4872,-37.547203,-37.8272,-36.957203,-36.6972,-36.7672,-38.1972,-37.227203,-36.4672,-36.0172,-36.757202,-37.917202,-36.7872,-38.657204,-37.2372,-37.567204,-36.6072,-36.817204,-37.067204,-36.207203,-35.167202,-35.007202,-34.3572,-34.437202,-34.7872,-35.7172,-34.617203,-35.387203,-37.0172,-38.4872,-39.007202,-39.5772,-37.797203,-39.047203,-41.227203,-42.1272,-42.7172,-40.587204,-39.567204,-39.6272,-38.667202,-38.957203,-40.0572,-38.9672,-38.907204,-39.3272,-39.8272,-38.6472,-38.6272,-38.3972,-37.9672,-38.9872,-40.667202
-36.167202,-35.2672,-36.047203,-36.8972,-35.1972,-39.8072,-38.1972,-40.797203,-38.567204,-37.3572,-38.867203,-38.457203,-38.1972,-37.587204,-38.3972,-39.027203,-39.167202,-38.957203,-39.457203,-39.2372,-38.547203,-38.0572,-38.587204,-37.4872,-37.707203,-36.9872,-36.2672,-35.1972,-35.587204,-35.8072,-35.997204,-36.7672,-36.957203,-38.257202,-38.957203,-40.567204,-40.3972,-40.5172,-38.407204,-40.7672,-43.117203,-44.907204,-43.757202,-41.187202,-41.097202,-38.687202,-39.097202,-39.4472,-39.9272,-40.087204,-39.547203,-40.3972,-40.0772,-39.477203,-38.837204,-40.2672,-40.8272,-40.777203
-38.1472,-37.3572,-37.5572,-37.2172,-38.8072,-40.347202,-39.0172,-41.7172,-40.4872,-38.587204,-40.137203,-39.3272,-39.4672,-38.3572,-39.847202,-41.067204,-40.977203,-41.027203,-40.887203,-40.497204,-38.7172,-39.707203,-38.1972,-39.6072,-38.527203,-38.0372,-37.137203,-36.027203,-36.1972,-36.297203,-35.957203,-37.7372,-38.8272,-38.977203,-40.117203,-39.3272,-42.257202,-41.977203,-40.657204,-39.3272,-42.797203,-45.527203,-46.547203,-43.2172,-41.087204,-40.547203,-39.7172,-39.527203,-40.1272,-39.777203,-40.0372,-41.1972,-42.5572,-41.0572,-40.3772,-40.7372,-42.727203,-41.1772
-39.4472,-40.8972,-39.227203,-37.4872,-40.957203,-39.907204,-39.347202,-42.527203,-41.977203,-40.727203,-40.297203,-40.6472,-40.1772,-39.687202,-41.497204,-42.2172,-41.0572,-41.9472,-41.817204,-41.837204,-40.6772,-39.777203,-39.207203,-39.1972,-39.527203,-38.587204,-38.097202,-36.797203,-37.337204,-37.3072,-38.4672,-38.817204,-39.7372,-40.047203,-39.727203,-39.5372,-40.4872,-42.9272,-42.707203,-39.747204,-40.8272,-43.8272,-47.687202,-44.777203,-42.657204,-40.1972,-40.657204,-40.6772,-39.817204,-41.3572,-42.187202,-43.0372,-42.837204,-42.887203,-43.1272,-43.087204,-42.837204,-41.3772
