public/data/weather/2019/09/26/0000-wind-isobaric-250hPa-gfs-1.0.json
{"header": { "discipline":0, "disciplineName":"Meteorological products", "gribEdition":2, "gribLength":51715, "center":7, "centerName":"US National Weather Service - NCEP(WMC)", "subcenter":0, "refTime":"2019-09-26T00:00:00.000Z", "significanceOfRT":1, "significanceOfRTName":"Start of forecast", "productStatus":0, "productStatusName":"Operational products", "productType":1, "productTypeName":"Forecast products", "productDefinitionTemplate":0, "productDefinitionTemplateName":"Analysis/forecast at horizontal level/layer at a point in time", "parameterCategory":2, "parameterCategoryName":"Momentum", "parameterNumber":3, "parameterNumberName":"V-component_of_wind", "parameterUnit":"m.s-1", "genProcessType":2, "genProcessTypeName":"Forecast", "forecastTime":0, "surface1Type":100, "surface1TypeName":"Isobaric surface", "surface1Value":25000.0, "surface2Type":255, "surface2TypeName":"Missing", "surface2Value":0.0, "gridDefinitionTemplate":0, "gridDefinitionTemplateName":"Latitude_Longitude", "numberPoints":65160, "shape":6, "shapeName":"Earth spherical with radius of 6,371,229.0 m", "gridUnits":"degrees", "resolution":48, "winds":"true", "scanMode":0, "nx":360, "ny":181, "basicAngle":0, "lo1":0.0, "la1":90.0, "lo2":359.0, "la2":-90.0, "dx":1.0, "dy":1.0 }, "data":
[rows 130 to 155 of 181, columns 236 to 294 of 360]
14.39975,12.299749,9.299749,5.9997497,1.2997497,-5.0002503,-11.200251,-16.70025,-22.800251,-27.60025,-30.90025,-31.90025,-28.300251,-25.800251,-24.10025,-15.30025,-12.60025,-13.60025,-10.00025,-6.0002503,-0.30025023,3.7997499,10.59975,15.39975,17.49975,17.09975,8.799749,1.2997497,0.59974974,-2.9002502,-6.4002504,-10.00025,-14.60025,-20.10025,-27.60025,-33.80025,-39.70025,-42.20025,-42.00025,-40.40025,-37.60025,-32.80025,-28.20025,-24.40025,-19.50025,-15.10025,-11.00025,-6.9002504,-3.0002503,0.59974974,4.19975,8.299749,12.39975,16.89975,20.79975,25.39975,28.09975,31.699749,33.99975
16.39975,14.39975,10.99975,7.9997497,2.5997498,-5.1002502,-11.30025,-16.50025,-21.90025,-31.50025,-32.20025,-35.90025,-32.20025,-28.40025,-24.300251,-20.10025,-17.20025,-15.90025,-13.50025,-7.30025,-4.30025,1.0997498,8.89975,12.09975,14.299749,20.199749,9.19975,-0.20025024,-1.7002503,-4.4002504,-6.4002504,-8.10025,-11.30025,-16.10025,-20.60025,-25.60025,-30.20025,-34.20025,-37.50025,-37.40025,-36.00025,-33.20025,-28.300251,-23.50025,-19.90025,-16.20025,-11.200251,-6.1002502,-2.1002502,1.4997498,5.4997497,9.09975,13.99975,17.29975,20.199749,23.699749,27.09975,29.49975,32.89975
17.59975,14.59975,11.299749,9.39975,4.79975,-4.70025,-11.00025,-16.40025,-21.50025,-31.20025,-31.60025,-30.10025,-30.10025,-30.00025,-25.20025,-21.800251,-21.800251,-20.60025,-14.80025,-10.60025,-5.70025,2.0997498,6.9997497,9.49975,11.799749,20.29975,11.09975,-1.0002502,-4.0002503,-4.9002504,-6.9002504,-8.90025,-9.200251,-12.700251,-15.700251,-21.10025,-23.60025,-25.50025,-28.10025,-31.40025,-32.40025,-31.20025,-28.40025,-23.300251,-18.60025,-14.40025,-10.10025,-5.4002504,-2.2002501,1.8997498,6.19975,9.299749,12.19975,14.799749,19.39975,24.199749,26.199749,29.59975,32.19975
17.699749,14.299749,11.299749,8.99975,6.69975,-1.2002503,-8.30025,-13.700251,-19.50025,-30.800251,-33.40025,-34.60025,-31.90025,-37.00025,-34.10025,-25.90025,-21.800251,-20.00025,-15.90025,-11.80025,-6.4002504,-0.100250244,6.4997497,6.8997498,13.09975,18.199749,12.39975,-0.100250244,-5.9002504,-6.1002502,-8.40025,-9.700251,-10.40025,-9.700251,-12.80025,-13.90025,-16.40025,-19.800251,-23.00025,-25.00025,-26.40025,-26.00025,-23.70025,-20.300251,-17.40025,-13.80025,-8.50025,-4.70025,-1.0002502,2.0997498,5.0997496,8.299749,11.299749,14.799749,16.99975,21.699749,25.59975,27.99975,30.89975
16.99975,14.19975,8.89975,6.5997496,4.9997497,2.0997498,-6.30025,-12.50025,-17.20025,-23.300251,-27.50025,-29.20025,-29.60025,-31.800251,-32.00025,-34.60025,-26.20025,-20.800251,-17.10025,-11.00025,-9.700251,-1.3002503,5.29975,10.89975,13.19975,16.99975,14.09975,-1.1002502,-7.9002504,-9.30025,-8.80025,-10.90025,-12.10025,-11.40025,-11.80025,-13.200251,-13.40025,-13.50025,-14.60025,-15.60025,-16.60025,-18.300251,-17.60025,-15.40025,-12.50025,-9.40025,-7.0002503,-4.80025,-1.6002502,2.0997498,4.8997498,7.79975,10.69975,13.799749,16.99975,20.89975,23.89975,27.29975,27.29975
15.59975,12.49975,8.299749,4.79975,2.8997498,1.2997497,-1.4002502,-7.4002504,-13.90025,-18.50025,-22.00025,-27.20025,-31.10025,-34.60025,-34.00025,-36.40025,-31.300251,-26.00025,-19.800251,-14.30025,-9.80025,-1.5002502,2.0997498,7.19975,13.69975,14.99975,10.99975,-3.6002502,-9.40025,-13.10025,-10.50025,-10.30025,-13.30025,-13.80025,-13.30025,-11.90025,-11.80025,-12.700251,-13.700251,-13.200251,-12.700251,-13.00025,-13.40025,-12.50025,-10.30025,-8.40025,-5.4002504,-2.0002503,0.19974975,3.1997497,5.9997497,9.799749,13.299749,15.99975,19.09975,20.199749,21.39975,21.89975,26.199749
13.09975,11.19975,7.69975,4.9997497,2.7997499,1.2997497,-0.5002502,-3.5002503,-6.4002504,-12.60025,-17.10025,-23.10025,-26.90025,-34.30025,-35.60025,-36.70025,-34.50025,-26.40025,-22.10025,-16.10025,-9.30025,-5.0002503,2.0997498,6.8997498,9.69975,10.69975,2.5997498,-7.0002503,-11.700251,-13.30025,-17.300251,-14.30025,-12.200251,-14.200251,-14.80025,-14.50025,-13.700251,-12.60025,-10.80025,-10.10025,-10.50025,-10.200251,-9.10025,-7.5002503,-6.70025,-5.1002502,-1.8002503,0.79974973,3.9997497,6.69975,9.299749,12.09975,12.89975,14.59975,16.29975,17.29975,18.39975,19.59975,18.79975
10.49975,10.299749,8.799749,4.8997498,1.8997498,1.3997498,0.59974974,-0.5002502,-2.0002503,-6.1002502,-12.10025,-18.00025,-24.20025,-30.40025,-35.00025,-34.70025,-35.40025,-30.10025,-23.60025,-17.10025,-10.60025,-4.30025,0.79974973,4.3997498,3.9997497,-2.0002503,-6.5002503,-10.50025,-13.80025,-13.50025,-16.40025,-19.00025,-15.700251,-14.200251,-13.200251,-13.10025,-13.700251,-13.00025,-11.200251,-9.200251,-6.6002502,-5.20025,-4.1002502,-2.7002501,-0.90025026,0.29974976,1.9997498,4.69975,6.69975,9.19975,11.299749,14.69975,16.39975,16.89975,15.69975,15.299749,16.79975,17.89975,19.39975
7.3997498,8.09975,8.799749,7.3997498,5.0997496,1.5997498,0.9997498,-0.100250244,-0.100250244,-2.7002501,-8.700251,-14.700251,-21.50025,-27.50025,-31.60025,-32.40025,-31.800251,-29.50025,-23.90025,-18.90025,-13.80025,-7.6002502,-4.9002504,-4.1002502,-5.30025,-6.80025,-10.30025,-12.90025,-14.700251,-13.700251,-15.30025,-17.00025,-17.70025,-15.10025,-13.10025,-10.80025,-9.10025,-7.70025,-5.5002503,-4.1002502,-2.9002502,-1.3002503,-0.70025027,-0.100250244,1.4997498,3.6997497,5.5997496,8.49975,10.49975,11.39975,13.299749,16.79975,18.89975,19.89975,19.29975,19.09975,16.29975,13.99975,13.799749
5.9997497,6.19975,6.8997498,8.49975,7.69975,4.79975,2.3997498,-0.30025023,-1.7002503,-1.8002503,-6.20025,-12.700251,-19.50025,-26.800251,-28.70025,-28.90025,-28.60025,-27.50025,-24.70025,-20.60025,-15.50025,-11.60025,-10.10025,-8.700251,-8.200251,-10.10025,-12.40025,-15.00025,-15.200251,-14.200251,-13.60025,-16.70025,-17.10025,-13.90025,-12.50025,-10.60025,-9.700251,-8.30025,-5.80025,-4.70025,-2.5002503,-1.2002503,-0.40025026,2.1997497,4.29975,5.79975,7.5997496,9.49975,11.59975,13.99975,15.89975,17.59975,18.39975,20.09975,21.09975,22.79975,23.89975,20.89975,15.69975
6.0997496,5.19975,5.19975,6.29975,6.4997497,6.29975,3.6997497,0.89974976,-2.8002503,-5.20025,-6.0002503,-10.90025,-16.90025,-22.60025,-25.10025,-26.70025,-27.20025,-26.50025,-24.300251,-21.10025,-18.50025,-15.80025,-13.10025,-12.200251,-12.10025,-13.00025,-14.700251,-16.800251,-17.800251,-15.200251,-12.90025,-13.30025,-13.700251,-14.10025,-13.30025,-11.30025,-9.30025,-6.9002504,-5.0002503,-3.0002503,-1.0002502,0.29974976,2.2997499,4.0997496,5.19975,7.0997496,8.799749,10.59975,12.99975,15.799749,17.39975,16.99975,17.699749,19.79975,21.99975,25.199749,25.39975,22.39975,18.699749
6.29975,7.5997496,7.8997498,8.19975,5.79975,2.6997497,1.6997497,-0.100250244,-2.7002501,-6.9002504,-9.10025,-10.60025,-16.10025,-20.90025,-21.90025,-25.50025,-26.300251,-26.300251,-24.40025,-22.10025,-20.300251,-17.90025,-16.00025,-14.80025,-14.00025,-15.00025,-16.40025,-17.40025,-18.70025,-18.60025,-16.50025,-13.60025,-12.00025,-10.80025,-10.10025,-9.50025,-6.6002502,-4.30025,-3.0002503,-1.7002503,-0.70025027,0.9997498,2.5997498,4.29975,5.79975,8.69975,10.89975,12.299749,14.39975,14.89975,16.29975,16.39975,18.49975,21.39975,24.09975,25.89975,22.89975,19.79975,18.09975
8.89975,8.799749,9.09975,9.19975,8.39975,4.0997496,-1.8002503,-4.30025,-5.20025,-7.9002504,-11.200251,-13.50025,-15.00025,-18.20025,-22.70025,-24.10025,-25.800251,-25.20025,-23.800251,-23.00025,-21.20025,-19.90025,-18.300251,-16.800251,-15.90025,-16.40025,-17.300251,-18.300251,-19.20025,-19.40025,-18.300251,-15.90025,-13.700251,-10.80025,-9.00025,-7.1002502,-5.1002502,-1.8002503,-2.5024413E-4,1.3997498,1.7997497,2.5997498,3.8997498,5.5997496,8.39975,9.799749,10.799749,11.299749,12.19975,14.299749,17.199749,18.59975,21.59975,23.99975,25.89975,24.89975,22.39975,17.79975,17.29975
10.49975,11.89975,11.799749,10.59975,6.9997497,2.4997497,-2.5002503,-6.0002503,-8.700251,-9.90025,-11.90025,-15.00025,-17.90025,-18.60025,-20.40025,-22.60025,-24.300251,-25.20025,-24.20025,-23.50025,-22.800251,-22.20025,-21.00025,-18.70025,-17.60025,-18.60025,-19.40025,-19.800251,-19.90025,-20.10025,-20.40025,-18.800251,-15.60025,-12.60025,-10.30025,-6.4002504,-4.70025,-2.0002503,0.19974975,3.0997498,3.0997498,4.3997498,4.69975,5.9997497,7.4997497,8.59975,9.799749,11.799749,14.59975,18.09975,21.199749,24.09975,25.89975,26.89975,22.79975,22.199749,20.09975,16.99975,15.99975
14.299749,13.59975,11.39975,8.59975,5.4997497,1.6997497,-2.4002502,-6.30025,-8.700251,-11.30025,-13.30025,-15.50025,-17.800251,-20.20025,-21.800251,-22.50025,-23.10025,-23.50025,-23.70025,-23.70025,-23.300251,-21.90025,-20.70025,-20.50025,-19.90025,-19.20025,-20.70025,-21.50025,-21.10025,-19.800251,-20.10025,-19.300251,-16.800251,-13.50025,-10.700251,-6.20025,-2.9002502,-0.70025027,0.69974977,3.2997499,5.0997496,3.3997498,4.29975,5.0997496,5.9997497,8.09975,10.99975,12.99975,15.89975,20.09975,23.89975,27.89975,27.89975,25.29975,23.99975,22.59975,20.99975,18.99975,17.49975
15.89975,14.19975,11.09975,7.3997498,3.8997498,0.9997498,-1.4002502,-4.4002504,-8.00025,-10.200251,-13.50025,-15.40025,-17.300251,-19.60025,-21.90025,-23.10025,-24.50025,-24.60025,-24.00025,-24.00025,-23.70025,-22.60025,-21.90025,-21.40025,-21.20025,-20.800251,-19.800251,-20.10025,-20.00025,-19.70025,-19.70025,-17.90025,-14.90025,-13.200251,-11.00025,-8.30025,-4.4002504,-1.5002502,1.3997498,4.69975,4.79975,1.6997497,2.1997497,2.8997498,4.79975,7.3997498,10.89975,14.59975,18.59975,22.29975,24.99975,27.199749,28.199749,27.49975,26.89975,23.99975,20.39975,17.59975,15.09975
16.49975,13.99975,10.59975,7.0997496,3.7997499,1.1997497,-0.60025024,-2.9002502,-5.80025,-8.40025,-11.700251,-14.00025,-16.90025,-18.300251,-20.10025,-21.60025,-23.300251,-23.800251,-24.60025,-24.90025,-24.800251,-24.00025,-23.40025,-22.90025,-22.300251,-21.60025,-21.60025,-20.90025,-20.90025,-20.70025,-19.40025,-17.40025,-14.80025,-12.30025,-9.80025,-7.0002503,-5.6002502,-2.4002502,0.89974976,3.1997497,1.9997498,0.59974974,0.39974976,3.1997497,6.4997497,9.799749,13.09975,16.699749,19.79975,22.09975,24.39975,25.99975,26.29975,25.79975,26.59975,26.29975,24.199749,22.09975,19.49975
15.09975,12.59975,9.799749,6.8997498,4.19975,1.6997497,-0.80025023,-3.0002503,-4.9002504,-7.70025,-10.30025,-12.40025,-14.50025,-16.50025,-18.90025,-19.40025,-20.00025,-20.90025,-22.20025,-22.800251,-23.40025,-24.10025,-24.70025,-24.50025,-23.800251,-23.10025,-22.20025,-22.00025,-21.50025,-20.20025,-18.50025,-16.70025,-14.50025,-12.60025,-10.80025,-9.00025,-6.70025,-4.0002503,-0.5002502,0.29974976,0.19974975,0.79974973,2.0997498,4.0997496,7.5997496,10.299749,13.19975,16.79975,19.49975,21.29975,22.99975,24.59975,23.79975,23.39975,23.699749,23.29975,22.89975,21.89975,21.199749
11.39975,9.69975,8.49975,7.3997498,5.5997496,2.9997497,0.29974976,-2.5002503,-5.1002502,-7.0002503,-8.700251,-10.80025,-12.700251,-14.30025,-16.00025,-17.70025,-19.20025,-19.60025,-20.70025,-21.50025,-22.00025,-22.40025,-22.60025,-23.300251,-23.40025,-23.20025,-23.10025,-22.50025,-21.60025,-20.60025,-19.50025,-17.800251,-15.90025,-14.10025,-11.90025,-9.30025,-6.70025,-3.8002503,-2.3002503,-1.5002502,-0.80025023,0.19974975,1.8997498,3.8997498,6.69975,9.299749,12.59975,14.99975,18.39975,19.89975,21.09975,21.99975,21.39975,20.89975,20.99975,21.79975,21.09975,20.29975,19.39975
8.799749,8.39975,7.79975,6.3997498,5.19975,3.7997499,1.6997497,-0.70025027,-3.3002503,-5.6002502,-7.5002503,-9.50025,-11.40025,-12.80025,-13.90025,-14.90025,-16.60025,-18.20025,-19.00025,-20.10025,-21.00025,-21.800251,-22.00025,-22.10025,-22.40025,-22.20025,-21.800251,-21.800251,-21.800251,-21.300251,-20.40025,-18.800251,-17.10025,-15.200251,-13.10025,-10.80025,-8.50025,-6.6002502,-5.30025,-3.5002503,-2.1002502,-0.60025024,1.6997497,2.9997497,5.8997498,8.69975,11.69975,13.99975,15.89975,17.79975,19.29975,19.09975,18.699749,18.699749,19.39975,20.49975,19.99975,19.09975,18.29975
7.79975,7.29975,6.79975,5.79975,4.4997497,3.5997498,2.5997498,1.0997498,-1.0002502,-3.2002501,-5.30025,-7.1002502,-9.00025,-10.60025,-11.60025,-12.700251,-13.60025,-14.60025,-15.30025,-16.40025,-17.70025,-18.60025,-19.300251,-19.800251,-20.70025,-21.40025,-21.60025,-21.00025,-20.60025,-20.50025,-20.70025,-20.300251,-19.10025,-17.50025,-15.40025,-13.10025,-10.50025,-8.30025,-6.1002502,-4.0002503,-2.4002502,-0.60025024,1.2997497,3.4997497,5.69975,7.69975,9.89975,11.99975,13.89975,15.49975,16.199749,15.89975,15.69975,16.49975,17.89975,19.199749,18.699749,18.39975,17.59975
6.4997497,5.4997497,4.9997497,4.9997497,4.79975,3.7997499,3.0997498,2.5997498,1.8997498,0.69974977,-0.90025026,-2.7002501,-5.30025,-7.0002503,-8.50025,-9.80025,-10.50025,-11.30025,-12.40025,-13.700251,-14.90025,-16.20025,-17.300251,-17.70025,-18.20025,-18.90025,-19.90025,-20.300251,-20.00025,-19.50025,-19.60025,-19.60025,-18.90025,-17.20025,-15.700251,-14.30025,-12.40025,-10.00025,-8.10025,-6.70025,-4.1002502,-1.9002502,-0.70025027,1.5997498,3.8997498,5.9997497,8.299749,10.09975,11.59975,12.69975,12.799749,13.59975,13.99975,15.19975,16.59975,17.49975,17.39975,16.89975,16.89975
5.3997498,4.9997497,4.3997498,4.4997497,4.4997497,4.29975,3.7997499,3.1997497,2.6997497,2.0997498,1.5997498,0.09974976,-1.5002502,-2.4002502,-3.6002502,-5.5002503,-7.30025,-8.60025,-9.90025,-11.10025,-12.60025,-14.200251,-15.10025,-15.80025,-16.50025,-17.300251,-17.800251,-18.20025,-18.60025,-19.10025,-19.800251,-19.40025,-19.20025,-18.60025,-17.800251,-16.90025,-14.80025,-12.90025,-11.200251,-7.80025,-6.0002503,-4.4002504,-1.7002503,0.09974976,2.0997498,4.4997497,6.4997497,8.69975,10.299749,10.89975,11.59975,12.299749,13.49975,14.89975,15.99975,16.199749,15.49975,15.59975,15.09975
4.79975,5.69975,6.0997496,6.0997496,6.19975,5.79975,5.69975,5.4997497,4.9997497,3.9997497,3.2997499,2.3997498,1.2997497,0.19974975,-1.0002502,-2.5002503,-3.5002503,-5.20025,-7.0002503,-8.40025,-9.60025,-10.60025,-11.80025,-12.80025,-13.700251,-14.50025,-16.10025,-17.50025,-18.40025,-19.00025,-19.70025,-20.300251,-20.60025,-20.800251,-19.800251,-17.40025,-14.90025,-12.90025,-12.10025,-9.30025,-9.10025,-6.6002502,-3.6002502,-1.2002503,1.4997498,3.1997497,5.8997498,7.19975,8.69975,9.799749,11.299749,12.89975,14.09975,14.49975,13.39975,13.39975,13.89975,12.89975,10.99975
6.5997496,6.5997496,6.69975,7.0997496,7.0997496,6.3997498,6.5997496,6.8997498,6.3997498,5.5997496,4.79975,3.8997498,3.1997497,2.6997497,2.0997498,1.4997498,0.19974975,-1.5002502,-3.2002501,-5.20025,-7.4002504,-8.40025,-9.00025,-10.00025,-10.90025,-12.30025,-14.00025,-15.10025,-16.20025,-17.60025,-18.800251,-19.40025,-18.90025,-18.800251,-18.50025,-19.20025,-18.20025,-14.60025,-12.80025,-11.30025,-9.60025,-7.4002504,-5.0002503,-1.8002503,0.39974976,2.5997498,5.0997496,7.0997496,8.299749,9.69975,11.09975,12.89975,12.09975,11.99975,12.09975,11.59975,10.39975,9.09975,7.4997497
9.09975,9.799749,10.09975,9.99975,8.799749,7.19975,6.8997498,6.29975,6.19975,5.8997498,5.29975,4.4997497,3.9997497,3.5997498,3.2997499,2.8997498,2.3997498,1.4997498,-0.20025024,-1.9002502,-4.30025,-6.6002502,-7.5002503,-8.60025,-9.50025,-10.30025,-11.10025,-12.40025,-13.80025,-14.90025,-16.10025,-16.60025,-17.00025,-16.90025,-16.800251,-16.300251,-16.60025,-16.10025,-14.90025,-13.50025,-11.30025,-7.80025,-5.0002503,-2.3002503,-2.5024413E-4,2.8997498,5.3997498,7.69975,8.09975,10.09975,9.89975,10.39975,10.59975,10.799749,9.69975,8.799749,7.3997498,5.79975,4.29975
