public/data/weather/2019/09/26/0000-wind-isobaric-70hPa-gfs-1.0.json
{"header": { "discipline":0, "disciplineName":"Meteorological products", "gribEdition":2, "gribLength":67738, "center":7, "centerName":"US National Weather Service - NCEP(WMC)", "subcenter":0, "refTime":"2019-09-26T00:00:00.000Z", "significanceOfRT":1, "significanceOfRTName":"Start of forecast", "productStatus":0, "productStatusName":"Operational products", "productType":1, "productTypeName":"Forecast products", "productDefinitionTemplate":0, "productDefinitionTemplateName":"Analysis/forecast at horizontal level/layer at a point in time", "parameterCategory":2, "parameterCategoryName":"Momentum", "parameterNumber":3, "parameterNumberName":"V-component_of_wind", "parameterUnit":"m.s-1", "genProcessType":2, "genProcessTypeName":"Forecast", "forecastTime":0, "surface1Type":100, "surface1TypeName":"Isobaric surface", "surface1Value":7000.0, "surface2Type":255, "surface2TypeName":"Missing", "surface2Value":0.0, "gridDefinitionTemplate":0, "gridDefinitionTemplateName":"Latitude_Longitude", "numberPoints":65160, "shape":6, "shapeName":"Earth spherical with radius of 6,371,229.0 m", "gridUnits":"degrees", "resolution":48, "winds":"true", "scanMode":0, "nx":360, "ny":181, "basicAngle":0, "lo1":0.0, "la1":90.0, "lo2":359.0, "la2":-90.0, "dx":1.0, "dy":1.0 }, "data":
[rows 104 to 129 of 181, columns 295 to 353 of 360]
0.2445752,0.7145752,1.2345752,0.9645752,0.8645752,0.9445752,1.5845752,1.5745752,2.3345752,2.664575,2.7445753,0.6145752,0.6145752,-0.2054248,-3.345425,-3.1354249,-1.2654248,-0.7554248,-0.9154248,-0.7254248,-0.1254248,-1.1154248,-2.3754249,-1.4654248,-0.115424804,-0.7054248,-0.48542482,-0.6954248,-0.6254248,-1.4154248,-3.565425,-5.0754247,-5.0554247,-5.395425,-5.1754246,-4.485425,-4.0554247,-3.4054248,-2.345425,-1.6754248,-2.0254247,-1.2854248,-0.45542482,0.024575196,1.0445752,0.5645752,0.8045752,-0.2154248,-0.3954248,-1.8354248,-3.075425,-3.5454247,-3.0554247,-2.575425,-2.7554247,-1.9354248,-1.6554248,-1.9254248,-2.2754247
0.4445752,1.2445751,-0.035424806,-1.6954248,-2.1554248,0.5045752,1.9945751,2.3745751,2.2645752,1.4045752,2.394575,2.4545753,0.07457519,-0.1854248,0.48457518,-0.2554248,-1.0554248,-1.1354249,0.2145752,1.0445752,0.2845752,0.7045752,1.2945752,-0.7754248,-2.8054247,-2.7354248,-0.6854248,-1.1554248,-1.3254248,-0.3854248,-2.4454248,-3.6654248,-4.255425,-5.3654246,-5.4054246,-5.0354247,-5.145425,-5.355425,-4.985425,-4.2854247,-3.2654247,-2.345425,-1.6354249,-0.7954248,0.9245752,1.1345752,1.1945752,-0.13542481,-0.3354248,-0.6754248,-2.1354249,-2.1154249,-2.6554248,-2.0054247,-2.565425,-2.4854248,-2.2454247,-2.7054248,-2.9754248
-0.3754248,-0.115424804,0.4345752,0.6645752,0.7245752,1.2645752,2.0045753,-0.48542482,1.5345752,1.6145751,1.9545752,3.424575,1.2745752,3.7245753,2.9745753,2.2545753,-0.3954248,1.0445752,1.1645752,-0.3654248,-1.3354248,-0.7154248,-0.6254248,-1.6954248,-0.3554248,-0.1854248,-0.9954248,-0.8554248,-0.6654248,-1.4854248,-2.9154248,-3.7554247,-5.3854246,-5.235425,-5.455425,-5.375425,-5.025425,-5.395425,-5.185425,-4.5154247,-4.315425,-4.3854246,-3.4354248,-2.6454248,-1.0454248,0.45457518,1.0645752,0.3445752,0.9245752,1.3445752,-0.2054248,-1.1754248,-2.6754248,-2.345425,-2.6954248,-2.6154249,-3.0354247,-3.4354248,-3.4754248
-0.8754248,-1.2254248,-0.3254248,-0.2354248,-1.9354248,0.6645752,1.8845752,2.664575,-0.13542481,2.9845753,4.1345754,3.164575,3.3545752,2.1345751,2.4745753,4.4045753,3.3845751,2.5145752,1.6845752,0.6045752,1.5545752,1.8345752,2.1045752,1.1345752,0.1745752,0.2345752,0.024575196,0.6945752,0.6845752,0.2045752,-0.3454248,-2.6954248,-4.185425,-5.375425,-6.275425,-5.9054246,-5.9954247,-5.875425,-5.755425,-5.295425,-4.605425,-4.5354247,-4.1154246,-3.575425,-3.0554247,-1.8054248,-0.2054248,-0.2554248,0.3045752,1.4845752,0.8145752,-0.4954248,-2.0454247,-1.6254249,-2.6454248,-3.0454247,-2.9854248,-2.6454248,-3.4354248
-0.8254248,0.1745752,1.2245752,1.2945752,2.2345753,2.424575,0.6445752,1.7945752,3.2645752,2.5345752,2.8745751,1.9545752,4.474575,6.474575,5.8445754,3.8445752,3.8645751,3.0445752,4.284575,4.9245753,3.3845751,3.654575,3.1945753,1.4345752,3.184575,2.8545752,1.5545752,0.7645752,0.2345752,-0.3354248,0.0845752,0.19457519,-0.3054248,-2.6554248,-4.545425,-6.1554246,-5.7654247,-4.985425,-5.485425,-5.645425,-6.1354246,-4.3654246,-4.0754247,-4.215425,-3.1454248,-2.8654249,-2.7554247,-2.1154249,-1.1254249,0.104575194,1.5945752,-0.4254248,-1.1054248,-2.0354247,-1.9954247,-1.7554249,-2.2554247,-2.5454247,-2.835425
0.6845752,1.2845752,2.2845752,2.674575,3.3545752,4.994575,4.104575,3.7845752,3.164575,1.3545752,2.5145752,3.2145753,4.4045753,4.2545753,4.054575,2.5745752,4.8645754,3.9545753,1.8945752,1.5045753,3.5245752,3.4645753,4.394575,2.6945753,3.4945753,4.014575,3.0745752,1.6645752,1.4345752,0.8845752,0.7345752,0.4045752,0.1545752,-1.1954248,-1.2954248,-2.6654248,-4.935425,-5.935425,-4.9254246,-5.2454247,-5.455425,-6.3454247,-6.105425,-5.4954247,-5.0954247,-5.0154247,-3.9854248,-3.2454247,-2.0154247,-1.0854248,-0.1754248,0.1745752,0.1445752,-1.1754248,-1.2354248,-1.5054249,-1.5554248,-1.5454248,-1.4654248
0.9645752,2.2645752,3.4445753,3.7545753,5.7545753,7.144575,8.284575,9.604575,10.174575,10.294575,8.604575,7.914575,6.544575,6.334575,5.414575,7.1345754,6.7145753,5.264575,4.084575,3.8145752,3.2745752,2.2245753,2.2445753,4.044575,2.6945753,3.3745751,4.284575,4.684575,4.6345754,2.2745752,2.4445753,1.6045752,1.6745752,0.4345752,-1.3054248,-2.2354248,-2.5554247,-3.565425,-5.195425,-6.1354246,-6.4954247,-6.715425,-5.645425,-5.965425,-6.085425,-6.1554246,-5.695425,-5.0354247,-4.255425,-3.1254249,-1.9954247,-1.8454248,-0.1554248,-0.115424804,-0.9154248,-0.6454248,-0.6854248,-1.0154248,-0.115424804
-0.2054248,1.4345752,2.0145752,4.0745754,3.5645752,4.204575,5.9645753,7.054575,8.314575,9.894575,11.184575,11.804575,9.354575,6.974575,7.6145754,5.6545753,5.794575,4.1745753,6.3645754,3.9545753,3.644575,4.9845753,5.784575,3.4645753,1.8045752,3.654575,1.9445752,3.0345752,4.244575,3.5745752,3.7545753,2.5845752,2.2145753,1.6045752,0.2545752,0.19457519,-1.8354248,-2.8054247,-3.5254247,-5.0154247,-6.8254247,-6.975425,-6.545425,-6.465425,-5.955425,-6.255425,-7.1354246,-6.645425,-5.645425,-5.195425,-3.1454248,-2.325425,-2.5354247,-0.7954248,-0.4154248,0.07457519,0.6145752,0.8945752,1.2545753
2.3445752,2.8245752,3.5945752,3.8245752,4.434575,4.4845753,4.0745754,4.044575,4.5945754,5.314575,6.144575,7.434575,8.324575,7.8845754,4.3645754,4.314575,4.6945753,6.854575,6.3845754,7.784575,5.0745754,5.7145753,5.494575,5.704575,5.084575,3.7545753,1.3945752,2.434575,1.9645752,1.1845752,2.644575,2.2245753,0.8645752,1.4745752,1.1445752,0.054575194,-0.1254248,-0.6854248,-2.9354248,-4.695425,-6.0954247,-7.215425,-8.655425,-6.9054246,-6.415425,-6.605425,-6.0354247,-6.7454247,-7.395425,-6.395425,-5.4254246,-3.5254247,-3.4354248,-2.7954247,-1.4054248,-0.5454248,0.07457519,0.4445752,0.0945752
0.8345752,2.7145753,3.7045753,4.894575,5.974575,5.454575,5.1345754,4.684575,5.314575,4.604575,5.8445754,5.374575,4.9645753,6.014575,8.424575,7.044575,7.704575,7.2345753,6.204575,5.834575,7.624575,6.104575,6.144575,6.204575,5.1745753,5.414575,3.3045752,0.2145752,1.1445752,2.4445753,0.3145752,-0.59542483,0.19457519,0.19457519,0.3245752,-0.3854248,-1.8354248,-1.6054248,-2.2654247,-3.7554247,-4.9954247,-6.755425,-9.055425,-8.725425,-7.5554247,-6.625425,-6.0954247,-6.945425,-7.025425,-6.895425,-6.225425,-5.0154247,-3.4354248,-2.7354248,-3.105425,-2.7154248,-1.7154248,-0.3154248,-0.6054248
2.424575,3.6245751,4.564575,4.054575,6.374575,6.724575,7.5745754,7.524575,6.834575,4.294575,5.954575,6.474575,8.024575,8.004575,6.514575,6.4445753,7.104575,5.394575,4.034575,2.654575,4.4645753,5.704575,6.354575,5.854575,4.524575,3.924575,3.644575,2.5145752,-0.22542481,0.0145751955,1.8245752,1.0845752,-0.9754248,-1.4654248,-0.9554248,-1.4554248,-1.9654248,-3.605425,-4.0754247,-4.5354247,-5.085425,-5.395425,-7.335425,-9.325425,-9.0054245,-7.565425,-7.1354246,-7.355425,-7.235425,-7.7854247,-6.8654246,-6.105425,-4.815425,-5.235425,-3.6454248,-2.7854247,-2.4154248,-2.0254247,-1.4254248
3.664575,4.1545753,4.4445753,4.8445754,5.4645753,4.064575,5.7345753,7.2345753,8.574575,8.374576,7.044575,7.6745753,6.1945753,6.514575,8.944575,9.914576,10.224575,8.284575,6.874575,5.494575,3.7845752,3.1145751,3.2445753,3.7945752,3.8345752,3.5745752,3.644575,2.8745751,1.3145752,-0.3954248,-0.5454248,-0.5254248,-1.4254248,-2.7154248,-3.1354249,-3.1754248,-3.7054248,-4.3054247,-5.985425,-6.375425,-6.335425,-7.225425,-7.8654246,-8.885425,-11.035425,-9.825425,-8.315425,-6.9954247,-7.2654247,-7.775425,-7.7454247,-6.485425,-5.5554247,-4.725425,-4.9954247,-5.585425,-4.045425,-2.9754248,-2.6354249
5.804575,6.494575,6.054575,6.014575,6.044575,5.1545753,4.814575,3.9745753,4.774575,4.564575,3.5045753,5.0945754,7.3845754,6.804575,6.894575,6.3645754,6.854575,5.9245753,6.144575,4.5945754,4.7345753,4.1345754,3.2345753,2.7945752,2.5445752,2.5245752,2.1245751,2.684575,2.3545752,1.1845752,-0.19542481,-0.1254248,-2.1654248,-3.605425,-2.9754248,-2.7054248,-4.0554247,-6.505425,-6.1154246,-7.505425,-7.465425,-8.285425,-8.125424,-8.875424,-10.365425,-11.225425,-9.865425,-8.565425,-7.165425,-7.585425,-7.0554247,-6.395425,-6.3054247,-5.025425,-5.255425,-4.975425,-5.205425,-4.8854246,-4.315425
6.3245754,7.604575,7.804575,7.6345754,6.6145754,7.1345754,7.874575,7.314575,7.914575,5.5745754,1.7145752,-0.5154248,1.2145752,2.2445753,5.534575,4.954575,3.7945752,3.7545753,4.774575,4.954575,4.514575,4.9245753,3.3645751,3.2445753,3.2245753,2.9745753,2.894575,2.3545752,1.2045752,0.4645752,-0.0054248045,-1.4054248,-2.4854248,-2.2954247,-2.565425,-2.8754249,-3.9954247,-5.105425,-6.1554246,-7.145425,-6.645425,-7.025425,-8.575425,-9.425425,-10.475425,-11.665424,-11.0054245,-9.925425,-8.975425,-8.325425,-8.335424,-7.0554247,-6.5754247,-5.775425,-5.3254247,-4.965425,-5.3454247,-5.005425,-4.8454247
8.014575,9.024575,9.504575,9.284575,9.324575,9.714575,8.834576,7.9645753,6.764575,6.664575,4.764575,4.334575,3.8745751,2.924575,4.494575,4.2545753,4.034575,3.1145751,3.654575,4.644575,4.204575,4.494575,3.5145752,2.5245752,2.5145752,2.0245752,2.3145752,1.4445752,1.4345752,-0.0054248045,-0.6854248,-2.4254248,-2.355425,-2.4754248,-2.3754249,-3.335425,-3.7754247,-4.545425,-5.875425,-6.665425,-6.2854247,-6.895425,-8.035425,-8.515425,-9.195425,-10.945425,-11.725425,-11.025425,-9.615425,-9.0054245,-9.295424,-8.735425,-7.315425,-7.0354247,-6.255425,-5.725425,-5.9954247,-6.0754247,-4.545425
7.334575,8.344575,8.754575,9.184575,9.634575,10.124576,8.794575,8.984575,8.214575,8.044575,5.494575,6.2145753,5.3445754,5.014575,5.764575,6.0945754,4.804575,3.2645752,3.2045753,3.7145753,4.394575,4.4445753,3.8345752,3.3345752,2.4745753,1.9045752,1.7545753,1.2245752,-0.5654248,-0.8354248,-1.5854248,-2.1654248,-1.9854248,-2.335425,-2.3754249,-3.335425,-4.505425,-4.6554246,-5.215425,-6.255425,-5.875425,-5.2654247,-6.505425,-6.915425,-8.595425,-10.645425,-12.115425,-12.155425,-11.115425,-10.285425,-10.0054245,-9.405425,-9.635425,-8.435425,-6.8854246,-6.735425,-6.6154246,-6.2654247,-5.685425
7.954575,7.804575,8.514575,9.544575,10.354575,10.474575,10.334576,10.554575,12.314575,12.754575,10.614575,8.144575,7.744575,7.724575,7.294575,6.774575,5.874575,5.8845754,5.4645753,5.434575,5.874575,5.4845753,5.124575,4.704575,3.0745752,2.654575,2.2045753,2.1145751,0.8345752,-0.7154248,-2.0454247,-2.7354248,-2.5454247,-3.1254249,-2.9954247,-2.085425,-3.835425,-4.5954247,-5.295425,-5.8254247,-6.1754246,-5.625425,-5.2654247,-7.005425,-7.8254247,-9.525425,-11.145425,-11.455425,-12.105425,-11.565425,-11.575425,-11.385425,-10.545424,-9.885425,-9.175425,-7.725425,-7.315425,-7.0154247,-5.665425
9.734575,10.044575,10.954576,11.794575,13.524575,13.654575,12.454576,11.434575,12.214575,11.534575,10.674575,10.524575,9.434575,9.344575,7.814575,6.684575,6.1345754,5.7545753,5.794575,5.974575,6.604575,6.144575,5.3245754,4.474575,3.2745752,3.0445752,1.7645752,1.7445751,1.3145752,1.4945751,0.5645752,-1.0254248,-1.8954248,-2.8654249,-3.9654248,-3.565425,-2.6754248,-3.7454247,-4.375425,-4.445425,-6.085425,-5.695425,-5.5354247,-5.0754247,-6.255425,-8.705425,-10.125424,-9.945425,-10.185425,-11.0054245,-12.025425,-12.015425,-11.085424,-10.965425,-10.545424,-9.395425,-8.025425,-7.445425,-7.395425
11.294575,11.024575,11.974575,13.044575,14.564575,14.094575,12.484575,12.774575,12.784575,11.554575,11.694575,10.804575,10.644575,9.414576,9.184575,8.134575,8.114575,8.464575,7.024575,7.564575,6.684575,6.9645753,5.544575,5.6145754,3.9545753,2.3745751,1.5245752,0.3845752,0.1545752,0.07457519,0.0845752,-0.9654248,-0.4254248,-2.1354249,-2.8854249,-3.1454248,-2.5254247,-3.1654248,-3.5454247,-4.445425,-4.725425,-4.965425,-5.0754247,-4.195425,-4.895425,-7.5954247,-8.575425,-9.275425,-9.265425,-11.2554245,-11.805425,-11.665424,-12.185425,-11.945425,-11.325425,-10.595425,-9.785425,-8.115425,-7.275425
12.344575,11.254575,13.064575,13.314575,14.024575,13.314575,12.454576,12.834576,11.944575,11.504575,9.854575,8.794575,8.794575,8.024575,8.4945755,8.514575,8.784575,9.054575,9.054575,9.224575,9.264575,8.504575,7.4445753,6.1345754,3.644575,3.924575,2.8045752,1.6145751,1.4045752,0.6145752,0.3345752,-0.84542483,-0.5454248,-1.4754248,-2.0454247,-2.2254248,-2.6354249,-2.565425,-3.105425,-4.225425,-4.685425,-4.5154247,-4.5554247,-4.195425,-4.9254246,-6.3254247,-8.475425,-9.705425,-9.445425,-10.085424,-10.855425,-11.425425,-11.635425,-11.725425,-11.785425,-11.175425,-9.695425,-9.475425,-8.225425
12.874576,13.304575,12.4945755,12.004575,14.474575,13.314575,14.924575,11.974575,11.274575,9.954576,9.464575,9.104575,7.934575,7.584575,6.854575,7.744575,7.034575,7.3645754,8.954576,9.134575,8.944575,9.064575,8.384575,6.974575,6.8245754,5.2545753,4.1745753,3.1945753,2.414575,1.1445752,0.22457519,-1.3154248,-1.0954248,-1.7854248,-2.7954247,-2.2054248,-2.565425,-2.6354249,-3.825425,-4.0154247,-4.415425,-4.4254246,-5.185425,-5.3054247,-4.9954247,-6.005425,-7.2454247,-9.445425,-9.735425,-9.465425,-9.895425,-11.055425,-10.705425,-10.955425,-10.825425,-11.215425,-10.495425,-9.805425,-10.585424
12.864575,11.554575,11.334576,13.944575,13.324575,11.684575,12.394575,9.644575,8.974575,10.7445755,4.6145754,7.314575,7.0045753,7.8245754,6.8845754,7.1145754,6.294575,6.8445754,7.764575,8.254575,9.204576,9.354575,8.824575,7.554575,6.874575,6.274575,4.9045753,3.5945752,2.8745751,1.5345752,0.8845752,-0.6154248,-2.075425,-2.355425,-3.4454248,-2.7854247,-3.1154249,-3.1554248,-2.815425,-3.4654248,-3.7954247,-4.025425,-4.145425,-4.965425,-6.215425,-6.3854246,-6.8654246,-8.265425,-8.865425,-9.875424,-10.475425,-10.805425,-10.825425,-10.025425,-10.475425,-10.665424,-11.275425,-10.535425,-9.915424
12.314575,11.884575,11.454576,12.204576,11.324575,10.664576,11.444575,10.914576,10.464575,8.2445755,5.724575,7.044575,6.534575,6.104575,5.7545753,6.084575,5.534575,6.9845753,8.024575,8.524575,7.744575,8.604575,7.534575,7.934575,7.014575,6.784575,5.264575,4.564575,3.2145753,2.1245751,1.4445752,0.5845752,-1.4354248,-1.7154248,-3.6454248,-3.7454247,-2.815425,-3.4954247,-3.1154249,-3.065425,-3.6554248,-3.9854248,-4.1154246,-4.455425,-5.235425,-6.1754246,-7.0354247,-7.445425,-8.805425,-9.325425,-9.895425,-10.775425,-11.445425,-11.115425,-9.465425,-9.885425,-10.645425,-11.395425,-10.815425
11.654575,11.094575,12.424575,11.584576,9.784575,10.754575,10.184575,11.2445755,10.394575,9.784575,9.874576,9.124576,8.014575,6.2345753,3.924575,4.184575,4.454575,7.994575,8.974575,8.204576,8.504575,8.154575,7.5945754,7.4245753,7.434575,6.664575,6.564575,5.3245754,4.664575,2.9445753,2.0345752,1.1145751,0.11457519,-1.7354248,-2.5154247,-3.2354248,-3.7154248,-4.065425,-4.4054246,-4.1754246,-3.855425,-3.6454248,-4.205425,-4.5754247,-4.715425,-5.625425,-5.8254247,-6.6354246,-6.9954247,-8.375424,-9.575425,-9.265425,-10.205425,-11.575425,-11.265425,-10.915424,-10.875424,-10.705425,-10.595425
10.144575,12.704576,11.344575,9.854575,11.124576,10.634575,9.524575,9.294575,10.734575,9.634575,9.714575,8.774575,7.3245754,5.554575,3.0845752,2.9845753,3.9945753,6.304575,6.744575,6.7145753,7.6145754,9.204576,9.074575,8.554575,7.8845754,6.414575,5.804575,5.524575,4.744575,4.054575,2.7845752,1.5345752,0.4445752,0.0845752,-1.2154248,-2.1454248,-2.9954247,-3.7154248,-3.9854248,-4.6754246,-4.295425,-3.835425,-4.045425,-3.9854248,-4.025425,-4.3854246,-4.9954247,-5.665425,-6.3654246,-7.205425,-8.185425,-9.095425,-9.945425,-10.785425,-10.975425,-10.885425,-11.425425,-11.345425,-10.945425
10.624576,10.464575,11.854575,12.114575,10.414576,9.794575,6.544575,10.504575,12.804575,12.314575,9.644575,7.144575,6.3845754,6.1145754,3.7645752,4.034575,5.554575,7.2545753,5.624575,4.974575,6.774575,10.194575,11.414576,10.534575,8.914576,7.784575,6.814575,6.3445754,4.794575,4.5945754,2.8145752,1.7645752,0.3345752,-0.2554248,-0.7854248,-1.2354248,-2.065425,-2.7354248,-3.2154248,-3.835425,-4.145425,-4.3254247,-3.9254248,-3.8854249,-4.1154246,-4.0954247,-4.585425,-4.6554246,-5.205425,-6.0154247,-7.085425,-8.355425,-9.555425,-10.215425,-11.115425,-11.295424,-11.125424,-11.435425,-12.015425
