public/data/weather/2019/09/26/0000-wind-isobaric-10hPa-gfs-1.0.json
{"header": { "discipline":0, "disciplineName":"Meteorological products", "gribEdition":2, "gribLength":66202, "center":7, "centerName":"US National Weather Service - NCEP(WMC)", "subcenter":0, "refTime":"2019-09-26T00:00:00.000Z", "significanceOfRT":1, "significanceOfRTName":"Start of forecast", "productStatus":0, "productStatusName":"Operational products", "productType":1, "productTypeName":"Forecast products", "productDefinitionTemplate":0, "productDefinitionTemplateName":"Analysis/forecast at horizontal level/layer at a point in time", "parameterCategory":2, "parameterCategoryName":"Momentum", "parameterNumber":3, "parameterNumberName":"V-component_of_wind", "parameterUnit":"m.s-1", "genProcessType":2, "genProcessTypeName":"Forecast", "forecastTime":0, "surface1Type":100, "surface1TypeName":"Isobaric surface", "surface1Value":1000.0, "surface2Type":255, "surface2TypeName":"Missing", "surface2Value":0.0, "gridDefinitionTemplate":0, "gridDefinitionTemplateName":"Latitude_Longitude", "numberPoints":65160, "shape":6, "shapeName":"Earth spherical with radius of 6,371,229.0 m", "gridUnits":"degrees", "resolution":48, "winds":"true", "scanMode":0, "nx":360, "ny":181, "basicAngle":0, "lo1":0.0, "la1":90.0, "lo2":359.0, "la2":-90.0, "dx":1.0, "dy":1.0 }, "data":
[rows 78 to 103 of 181, columns 180 to 239 of 360]
-0.43541992,-0.08541992,0.16458008,0.5045801,0.33458006,-0.38541993,-0.9354199,-1.3154199,-1.25542,-2.1054199,-2.4054198,-2.1554198,-2.32542,-3.55542,-2.8754199,-2.1654198,-1.99542,-2.24542,-1.7054199,0.3045801,1.5545801,3.30458,3.5845802,5.15458,5.44458,5.9745803,6.65458,7.37458,7.15458,7.27458,7.82458,7.81458,6.68458,5.17458,3.95458,4.39458,4.7445803,4.41458,3.99458,3.3245802,3.6145802,3.45458,4.05458,5.04458,4.03458,2.43458,2.47458,2.16458,3.3945801,3.68458,3.0845802,2.04458,0.6945801,0.6645801,-1.0854199,-2.05542,-2.1354198,-2.53542,-2.3854198,-2.1554198
-0.10541992,-0.12541991,-0.4454199,-0.43541992,-0.22541992,-0.29541993,-0.8654199,-2.19542,-2.30542,-1.88542,-2.3554199,-2.78542,-3.1054199,-3.1754198,-3.3654199,-2.20542,-0.8154199,-1.27542,0.28458008,1.24458,2.29458,3.06458,4.5145802,4.84458,5.42458,5.50458,5.37458,5.43458,6.85458,7.17458,7.2245803,6.5145802,5.40458,4.25458,3.8445802,4.10458,4.11458,4.21458,3.5945802,3.3945801,3.23458,2.99458,3.96458,3.74458,2.44458,2.0845802,2.1145802,2.3245802,2.19458,1.3145801,1.11458,1.21458,0.08458008,-0.45541993,-0.075419925,-1.12542,-0.6954199,-0.66541994,-0.9854199,-1.0954199
0.35458007,0.6645801,0.064580075,0.4645801,-0.14541993,-0.91541994,-0.8854199,-1.0554199,-0.9454199,-1.8554199,-2.8854198,-2.55542,-1.89542,-1.02542,-0.22541992,-0.16541992,-0.04541992,1.10458,1.25458,1.7945801,2.48458,2.20458,2.42458,2.69458,3.1445801,3.8545802,4.7045803,5.60458,5.81458,5.90458,5.96458,5.50458,4.7045803,4.41458,4.29458,3.92458,3.5845802,3.92458,3.91458,4.54458,3.92458,4.52458,4.84458,3.31458,3.1045802,1.61458,1.0745801,1.1745801,1.7945801,2.3245802,3.3545802,2.73458,1.9245801,0.7545801,1.8345801,2.49458,1.73458,1.34458,1.3045801,0.6145801
1.11458,1.5645801,1.8845801,1.0145801,0.17458008,-0.5054199,-0.025419923,-0.035419922,-0.7554199,-1.5754199,-0.8054199,-0.41541994,-0.2554199,-0.7654199,-0.4454199,-0.48541993,-0.115419924,0.78458005,0.8745801,1.4545801,1.4045801,2.0845802,2.3945801,2.1445801,2.02458,2.5945802,3.06458,4.71458,4.18458,4.65458,4.78458,4.53458,4.06458,4.00458,4.37458,4.4945803,4.83458,4.41458,5.27458,5.30458,5.81458,6.35458,5.42458,5.52458,4.41458,4.54458,4.68458,4.46458,4.37458,4.28458,4.5145802,4.0145802,3.71458,2.54458,2.95458,2.06458,0.6645801,1.3345801,1.4145801,0.5045801
1.74458,1.8345801,1.3945801,1.47458,1.2945801,1.2645801,1.36458,1.6445801,1.3245801,0.83458006,0.6945801,0.72458005,0.20458008,-0.7054199,-1.2054199,-0.7654199,-0.5554199,-0.6454199,0.08458008,0.35458007,1.10458,1.5745801,2.40458,3.18458,3.74458,3.76458,4.2045803,3.92458,4.06458,3.26458,2.73458,2.74458,3.21458,3.3445802,3.16458,3.8345802,3.49458,4.44458,4.75458,5.56458,6.04458,5.80458,5.60458,5.28458,4.83458,4.7645802,4.57458,3.3245802,2.92458,2.29458,1.8845801,1.36458,1.3345801,0.9245801,0.034580078,0.16458008,-1.9754199,-1.9454199,-2.1154199,-1.5854199
2.20458,1.99458,2.16458,1.9545801,2.28458,2.80458,3.0945802,3.43458,3.6345801,2.8745801,2.24458,1.71458,0.08458008,-0.9254199,-1.0754199,-0.97541994,-1.25542,-0.5154199,-0.06541992,0.95458007,1.4145801,1.8345801,2.3545802,3.93458,5.06458,5.61458,5.08458,4.90458,3.54458,2.5945802,2.3245802,2.3445802,2.70458,3.19458,3.6245801,3.71458,3.3545802,3.75458,4.06458,4.10458,4.91458,4.96458,4.25458,4.08458,3.46458,2.6245801,1.8945801,1.46458,1.0645801,1.34458,1.3345801,0.8845801,0.9445801,-0.2554199,-0.7454199,-2.03542,-2.98542,-3.4054198,-3.1654198,-3.1054199
1.61458,2.16458,1.8845801,2.8945801,2.42458,1.9345801,2.3945801,2.43458,1.2645801,1.6745801,2.3345802,1.11458,0.7345801,0.8845801,0.32458007,0.2745801,-0.2554199,-0.9254199,-0.6754199,-0.24541992,0.6745801,1.59458,2.43458,2.8545802,3.74458,5.03458,5.14458,4.86458,4.73458,3.56458,2.51458,2.18458,2.6345801,2.5845802,1.71458,1.75458,2.01458,2.6045802,3.90458,4.55458,3.96458,3.8345802,2.8545802,1.49458,2.03458,0.83458006,0.9845801,0.4945801,0.33458006,0.9345801,0.6845801,1.1945801,0.024580078,-1.01542,-1.4754199,-1.9454199,-2.93542,-3.26542,-3.76542,-3.18542
2.03458,2.54458,3.42458,3.40458,3.3245802,2.72458,2.53458,2.01458,1.74458,1.0845801,0.8845801,1.09458,1.49458,1.1345801,1.1445801,0.97458005,1.1545801,1.00458,0.25458008,0.33458006,-0.14541993,0.58458006,1.5145801,2.1245801,2.42458,2.93458,3.95458,4.89458,5.34458,5.40458,4.7645802,3.3445802,2.67458,2.56458,1.60458,0.5445801,0.77458006,2.02458,2.6245801,2.19458,2.1345801,1.8145801,1.2045801,0.22458008,0.11458008,0.47458008,-0.12541991,-0.5554199,0.13458008,0.33458006,0.96458006,-0.8154199,-1.14542,-1.3554199,-2.1654198,-2.6454198,-2.59542,-2.1554198,-0.59541994,-2.01542
3.15458,3.16458,3.21458,2.76458,2.93458,2.90458,2.6145802,2.3245802,1.47458,1.3345801,1.3245801,0.9845801,1.25458,0.70458007,0.7545801,0.5045801,0.7345801,0.65458006,0.6145801,0.65458006,1.6445801,1.85458,1.6445801,2.0845802,1.87458,1.7645801,2.1145802,3.01458,3.1245801,3.8845801,4.57458,4.2245803,2.55458,0.8545801,0.4045801,0.44458008,0.65458006,0.5545801,0.6845801,0.9345801,1.1545801,1.0845801,-0.13541992,0.104580075,-1.0554199,-0.6854199,-0.9554199,-0.85541993,-0.41541994,-0.6154199,-0.85541993,-1.38542,-0.6254199,-0.8854199,-2.02542,-3.46542,-2.47542,-2.48542,-3.69542,-3.3854198
2.47458,2.20458,1.86458,2.21458,2.73458,2.71458,2.6045802,1.6645801,1.0245801,0.8645801,0.9845801,1.86458,1.4045801,0.90458006,0.78458005,-0.5054199,-0.8054199,-0.27541992,0.07458008,0.36458007,1.5445801,2.1445801,2.06458,1.4345801,1.3045801,1.0145801,0.054580078,0.14458008,0.5445801,0.78458005,1.1545801,2.1045802,1.4545801,0.39458007,0.20458008,0.8645801,0.20458008,0.7345801,0.104580075,-0.15541992,0.59458005,0.90458006,-0.17541993,-0.025419923,-0.06541992,-0.9454199,-1.3354199,-2.78542,-2.18542,-1.8054199,-1.4354199,-0.97541994,-1.6854199,-1.87542,-1.1954199,-1.4654199,-2.98542,-4.67542,-4.65542,-3.9054198
2.76458,1.8045801,1.1945801,1.1445801,1.2045801,1.46458,1.97458,2.05458,1.0745801,0.7545801,1.09458,0.9345801,0.9245801,0.96458006,0.64458007,0.97458005,0.39458007,0.20458008,1.0645801,0.31458008,0.6645801,0.6645801,1.0445801,1.00458,0.04458008,-0.22541992,-1.27542,-2.04542,-1.6054199,-1.4154199,-1.87542,-1.4154199,-1.03542,-0.18541992,-0.54541993,-1.1154199,-1.3154199,-1.5654199,-1.0754199,-0.65541995,-0.21541992,0.34458008,-0.30541992,-1.27542,-1.14542,-1.14542,-1.90542,-1.1754199,-1.1754199,-1.5754199,-2.53542,-2.6254199,-1.7254199,-1.03542,-1.7054199,-1.75542,-1.3254199,-2.05542,-2.29542,-2.46542
3.05458,2.6145802,1.6545801,0.95458007,1.2945801,0.7945801,-0.075419925,-0.66541994,0.18458007,0.89458007,0.9945801,0.90458006,0.72458005,1.0445801,1.37458,1.72458,1.4445801,1.5545801,1.3145801,1.23458,0.6645801,0.4045801,0.15458007,-0.43541992,-1.4654199,-2.1454198,-2.3654199,-3.1354198,-3.09542,-2.70542,-2.49542,-2.81542,-3.3854198,-2.56542,-1.1754199,-1.62542,-2.00542,-2.1454198,-2.19542,-1.8254199,-0.79541993,-0.2854199,-1.0654199,-2.6254199,-2.9054198,-2.80542,-3.29542,-3.70542,-3.01542,-2.70542,-2.82542,-2.8554199,-2.68542,-2.25542,-1.3054199,-0.8254199,-0.6154199,-0.39541993,-0.45541993,-1.3554199
1.10458,0.7545801,1.1345801,1.00458,0.12458008,-0.4454199,-0.2554199,0.024580078,0.5645801,0.034580078,0.15458007,0.29458007,0.48458007,-0.025419923,0.4645801,0.38458008,0.47458008,0.24458008,-0.32541993,0.16458008,-0.04541992,-0.17541993,-0.5654199,-0.43541992,-1.0554199,-1.89542,-2.6354198,-3.26542,-3.24542,-3.32542,-2.6354198,-2.3854198,-2.6554198,-2.9154198,-3.26542,-2.1554198,-1.89542,-2.46542,-3.49542,-3.06542,-2.76542,-2.28542,-1.7954199,-1.87542,-0.42541993,-0.16541992,-0.8854199,-1.2054199,-1.3654199,-2.31542,-1.75542,-0.77541995,0.31458008,0.2745801,0.64458007,0.28458008,-0.20541993,-0.19541992,-0.52541995,0.6045801
1.0145801,0.23458008,0.5545801,0.25458008,-0.6954199,-0.72541994,-0.6954199,0.31458008,0.9145801,1.1945801,1.23458,1.0545801,0.19458008,0.15458007,-0.9254199,-1.2354199,-0.9454199,-1.3554199,-1.7254199,-1.77542,-1.4354199,-1.7154199,-1.7254199,-1.4654199,-2.03542,-2.48542,-2.9154198,-3.21542,-3.3654199,-3.6054199,-2.80542,-2.31542,-2.46542,-2.1654198,-2.49542,-2.70542,-2.80542,-3.74542,-4.18542,-3.33542,-2.98542,-2.4154198,-1.0454199,-0.85541993,-0.115419924,-1.03542,-1.39542,-1.4654199,-1.5454199,-0.8754199,-0.6754199,0.59458005,1.4245801,0.9145801,1.7645801,0.054580078,0.054580078,1.0845801,0.5045801,0.47458008
2.04458,0.72458005,0.45458007,0.5545801,0.65458006,-0.43541992,-0.27541992,-0.26541993,0.39458007,1.23458,1.3845801,0.59458005,-0.2854199,-0.32541993,-0.09541992,-0.7654199,-0.9454199,-1.0854199,-1.39542,-1.7254199,-2.1054199,-2.95542,-2.96542,-2.83542,-3.1454198,-2.8554199,-2.28542,-1.8154199,-2.07542,-2.4254198,-2.95542,-3.34542,-3.08542,-3.53542,-3.6154199,-3.58542,-4.10542,-3.9254198,-2.97542,-3.22542,-3.32542,-3.79542,-3.1054199,-1.1954199,-0.5854199,-1.02542,-1.1754199,-1.49542,-2.1454198,-1.5454199,-0.6254199,-0.14541993,0.064580075,0.59458005,1.21458,1.0345801,1.4245801,2.26458,1.4045801,1.5445801
3.05458,1.37458,0.41458008,0.71458006,0.25458008,-0.42541993,-0.7354199,-1.0854199,-1.2954199,-0.91541994,-0.6854199,-0.91541994,-0.10541992,0.12458008,0.13458008,0.59458005,0.024580078,-0.33541992,-0.4454199,-0.8054199,-0.84541994,-0.33541992,-0.6154199,-0.78541994,-1.25542,-2.06542,-1.89542,-1.76542,-1.50542,-1.89542,-2.44542,-3.1054199,-4.07542,-4.35542,-4.0254197,-4.21542,-3.94542,-4.91542,-4.62542,-3.9154198,-2.6454198,-3.1754198,-3.6154199,-3.03542,-2.4154198,-2.21542,-1.4354199,-1.4254199,-2.1054199,-2.01542,-0.45541993,0.39458007,-0.2554199,-0.26541993,0.6745801,1.0845801,2.1045802,2.06458,1.84458,1.7645801
2.8945801,1.9545801,1.4545801,1.35458,0.35458007,0.11458008,-0.5654199,-1.39542,-1.8154199,-1.8654199,-1.27542,-0.72541994,-0.8654199,-0.60541993,-0.015419922,-0.06541992,0.20458008,-0.38541993,-0.33541992,-0.14541993,-0.40541992,-0.04541992,0.6345801,0.64458007,0.5145801,-0.17541993,-0.6454199,-1.14542,-1.13542,-0.60541993,-2.33542,-2.6154199,-3.3954198,-3.6754198,-4.06542,-4.08542,-4.13542,-4.06542,-4.69542,-4.71542,-4.74542,-4.28542,-4.30542,-4.34542,-4.0254197,-3.45542,-3.4254198,-2.23542,-2.1354198,-1.0854199,-0.48541993,-0.21541992,0.15458007,-0.49541992,-0.71541995,-0.16541992,0.054580078,0.034580078,0.9945801,1.2845801
1.7745801,1.1345801,1.1745801,1.1345801,1.4145801,1.1645801,0.78458005,-0.24541992,-0.9854199,-1.0654199,-0.24541992,-0.7054199,-0.52541995,-0.53541994,-1.0554199,-1.37542,-1.12542,-2.1254199,-2.06542,-2.04542,-1.4154199,-0.6454199,-1.25542,-0.5854199,-0.14541993,0.97458005,0.8745801,0.64458007,-0.32541993,-0.9454199,-0.6954199,-1.27542,-2.51542,-2.93542,-3.57542,-3.73542,-3.54542,-3.96542,-3.82542,-4.08542,-4.7954197,-3.1154199,-3.07542,-3.6354198,-3.84542,-4.22542,-3.83542,-3.74542,-2.78542,-1.39542,-1.1754199,-1.3554199,-1.4154199,-1.25542,-2.03542,-1.9354199,-2.1654198,-2.53542,-1.14542,-1.5854199
1.62458,1.12458,1.5845801,1.5145801,1.37458,1.6845801,2.3245802,1.34458,1.4045801,0.6245801,0.26458007,0.31458008,-0.5854199,-0.6854199,-0.52541995,-1.02542,-1.1854199,-1.6654199,-1.6054199,-1.74542,-1.6654199,-1.1954199,-1.62542,-1.78542,-1.6954199,-0.7654199,-0.5154199,-0.2854199,0.26458007,-0.52541995,-0.65541995,-0.7354199,-0.71541995,-2.30542,-2.56542,-2.8654199,-2.82542,-2.23542,-2.72542,-2.94542,-3.6154199,-3.00542,-3.48542,-3.09542,-3.26542,-3.3754199,-3.84542,-3.6354198,-3.6654198,-3.80542,-2.98542,-2.21542,-1.99542,-1.51542,-1.3154199,-1.5454199,-1.88542,-2.49542,-3.55542,-3.3554199
1.0145801,1.5645801,0.7645801,0.48458007,1.23458,1.2845801,1.2945801,1.6945801,1.3345801,1.12458,-0.3454199,-0.14541993,-0.3454199,-0.14541993,-0.5154199,-0.36541992,-0.46541992,-0.8254199,-1.74542,-1.0754199,-0.66541994,-0.41541994,-0.6754199,-1.51542,-1.9254199,-1.02542,-0.9854199,-1.75542,-0.6954199,-0.79541993,-0.6754199,-0.4454199,-0.3754199,-0.72541994,-1.6954199,-2.01542,-2.04542,-1.77542,-1.9354199,-2.07542,-2.4154198,-2.56542,-3.26542,-3.54542,-2.80542,-2.9154198,-3.3754199,-2.75542,-2.48542,-2.1454198,-2.3554199,-1.5454199,-1.2154199,-1.12542,-1.38542,-1.74542,-1.99542,-2.6554198,-3.9254198,-3.68542
-0.2854199,0.104580075,-0.6254199,-0.7454199,-0.3154199,-0.32541993,-0.09541992,0.13458008,0.5145801,0.09458008,-0.035419922,-0.7054199,-0.015419922,0.7445801,0.8545801,-0.77541995,-1.14542,-0.36541992,0.42458007,0.8145801,0.5545801,0.6945801,-0.015419922,-0.2554199,-0.4454199,-0.9554199,-0.8854199,-1.0954199,-0.7354199,-0.60541993,-1.38542,-1.4454199,-1.0954199,-0.3754199,0.6745801,0.77458006,-0.60541993,-1.0454199,-1.40542,-2.19542,-2.29542,-2.22542,-3.03542,-3.45542,-2.24542,-1.8654199,-2.1354198,-2.22542,-2.08542,-1.6654199,-1.53542,-2.27542,-1.9754199,-1.6954199,-1.7054199,-2.6154199,-3.21542,-3.47542,-1.8354199,-1.65542
0.014580078,-0.49541992,-0.7554199,-1.27542,-1.78542,-1.51542,-0.97541994,-0.6354199,-0.40541992,-0.46541992,-0.9954199,-1.8254199,-0.79541993,-0.8854199,-0.6254199,0.33458006,-0.42541993,-1.1854199,-0.3454199,1.0445801,0.72458005,0.3045801,0.004580078,0.15458007,0.6245801,0.31458008,-0.21541992,-0.43541992,-0.6954199,-0.13541992,-0.36541992,-0.49541992,-1.4454199,-1.0454199,0.17458008,1.12458,1.73458,1.37458,0.59458005,-0.6354199,-2.1754198,-3.02542,-2.82542,-2.73542,-2.6654198,-3.26542,-3.34542,-3.78542,-2.8554199,-1.8354199,-2.04542,-2.18542,-2.4254198,-1.77542,-2.05542,-2.49542,-2.1554198,-2.1254199,-1.77542,-0.79541993
0.29458007,0.8745801,-0.025419923,0.034580078,0.5545801,0.104580075,-0.3754199,-0.055419922,0.89458007,-0.16541992,-0.20541993,-0.48541993,-1.25542,-0.53541994,-0.6954199,-0.78541994,-0.7554199,-0.24541992,-1.7254199,-1.63542,-0.38541993,0.5645801,0.5645801,0.53458005,1.24458,1.5845801,1.59458,0.7945801,-0.23541993,-0.6354199,-0.2854199,0.014580078,-0.8754199,-1.4154199,-0.8254199,-0.06541992,1.48458,2.41458,2.06458,0.53458005,-0.54541993,-2.49542,-3.19542,-3.31542,-3.23542,-3.49542,-3.6454198,-4.19542,-3.76542,-3.1554198,-2.4254198,-2.1654198,-1.99542,-2.45542,-2.75542,-2.59542,-2.24542,-1.1654199,-0.54541993,0.15458007
0.42458007,0.89458007,1.10458,1.2045801,1.2845801,1.8045801,1.5745801,3.1345801,3.45458,2.92458,1.98458,1.99458,1.24458,0.8745801,1.8345801,0.8845801,0.64458007,0.6145801,0.6645801,-0.025419923,-0.015419922,0.5645801,1.5545801,2.3445802,2.51458,2.99458,2.17458,2.79458,2.29458,1.34458,0.08458008,0.8845801,0.47458008,0.17458008,0.19458008,0.48458007,0.034580078,0.6345801,0.6145801,0.23458008,-0.035419922,-1.0554199,-2.1554198,-3.57542,-4.2954197,-3.98542,-4.41542,-3.9254198,-3.6054199,-3.51542,-2.94542,-2.32542,-1.88542,-1.77542,-1.78542,-1.8254199,-1.0654199,-0.21541992,0.6045801,1.2945801
1.1545801,1.5445801,1.8045801,1.0645801,1.5845801,2.05458,2.0845802,3.21458,3.67458,4.5145802,4.35458,4.56458,3.01458,3.8345802,2.81458,3.01458,2.92458,3.29458,4.09458,4.44458,3.94458,2.99458,2.96458,3.3745801,3.6045802,3.55458,2.65458,2.99458,2.6045802,2.29458,2.91458,1.3245801,0.71458006,1.84458,0.59458005,0.23458008,-0.6354199,-1.3054199,-1.9554199,-3.1654198,-2.57542,-1.6154199,-2.03542,-2.70542,-2.54542,-3.01542,-3.08542,-3.00542,-3.52542,-3.22542,-2.3854198,-1.8654199,-2.02542,-1.8654199,-2.03542,-1.6854199,-1.1754199,-0.27541992,0.21458007,0.3745801
1.72458,2.70458,3.0945802,2.42458,1.7045801,2.45458,2.77458,2.80458,4.04458,4.06458,4.75458,5.5145802,4.31458,4.69458,5.5145802,5.34458,5.00458,5.82458,4.9545803,4.96458,5.2645802,6.73458,6.7245803,5.81458,4.4545803,3.50458,2.8545802,2.5945802,1.61458,1.36458,1.37458,2.42458,2.3245802,1.3345801,0.054580078,0.29458007,-1.5654199,-1.9854199,-3.09542,-2.9154198,-3.9254198,-5.07542,-4.2354198,-2.8954198,-3.08542,-2.53542,-1.6054199,-2.51542,-2.52542,-1.9254199,-1.3554199,-2.3954198,-2.1654198,-2.6354198,-2.02542,-2.1354198,-2.30542,-2.23542,-1.4754199,-0.49541992
