public/data/weather/2019/09/26/0000-wind-isobaric-70hPa-gfs-1.0.json
{"header": { "discipline":0, "disciplineName":"Meteorological products", "gribEdition":2, "gribLength":67738, "center":7, "centerName":"US National Weather Service - NCEP(WMC)", "subcenter":0, "refTime":"2019-09-26T00:00:00.000Z", "significanceOfRT":1, "significanceOfRTName":"Start of forecast", "productStatus":0, "productStatusName":"Operational products", "productType":1, "productTypeName":"Forecast products", "productDefinitionTemplate":0, "productDefinitionTemplateName":"Analysis/forecast at horizontal level/layer at a point in time", "parameterCategory":2, "parameterCategoryName":"Momentum", "parameterNumber":3, "parameterNumberName":"V-component_of_wind", "parameterUnit":"m.s-1", "genProcessType":2, "genProcessTypeName":"Forecast", "forecastTime":0, "surface1Type":100, "surface1TypeName":"Isobaric surface", "surface1Value":7000.0, "surface2Type":255, "surface2TypeName":"Missing", "surface2Value":0.0, "gridDefinitionTemplate":0, "gridDefinitionTemplateName":"Latitude_Longitude", "numberPoints":65160, "shape":6, "shapeName":"Earth spherical with radius of 6,371,229.0 m", "gridUnits":"degrees", "resolution":48, "winds":"true", "scanMode":0, "nx":360, "ny":181, "basicAngle":0, "lo1":0.0, "la1":90.0, "lo2":359.0, "la2":-90.0, "dx":1.0, "dy":1.0 }, "data":
[rows 78 to 103 of 181, columns 177 to 235 of 360]
-1.1954248,-1.2254248,-2.1154249,-2.7154248,-3.065425,-2.845425,-2.2354248,-1.5354248,-1.4254248,-1.5254248,-1.8454248,-2.5254247,-1.0154248,-2.1954248,-2.335425,-2.8854249,-2.7754247,-2.9254248,-3.8854249,-3.845425,-3.6454248,-4.0954247,-4.935425,-2.7954247,-2.565425,-1.9854248,-1.8954248,-2.6154249,-3.1854248,-3.8954248,-2.4954247,-3.2654247,-2.5054247,-2.095425,-3.585425,-4.7654247,-5.475425,-4.775425,-5.1554246,-3.6854248,-4.955425,-4.3254247,-2.845425,-2.8954248,-4.025425,-3.095425,-2.5254247,-2.4654248,-2.6554248,-1.6654248,-2.6954248,-3.6854248,-5.6754246,-4.705425,-4.485425,-4.545425,-3.0354247,-2.7454247,-2.2454247
-1.2054248,-1.3454248,-2.065425,-2.1254249,-2.4854248,-2.8954248,-2.4054248,-2.8854249,-2.6354249,-2.1454248,-1.2554249,-1.8154248,-0.7754248,-2.1654248,-0.1554248,-0.4454248,0.5645752,1.4945751,0.4245752,-0.7654248,-2.6954248,-4.5754247,-3.2354248,-2.825425,-1.8354248,-2.1454248,-2.8054247,-3.1954248,-3.7954247,-4.1554246,-4.0954247,-4.935425,-3.835425,-4.775425,-6.165425,-4.4954247,-5.455425,-5.395425,-5.3254247,-6.6154246,-5.975425,-3.8954248,-4.1154246,-4.185425,-4.275425,-4.605425,-3.9354248,-4.8454247,-3.1754248,-3.4854248,-4.645425,-6.1154246,-5.5554247,-3.815425,-3.5054247,-3.9354248,-2.3954248,-3.0354247,-2.6454248
-2.5154247,-1.3254248,-2.5454247,-0.9454248,-1.9054248,-2.2954247,-2.9154248,-2.105425,-1.6154248,-1.6954248,-1.0854248,-1.0254248,0.5045752,2.1045752,2.394575,2.0245752,1.5245752,1.3745751,-0.2054248,-0.9754248,-2.345425,-2.565425,-2.6954248,-3.3854249,-3.335425,-3.2954247,-3.5154247,-3.075425,-4.465425,-4.5754247,-4.9254246,-6.665425,-4.485425,-5.415425,-4.835425,-5.1154246,-7.455425,-6.105425,-7.275425,-7.1154246,-6.455425,-5.295425,-4.3054247,-4.5954247,-5.715425,-6.335425,-4.7654247,-4.3454247,-4.975425,-4.205425,-3.855425,-4.605425,-4.205425,-3.4254248,-3.0454247,-1.8554248,-2.105425,-1.1754248,-1.8854249
-2.065425,-2.9654248,-1.8754249,-1.8954248,-1.3054248,-1.1754248,-0.90542483,-0.3854248,-0.29542482,-0.1254248,0.2745752,2.144575,4.054575,4.304575,3.0545752,1.7045752,1.2045752,0.6245752,-0.2754248,-0.7454248,-0.5354248,-1.7554249,-2.5454247,-2.7654247,-3.6354249,-3.3754249,-3.1954248,-2.8754249,-4.165425,-5.3054247,-5.415425,-6.275425,-6.125425,-5.7854247,-4.545425,-5.835425,-6.445425,-5.795425,-5.975425,-7.6754246,-5.4954247,-5.5554247,-5.8654246,-7.045425,-6.985425,-7.585425,-6.645425,-6.455425,-6.255425,-5.645425,-6.215425,-5.705425,-3.5554247,-3.2954247,-2.7154248,-1.6654248,-1.1654248,-1.5354248,-0.3754248
-2.2754247,-1.7554249,-1.8154248,-1.2454247,-0.4354248,-0.26542482,0.5245752,1.2345752,1.7845752,2.144575,3.8345752,3.9645753,3.4445753,4.144575,3.2845752,1.4545752,1.9945751,1.4145752,1.2645752,0.9545752,0.8345752,-0.48542482,-0.7954248,-1.0954248,-1.5854248,-1.8554248,-2.3854249,-3.3954248,-3.9954247,-4.9054246,-5.355425,-6.1154246,-6.255425,-5.5954247,-4.935425,-5.715425,-4.855425,-5.1354246,-5.455425,-6.085425,-6.8254247,-6.315425,-7.275425,-7.6554246,-7.605425,-7.1154246,-6.695425,-6.195425,-6.275425,-6.275425,-7.5354247,-5.735425,-4.3054247,-3.605425,-1.7054248,-0.9154248,0.48457518,0.2045752,0.84457517
-0.8554248,-0.10542481,-0.6154248,-0.2854248,0.3145752,-0.16542481,1.3845752,2.5845752,2.6945753,3.3345752,4.124575,3.424575,4.164575,3.8845751,2.7745752,2.0545752,2.664575,2.144575,2.4945753,2.3045752,1.9845752,1.4045752,0.6945752,0.3945752,-0.5754248,-1.3154248,-2.2354248,-3.2654247,-3.4954247,-3.6654248,-4.4054246,-4.945425,-5.855425,-6.205425,-5.4954247,-5.665425,-5.475425,-4.455425,-4.025425,-4.775425,-5.8454247,-6.455425,-6.5954247,-6.375425,-6.5754247,-5.945425,-5.855425,-5.5954247,-6.065425,-6.415425,-6.3054247,-4.6154246,-3.6554248,-1.9554248,-1.7954248,-2.2354248,-0.4654248,1.8745751,1.8045752
0.9445752,0.19457519,0.024575196,0.2845752,0.7045752,2.0245752,2.8645751,3.6045752,3.674575,4.244575,5.244575,4.6545753,4.064575,4.1745753,3.7545753,3.7345753,2.4845753,3.404575,3.4845753,3.4745753,2.4945753,2.3845751,1.7445751,1.4445752,0.3645752,-0.9754248,-2.4354248,-2.8954248,-3.3854249,-4.525425,-4.8254247,-4.695425,-4.975425,-4.965425,-4.7454247,-4.275425,-4.3654246,-4.2654247,-4.3454247,-4.2654247,-4.545425,-5.065425,-5.255425,-5.0154247,-5.685425,-6.9254246,-6.525425,-6.8254247,-7.375425,-6.7654247,-5.5954247,-4.5554247,-2.355425,-0.9654248,0.044575196,0.26457518,0.7245752,0.3945752,1.8345752
1.4245752,1.4045752,1.2845752,1.6345752,2.3745751,3.6045752,4.1945753,5.244575,5.124575,5.794575,6.284575,6.064575,6.0045753,6.3245754,6.934575,4.664575,3.7645752,3.4445753,3.8245752,3.0345752,2.7745752,2.3345752,2.144575,1.2045752,0.3945752,-0.3454248,-1.4654248,-3.4954247,-3.2554247,-3.9654248,-4.6754246,-4.295425,-3.7154248,-4.0554247,-3.9354248,-3.8054247,-4.315425,-4.3254247,-3.9554248,-4.7654247,-4.6754246,-4.6354246,-5.315425,-5.6354246,-5.6754246,-7.225425,-8.525425,-8.855425,-7.935425,-5.8854246,-5.005425,-2.855425,-2.315425,-1.2454247,0.1245752,0.6745752,0.2545752,2.0045753,2.4545753
0.8845752,1.8445752,1.3445752,2.2945752,3.4845753,3.5445752,4.264575,4.814575,5.854575,6.2145753,6.184575,5.514575,6.044575,6.454575,6.064575,5.4045753,4.6345754,4.284575,4.604575,4.084575,3.654575,3.7645752,2.7345753,1.8745751,1.2545753,0.65457517,-0.7554248,-1.6554248,-2.8854249,-3.0054247,-3.9054248,-4.0754247,-3.6254249,-3.315425,-3.3854249,-4.315425,-4.6154246,-5.2654247,-5.565425,-6.045425,-5.835425,-6.435425,-6.0954247,-5.775425,-6.225425,-5.835425,-7.6754246,-8.205425,-7.145425,-6.1754246,-5.165425,-3.335425,-1.6154248,-0.2154248,1.9545752,2.4745753,2.5145752,2.3645751,1.8045752
1.5245752,1.8345752,1.1045752,1.3545752,2.2045753,2.8145752,2.8045752,4.044575,5.5045753,6.334575,5.9845753,5.5045753,6.4845753,5.554575,5.474575,4.564575,4.414575,4.4445753,4.0945754,4.334575,4.064575,4.624575,3.914575,2.8145752,1.9445752,1.7645752,1.4545752,1.1345752,0.034575194,-0.8154248,-2.5354247,-3.0454247,-3.1554248,-3.8654249,-3.4954247,-4.065425,-4.8454247,-5.485425,-6.895425,-7.2654247,-7.565425,-6.5954247,-6.795425,-6.5354247,-5.8654246,-6.415425,-6.3454247,-6.255425,-6.475425,-6.2454247,-3.5054247,-1.8454248,-1.0154248,-0.2154248,0.5545752,1.3645751,1.9445752,1.8345752,2.3745751
0.7945752,0.16457519,1.2245752,0.9245752,1.4445752,1.4945751,2.1045752,3.394575,4.8445754,5.544575,4.7145753,5.544575,5.1545753,4.784575,5.644575,5.834575,5.854575,6.414575,5.974575,5.494575,5.5945754,5.6345754,6.014575,4.974575,3.8845751,3.8745751,3.0345752,2.0945752,1.4445752,1.1445752,-0.9354248,-2.855425,-3.6754248,-3.9654248,-4.945425,-5.315425,-5.4054246,-4.5954247,-6.1354246,-6.1754246,-6.815425,-7.025425,-6.9254246,-4.955425,-4.8854246,-5.505425,-5.275425,-4.755425,-5.685425,-5.275425,-4.1754246,-3.6754248,-1.4654248,-1.2454247,-0.8854248,-0.035424806,1.9945751,2.2845752,2.7645752
0.1745752,-0.5554248,-0.5554248,0.6945752,0.9145752,1.2945752,1.9745752,1.8745751,2.914575,4.5045753,4.3645754,5.044575,5.704575,5.354575,6.9445753,6.0745754,6.544575,6.784575,7.3245754,6.8645754,5.534575,5.224575,5.314575,5.264575,5.0945754,3.7145753,3.3645751,2.3845751,1.2245752,0.9945752,-0.8854248,-2.6554248,-4.125425,-3.835425,-5.3054247,-4.335425,-5.105425,-5.625425,-5.875425,-7.215425,-7.235425,-7.2854247,-7.335425,-6.965425,-6.125425,-5.8054247,-5.775425,-5.3054247,-4.225425,-4.605425,-4.3254247,-3.9154248,-2.1454248,-1.3954248,-0.59542483,-0.16542481,1.0845752,1.6345752,2.5145752
-0.8054248,0.22457519,0.3245752,0.0945752,0.8545752,-0.06542481,0.19457519,0.5045752,1.6645752,2.5145752,3.934575,4.224575,4.414575,5.494575,6.064575,5.934575,5.434575,6.2345753,6.554575,5.524575,4.334575,3.7445753,4.044575,3.6345751,3.184575,3.3045752,2.7345753,1.8045752,0.6845752,-0.3554248,-1.0554248,-2.4054248,-3.9554248,-4.435425,-4.4254246,-4.705425,-4.065425,-4.955425,-5.5754247,-7.585425,-7.505425,-7.1154246,-7.3454247,-7.415425,-7.3054247,-6.5354247,-5.565425,-5.065425,-4.435425,-3.4954247,-3.585425,-2.9054248,-2.7954247,-2.325425,-1.5754248,-0.22542481,1.1645752,2.4945753,3.7745752
-0.5554248,-0.2554248,0.2345752,0.45457518,0.3945752,0.2745752,0.7245752,1.2845752,1.8645751,2.3645751,3.6145751,4.334575,5.204575,5.014575,5.354575,5.8645754,6.354575,5.564575,4.724575,4.7345753,3.934575,3.0045753,3.3245752,2.6245751,3.2045753,2.5045753,0.84457517,0.8345752,-0.5754248,-2.585425,-2.1754248,-2.7554247,-3.9354248,-4.9254246,-5.275425,-5.1554246,-5.665425,-4.9954247,-6.225425,-6.9054246,-7.6754246,-6.335425,-5.7854247,-6.315425,-6.065425,-6.0354247,-5.6754246,-4.395425,-3.8054247,-3.8854249,-4.2454247,-4.165425,-4.085425,-3.075425,-2.1554248,-1.3954248,0.07457519,1.9145752,3.5645752
-1.0654248,-0.2754248,0.6445752,-0.06542481,-0.4454248,-0.16542481,0.3745752,1.1645752,2.8345752,4.1145754,4.784575,5.334575,5.494575,5.024575,5.314575,6.534575,7.084575,6.084575,5.3645754,4.744575,3.654575,3.154575,1.9645752,2.2845752,2.3545752,1.7445751,1.7945752,-0.06542481,-0.8954248,-2.335425,-2.9754248,-3.3654249,-3.7454247,-4.3454247,-5.2454247,-6.215425,-6.1554246,-6.0954247,-6.985425,-8.105425,-7.5354247,-6.5354247,-6.475425,-7.475425,-7.255425,-5.735425,-5.415425,-5.475425,-5.435425,-4.945425,-4.475425,-3.6854248,-2.7754247,-2.4154248,-1.2354248,-0.6854248,0.2745752,1.4045752,2.7945752
-1.9154248,-1.9454248,-0.9654248,-0.59542483,-0.7354248,-0.5054248,0.2145752,0.4245752,2.0545752,3.5645752,4.294575,4.794575,5.274575,6.294575,7.064575,7.514575,7.434575,6.9845753,5.264575,4.874575,4.374575,3.7745752,2.2945752,1.2045752,0.8845752,1.5545752,2.0345752,0.8245752,-1.9454248,-2.845425,-2.835425,-4.375425,-4.9254246,-3.8054247,-6.1354246,-6.9254246,-7.185425,-7.6554246,-7.205425,-7.565425,-7.5354247,-7.645425,-8.415424,-8.405425,-8.105425,-7.295425,-6.935425,-6.465425,-6.295425,-5.565425,-4.5154247,-4.235425,-2.835425,-1.9954247,-0.6454248,-0.2754248,0.7045752,0.8045752,0.6245752
-3.1454248,-2.3754249,-1.4454248,-0.6454248,-0.4354248,0.4045752,0.7545752,1.1445752,1.6245751,2.3545752,3.2545753,4.294575,5.064575,5.5945754,6.224575,6.664575,6.744575,6.104575,6.024575,5.6745753,5.3845754,4.024575,3.2245753,1.6845752,1.4545752,1.4545752,1.1045752,0.19457519,-1.3454248,-2.845425,-4.2854247,-4.1154246,-4.375425,-4.795425,-5.875425,-6.3454247,-6.945425,-7.935425,-8.935425,-9.205425,-8.225425,-8.955425,-9.105425,-9.405425,-9.225425,-8.725425,-7.1754246,-6.2654247,-5.355425,-4.485425,-3.855425,-3.2054248,-2.5154247,-0.9954248,-1.0254248,-0.6254248,-0.1554248,0.7345752,0.7345752
-4.275425,-3.1554248,-2.2254248,-1.4054248,-0.3354248,0.3045752,0.9445752,1.5345752,1.9645752,2.5245752,3.4945753,4.684575,6.054575,7.4845753,7.604575,7.704575,7.3845754,8.234575,7.564575,5.6745753,5.354575,4.9245753,4.264575,3.174575,3.1345751,2.7545753,2.684575,0.8045752,-1.1454248,-2.575425,-2.315425,-4.335425,-5.935425,-5.705425,-4.875425,-5.395425,-5.665425,-7.8854246,-8.735425,-9.465425,-10.855425,-10.595425,-9.425425,-9.775425,-8.915424,-8.795424,-7.375425,-6.235425,-4.945425,-4.8854246,-4.1754246,-3.565425,-3.4354248,-3.075425,-2.105425,-1.7954248,-0.84542483,0.8045752,0.8745752
-4.315425,-3.3054247,-2.835425,-2.2854247,-1.9154248,-1.1854248,-0.4754248,1.1345752,1.9845752,2.9745753,3.414575,4.954575,5.534575,6.5745754,7.524575,7.144575,7.6345754,7.974575,8.384575,8.444575,7.554575,6.2545753,4.8845754,4.264575,3.3745751,2.664575,2.0345752,0.8345752,-1.0054249,-2.085425,-3.2154248,-5.3254247,-7.8854246,-7.3654246,-6.835425,-6.605425,-6.435425,-6.455425,-8.315425,-9.375424,-10.565425,-10.805425,-10.675425,-10.145425,-9.465425,-7.815425,-7.685425,-6.9954247,-5.7454247,-5.045425,-4.525425,-4.2454247,-4.275425,-3.335425,-3.3654249,-2.1154249,-1.1554248,-0.2054248,0.2745752
-4.485425,-4.335425,-3.9354248,-3.7654247,-2.7354248,-2.2754247,-1.7954248,-0.025424805,1.0545752,1.7645752,3.434575,3.5045753,4.294575,5.124575,6.554575,6.794575,7.024575,8.354575,8.694575,9.004575,8.524575,7.3645754,6.954575,6.3645754,4.894575,2.7945752,1.4245752,-0.1254248,-1.0654248,-2.835425,-4.0754247,-5.775425,-7.855425,-9.075425,-9.185425,-9.025425,-8.045424,-7.6154246,-7.5154247,-8.315425,-9.085424,-10.745425,-11.145425,-9.685425,-8.805425,-7.755425,-7.4254246,-6.985425,-6.565425,-5.145425,-4.8254247,-4.485425,-4.205425,-3.815425,-2.7054248,-1.9754248,-0.90542483,-0.2554248,0.0945752
-4.505425,-4.6154246,-4.355425,-4.3654246,-3.7054248,-1.8954248,-0.3754248,0.3945752,1.5445752,1.9845752,1.8745751,2.6245751,3.8245752,4.414575,5.5945754,6.6545753,7.144575,7.4445753,7.264575,7.934575,8.024575,8.164576,7.1345754,6.1945753,4.974575,3.5545752,2.664575,1.4445752,-1.0354248,-2.4454248,-5.7854247,-6.0954247,-7.355425,-8.915424,-9.825425,-11.275425,-10.475425,-9.345425,-8.265425,-8.045424,-10.035425,-10.0054245,-9.795424,-9.265425,-9.495425,-8.695425,-7.465425,-6.375425,-5.915425,-4.225425,-3.2854247,-3.1654248,-2.3854249,-1.9954247,-2.7454247,-2.6454248,-1.2054248,-0.2754248,0.4445752
-3.8754249,-4.685425,-4.125425,-3.7054248,-2.5254247,-1.7954248,-0.4154248,0.7345752,1.5745752,2.3045752,2.5145752,2.8145752,3.414575,3.4845753,5.224575,6.6945753,7.124575,6.414575,7.414575,8.074575,7.954575,8.274575,8.714575,7.534575,5.624575,4.6145754,3.894575,2.7345753,0.29457518,-1.1654248,-2.7754247,-5.6154246,-7.005425,-8.195425,-9.315425,-10.565425,-9.615425,-10.275425,-10.165424,-9.805425,-10.835424,-10.785425,-10.845425,-9.375424,-9.495425,-9.075425,-7.8254247,-7.525425,-6.465425,-5.315425,-3.7754247,-2.4554248,-1.1154248,-0.9554248,-0.7454248,-0.7154248,-0.8554248,-0.5854248,0.16457519
-4.275425,-3.7254248,-3.5354247,-2.4254248,-1.5454248,-0.6654248,-0.6454248,0.0845752,1.8145752,1.7645752,2.3645751,2.5845752,2.7845752,3.5745752,3.3245752,3.8245752,6.774575,6.6145754,6.584575,6.454575,7.2145753,8.424575,8.314575,7.394575,6.354575,5.534575,4.044575,3.6145751,2.6145751,-0.2754248,-1.8754249,-3.8854249,-4.8054247,-5.645425,-8.195425,-8.625424,-10.085424,-10.625424,-10.485425,-10.795424,-11.095425,-10.855425,-10.405425,-9.035425,-7.875425,-6.625425,-7.225425,-6.8854246,-5.955425,-5.335425,-4.585425,-2.9354248,-1.6654248,-1.0154248,-0.8354248,-0.9654248,-0.4254248,-0.025424805,-0.115424804
-3.355425,-2.0154247,-2.4554248,-2.3754249,-2.0554247,-1.2254248,-0.3854248,0.26457518,0.7045752,1.6045752,1.5045753,1.0745752,1.6645752,2.3245752,4.0045753,4.034575,4.704575,5.834575,5.2145753,4.8845754,5.124575,5.814575,6.1745753,6.554575,6.244575,5.684575,5.1345754,4.524575,3.434575,2.5045753,-0.3354248,-1.5854248,-3.1954248,-4.465425,-5.835425,-7.835425,-9.735425,-10.025425,-10.035425,-10.675425,-10.935425,-11.845425,-11.275425,-9.2554245,-8.095425,-7.6154246,-6.2854247,-5.645425,-5.105425,-4.255425,-4.225425,-4.0354247,-3.0154247,-1.7854248,-1.4654248,-0.3354248,0.4245752,0.024575196,-0.2354248
-3.345425,-3.0354247,-2.345425,-2.2254248,-1.5854248,-1.5954248,-0.7554248,0.2345752,0.3045752,0.1245752,0.59457517,0.4145752,0.7745752,0.6145752,1.5045753,3.0645752,3.5645752,4.354575,3.6145751,3.2845752,3.644575,3.394575,3.2145753,3.7845752,4.304575,4.804575,5.584575,4.6145754,3.6245751,2.5245752,1.7345752,-0.4454248,-1.7454247,-2.575425,-4.255425,-4.435425,-5.855425,-7.965425,-9.715425,-10.495425,-10.835424,-11.315425,-10.805425,-11.155425,-9.895425,-8.955425,-6.9254246,-6.255425,-4.775425,-4.045425,-3.835425,-3.105425,-3.1254249,-2.5554247,-1.2554249,-0.2854248,-0.59542483,-0.1854248,-0.075424805
-2.6254249,-3.9354248,-3.0254247,-3.7154248,-2.315425,-1.0854248,-1.4654248,-0.0954248,0.3045752,-0.3754248,0.2845752,0.2445752,0.4745752,0.45457518,0.6445752,1.6245751,2.1045752,2.5645752,3.1245751,3.7745752,3.9645753,3.6045752,3.7145753,3.4645753,3.2545753,3.0545752,3.174575,3.934575,3.5145752,3.434575,2.644575,2.0845752,0.7345752,-0.8754248,-0.8754248,-2.6454248,-4.3054247,-5.085425,-5.395425,-8.045424,-9.075425,-10.335424,-10.775425,-11.595425,-11.295424,-9.475425,-8.515425,-6.025425,-5.7854247,-5.065425,-4.185425,-4.395425,-3.7854247,-2.7254248,-1.8354248,-1.4354248,-0.5654248,0.8945752,0.4445752
