public/data/weather/2019/09/26/0000-wind-surface-level-gfs-1.0.json
{"header": { "discipline":0, "disciplineName":"Meteorological products", "gribEdition":2, "gribLength":78478, "center":7, "centerName":"US National Weather Service - NCEP(WMC)", "subcenter":0, "refTime":"2019-09-26T00:00:00.000Z", "significanceOfRT":1, "significanceOfRTName":"Start of forecast", "productStatus":0, "productStatusName":"Operational products", "productType":1, "productTypeName":"Forecast products", "productDefinitionTemplate":0, "productDefinitionTemplateName":"Analysis/forecast at horizontal level/layer at a point in time", "parameterCategory":2, "parameterCategoryName":"Momentum", "parameterNumber":2, "parameterNumberName":"U-component_of_wind", "parameterUnit":"m.s-1", "genProcessType":2, "genProcessTypeName":"Forecast", "forecastTime":0, "surface1Type":103, "surface1TypeName":"Specified height level above ground", "surface1Value":10.0, "surface2Type":255, "surface2TypeName":"Missing", "surface2Value":0.0, "gridDefinitionTemplate":0, "gridDefinitionTemplateName":"Latitude_Longitude", "numberPoints":65160, "shape":6, "shapeName":"Earth spherical with radius of 6,371,229.0 m", "gridUnits":"degrees", "resolution":48, "winds":"true", "scanMode":0, "nx":360, "ny":181, "basicAngle":0, "lo1":0.0, "la1":90.0, "lo2":359.0, "la2":-90.0, "dx":1.0, "dy":1.0 }, "data":
[rows 125 to 149 of 181, columns 171 to 227 of 360]
8.639096,9.509097,9.249097,7.9190965,10.849096,12.789097,13.219097,13.669097,13.629097,13.539097,14.589097,15.589097,16.989098,17.379097,17.729097,18.209097,18.539097,17.849096,17.939096,19.139097,19.069098,18.349096,13.429096,12.609097,11.779097,10.879097,10.159097,9.999097,9.329097,8.729096,8.959097,8.819097,8.879097,9.329097,9.209097,7.3890967,9.969097,7.0690966,6.8190966,5.0290966,4.9490967,3.5790968,4.1990967,3.7690966,3.1590967,3.1090968,4.039097,3.1990967,3.2190967,3.2590966,3.6690967,5.579097,6.0690966,6.8390965,5.9090967,4.979097,3.2190967
9.479096,10.869097,10.719097,6.979097,11.869097,13.629097,14.179096,14.679096,14.1490965,14.879097,15.879097,16.629097,16.669096,17.089096,18.069098,18.679096,18.989098,19.409096,20.239098,20.259096,18.499096,19.859097,15.359097,12.6490965,11.099096,10.529097,9.6490965,9.059096,8.479096,8.079097,8.499097,9.239097,8.849096,8.979096,9.669097,9.689096,7.1290965,8.499097,7.099097,5.0490966,5.329097,3.3790967,3.3090966,3.2390966,3.3990967,2.9390967,3.4190967,3.2890966,0.70909667,2.5990968,5.3390965,5.3590965,2.7490966,3.4990966,1.4790967,1.9190967,0.83909667
10.359097,11.439096,11.459097,12.069097,6.4690967,10.069097,13.689096,15.079097,15.019096,14.889096,13.549097,15.639096,16.489098,17.679096,19.179096,19.849096,20.499096,21.359097,21.129097,20.729097,19.429096,18.319098,17.029097,12.279097,10.829097,10.089097,9.269096,8.059096,7.2790966,7.9890966,8.809096,9.429096,8.759097,7.6890965,8.479096,9.499097,8.579097,6.5090966,7.209097,4.499097,5.5890965,3.4790967,3.5190966,3.6590967,3.8490968,2.9690967,2.8790967,1.4490967,1.0390967,4.5490966,5.4890966,2.7590966,2.4290967,0.84909666,2.4690967,0.8890967,1.3590966
11.309096,11.819097,11.969097,12.019096,6.4490967,6.1190968,4.9190965,4.2990966,6.249097,12.839097,14.639096,15.629097,15.759097,16.879097,18.689096,19.759096,21.539097,20.869097,21.069098,21.239098,20.569098,19.679096,18.709097,10.809096,10.359097,9.369097,8.469097,7.7990966,7.2190967,8.3990965,8.909097,9.639096,8.109097,7.2590966,7.999097,8.709097,10.239097,5.5290966,8.499097,3.8990967,4.329097,3.6990967,3.5190966,2.6590967,1.7990967,2.4190967,1.8290967,2.0990968,2.5990968,4.079097,1.9690967,2.8790967,2.8790967,1.7290967,1.7590966,1.6390967,1.6290966
11.079097,12.099096,11.809096,11.239097,3.7390966,4.8790965,2.8390968,8.429096,13.439096,13.229096,14.469097,14.849096,14.349096,16.179096,18.839096,19.269096,21.019096,19.269096,20.499096,19.559097,19.249096,17.489098,17.729097,9.809096,8.779097,8.009097,8.029097,7.1990967,7.579097,8.769096,8.639096,9.329097,7.8790965,6.559097,7.479097,6.1990967,10.789097,6.1790967,5.599097,2.9790967,3.3790967,3.5290966,2.6290967,2.2390966,1.0490967,1.5490967,1.7890967,2.2990966,3.9290967,3.7790966,3.9690967,3.3290968,3.4090967,2.5490966,1.5990967,2.5590966,1.9390967
11.969097,11.819097,12.279097,13.269096,10.659097,6.6690965,8.419097,13.139096,14.179096,14.379097,14.669097,12.929096,13.039097,14.699097,16.669096,20.289097,18.719097,15.299097,16.519096,15.679096,14.439096,14.559096,12.099096,5.3790965,7.4890966,6.709097,6.1490965,5.6190968,6.1890965,7.4690967,8.409097,7.849097,5.979097,5.4090967,5.4090967,7.1790967,9.609097,2.9990966,3.6790967,2.1190968,2.8090966,2.5790968,3.3790967,1.8290967,2.0490966,2.3390968,3.2990966,4.1190968,4.329097,4.1490965,3.1890967,2.8490968,3.5190966,3.2490966,2.5390966,1.7190967,3.1190968
12.859097,10.429096,3.6090968,10.179096,6.1890965,3.8090966,11.479096,13.739097,14.219097,13.739097,13.069097,12.239097,11.969097,11.439096,13.499097,14.709097,11.309096,12.519096,13.629097,12.009097,12.1490965,10.589097,0.7990967,2.0990968,2.7590966,3.5890968,4.6090965,5.8390965,6.599097,6.6290965,7.0490966,5.5090966,6.3590965,5.9190965,6.769097,7.059097,7.289097,5.0490966,4.4490967,1.9390967,1.8390967,2.0790968,3.0890968,2.8390968,2.7790966,3.1290967,3.5990968,3.8590968,4.7990966,4.5490966,3.5590966,3.7990966,2.5790968,1.9290967,2.5290966,3.0890968,3.3390968
11.749097,1.2890967,4.849097,-2.4509034,8.049097,11.979096,13.489097,14.739097,14.779097,13.679096,12.509097,13.209097,11.459097,8.469097,8.549097,4.6990967,9.559096,10.419097,10.359097,2.5390966,-0.4709033,-1.8809034,-1.1209034,-0.41090333,1.7190967,3.3390968,4.6190968,5.539097,6.099097,5.079097,4.5890965,5.3690968,6.459097,6.2590966,7.3990965,7.6690965,8.219097,1.7490966,1.5490967,1.3090967,1.2390966,1.9790967,2.9690967,2.8990967,3.1190968,3.4290967,3.3590968,3.7690966,4.7790966,4.3990965,4.2390966,4.5690966,5.099097,4.2190967,3.5990968,3.5490966,4.5690966
1.0090966,1.4690967,4.0890965,4.979097,12.909097,17.389097,16.499096,14.869097,13.729096,14.819097,13.619097,11.619097,12.699097,9.179096,7.829097,5.6090965,1.8290967,-0.20090333,6.539097,2.9490967,-1.2409034,-2.1709032,-1.3209033,0.8090967,3.0590966,4.3790965,4.849097,5.9090967,6.3990965,4.479097,4.7190967,4.979097,5.7990966,5.6090965,6.1990967,6.849097,8.079097,2.4790967,0.97909665,0.90909666,0.26909667,1.1990967,2.1590967,2.3990967,2.8590968,1.7590966,3.3890967,4.4890966,4.2990966,5.3590965,4.829097,5.1590967,5.459097,5.5090966,5.5290966,5.7190967,5.8390965
6.769097,3.3490968,9.509097,13.429096,15.319097,17.679096,17.169096,14.859097,14.099096,14.939096,14.169097,14.029097,13.479096,9.469097,8.639096,4.479097,3.1990967,-1.5609033,-0.7009033,-6.000903,-4.1309032,-1.5009034,0.6790967,1.9490967,3.4890966,4.539097,5.3990965,5.1390967,4.8990965,4.3690968,5.1190968,5.349097,5.7590966,6.039097,5.9290967,5.809097,9.479096,0.14909668,0.07909668,-0.09090332,-0.01090332,0.7390967,1.3090967,2.0690966,2.8590968,2.8890967,3.9890966,4.7790966,4.5690966,5.8790965,5.4390965,5.9390965,6.499097,5.8690968,5.9890966,6.229097,6.0490966
9.499097,12.359097,13.879097,14.6490965,16.569098,16.819098,16.429096,14.989097,14.759097,14.119097,14.019096,14.789097,13.679096,9.429096,8.389096,6.479097,3.5690966,4.1390967,3.1690967,1.0590967,1.2890967,2.3190966,3.0990968,4.2790966,5.1590967,5.4390965,4.9690967,5.6490965,5.4690967,5.329097,6.2390966,6.4690967,6.3790965,6.309097,6.4690967,4.729097,4.9390965,-0.04090332,-0.59090334,-0.6109033,0.2790967,1.2990967,2.1890967,2.6490967,3.6890967,4.4390965,4.6190968,5.269097,5.6490965,6.309097,6.1690965,6.6590967,7.4490967,6.6790967,6.3990965,6.2390966,6.0090966
16.379097,11.739097,13.419097,14.619097,15.919097,16.329096,11.309096,13.319097,13.319097,14.469097,14.569097,14.379097,12.439096,10.249097,8.949097,8.069097,6.039097,4.9090967,4.579097,5.8890967,6.1990967,6.1790967,6.5890965,6.5690966,7.6190968,7.7590966,8.009097,7.8990965,8.229096,7.559097,7.4490967,7.979097,6.9090967,6.579097,6.9290967,4.5890965,3.8290968,1.0490967,0.28909668,0.9290967,1.8390967,2.6490967,3.4590967,4.099097,4.789097,5.8590965,5.959097,5.8890967,6.829097,5.8890967,6.809097,7.4190965,6.959097,7.1190968,6.5090966,6.1890965,5.8890967
10.609097,12.629097,13.909097,14.989097,14.289097,12.119097,6.709097,10.919097,13.349096,14.689096,14.3990965,14.099096,13.509097,11.349096,10.339097,9.8990965,8.6490965,8.159097,7.5690966,7.8890967,9.089097,9.129097,8.739097,8.079097,10.379097,11.6490965,11.509097,10.509097,10.289097,9.469097,8.589097,8.659097,8.129097,5.9390965,6.3890967,4.9390965,3.4490967,2.4090967,1.8690966,1.5890967,2.6190968,3.5490966,4.709097,5.0490966,5.2190967,5.6590967,6.349097,6.9690967,7.459097,6.9690967,6.999097,7.2590966,7.329097,7.079097,6.2390966,6.3990965,6.309097
10.659097,12.529097,12.609097,14.039097,11.159097,8.979096,10.169097,12.109097,13.679096,13.429096,13.229096,11.909097,11.909097,11.6490965,11.1490965,10.709097,11.059096,10.769096,10.769096,10.849096,11.509097,11.829097,11.539097,10.619097,11.8990965,13.179096,12.949097,11.839097,11.619097,10.559096,9.769096,9.329097,9.029097,7.019097,6.3990965,5.059097,4.4890966,4.1290965,3.1090968,3.0890968,3.8990967,4.769097,5.3590965,4.849097,5.1590967,6.0490966,7.0690966,7.7590966,7.479097,7.349097,6.8790965,7.1790967,7.1290965,6.209097,5.7790966,5.7390966,4.7790966
11.569097,12.159097,11.739097,8.669097,6.729097,9.689096,9.669097,10.559096,10.969097,11.039097,10.339097,9.799097,9.809096,11.449097,12.929096,13.529097,13.989097,13.599096,13.019096,12.929096,13.119097,14.229096,12.629097,12.869097,13.429096,13.099096,14.369097,14.319097,13.779097,11.779097,10.659097,9.509097,8.999097,7.789097,5.9090967,5.5290966,4.6890965,5.2790966,3.8090966,3.7790966,4.4890966,4.8590965,4.9290967,5.519097,5.599097,6.1290965,7.349097,7.0290966,6.6590967,6.2990966,6.019097,6.849097,5.4890966,5.1890965,4.789097,-1.3109033,0.03909668
11.039097,10.619097,8.139096,8.479096,9.549097,9.409097,9.199097,8.599096,7.6190968,5.8790965,6.2790966,8.289097,10.979096,14.459097,17.119097,18.149097,17.359097,16.789097,14.749097,14.339097,14.489097,14.239097,14.669097,14.799097,13.799097,13.8990965,14.249097,13.629097,14.549097,15.049097,11.039097,9.529097,8.479096,7.1490965,5.5290966,5.1390967,4.769097,5.2790966,4.6690965,5.1190968,5.4090967,4.7390966,5.2190967,5.5490966,5.959097,6.7590966,7.079097,6.1490965,6.2590966,5.459097,5.769097,5.7190967,2.7290967,-0.6109033,-1.8709034,-1.4709033,0.35909668
10.109097,9.419097,8.839097,8.719097,9.559096,10.019096,9.189096,8.609097,8.109097,7.209097,8.449097,10.419097,13.619097,20.719097,19.179096,19.409096,19.029097,17.059097,15.819097,14.799097,14.819097,14.459097,15.039097,14.029097,13.459097,15.239097,14.549097,14.429096,10.789097,7.6590967,7.749097,6.5290966,5.5490966,4.229097,3.7590966,4.2590966,5.0290966,4.729097,4.4690967,4.519097,4.9690967,4.709097,5.269097,5.9290967,7.999097,7.039097,6.4890966,5.9490967,4.999097,4.039097,4.2590966,1.9290967,-1.8509033,-2.4309034,-1.6409034,0.6890967,2.7490966
9.199097,8.799097,8.439096,8.909097,8.419097,8.929096,9.209097,9.1490965,8.879097,9.449097,9.919097,11.639096,13.319097,6.229097,8.839097,6.6590967,6.0890965,7.8390965,10.509097,11.989097,12.869097,14.539097,12.549097,11.739097,16.369097,15.729096,15.119097,9.099096,6.2590966,5.2790966,4.229097,2.3290968,1.5890967,0.9190967,2.1990967,2.3190966,2.9790967,3.1490967,2.7290967,3.3590968,4.329097,4.8690968,5.8790965,7.1290965,7.4390965,6.2190967,6.229097,5.3990965,1.0890967,-0.3709033,-3.9609034,-5.650903,-2.3509033,0.5190967,2.4890966,4.0690966,4.979097
8.789097,8.409097,8.289097,8.139096,8.489097,8.419097,8.479096,8.509097,9.419097,9.479096,9.8990965,9.879097,8.079097,6.2390966,3.0190966,5.0690966,7.2590966,9.1490965,9.839097,11.919097,9.609097,11.759097,12.719097,15.459097,13.689096,8.259097,11.969097,2.4590967,-1.1209034,-1.5309033,-2.0009034,-2.7009034,-1.8709034,-0.7509033,0.39909667,0.59909666,1.2290967,0.9290967,0.9290967,2.8090966,4.0690966,5.079097,5.6790967,4.809097,5.099097,3.9290967,1.4490967,-7.650903,-7.4909034,-5.8609033,-4.5309033,-1.5109034,0.7690967,3.2590966,4.6190968,5.8590965,6.4290967
8.669097,9.119097,9.009097,8.819097,8.759097,8.699097,8.429096,8.049097,8.069097,8.659097,8.699097,8.279097,6.8690968,5.8590965,4.749097,6.059097,2.5890968,-1.4709033,0.7590967,5.769097,9.969097,14.089097,12.969097,4.8790965,-1.3709034,-2.4309034,-7.980903,-8.090903,-7.8509035,-7.500903,-6.3309035,-5.4909034,-4.020903,-3.5309033,-2.2709033,-1.3209033,-1.0209033,-0.6409033,0.8590967,2.6690967,3.9990966,0.47909668,-5.2809033,-10.060904,-10.270904,-9.560904,-9.070904,-7.790903,-4.8609033,-2.7109034,-0.5809033,1.5990967,3.7490966,5.6790967,6.8990965,7.4690967,8.029097
8.889096,9.019096,8.999097,9.019096,8.969097,8.889096,8.479096,7.9090967,7.5490966,7.2590966,6.979097,6.309097,5.8790965,5.2790966,4.789097,6.019097,-3.7309034,-1.4209033,0.8590967,5.8990965,6.519097,0.48909667,-4.6109033,-5.5309033,-5.2809033,-6.9109035,-8.930903,-9.710903,-10.090903,-9.110904,-7.7409034,-6.3209033,-5.440903,-4.2609034,-2.9609034,-3.3409033,-5.2409034,-7.2209034,-9.670903,-11.230904,-11.530903,-9.940904,-10.760903,-10.050903,-8.150904,-7.4109035,-5.670903,-3.9409034,-2.0109034,-0.32090333,2.5190966,5.0090966,6.1790967,7.6190968,7.9390965,8.309096,8.199097
8.359097,8.439096,8.779097,8.739097,9.089097,8.799097,8.009097,7.2190967,7.2990966,6.6890965,6.0290966,5.789097,3.9890966,5.1090965,3.6990967,-1.7609034,-3.5509033,-3.3909032,-0.22090332,-1.3409033,-1.4809033,-4.5809035,-5.9309034,-6.7809033,-5.8709035,-6.6009035,-7.0109034,-7.500903,-8.370903,-8.430903,-7.9909034,-7.7209034,-9.060904,-11.540903,-12.790903,-13.990903,-12.540903,-13.180903,-13.440904,-12.910903,-11.340903,-11.010903,-9.570904,-8.090903,-6.9309034,-5.460903,-3.4009032,-1.4209033,0.9290967,3.3990967,5.059097,5.999097,6.6190968,6.829097,7.1890965,7.809097,8.809096
8.079097,8.289097,8.479096,8.759097,8.999097,7.7190967,7.229097,6.9090967,6.6590967,6.519097,6.039097,5.749097,3.6390967,2.7190967,3.4990966,-3.0609033,-5.670903,-4.650903,-4.4309034,-6.770903,-8.230904,-9.630903,-11.000903,-11.170903,-11.240903,-11.090903,-10.990903,-11.570904,-12.530903,-13.300903,-14.370903,-15.420903,-16.930902,-16.900904,-16.450903,-15.570904,-14.930903,-13.260903,-11.470903,-11.020904,-9.640903,-8.590903,-7.170903,-5.790903,-4.0509033,-2.5109034,-0.5009033,1.4190967,3.2990966,5.0690966,6.1290965,6.8390965,7.019097,7.7190967,8.199097,9.1490965,9.839097
7.539097,7.829097,8.189096,8.159097,6.8590965,5.979097,7.289097,6.9690967,7.4390965,7.349097,6.039097,5.5890965,2.9590967,1.2790967,0.47909668,-4.1109033,-5.2209034,-5.960903,-7.0609035,-9.090903,-10.530903,-12.170903,-13.990903,-15.710903,-16.490904,-16.890903,-18.030903,-18.280903,-18.240904,-18.300903,-18.390903,-18.230904,-17.420904,-16.430902,-15.400904,-13.550903,-11.790903,-11.190904,-10.160903,-9.440904,-8.060904,-6.5309033,-4.6309032,-2.9209032,-0.8709033,0.9990967,3.0790968,5.0690966,6.349097,6.8690968,7.709097,8.269096,8.169097,8.749097,9.299097,9.949097,10.349096
7.3990965,7.959097,7.9190965,7.4490967,7.4290967,7.229097,7.249097,5.9890966,6.1090965,5.9090967,5.809097,5.309097,2.9890966,1.2290967,0.4690967,-1.0509033,-4.4109035,-5.8209033,-6.6309032,-9.740903,-11.060904,-12.020904,-13.430903,-15.070904,-16.210903,-17.840904,-18.150904,-17.900904,-17.930902,-17.430902,-16.710903,-15.940904,-14.630903,-13.740903,-12.630903,-11.760903,-10.720903,-9.870903,-8.810904,-7.270903,-5.6009035,-3.7509034,-1.8509033,0.17909668,2.2090967,3.8990967,4.729097,5.349097,6.4690967,7.5290966,8.019096,7.6890965,8.369097,9.319097,10.009097,10.579097,10.749097
