public/data/weather/2019/09/26/0000-wind-isobaric-250hPa-gfs-1.0.json
{"header": { "discipline":0, "disciplineName":"Meteorological products", "gribEdition":2, "gribLength":50283, "center":7, "centerName":"US National Weather Service - NCEP(WMC)", "subcenter":0, "refTime":"2019-09-26T00:00:00.000Z", "significanceOfRT":1, "significanceOfRTName":"Start of forecast", "productStatus":0, "productStatusName":"Operational products", "productType":1, "productTypeName":"Forecast products", "productDefinitionTemplate":0, "productDefinitionTemplateName":"Analysis/forecast at horizontal level/layer at a point in time", "parameterCategory":2, "parameterCategoryName":"Momentum", "parameterNumber":2, "parameterNumberName":"U-component_of_wind", "parameterUnit":"m.s-1", "genProcessType":2, "genProcessTypeName":"Forecast", "forecastTime":0, "surface1Type":100, "surface1TypeName":"Isobaric surface", "surface1Value":25000.0, "surface2Type":255, "surface2TypeName":"Missing", "surface2Value":0.0, "gridDefinitionTemplate":0, "gridDefinitionTemplateName":"Latitude_Longitude", "numberPoints":65160, "shape":6, "shapeName":"Earth spherical with radius of 6,371,229.0 m", "gridUnits":"degrees", "resolution":48, "winds":"true", "scanMode":0, "nx":360, "ny":181, "basicAngle":0, "lo1":0.0, "la1":90.0, "lo2":359.0, "la2":-90.0, "dx":1.0, "dy":1.0 }, "data":
[rows 125 to 149 of 181, columns 57 to 113 of 360]
65.57815,71.27815,73.37815,76.07815,74.97815,74.17815,74.07815,72.67815,70.87815,69.77815,68.17815,66.77815,64.47815,62.47815,59.17815,57.078148,52.17815,49.678146,45.778145,41.378147,36.978146,34.678146,30.778147,28.378147,25.478146,22.478146,23.178146,22.078146,20.678146,20.578146,18.678146,15.978147,14.478147,12.478147,8.578146,6.1781464,6.6781464,6.378146,5.6781464,3.7781463,1.6781464,1.4781463,0.07814636,-0.82185364,-0.62185365,-0.7218536,1.1781464,2.2781463,4.378146,5.0781465,3.6781464,3.0781465,0.17814636,-1.0218537,-0.82185364,2.5781465,7.378146
52.87815,59.47815,62.77815,66.47815,69.77815,72.97815,73.97815,71.57815,71.57815,70.77815,69.77815,69.27815,67.67815,64.47815,62.67815,57.97815,54.578148,50.778145,47.478146,43.878147,39.278145,35.578148,33.178146,30.278147,28.278147,25.278147,25.478146,22.578146,21.278147,20.778147,20.278147,18.478146,15.778147,15.778147,12.678146,10.678146,8.578146,9.478147,8.178146,6.7781463,5.4781466,3.0781465,0.87814635,-1.1218536,-1.1218536,-2.6218536,-0.021853637,3.4781463,5.0781465,7.7781463,6.2781463,4.5781465,4.378146,0.57814634,-0.92185366,-0.021853637,0.87814635
36.878147,43.878147,49.678146,54.87815,59.47815,63.578148,68.87815,67.77815,69.87815,67.57815,66.57815,64.07815,62.77815,60.67815,60.078148,57.87815,56.67815,52.67815,49.778145,46.078148,40.878147,37.278145,35.678146,34.078148,31.278147,28.578146,27.178146,27.778147,27.878147,25.978146,23.378147,21.478146,19.478146,17.278147,16.278147,14.978147,13.278147,11.778147,11.878146,11.378146,8.378146,6.4781466,3.7781463,-0.62185365,-1.2218536,-1.8218536,-0.021853637,1.3781464,5.0781465,5.4781466,9.678146,7.9781466,7.378146,7.0781465,7.0781465,6.2781463,6.878146
28.078146,31.478146,38.078148,43.078148,48.778145,55.27815,63.078148,66.47815,67.37815,68.07815,68.27815,67.37815,64.77815,63.27815,60.27815,59.47815,56.27815,54.27815,50.278145,48.678146,44.678146,41.378147,39.178146,38.778145,35.878147,33.878147,32.078148,31.478146,30.678146,27.878147,25.978146,23.878147,22.978146,22.078146,20.778147,18.578146,16.478146,13.978147,13.478147,13.278147,10.878146,9.078146,6.2781463,2.9781463,1.6781464,-0.5218536,-2.0218537,-2.2218537,0.7781464,5.6781464,8.578146,12.278147,13.178146,12.978147,13.578146,13.778147,13.878146
19.278147,24.278147,30.478146,33.678146,38.078148,43.978146,49.678146,55.078148,61.078148,65.37815,67.37815,68.57815,68.77815,67.07815,63.97815,61.87815,58.97815,57.17815,53.87815,50.978146,48.278145,46.378147,43.978146,42.678146,40.978146,38.678146,37.178146,35.778145,34.678146,34.078148,31.978146,30.378147,29.078146,27.378147,25.178146,21.478146,18.278147,15.478147,14.378146,14.778147,14.578146,12.778147,10.878146,7.878146,6.378146,3.8781464,1.4781463,1.3781464,0.57814634,0.7781464,6.2781463,10.278147,14.278147,16.678146,17.978146,18.378147,17.878147
19.478146,21.278147,22.978146,25.278147,32.378147,35.378147,39.278145,44.378147,50.778145,55.97815,60.27815,63.578148,65.17815,66.97815,66.87815,65.07815,62.67815,59.17815,56.87815,56.67815,52.47815,50.378147,46.878147,45.678146,44.978146,43.578148,42.178146,40.178146,38.478146,36.678146,36.078148,35.078148,33.478146,31.678146,28.378147,23.878147,20.178146,17.378147,16.278147,14.978147,15.778147,15.878146,15.678146,14.278147,11.178146,8.778147,7.7781463,5.4781466,5.2781463,4.5781465,5.6781464,6.6781464,10.678146,15.178146,18.378147,18.678146,19.578146
17.378147,19.478146,21.578146,23.578146,24.778147,26.678146,31.678146,36.978146,39.978146,44.878147,50.278145,55.578148,57.67815,60.27815,64.47815,64.27815,66.27815,62.87815,60.27815,57.87815,56.67815,53.578148,51.578148,50.078148,48.278145,45.878147,45.678146,44.178146,41.978146,39.878147,38.878147,36.978146,35.378147,32.978146,29.878147,26.678146,24.378147,21.678146,19.778147,16.978146,16.278147,16.378147,16.978146,17.978146,17.978146,14.878146,12.078146,10.778147,10.778147,9.378146,9.678146,8.378146,10.078146,11.778147,15.478147,20.678146,23.278147
16.278147,16.778147,19.278147,22.178146,23.578146,25.578146,27.278147,28.578146,32.578148,38.078148,40.678146,45.278145,50.078148,55.27815,56.47815,61.078148,64.47815,67.87815,67.17815,64.97815,59.078148,58.17815,57.37815,54.87815,52.078148,50.578148,48.578148,46.778145,45.478146,44.178146,42.278145,40.778145,38.478146,36.078148,33.078148,31.278147,28.278147,26.078146,24.178146,22.578146,20.378147,18.578146,17.478146,18.478146,19.178146,18.778147,17.178146,16.078146,14.478147,13.278147,10.678146,10.378146,10.878146,12.878146,15.678146,18.578146,20.878147
19.678146,19.078146,18.578146,20.978146,23.178146,25.478146,26.778147,28.578146,30.578146,31.378147,33.778145,38.978146,42.178146,46.678146,51.97815,55.77815,58.078148,62.17815,65.57815,67.67815,69.67815,63.47815,62.47815,59.97815,59.47815,54.17815,52.87815,51.47815,49.978146,48.478146,46.278145,44.978146,42.878147,39.478146,37.578148,35.678146,34.078148,31.978146,30.178146,28.178146,26.078146,24.378147,22.778147,20.978146,20.678146,21.478146,20.578146,19.078146,17.678146,16.578146,15.678146,13.578146,12.178146,13.778147,15.378146,17.078146,19.378147
23.778147,22.478146,22.878147,24.078146,25.078146,25.278147,27.678146,29.578146,30.578146,31.278147,32.378147,33.478146,35.378147,40.078148,45.178146,49.478146,53.47815,57.77815,60.37815,63.37815,66.17815,68.67815,66.97815,64.07815,63.87815,62.97815,58.578148,56.17815,56.67815,55.47815,52.67815,51.578148,49.178146,45.978146,43.278145,40.778145,39.478146,37.778145,35.578148,34.378147,31.078146,29.678146,26.878147,25.678146,23.478146,22.278147,21.578146,19.478146,19.878147,20.278147,19.478146,17.178146,14.578146,13.378146,15.178146,16.178146,17.578146
27.578146,27.278147,26.878147,28.078146,28.678146,29.078146,29.578146,29.978146,31.078146,32.378147,33.678146,33.878147,34.278145,35.778145,37.978146,42.478146,46.778145,51.578148,54.97815,58.27815,61.578148,64.57815,64.97815,68.27815,70.07815,66.37815,65.37815,63.078148,59.97815,61.17815,59.77815,56.078148,55.67815,52.87815,50.978146,48.178146,46.578148,44.078148,42.078148,40.678146,38.278145,35.278145,32.778145,29.978146,28.278147,26.778147,25.878147,25.478146,23.778147,23.678146,23.678146,22.078146,19.178146,16.678146,15.178146,16.378147,17.778147
31.578146,31.078146,31.478146,31.878147,31.778147,32.078148,32.478146,32.078148,32.178146,32.278145,32.878147,33.678146,35.278145,34.778145,34.978146,36.878147,40.478146,43.878147,47.978146,52.37815,55.47815,60.77815,60.078148,62.578148,65.77815,67.67815,69.17815,70.07815,67.47815,64.97815,64.37815,62.37815,59.27815,58.77815,57.078148,54.17815,54.17815,51.578148,48.678146,47.478146,44.878147,41.978146,39.378147,37.178146,33.678146,32.078148,30.978146,31.178146,30.478146,29.478146,27.778147,25.578146,23.378147,20.678146,17.978146,16.478146,17.478146
34.078148,34.778145,33.278145,32.678146,33.078148,33.678146,33.678146,33.778145,34.378147,33.278145,33.078148,32.978146,33.578148,34.778145,33.578148,33.678146,36.178146,39.078148,42.678146,45.778145,49.778145,53.47815,53.37815,58.27815,61.078148,64.57815,65.87815,68.27815,69.47815,69.27815,68.27815,63.67815,59.078148,59.97815,60.67815,59.27815,57.97815,56.87815,54.078148,51.67815,50.278145,46.878147,45.478146,41.078148,40.778145,37.578148,36.178146,36.178146,35.378147,34.178146,33.378147,30.778147,27.578146,24.178146,21.978146,18.778147,18.378147
35.178146,35.878147,38.478146,35.378147,34.778145,35.378147,36.178146,35.078148,34.778145,34.278145,34.078148,33.378147,31.778147,34.078148,33.578148,32.978146,33.978146,36.178146,38.678146,41.878147,44.778145,48.178146,49.078148,51.67815,56.578148,60.97815,63.87815,63.27815,62.87815,65.17815,66.57815,65.87815,64.47815,62.77815,57.27815,57.97815,59.67815,58.17815,56.47815,54.27815,51.87815,49.878147,51.178146,48.678146,45.678146,43.278145,40.078148,40.478146,39.678146,38.878147,37.978146,35.978146,31.178146,28.578146,25.278147,23.278147,20.878147
39.078148,37.878147,38.978146,36.378147,35.978146,36.878147,36.378147,35.178146,34.978146,34.978146,34.078148,33.178146,30.478146,31.378147,32.178146,32.378147,31.778147,33.378147,35.478146,37.978146,40.578148,43.078148,44.778145,47.278145,50.978146,55.27815,58.17815,59.37815,59.97815,60.17815,60.17815,61.37815,61.97815,62.47815,61.37815,59.27815,56.67815,56.27815,56.578148,57.27815,55.17815,53.27815,51.97815,50.678146,50.778145,48.878147,44.178146,43.178146,43.978146,42.778145,42.078148,39.578148,36.478146,31.778147,29.378147,27.078146,24.578146
39.978146,38.578148,37.478146,37.378147,36.278145,36.078148,35.578148,34.478146,33.978146,33.778145,33.678146,32.878147,30.278147,30.778147,31.578146,31.078146,30.778147,31.278147,33.178146,34.778145,36.578148,38.978146,41.378147,43.478146,45.578148,48.878147,51.97815,52.97815,53.97815,55.17815,56.87815,57.078148,57.77815,58.578148,58.37815,57.27815,56.77815,56.17815,55.078148,55.17815,55.078148,53.27815,51.178146,51.67815,50.778145,49.578148,48.678146,47.178146,46.878147,46.578148,44.678146,41.678146,38.878147,35.878147,33.378147,29.578146,27.678146
39.878147,38.578148,37.078148,36.578148,35.578148,34.378147,33.278145,32.378147,32.878147,32.878147,32.178146,31.278147,30.878147,29.878147,29.978146,29.978146,29.578146,30.478146,30.978146,31.278147,32.678146,34.878147,37.578148,39.478146,41.178146,43.378147,45.378147,46.978146,47.978146,48.578148,49.678146,51.37815,52.67815,52.27815,52.078148,51.47815,50.778145,50.778145,51.578148,52.078148,51.77815,51.97815,52.078148,51.67815,51.178146,51.178146,50.778145,49.678146,48.678146,49.078148,47.378147,44.878147,40.678146,37.378147,35.178146,31.278147,29.378147
38.778145,37.878147,36.078148,35.178146,32.578148,31.878147,30.978146,30.478146,30.278147,29.878147,30.278147,29.478146,28.878147,29.578146,28.278147,28.078146,28.178146,28.678146,27.978146,28.078146,29.978146,31.578146,33.078148,35.278145,37.378147,38.978146,40.578148,41.478146,42.178146,42.578148,43.278145,44.678146,46.078148,46.678146,46.478146,45.678146,44.778145,45.078148,45.978146,46.278145,47.178146,49.178146,49.778145,50.878147,52.078148,50.978146,49.278145,48.478146,48.678146,48.178146,47.778145,45.278145,39.778145,38.378147,35.878147,32.578148,30.278147
38.078148,35.778145,33.578148,32.778145,30.978146,29.178146,28.278147,27.378147,27.778147,26.878147,26.778147,27.678146,28.178146,26.978146,26.578146,25.778147,26.378147,26.378147,25.778147,26.178146,26.778147,28.178146,29.078146,29.978146,31.778147,33.578148,34.778145,36.278145,36.978146,37.378147,37.478146,38.378147,39.378147,40.278145,40.678146,40.578148,39.878147,40.078148,40.478146,41.278145,41.778145,42.878147,44.078148,44.078148,46.978146,46.678146,44.178146,44.778145,44.478146,44.178146,45.378147,43.778145,38.578148,37.878147,35.878147,32.778145,31.078146
35.078148,32.778145,30.078146,29.878147,28.578146,27.278147,25.878147,24.978146,24.878147,25.078146,25.078146,25.778147,25.778147,24.778147,23.878147,24.378147,24.078146,24.378147,23.578146,23.778147,24.078146,23.578146,24.678146,24.778147,25.678146,26.678146,28.278147,29.878147,31.078146,32.078148,32.378147,32.678146,33.278145,33.878147,34.778145,35.078148,35.278145,35.978146,36.278145,36.578148,37.078148,37.778145,38.778145,39.178146,40.478146,40.078148,38.278145,39.178146,39.978146,40.278145,42.678146,41.078148,37.278145,36.878147,34.778145,31.678146,31.278147
31.178146,29.078146,27.978146,28.078146,26.778147,25.078146,24.778147,23.578146,23.278147,23.578146,24.578146,24.878147,24.178146,22.978146,22.778147,22.478146,22.478146,21.978146,21.378147,21.278147,20.678146,20.978146,21.078146,20.778147,21.278147,22.178146,23.378147,24.378147,25.478146,26.678146,27.378147,27.878147,28.078146,28.178146,28.378147,28.678146,29.678146,30.178146,30.478146,31.378147,32.678146,33.278145,33.978146,33.478146,33.678146,33.978146,34.478146,35.678146,35.878147,38.278145,38.878147,36.578148,36.078148,34.978146,33.478146,31.078146,30.478146
28.578146,27.778147,26.778147,26.378147,25.178146,24.178146,23.678146,22.478146,22.778147,22.378147,22.978146,23.578146,22.578146,22.078146,21.278147,20.878147,20.578146,19.378147,18.978146,18.278147,18.378147,18.178146,17.378147,17.778147,18.078146,18.278147,19.578146,20.378147,21.078146,22.178146,22.778147,23.378147,23.678146,23.778147,24.078146,24.578146,25.178146,25.778147,26.178146,27.478146,28.878147,30.078146,29.778147,29.178146,29.178146,29.478146,30.878147,32.078148,34.978146,35.278145,35.678146,33.778145,34.378147,33.178146,31.678146,30.378147,30.778147
28.378147,27.378147,26.378147,24.978146,23.478146,23.278147,22.278147,21.478146,21.178146,21.878147,22.178146,21.778147,21.378147,20.378147,20.178146,18.978146,18.278147,17.678146,17.178146,16.578146,15.978147,15.778147,14.878146,15.178146,14.778147,15.378146,16.278147,16.278147,16.678146,17.078146,17.278147,17.978146,19.178146,20.078146,21.078146,21.778147,22.478146,22.978146,23.078146,24.178146,25.078146,25.978146,25.778147,26.378147,27.278147,28.278147,29.778147,30.978146,31.778147,31.078146,30.778147,32.578148,32.478146,31.178146,30.478146,30.878147,31.378147
26.978146,26.178146,24.678146,22.678146,22.078146,21.378147,21.178146,20.078146,20.078146,20.678146,21.078146,20.678146,20.378147,19.478146,19.178146,17.778147,16.878147,16.478146,15.378146,14.478147,14.578146,14.478147,13.378146,13.078146,12.678146,12.978147,12.878146,12.678146,12.478147,12.578146,12.878146,13.378146,14.278147,15.978147,17.078146,17.878147,18.378147,18.478146,19.078146,19.678146,20.478146,21.778147,23.178146,24.678146,25.678146,26.078146,27.478146,27.478146,26.678146,28.078146,29.778147,30.278147,29.778147,29.478146,30.678146,30.978146,30.378147
24.778147,22.978146,21.178146,20.278147,20.178146,19.978146,19.078146,18.978146,19.678146,19.078146,19.878147,20.078146,19.178146,19.378147,18.778147,16.878147,15.578146,15.078146,14.778147,13.978147,14.178146,13.778147,13.078146,12.178146,11.678146,11.278147,10.378146,9.478147,9.078146,8.678146,9.578146,10.278147,10.278147,10.778147,12.978147,14.078146,15.078146,16.178146,16.978146,17.278147,17.778147,18.678146,19.678146,20.578146,21.178146,22.078146,22.978146,23.878147,25.578146,27.278147,28.278147,28.578146,28.478146,29.978146,30.478146,29.878147,29.078146
