public/data/weather/2019/09/26/0000-wind-isobaric-10hPa-gfs-1.0.json
{"header": { "discipline":0, "disciplineName":"Meteorological products", "gribEdition":2, "gribLength":71041, "center":7, "centerName":"US National Weather Service - NCEP(WMC)", "subcenter":0, "refTime":"2019-09-26T00:00:00.000Z", "significanceOfRT":1, "significanceOfRTName":"Start of forecast", "productStatus":0, "productStatusName":"Operational products", "productType":1, "productTypeName":"Forecast products", "productDefinitionTemplate":0, "productDefinitionTemplateName":"Analysis/forecast at horizontal level/layer at a point in time", "parameterCategory":2, "parameterCategoryName":"Momentum", "parameterNumber":2, "parameterNumberName":"U-component_of_wind", "parameterUnit":"m.s-1", "genProcessType":2, "genProcessTypeName":"Forecast", "forecastTime":0, "surface1Type":100, "surface1TypeName":"Isobaric surface", "surface1Value":1000.0, "surface2Type":255, "surface2TypeName":"Missing", "surface2Value":0.0, "gridDefinitionTemplate":0, "gridDefinitionTemplateName":"Latitude_Longitude", "numberPoints":65160, "shape":6, "shapeName":"Earth spherical with radius of 6,371,229.0 m", "gridUnits":"degrees", "resolution":48, "winds":"true", "scanMode":0, "nx":360, "ny":181, "basicAngle":0, "lo1":0.0, "la1":90.0, "lo2":359.0, "la2":-90.0, "dx":1.0, "dy":1.0 }, "data":
[rows 125 to 149 of 181, columns 58 to 115 of 360]
-25.447203,-24.887201,-25.127203,-24.457203,-24.827202,-24.647202,-23.887201,-23.907202,-23.967201,-23.227201,-23.807201,-24.237202,-24.317202,-23.897202,-23.377203,-22.907202,-21.857203,-22.517202,-22.347202,-22.927202,-23.597202,-24.697203,-25.607203,-25.497202,-26.697203,-25.917202,-24.927202,-24.027203,-24.687202,-24.387201,-25.627203,-26.507202,-25.877203,-25.737202,-25.777203,-26.627203,-27.387201,-28.137201,-27.217201,-27.437202,-27.177202,-27.557201,-28.527203,-29.067202,-29.917202,-30.107203,-29.607203,-29.877203,-29.647202,-29.627203,-29.447203,-29.787203,-30.287203,-30.377203,-30.027203,-30.397202,-30.277203,-30.157202
-24.407202,-24.107203,-24.817202,-24.477201,-24.497202,-23.737202,-23.727201,-23.997202,-22.567202,-22.797203,-23.447203,-23.337202,-23.357203,-23.417202,-23.157202,-22.617203,-22.097202,-21.797203,-20.757202,-21.037203,-21.537203,-21.857203,-22.657202,-23.677202,-23.907202,-24.397202,-24.097202,-24.597202,-23.987202,-23.367203,-24.017202,-24.787203,-25.117203,-25.467201,-25.527203,-26.607203,-26.717201,-26.937202,-25.677202,-25.477201,-26.437202,-26.717201,-27.457203,-27.907202,-28.287203,-28.917202,-28.917202,-28.917202,-28.947203,-28.917202,-28.917202,-28.537203,-29.317202,-30.197203,-30.477201,-30.357203,-30.197203,-29.377203
-24.357203,-24.447203,-24.067202,-23.747202,-23.767202,-23.757202,-23.757202,-23.737202,-23.917202,-22.607203,-21.677202,-21.127203,-22.657202,-22.557201,-22.357203,-21.497202,-21.427202,-20.337202,-20.217201,-19.787203,-19.847202,-19.757202,-19.977201,-20.217201,-21.197203,-22.357203,-23.697203,-24.467201,-23.427202,-23.917202,-23.067202,-23.617203,-24.767202,-24.617203,-24.377203,-26.057201,-26.117203,-25.877203,-25.067202,-25.177202,-24.797203,-25.267202,-25.787203,-27.057201,-27.227201,-27.927202,-27.917202,-28.067202,-28.317202,-28.307201,-28.757202,-28.897202,-28.737202,-29.017202,-29.267202,-29.507202,-29.557201,-29.287203
-22.917202,-23.237202,-23.527203,-24.337202,-23.577202,-23.597202,-23.277203,-23.407202,-23.487202,-23.287203,-22.747202,-21.917202,-20.317202,-19.447203,-19.667202,-19.747202,-19.417202,-20.197203,-19.027203,-19.297203,-18.367203,-17.717201,-18.787203,-18.437202,-19.387201,-20.587202,-22.097202,-22.767202,-23.027203,-23.757202,-23.507202,-23.097202,-23.617203,-23.817202,-23.117203,-24.587202,-24.797203,-25.037203,-24.827202,-24.487202,-24.457203,-24.047203,-24.287203,-24.807201,-26.317202,-26.917202,-27.517202,-27.417202,-27.367203,-27.917202,-28.757202,-28.787203,-28.477201,-28.517202,-28.507202,-28.157202,-27.037203,-26.947203
-21.897202,-22.507202,-22.677202,-23.447203,-24.327202,-24.417202,-24.087202,-23.857203,-22.827202,-22.327202,-21.777203,-21.377203,-20.817202,-19.527203,-17.767202,-16.797203,-17.327202,-18.137201,-18.437202,-18.197203,-17.197203,-17.387201,-18.407202,-17.817202,-18.767202,-19.497202,-19.807201,-20.927202,-21.317202,-22.187202,-23.057201,-22.857203,-22.717201,-22.687202,-22.657202,-23.377203,-24.317202,-24.767202,-24.377203,-24.267202,-24.117203,-23.727201,-22.837202,-23.577202,-24.927202,-26.097202,-26.657202,-26.857203,-26.797203,-27.157202,-27.917202,-28.457203,-28.277203,-27.797203,-27.097202,-26.687202,-26.537203,-25.877203
-20.897202,-22.297203,-22.797203,-23.007202,-23.617203,-23.907202,-24.517202,-24.037203,-22.767202,-21.957203,-20.777203,-19.517202,-19.107203,-19.497202,-18.547203,-17.517202,-17.397202,-16.507202,-16.297203,-17.467201,-17.657202,-17.917202,-18.167202,-18.517202,-18.977201,-19.037203,-19.037203,-20.037203,-20.407202,-21.047203,-21.597202,-21.957203,-21.207203,-21.657202,-22.297203,-22.757202,-23.127203,-24.237202,-24.977201,-24.107203,-23.867203,-23.197203,-23.067202,-23.197203,-23.937202,-25.387201,-25.997202,-26.407202,-26.947203,-27.387201,-27.657202,-27.777203,-27.537203,-27.697203,-27.027203,-26.247202,-24.917202,-24.277203
-20.747202,-21.447203,-21.697203,-22.677202,-22.347202,-22.517202,-22.847202,-22.807201,-22.187202,-21.337202,-19.937202,-19.517202,-19.197203,-18.437202,-18.697203,-18.457203,-17.797203,-17.447203,-16.697203,-17.107203,-17.737202,-18.127203,-19.127203,-18.617203,-18.377203,-19.017202,-19.937202,-19.837202,-20.017202,-19.957203,-20.597202,-21.497202,-20.947203,-21.477201,-22.547203,-22.507202,-23.397202,-23.357203,-23.857203,-23.757202,-23.937202,-23.927202,-23.717201,-24.057201,-24.357203,-24.597202,-26.197203,-25.597202,-27.427202,-27.647202,-28.667202,-28.247202,-27.977201,-27.437202,-27.147202,-26.397202,-25.467201,-24.477201
-19.997202,-19.647202,-20.497202,-20.797203,-20.887201,-20.947203,-20.367203,-20.387201,-20.197203,-20.327202,-19.997202,-19.627203,-19.727201,-19.717201,-18.957203,-18.697203,-18.497202,-17.707203,-16.947203,-17.217201,-17.357203,-17.997202,-18.597202,-19.317202,-19.457203,-19.697203,-20.127203,-20.537203,-20.717201,-20.407202,-20.207203,-20.647202,-21.407202,-22.357203,-23.017202,-23.397202,-23.307201,-23.967201,-23.717201,-24.147202,-24.307201,-25.227201,-25.097202,-25.107203,-25.137201,-25.407202,-26.147202,-26.997202,-27.557201,-28.597202,-28.657202,-28.767202,-28.067202,-27.887201,-27.107203,-27.097202,-26.527203,-26.007202
-18.807201,-18.577202,-18.747202,-18.317202,-18.627203,-18.887201,-18.437202,-18.967201,-18.047203,-18.647202,-19.067202,-19.897202,-20.157202,-19.797203,-20.067202,-19.717201,-18.817202,-18.497202,-18.527203,-18.147202,-18.097202,-18.167202,-18.567202,-18.627203,-19.657202,-20.087202,-21.057201,-20.287203,-21.287203,-21.677202,-21.167202,-20.967201,-21.687202,-22.477201,-23.297203,-23.837202,-23.397202,-24.177202,-24.567202,-25.277203,-25.977201,-26.527203,-27.197203,-25.967201,-26.747202,-26.947203,-26.737202,-27.957203,-28.497202,-29.057201,-29.417202,-29.847202,-28.787203,-28.757202,-28.607203,-28.357203,-28.317202,-27.917202
-16.867203,-16.977201,-16.787203,-16.167202,-16.187202,-16.187202,-16.787203,-17.587202,-17.707203,-18.697203,-18.737202,-19.357203,-19.487202,-19.897202,-19.657202,-19.697203,-19.707203,-18.707203,-18.347202,-18.697203,-18.997202,-18.387201,-18.497202,-18.207203,-18.667202,-19.547203,-20.317202,-20.537203,-20.797203,-22.517202,-22.597202,-21.867203,-22.127203,-22.257202,-23.007202,-23.657202,-23.297203,-23.167202,-25.097202,-26.057201,-26.957203,-28.017202,-28.057201,-28.417202,-28.187202,-28.317202,-28.017202,-29.017202,-29.627203,-29.927202,-29.457203,-30.597202,-30.547203,-29.307201,-29.387201,-29.077202,-28.887201,-28.367203
-14.117202,-14.517202,-14.717202,-14.377202,-14.277203,-14.537202,-15.547202,-16.287203,-17.517202,-18.367203,-18.487202,-18.937202,-18.837202,-18.737202,-19.217201,-19.337202,-19.117203,-18.677202,-18.297203,-17.867203,-17.847202,-18.797203,-19.127203,-19.017202,-19.067202,-19.017202,-19.657202,-19.807201,-21.487202,-21.627203,-21.637201,-22.487202,-22.537203,-22.607203,-22.707203,-23.367203,-24.867203,-24.367203,-26.037203,-26.447203,-28.187202,-29.137201,-29.717201,-29.837202,-30.477201,-30.727201,-30.427202,-30.167202,-31.247202,-31.177202,-30.367203,-30.597202,-30.667202,-29.797203,-29.107203,-28.777203,-27.757202,-27.717201
-12.487202,-12.067203,-12.247202,-12.767202,-13.047202,-13.447202,-14.627202,-15.977202,-17.317202,-17.797203,-17.997202,-18.217201,-18.097202,-17.887201,-18.327202,-18.557201,-18.497202,-18.387201,-18.067202,-17.887201,-18.087202,-18.207203,-18.837202,-19.617203,-19.797203,-20.597202,-20.237202,-20.397202,-20.377203,-21.207203,-21.807201,-23.307201,-22.187202,-23.367203,-23.037203,-24.797203,-24.847202,-25.597202,-26.737202,-27.137201,-28.357203,-29.437202,-30.607203,-30.637201,-31.187202,-32.4872,-32.247204,-31.217201,-31.557201,-31.787203,-30.077202,-29.987202,-29.307201,-29.287203,-28.287203,-28.237202,-26.717201,-26.337202
-10.527203,-10.417202,-10.087202,-11.097202,-11.527203,-12.287202,-13.387202,-14.8972025,-15.747202,-16.597202,-17.027203,-17.497202,-17.377203,-17.527203,-17.057201,-17.187202,-17.667202,-18.027203,-18.207203,-17.967201,-18.627203,-19.007202,-18.837202,-19.447203,-20.177202,-20.077202,-20.197203,-20.727201,-21.067202,-21.037203,-21.737202,-22.217201,-22.137201,-24.247202,-24.547203,-24.457203,-25.957203,-27.367203,-27.897202,-29.277203,-28.657202,-29.917202,-29.947203,-31.047203,-30.867203,-30.687202,-31.257202,-30.457203,-30.667202,-29.997202,-29.857203,-29.297203,-27.497202,-27.417202,-26.587202,-26.787203,-25.587202,-24.567202
-8.827202,-8.807202,-8.857203,-8.857203,-9.657202,-11.167202,-11.977202,-12.967202,-14.027203,-14.827202,-14.877202,-15.957202,-16.457203,-16.077202,-16.357203,-16.877203,-16.547203,-17.557201,-17.287203,-18.597202,-18.497202,-19.527203,-19.477201,-19.717201,-19.917202,-20.907202,-20.927202,-21.127203,-20.797203,-20.837202,-21.297203,-21.567202,-22.977201,-23.637201,-24.087202,-25.357203,-25.727201,-26.447203,-27.007202,-27.667202,-28.477201,-28.407202,-28.727201,-28.837202,-29.167202,-29.367203,-28.697203,-29.027203,-27.907202,-27.207203,-28.797203,-26.147202,-25.827202,-24.927202,-24.067202,-24.227201,-23.267202,-22.797203
-6.667202,-7.027202,-6.947202,-7.527202,-8.057202,-8.917202,-10.357203,-11.067203,-11.687202,-12.547202,-13.337202,-13.427202,-14.247202,-14.847202,-15.387202,-15.327202,-16.197203,-16.597202,-17.277203,-18.227201,-18.297203,-18.767202,-19.297203,-19.647202,-19.927202,-19.877203,-20.347202,-20.867203,-20.427202,-20.497202,-20.897202,-21.807201,-22.227201,-23.097202,-23.827202,-23.767202,-24.357203,-24.837202,-25.467201,-25.597202,-26.047203,-25.087202,-25.917202,-25.387201,-26.107203,-26.487202,-26.187202,-24.917202,-25.227201,-24.947203,-24.107203,-23.067202,-23.317202,-21.627203,-21.167202,-20.937202,-20.047203,-19.787203
-4.297202,-4.687202,-4.737202,-5.5572023,-6.047202,-6.7672024,-7.717202,-8.447202,-9.257202,-9.787202,-10.777203,-11.187202,-12.067203,-13.297202,-13.567203,-14.427202,-15.067203,-15.037202,-16.007202,-16.797203,-17.687202,-18.267202,-18.717201,-18.187202,-19.117203,-19.147202,-19.247202,-19.967201,-20.017202,-19.867203,-19.967201,-20.067202,-20.777203,-21.207203,-21.267202,-21.297203,-21.877203,-21.607203,-22.607203,-23.157202,-22.947203,-22.717201,-22.207203,-22.177202,-21.817202,-21.847202,-22.777203,-20.987202,-20.967201,-20.667202,-19.357203,-20.497202,-19.227201,-18.787203,-17.487202,-17.087202,-16.847202,-16.967201
-2.0372021,-2.4472022,-2.6472023,-3.0372021,-4.1572022,-4.627202,-5.247202,-5.917202,-6.467202,-7.927202,-8.197202,-9.347202,-10.177202,-11.217202,-11.687202,-12.417202,-13.277203,-14.127202,-14.967202,-16.037203,-16.827202,-17.227201,-17.437202,-17.397202,-17.297203,-17.417202,-17.427202,-17.947203,-18.337202,-18.087202,-17.737202,-17.697203,-17.347202,-17.527203,-18.557201,-18.947203,-18.467201,-18.237202,-19.267202,-18.297203,-18.947203,-18.987202,-18.897202,-18.217201,-17.987202,-18.287203,-17.737202,-17.577202,-17.327202,-16.217201,-16.347202,-15.697202,-13.457202,-14.107203,-13.277203,-12.557202,-11.907202,-12.677202
0.87279785,0.35279787,-0.24720214,-0.82720214,-1.7272022,-2.4472022,-2.9972022,-3.4572022,-4.417202,-5.1172023,-5.337202,-6.527202,-7.0972023,-8.427202,-9.407202,-9.937202,-11.337202,-11.927202,-12.697202,-13.457202,-14.247202,-14.6472025,-14.747202,-14.967202,-14.8972025,-15.1472025,-14.607203,-15.067203,-14.947202,-15.347202,-15.017202,-14.6472025,-14.6472025,-13.837202,-14.057202,-15.207202,-15.847202,-15.1472025,-14.037202,-13.927202,-14.507202,-14.527203,-13.737202,-13.437202,-13.717202,-13.187202,-12.157202,-11.807202,-11.477202,-11.327202,-10.857203,-10.257202,-9.617202,-9.707202,-9.967202,-8.997202,-8.297202,-8.107203
3.4827979,3.172798,2.872798,1.8227979,1.1627978,0.11279785,-0.22720215,-0.83720213,-1.2972021,-1.5272021,-2.2372022,-2.5172021,-3.807202,-4.717202,-5.877202,-6.717202,-7.477202,-8.737202,-9.287202,-10.037202,-10.1472025,-10.567203,-10.947202,-11.367202,-11.627202,-11.597202,-12.017202,-11.737202,-11.337202,-11.237202,-11.637202,-11.337202,-11.337202,-11.277203,-10.547202,-10.247202,-10.657202,-10.547202,-10.737202,-10.357203,-10.137202,-9.467202,-9.277203,-8.867202,-8.847202,-8.357203,-7.697202,-7.6372023,-6.747202,-6.8472023,-7.087202,-6.1372023,-6.177202,-6.677202,-6.737202,-6.697202,-5.5572023,-4.237202
6.582798,5.6127977,5.1327977,4.532798,3.7727978,3.5427978,2.8227978,2.412798,2.172798,1.7527978,1.5027978,0.91279787,0.17279786,-1.2572021,-1.7372022,-3.357202,-4.0172024,-5.1172023,-5.677202,-5.777202,-5.957202,-6.227202,-5.607202,-6.587202,-7.507202,-8.137202,-8.187202,-8.207202,-7.877202,-7.377202,-7.277202,-7.1572022,-6.777202,-6.777202,-6.6172023,-6.067202,-5.6572022,-5.8072023,-6.427202,-6.5772023,-5.937202,-5.217202,-5.197202,-5.127202,-4.6572022,-4.277202,-3.557202,-3.077202,-3.2172022,-3.4272022,-2.9572022,-2.337202,-2.7872021,-3.817202,-2.877202,-3.0372021,-2.2672021,-1.9072021
9.812798,8.652798,7.5927978,7.292798,6.792798,6.492798,6.1927977,5.6327977,5.272798,5.292798,5.162798,4.7127976,4.162798,3.3227978,1.7527978,1.3027978,-0.39720213,-1.7072022,-1.5072021,-2.107202,-1.9872022,-0.7172021,-1.7072022,-1.7472022,-3.1772022,-3.0372021,-4.107202,-4.007202,-3.7172022,-2.9672022,-2.2172022,-2.307202,-2.5072021,-2.7072022,-2.617202,-2.5072021,-2.307202,-1.9072021,-1.8072021,-1.9072021,-2.077202,-1.9072021,-1.2772021,-0.51720214,-0.26720214,0.69279784,0.6427978,0.39279786,0.54279786,0.29279786,0.6527979,0.98279786,0.46279785,0.27279785,-0.30720216,-0.20720215,-0.22720215,-0.23720215
13.162798,12.042798,11.012798,10.452798,10.012798,9.452798,9.3527975,8.872798,8.712798,8.292798,8.512798,8.802798,7.992798,6.822798,6.312798,5.332798,3.412798,3.412798,2.4827979,2.2127979,2.9727979,2.392798,2.392798,1.8827978,1.6227978,0.9027979,0.61279786,0.5927979,0.80279785,1.2827978,1.6027979,2.0627978,2.162798,2.0627978,1.5027978,1.3627979,1.8627979,2.2127979,2.5627978,2.4627979,2.152798,2.402798,2.8427978,3.7527978,4.002798,4.752798,5.3627977,5.1127977,4.7127976,4.4027977,4.4827976,4.4427977,3.392798,2.5427978,2.5027978,2.6127977,2.622798,2.2427979
16.622797,15.232798,14.822798,13.362798,13.512798,12.562798,12.312798,11.982798,12.402798,12.422798,12.712798,12.422798,11.552798,10.542798,10.222797,9.432797,8.432797,8.442798,7.9227977,5.952798,8.032798,6.6527977,6.562798,5.7327976,6.032798,5.492798,5.822798,5.792798,5.6327977,5.532798,5.622798,6.2327976,6.322798,6.122798,6.2327976,6.332798,6.2327976,5.822798,6.042798,6.492798,6.852798,6.932798,7.2327976,7.912798,8.322798,8.6027975,8.572798,8.412798,8.022798,8.822798,8.422798,8.212798,7.082798,6.332798,6.022798,5.122798,5.782798,6.222798
20.182798,18.752798,17.482798,17.212797,16.252798,15.8527975,15.582798,15.542798,15.522798,15.982798,16.692799,16.652798,15.472797,14.672798,14.042798,13.262798,12.492798,13.892797,11.762798,11.562798,12.032798,11.322798,11.612798,10.272798,10.312798,10.222797,10.652798,10.462798,10.012798,9.192798,9.132798,9.482798,9.932797,9.982798,10.392797,10.182797,10.732798,10.042798,9.952798,10.082798,9.8527975,10.342798,10.912798,11.582798,11.882798,11.542798,10.732798,11.192798,11.322798,11.612798,11.382798,11.162798,10.752798,10.482798,9.942798,9.392797,9.282798,9.082798
23.742798,21.922798,20.862799,20.142797,20.522799,19.172798,19.142797,19.152798,18.522799,18.282799,19.452797,20.042797,19.082798,18.552797,17.942799,17.372797,17.112799,18.582798,16.782799,16.362799,16.702797,15.062798,16.302797,14.502798,15.232798,14.952798,14.232798,15.262798,14.492798,13.622798,13.282798,13.762798,13.182797,13.162798,13.442798,13.772798,14.532798,13.482798,14.062798,13.882798,13.222797,13.052798,13.342798,13.452798,14.6027975,14.642797,13.952798,14.752798,14.132798,14.132798,13.222797,13.342798,13.232798,13.042798,13.712798,14.152798,13.182797,12.482798
