public/data/weather/2019/09/26/0000-wind-isobaric-70hPa-gfs-1.0.json
{"header": { "discipline":0, "disciplineName":"Meteorological products", "gribEdition":2, "gribLength":70230, "center":7, "centerName":"US National Weather Service - NCEP(WMC)", "subcenter":0, "refTime":"2019-09-26T00:00:00.000Z", "significanceOfRT":1, "significanceOfRTName":"Start of forecast", "productStatus":0, "productStatusName":"Operational products", "productType":1, "productTypeName":"Forecast products", "productDefinitionTemplate":0, "productDefinitionTemplateName":"Analysis/forecast at horizontal level/layer at a point in time", "parameterCategory":2, "parameterCategoryName":"Momentum", "parameterNumber":2, "parameterNumberName":"U-component_of_wind", "parameterUnit":"m.s-1", "genProcessType":2, "genProcessTypeName":"Forecast", "forecastTime":0, "surface1Type":100, "surface1TypeName":"Isobaric surface", "surface1Value":7000.0, "surface2Type":255, "surface2TypeName":"Missing", "surface2Value":0.0, "gridDefinitionTemplate":0, "gridDefinitionTemplateName":"Latitude_Longitude", "numberPoints":65160, "shape":6, "shapeName":"Earth spherical with radius of 6,371,229.0 m", "gridUnits":"degrees", "resolution":48, "winds":"true", "scanMode":0, "nx":360, "ny":181, "basicAngle":0, "lo1":0.0, "la1":90.0, "lo2":359.0, "la2":-90.0, "dx":1.0, "dy":1.0 }, "data":
[rows 52 to 77 of 181, columns 0 to 58 of 360]
5.3160877,6.156088,5.7660875,6.3960876,6.5560875,6.9960876,6.506088,7.8260875,7.7460876,8.976088,9.946088,10.086087,10.626087,10.156088,9.786088,9.456088,10.866088,10.106088,8.916088,8.936088,9.146088,10.726088,10.176087,7.2860875,8.546087,9.366088,10.326088,8.966087,8.936088,8.976088,10.336087,10.376087,8.716087,11.426087,12.066088,10.846087,13.016088,13.756087,13.816088,15.426087,15.186088,9.256087,7.5860877,11.606088,11.836087,9.3060875,13.046087,10.786088,11.456088,8.696088,10.226088,11.376087,11.846087,14.096087,14.636087,13.176087,13.586087,11.546087,10.896088
6.0160875,5.5560875,6.986088,7.2460876,7.006088,7.2460876,7.506088,7.5460877,8.546087,9.996088,9.206088,10.896088,10.186088,10.816088,10.096087,10.446088,9.586087,9.586087,9.606088,9.656088,9.246088,10.186088,9.636087,7.5760875,10.376087,9.586087,9.006087,9.156088,8.546087,10.006087,9.516088,10.436088,10.286088,11.726088,11.0560875,10.726088,12.726088,11.856088,11.676087,16.186089,8.986088,6.8160877,7.2260876,7.4960876,9.616088,4.156088,7.7760878,4.256088,11.626087,7.3760877,10.926087,11.986088,12.606088,13.476088,12.846087,12.326088,10.946088,9.986088,11.936088
6.3960876,6.5360875,6.5360875,7.3160877,7.756088,7.426088,7.8960876,8.256087,9.316088,9.126087,9.856088,9.456088,9.766088,9.936088,10.376087,11.096087,9.966087,10.076088,10.226088,10.426087,9.896088,9.846087,8.396088,8.616088,9.126087,8.386087,8.836087,9.246088,9.396088,9.486088,9.356088,9.856088,9.716087,11.166088,10.686088,11.026088,11.036088,9.466087,12.386087,10.416088,5.0760875,4.466088,6.0760875,5.2060876,7.406088,9.976088,7.0760875,11.046087,12.186088,10.796087,11.636087,10.846087,12.896088,12.186088,11.836087,9.876087,9.186088,9.386087,7.156088
8.156088,7.6360874,7.506088,7.5160875,7.8660874,8.046087,7.906088,8.576088,9.116088,9.886087,9.606088,9.586087,9.0560875,9.346087,9.416088,9.206088,9.036088,8.956088,9.3060875,9.946088,9.786088,9.316088,8.5560875,8.736088,8.516088,8.266088,8.236088,8.286088,8.636087,8.816088,8.606088,8.766088,8.456088,9.976088,10.566088,10.386087,8.916088,4.9560876,9.976088,9.676087,2.4360876,4.3160877,5.716088,5.7760878,6.6060877,11.156088,10.336087,10.026088,10.766088,9.706088,8.336087,12.186088,11.956088,11.916088,9.866088,9.356088,8.876087,7.1660876,5.8860874
7.006088,7.8760877,8.106088,7.696088,7.5260878,8.006087,9.026088,9.526088,10.116088,10.316088,9.846087,10.076088,10.206088,10.406088,10.386087,9.336087,9.106088,9.206088,9.646088,10.416088,10.816088,10.346087,9.046087,8.5560875,8.176087,7.9760876,7.8660874,8.436088,8.166088,7.6460876,7.8760877,7.6060877,6.5260878,7.966088,8.626087,7.966088,4.5960875,3.4860876,5.736088,7.696088,5.4560876,5.946088,7.736088,5.9160876,7.756088,10.106088,9.586087,10.216087,9.3060875,9.406088,8.426087,11.696088,10.736088,8.976088,9.706088,10.356088,6.4760876,6.3460875,8.316088
5.5960875,6.5260878,7.426088,7.2960877,7.906088,8.826088,9.646088,9.426087,8.996088,9.486088,10.326088,10.546087,10.466087,10.736088,10.656088,10.086087,9.836087,9.856088,10.236088,10.3060875,10.466087,8.606088,9.236088,8.576088,7.176088,7.0360875,7.2660875,7.1860876,6.406088,5.196088,5.8360877,6.2460876,6.0460877,6.0960875,6.9760876,7.1460876,4.3360877,2.1560876,4.3360877,6.6360874,3.7160876,1.7360877,6.756088,7.0660877,6.5860877,7.656088,8.686088,8.506087,8.486088,8.396088,7.486088,9.606088,10.136087,7.6860876,8.676087,7.7460876,5.9160876,7.0660877,6.2760878
5.4360876,6.0660877,5.986088,7.716088,8.526088,8.516088,8.026088,8.236088,8.676087,9.436088,10.196088,10.066088,10.346087,9.836087,9.796087,9.036088,8.506087,8.986088,8.486088,7.8660874,9.086087,7.4160876,7.4560876,6.7260876,6.466088,6.256088,6.2460876,5.236088,5.5660877,5.8060875,5.8460875,6.3160877,5.676088,4.9960876,4.1660876,3.7460876,4.216088,2.2660875,3.5360878,6.216088,3.7960877,1.8160876,3.6960876,6.7260876,4.8660874,7.8760877,6.2660875,5.8460875,7.1460876,7.8660874,7.9160876,7.1360874,6.7960877,6.3460875,6.2960877,6.6260877,2.5360878,4.5660877,3.8660877
3.8360877,4.006088,4.426088,4.506088,6.156088,5.2060876,5.0460877,6.6160874,7.506088,6.9760876,6.6660876,7.6260877,8.396088,8.976088,8.856088,7.7660875,6.6860876,5.5360875,4.8360877,4.4960876,5.8160877,4.8760877,5.1360874,4.756088,5.406088,5.3860874,6.2660875,6.2260876,4.7460876,4.6060877,3.8460877,3.8160877,3.1960876,2.0060875,1.0260876,2.7260876,3.7060876,2.7660875,2.5260878,2.7660875,4.1360874,3.2360876,2.5360878,4.9760876,4.8460875,6.0160875,4.7060876,4.8060875,6.5360875,6.5260878,5.156088,5.2660875,4.1460876,4.4560876,3.7060876,1.6160877,1.5060877,0.7960876,1.4860877
2.5460877,2.3460877,2.9160876,3.3160877,3.0360878,4.0260878,3.2560875,4.0660877,5.0560875,5.3560877,6.3160877,5.3360877,6.006088,6.6260877,5.8260875,6.256088,5.156088,4.216088,3.6460876,3.6260877,4.0760875,2.3360877,3.0660877,3.5060875,3.8460877,4.0160875,4.1360874,4.156088,2.6160877,2.8260877,1.9760877,1.9460876,1.5460876,0.81608766,1.2060876,1.4160876,1.3460877,2.9360876,3.3760877,2.9860876,1.7960876,1.4160876,1.0860877,3.9860876,2.6260877,3.4060876,3.9060876,4.486088,4.3660874,4.406088,3.1060877,2.3860877,1.6260877,0.88608766,0.21608764,-0.6939123,-0.61391234,-1.1339123,-1.4739124
0.87608767,0.6660876,1.2060876,1.6560876,3.1660876,1.8660877,2.8660877,3.1460876,3.7160876,4.7060876,5.256088,4.8160877,4.0160875,5.0760875,4.4560876,3.9460876,4.156088,3.3360877,2.8260877,1.9460876,1.7960876,1.4860877,1.5860877,1.2560877,2.0260878,1.7660877,1.7660877,2.1260877,1.8060876,2.1360877,0.83608764,1.0860877,0.87608767,-0.013912354,-0.22391236,1.0060877,0.49608764,-0.99391234,0.78608763,2.5360878,1.6660876,-0.12391236,0.016087646,0.71608764,1.1860876,2.4560876,2.0860877,2.0060875,1.7860876,1.8260876,1.2760876,-0.43391237,-0.97391236,-1.8939123,-2.5839124,-3.1639123,-3.2339125,-3.8039124,-3.9039123
-2.5539124,-1.6039124,-0.5039123,-0.49391234,0.35608765,1.0760876,1.1560876,1.8360877,2.1360877,2.5760877,1.8060876,0.95608765,0.39608765,2.4860876,2.7160876,3.0660877,2.0060875,1.6260877,1.0160877,0.22608764,-0.18391235,-0.11391235,-0.17391235,0.71608764,0.23608765,0.46608764,1.0860877,1.2160877,0.28608763,0.116087645,0.38608766,-0.6439124,0.15608765,0.33608764,-0.30391234,-0.22391236,-0.35391235,0.39608765,-1.0339123,-1.0039123,-1.4039123,-1.2839123,-1.0639124,-0.033912353,0.35608765,-0.16391236,0.09608765,0.076087646,-0.22391236,0.06608765,-1.2939124,-2.6639123,-3.7739124,-4.8939123,-5.533912,-5.6839123,-5.9839125,-5.9039125,-5.2039123
-2.9339123,-3.0239124,-2.0439124,-2.6139123,-1.1739124,-1.0039123,-0.61391234,-0.36391234,0.42608765,1.0860877,-0.10391235,-0.18391235,-0.5139124,0.32608765,1.8560877,0.37608764,0.5460876,0.8660877,-0.043912355,-1.3939123,-0.73391235,-0.79391235,-1.0239123,-0.54391235,-1.3139124,0.18608765,0.84608763,0.94608766,-0.26391235,-1.2339123,-0.61391234,-0.23391235,-1.2639123,-0.33391234,-1.0039123,-1.0539124,-1.3439124,-0.8239124,-1.6239123,-2.7739124,-2.7439125,-2.1939123,-2.1739123,-1.9239124,-1.7739123,-1.0039123,-1.5239123,-2.0239124,-1.9639124,-3.0739124,-3.5839124,-4.5839124,-6.0439124,-6.9139123,-7.8739123,-8.163913,-7.5439124,-7.4439125,-6.6839123
-4.6939125,-3.6139123,-2.5839124,-2.5139124,-2.6839123,-2.8939123,-2.6339123,-2.0239124,-1.2439123,-0.6339123,-1.3739123,-1.1539123,-0.79391235,-0.74391234,0.21608764,-0.49391234,0.35608765,-1.7139124,-1.5039123,-1.8939123,-1.8539124,-1.1539123,-1.2439123,-2.2839124,-1.0439124,-1.2439123,-0.36391234,-0.40391237,-1.4739124,-1.7939124,-2.5539124,-2.5939124,-2.8839123,-2.3639123,-2.2739124,-1.5939124,-2.6539123,-3.2739124,-2.6939123,-2.6039124,-2.8339124,-3.1239123,-3.7739124,-3.7039123,-2.9539123,-2.2939124,-3.4339123,-3.6039124,-3.7239122,-4.8139124,-6.6739125,-7.3739123,-8.253912,-8.373913,-8.973912,-9.523912,-9.253912,-9.453913,-9.903913
-6.283912,-6.5039124,-4.3639126,-3.9139123,-3.8039124,-3.9639122,-3.3939123,-3.1939123,-3.1439123,-1.3639123,-1.4539124,-1.5639124,-0.86391234,-0.36391234,-0.97391236,-1.6439123,-2.4639122,-2.2839124,-2.1339123,-2.0539124,-2.4039123,-2.9239123,-3.5639124,-2.6039124,-2.4539123,-2.0039124,-2.4139123,-2.3039124,-2.3839123,-4.3139124,-4.7539124,-4.263912,-4.7739124,-4.8639126,-4.3739123,-3.9739122,-3.5539124,-3.9139123,-3.8839123,-3.8839123,-4.6339126,-5.3739123,-4.4739122,-4.1539125,-3.2239122,-3.2339125,-4.1939125,-5.4139123,-5.8839126,-6.7239122,-7.6539125,-8.123913,-9.593912,-10.423912,-10.573913,-11.153913,-12.473912,-12.153913,-11.763912
-7.4639125,-6.533912,-4.7539124,-3.8239124,-4.9439125,-4.3739123,-3.6439123,-3.4339123,-3.0339124,-2.2239122,-1.6539123,-1.0139123,-0.7039124,-1.3639123,-2.5539124,-3.4939125,-3.6039124,-2.8739123,-2.7639124,-3.0739124,-3.7139122,-4.1639123,-3.9239123,-4.8639126,-3.9739122,-3.9639122,-4.8339124,-5.1239123,-6.093912,-5.9739122,-6.3939123,-6.8639126,-6.073912,-5.6839123,-5.7539124,-6.2239122,-5.803912,-6.073912,-5.9039125,-4.8739123,-5.4639125,-5.073912,-4.1339126,-3.6039124,-3.9639122,-3.7239122,-5.8139124,-7.573912,-8.063912,-8.423912,-8.463912,-9.383912,-10.993913,-11.903913,-12.093912,-13.363913,-13.393912,-13.823913,-13.313912
-8.013912,-6.993912,-5.243912,-4.7339125,-4.3639126,-4.6339126,-3.6139123,-2.9439123,-2.7239122,-2.1139123,-1.7539123,-1.0639124,-1.7139124,-2.5939124,-3.2339125,-3.2539124,-4.1439123,-4.4439125,-4.5039124,-5.7139125,-5.6939125,-5.5239124,-5.783912,-6.2039123,-6.533912,-6.0039124,-6.0439124,-7.9739122,-7.9839125,-8.573913,-8.633912,-7.9639125,-7.8639126,-7.7939124,-7.6539125,-7.553912,-7.993912,-8.363913,-6.5239124,-6.0839124,-5.3339124,-5.783912,-6.573912,-4.8539124,-3.6839123,-4.8139124,-6.9439125,-8.413913,-8.383912,-9.473912,-9.933912,-10.393912,-12.023912,-12.433912,-12.373913,-13.373913,-14.683912,-14.713912,-15.283913
-7.1239123,-6.823912,-5.9839125,-5.743912,-4.7239122,-4.1139126,-4.093912,-3.3139124,-1.8639123,-1.7039124,-1.4839123,-1.8139124,-2.9539123,-3.7739124,-4.2039123,-4.093912,-4.9839125,-5.9339123,-7.1439123,-7.1539125,-6.3639126,-6.8139124,-7.4839125,-7.4639125,-7.2039123,-8.373913,-9.073913,-9.603912,-10.813912,-10.583912,-9.573913,-10.273912,-10.063912,-9.173912,-9.273912,-9.733912,-8.983912,-9.173912,-7.2739124,-7.9639125,-6.5439124,-4.3639126,-8.543912,-4.9839125,-4.7039123,-5.9139123,-7.8939123,-9.913913,-10.263912,-10.493913,-10.303912,-11.673912,-11.913913,-11.803912,-13.053912,-14.043912,-13.6939125,-15.303912,-15.393912
-6.743912,-5.9739122,-6.0839124,-5.553912,-5.1939125,-4.4839125,-3.9539123,-3.0239124,-2.5639124,-2.4139123,-2.4039123,-3.7239122,-5.1039124,-5.8539124,-5.263912,-6.1139126,-6.553912,-8.093912,-8.683912,-8.053912,-8.063912,-8.043912,-8.083912,-8.393912,-9.123913,-10.653913,-10.743913,-11.313912,-12.813912,-12.593912,-11.983912,-11.613913,-10.653913,-10.553912,-11.963912,-12.033913,-9.963912,-9.613913,-11.143912,-10.873913,-8.863913,-8.413913,-7.6939125,-7.2139125,-7.1539125,-7.2939124,-9.043912,-10.923912,-11.433912,-10.633912,-11.023912,-11.883912,-11.303912,-11.243913,-13.213912,-14.043912,-14.313912,-14.153913,-14.493913
-6.343912,-6.343912,-5.4839125,-5.6439123,-5.6939125,-5.533912,-5.0039124,-4.0639124,-3.8139124,-3.7939124,-4.4239125,-5.343912,-6.8339124,-6.7139125,-7.553912,-7.6039124,-7.1739125,-8.333912,-7.9239125,-8.613913,-8.4439125,-8.523912,-9.253912,-9.473912,-11.313912,-11.393912,-11.973912,-12.773912,-13.343912,-13.213912,-13.313912,-12.313912,-10.713912,-11.823913,-12.123913,-11.353912,-11.233912,-12.163913,-14.243913,-13.033913,-10.983912,-10.323913,-7.4839125,-8.553912,-8.553912,-9.633912,-10.503912,-10.703913,-11.363913,-11.133912,-11.493913,-10.803912,-11.763912,-11.923912,-12.083912,-13.613913,-14.033913,-13.893912,-12.863913
-6.6639123,-5.843912,-5.7739124,-5.993912,-6.1639123,-5.9239125,-5.7039123,-5.4539123,-4.303912,-5.1639123,-6.053912,-7.093912,-8.643912,-9.383912,-8.263912,-8.263912,-8.073913,-8.913913,-8.9439125,-9.533913,-9.823913,-10.083912,-10.593912,-11.093912,-12.033913,-12.353912,-12.953913,-12.433912,-13.373913,-13.653913,-14.133912,-12.533913,-10.893912,-13.323913,-10.533913,-10.503912,-12.673912,-13.893912,-13.633912,-13.133912,-12.453913,-9.423912,-8.383912,-10.063912,-10.653913,-10.483912,-11.863913,-9.853912,-9.563912,-10.453913,-10.773912,-10.993913,-11.273912,-11.183912,-11.963912,-12.423912,-12.863913,-13.283913,-11.823913
-7.1639123,-6.4639125,-6.8539124,-6.3339124,-6.4339123,-6.803912,-7.2939124,-6.7239122,-4.843912,-6.3139124,-7.8839126,-8.483912,-9.633912,-9.723912,-10.033913,-9.733912,-9.803912,-10.9439125,-10.353912,-10.513912,-10.793912,-11.103912,-11.473912,-12.543912,-12.743913,-11.683912,-11.853912,-12.593912,-13.453913,-12.9439125,-13.963912,-13.773912,-13.703913,-10.263912,-8.243913,-11.873913,-14.293912,-15.203913,-13.063912,-12.213912,-11.563912,-9.843912,-8.893912,-10.373913,-10.423912,-11.1939125,-11.163913,-9.913913,-8.713912,-9.183912,-10.403913,-10.553912,-10.123913,-10.273912,-10.113913,-10.883912,-11.763912,-13.433912,-12.903913
-7.763912,-6.9439125,-7.4439125,-7.4439125,-6.8639126,-7.8539124,-7.593912,-7.2939124,-6.9039125,-7.2339125,-8.273912,-9.293912,-9.503912,-11.353912,-11.623913,-11.793912,-11.263912,-11.503912,-11.433912,-11.6939125,-12.483912,-12.703913,-13.633912,-12.213912,-12.523912,-12.1939125,-12.043912,-12.113913,-13.093912,-13.583912,-12.813912,-14.183912,-12.223912,-10.253912,-10.953913,-12.113913,-12.843912,-15.033913,-12.273912,-11.213912,-8.873913,-8.953913,-8.973912,-9.143912,-8.653913,-8.653913,-8.753912,-9.573913,-9.103912,-8.743913,-9.873913,-10.523912,-9.373913,-9.4439125,-8.723912,-9.503912,-11.783913,-13.4439125,-12.983912
-7.5239124,-7.2139125,-7.8639126,-7.9239125,-7.6839123,-7.553912,-8.503912,-8.623913,-7.8939123,-7.8739123,-8.733912,-9.953913,-10.573913,-12.213912,-12.853912,-12.853912,-12.6939125,-13.293912,-11.933912,-13.223912,-14.043912,-13.783913,-13.363913,-12.133912,-12.053912,-12.403913,-12.313912,-12.733912,-13.113913,-13.563912,-11.213912,-11.603912,-12.213912,-12.043912,-11.993913,-11.263912,-13.153913,-13.523912,-11.613913,-9.413913,-7.7239122,-8.013912,-9.083912,-8.473912,-7.1039124,-7.5039124,-8.263912,-8.123913,-8.283913,-9.623913,-9.253912,-9.713912,-8.743913,-8.283913,-8.333912,-9.093912,-11.323913,-12.143912,-13.263912
-7.843912,-8.603912,-7.4739122,-8.673912,-7.533912,-6.7139125,-8.623913,-8.873913,-8.253912,-8.283913,-9.343912,-9.983912,-12.1939125,-11.773912,-13.323913,-13.793912,-13.283913,-12.683912,-13.303912,-15.133912,-13.953913,-14.403913,-13.153913,-12.6939125,-11.333912,-12.643912,-12.673912,-11.613913,-12.233912,-14.003912,-13.043912,-10.543912,-11.233912,-11.983912,-11.993913,-12.753912,-12.393912,-13.283913,-11.613913,-9.423912,-7.0439124,-7.823912,-8.023912,-7.6439123,-7.3139124,-6.7739124,-8.553912,-6.5239124,-7.3739123,-8.313912,-8.793912,-8.763912,-8.123913,-8.423912,-7.263912,-9.383912,-10.513912,-13.063912,-12.803912
-8.413913,-9.833912,-8.833912,-7.3939123,-5.9839125,-6.7739124,-7.323912,-9.173912,-9.273912,-9.323913,-8.663913,-10.073913,-11.803912,-11.403913,-11.563912,-11.513912,-11.753912,-12.613913,-12.363913,-13.813912,-14.893912,-15.003912,-13.383912,-12.053912,-12.683912,-12.763912,-11.813912,-11.703913,-12.103912,-13.413913,-13.733912,-11.9439125,-11.503912,-11.743913,-13.233912,-14.553912,-12.703913,-11.883912,-11.793912,-9.303912,-8.6939125,-8.703913,-7.9339123,-5.9739122,-5.843912,-5.3839126,-6.9139123,-6.843912,-6.763912,-7.3939123,-9.363913,-8.703913,-6.9839125,-6.513912,-5.8739123,-8.343912,-10.283913,-11.973912,-13.063912
-9.913913,-9.613913,-8.513912,-6.5839124,-7.4339123,-6.2139125,-7.9239125,-9.543912,-9.213912,-8.9439125,-8.653913,-10.933912,-10.6939125,-9.833912,-9.533913,-9.763912,-9.753912,-11.123913,-10.243913,-11.363913,-13.233912,-13.573913,-11.623913,-11.153913,-12.083912,-10.613913,-11.683912,-12.563912,-11.873913,-11.883912,-14.423912,-12.853912,-11.313912,-12.543912,-14.773912,-14.403913,-12.673912,-10.013912,-10.373913,-8.483912,-8.613913,-8.343912,-7.2039123,-5.493912,-4.1439123,-4.743912,-5.823912,-5.6939125,-7.593912,-9.283913,-9.573913,-7.073912,-7.7939124,-6.6439123,-6.573912,-8.313912,-10.353912,-10.883912,-11.293912
