public/data/weather/2019/09/26/0000-wind-isobaric-250hPa-gfs-1.0.json
{"header": { "discipline":0, "disciplineName":"Meteorological products", "gribEdition":2, "gribLength":50283, "center":7, "centerName":"US National Weather Service - NCEP(WMC)", "subcenter":0, "refTime":"2019-09-26T00:00:00.000Z", "significanceOfRT":1, "significanceOfRTName":"Start of forecast", "productStatus":0, "productStatusName":"Operational products", "productType":1, "productTypeName":"Forecast products", "productDefinitionTemplate":0, "productDefinitionTemplateName":"Analysis/forecast at horizontal level/layer at a point in time", "parameterCategory":2, "parameterCategoryName":"Momentum", "parameterNumber":2, "parameterNumberName":"U-component_of_wind", "parameterUnit":"m.s-1", "genProcessType":2, "genProcessTypeName":"Forecast", "forecastTime":0, "surface1Type":100, "surface1TypeName":"Isobaric surface", "surface1Value":25000.0, "surface2Type":255, "surface2TypeName":"Missing", "surface2Value":0.0, "gridDefinitionTemplate":0, "gridDefinitionTemplateName":"Latitude_Longitude", "numberPoints":65160, "shape":6, "shapeName":"Earth spherical with radius of 6,371,229.0 m", "gridUnits":"degrees", "resolution":48, "winds":"true", "scanMode":0, "nx":360, "ny":181, "basicAngle":0, "lo1":0.0, "la1":90.0, "lo2":359.0, "la2":-90.0, "dx":1.0, "dy":1.0 }, "data":
[rows 125 to 149 of 181, columns 114 to 170 of 360]
11.878146,14.978147,17.578146,20.178146,21.578146,23.778147,25.278147,27.278147,27.978146,28.578146,28.678146,28.278147,27.878147,26.978146,27.578146,28.278147,27.178146,29.378147,27.978146,26.278147,25.778147,24.478146,25.678146,26.278147,28.078146,28.378147,25.978146,22.078146,20.678146,20.278147,18.878147,19.178146,19.978146,20.678146,21.278147,21.778147,21.878147,22.778147,23.378147,25.778147,27.378147,29.878147,30.778147,31.578146,32.578148,33.878147,35.978146,38.578148,41.078148,42.478146,43.178146,43.678146,43.378147,43.278145,43.678146,44.478146,45.478146
3.9781463,7.6781464,11.478147,15.078146,18.378147,22.478146,26.678146,28.478146,28.778147,28.678146,29.878147,30.778147,30.478146,31.378147,29.578146,30.378147,29.278147,30.078146,29.878147,27.478146,25.778147,25.178146,24.878147,25.078146,28.878147,26.978146,21.878147,18.078146,18.578146,19.078146,18.278147,18.778147,19.478146,21.378147,23.278147,24.978146,26.478146,26.778147,26.878147,27.278147,27.578146,28.678146,29.278147,29.678146,29.878147,31.078146,31.678146,32.178146,33.278145,34.278145,34.078148,33.978146,34.478146,35.278145,36.278145,37.278145,38.278145
9.678146,11.878146,12.978147,15.178146,16.978146,19.678146,21.778147,28.078146,33.078148,33.578148,32.078148,31.878147,31.978146,29.278147,29.378147,29.078146,30.778147,30.478146,30.578146,27.778147,24.678146,22.378147,22.378147,22.778147,22.378147,17.978146,14.678146,14.478147,16.578146,17.978146,17.578146,17.378147,18.378147,19.678146,21.878147,23.178146,24.478146,26.278147,26.978146,27.978146,28.878147,28.778147,27.778147,27.378147,26.978146,27.378147,28.078146,27.978146,27.378147,27.478146,26.478146,26.378147,26.578146,27.478146,28.178146,28.278147,29.278147
13.578146,15.078146,17.278147,18.778147,21.878147,23.878147,27.178146,29.778147,32.778145,35.178146,37.578148,35.978146,34.478146,33.478146,31.778147,31.478146,31.578146,29.778147,29.978146,26.378147,22.978146,20.778147,20.278147,18.878147,14.878146,12.778147,12.178146,13.578146,15.478147,17.778147,18.678146,19.678146,20.578146,22.078146,23.778147,25.378147,25.978146,26.378147,26.978146,27.278147,27.278147,26.778147,25.278147,25.478146,25.478146,25.678146,24.778147,24.778147,24.178146,25.278147,25.478146,25.778147,26.478146,27.078146,28.278147,29.678146,30.478146
17.678146,18.978146,21.978146,24.878147,26.378147,28.178146,30.878147,33.778145,35.378147,38.578148,39.078148,39.478146,39.378147,36.278145,34.378147,31.278147,30.578146,29.078146,27.278147,26.078146,22.578146,21.078146,18.278147,16.278147,11.878146,10.678146,9.978147,12.078146,15.178146,18.578146,20.578146,22.478146,24.078146,26.178146,27.878147,29.878147,30.478146,30.778147,30.178146,28.778147,26.878147,25.178146,24.978146,24.578146,24.078146,23.378147,23.778147,24.078146,23.978146,24.278147,25.578146,28.078146,29.978146,31.378147,32.778145,33.978146,35.178146
21.178146,23.878147,26.878147,28.878147,27.678146,29.478146,31.878147,35.578148,35.278145,36.678146,38.278145,36.378147,38.078148,39.078148,35.978146,33.178146,30.078146,27.578146,26.778147,24.878147,22.378147,21.478146,19.678146,17.178146,14.578146,12.678146,12.278147,14.178146,14.778147,15.478147,17.878147,21.378147,24.078146,26.678146,28.878147,32.178146,33.078148,32.078148,32.178146,30.478146,27.978146,25.578146,24.678146,24.178146,22.978146,22.978146,23.978146,24.178146,24.178146,22.978146,23.078146,25.078146,27.078146,28.578146,30.278147,30.578146,31.078146
25.778147,27.078146,29.778147,30.178146,28.678146,28.178146,31.178146,32.678146,30.878147,31.478146,32.578148,33.178146,33.678146,35.778145,37.278145,34.078148,31.478146,27.778147,26.778147,26.178146,25.278147,23.478146,22.978146,19.178146,17.878147,16.478146,16.078146,16.178146,17.578146,18.478146,21.178146,24.278147,26.278147,28.078146,28.378147,28.778147,27.678146,28.178146,29.878147,28.578146,26.678146,24.678146,24.078146,23.378147,22.778147,23.278147,22.978146,22.378147,20.978146,21.178146,22.378147,23.578146,23.678146,23.278147,22.378147,22.778147,24.278147
24.278147,26.678146,29.378147,27.278147,25.878147,26.078146,27.678146,27.278147,26.178146,27.078146,27.478146,29.678146,30.578146,32.278145,34.178146,34.678146,32.378147,31.478146,29.578146,28.478146,28.078146,28.078146,26.978146,23.778147,21.978146,20.578146,19.078146,18.378147,22.078146,23.478146,24.878147,26.078146,27.378147,28.578146,24.078146,23.678146,22.478146,22.678146,22.878147,23.878147,22.878147,23.078146,23.778147,22.978146,22.478146,22.378147,20.378147,18.678146,18.678146,19.578146,17.978146,16.778147,15.978147,16.778147,18.478146,21.678146,24.278147
21.578146,24.678146,24.678146,23.178146,22.478146,22.878147,23.778147,23.278147,22.478146,23.478146,24.178146,26.278147,28.178146,29.078146,31.278147,32.578148,32.878147,33.078148,33.178146,32.478146,31.778147,31.678146,30.478146,28.778147,25.178146,24.478146,23.078146,21.578146,20.678146,21.778147,24.678146,23.878147,26.778147,26.378147,19.978146,19.878147,20.078146,20.378147,21.478146,21.378147,21.578146,22.878147,23.578146,22.178146,21.978146,20.978146,17.678146,16.678146,14.878146,12.578146,13.378146,15.378146,17.378147,18.978146,20.578146,23.478146,26.878147
20.578146,21.578146,20.678146,19.578146,18.878147,20.178146,20.478146,20.878147,20.378147,21.678146,22.678146,24.278147,25.178146,26.678146,28.978146,31.078146,30.178146,30.978146,33.478146,33.278145,32.978146,33.278145,32.178146,30.778147,27.778147,26.578146,26.078146,23.878147,22.278147,21.678146,22.378147,22.478146,23.178146,21.978146,19.378147,17.178146,18.478146,20.678146,21.578146,20.778147,21.978146,22.678146,22.278147,21.678146,20.778147,17.578146,15.278147,13.178146,12.978147,14.078146,15.778147,17.678146,20.078146,22.378147,23.478146,22.778147,23.478146
19.578146,19.978146,18.678146,17.678146,17.478146,17.978146,18.678146,18.578146,19.278147,20.178146,21.578146,22.578146,23.478146,24.478146,26.778147,27.578146,29.078146,29.378147,30.778147,31.378147,31.678146,32.478146,31.078146,29.178146,28.178146,27.478146,27.678146,25.978146,23.478146,21.878147,21.678146,19.078146,18.278147,18.878147,18.878147,19.878147,20.678146,20.378147,21.178146,22.478146,22.778147,21.978146,20.678146,20.078146,17.178146,15.178146,13.778147,14.878146,15.978147,16.678146,17.578146,20.778147,23.378147,20.378147,21.978146,18.078146,23.578146
18.978146,20.078146,18.978146,18.278147,17.378147,17.278147,17.378147,17.378147,18.378147,19.278147,19.778147,20.678146,22.078146,22.678146,24.578146,26.178146,27.578146,26.978146,28.878147,29.378147,29.878147,28.578146,28.778147,27.378147,25.678146,26.778147,28.078146,27.778147,24.378147,22.578146,22.178146,20.478146,16.378147,17.778147,18.378147,19.278147,20.878147,21.978146,22.178146,22.478146,21.678146,20.578146,20.078146,17.978146,15.678146,15.178146,15.878146,16.778147,17.378147,18.378147,20.478146,19.678146,19.778147,21.278147,21.678146,23.778147,23.978146
18.278147,20.478146,20.978146,19.878147,18.178146,17.278147,17.078146,17.178146,17.478146,18.478146,19.078146,19.778147,20.778147,21.978146,23.278147,25.078146,26.578146,27.378147,27.978146,28.778147,28.978146,29.478146,29.278147,28.478146,26.578146,24.878147,25.478146,27.078146,25.878147,23.478146,21.278147,20.978146,18.578146,16.378147,17.278147,18.278147,19.678146,19.878147,19.878147,20.378147,20.978146,20.578146,18.078146,15.678146,15.478147,16.378147,16.978146,18.578146,19.978146,18.778147,19.078146,19.978146,20.078146,21.078146,21.978146,24.678146,26.978146
20.478146,21.378147,21.378147,20.978146,19.378147,17.578146,17.078146,16.878147,16.478146,17.478146,18.778147,18.578146,19.978146,20.878147,22.378147,23.878147,26.078146,27.778147,28.478146,28.378147,27.078146,27.978146,29.278147,29.878147,30.078146,30.078146,30.078146,27.878147,25.778147,24.878147,22.478146,22.178146,20.378147,19.478146,18.178146,17.078146,18.278147,17.878147,17.178146,17.378147,17.978146,16.778147,14.778147,15.278147,16.178146,17.078146,18.878147,19.878147,21.278147,21.578146,21.478146,21.078146,21.478146,23.378147,25.178146,27.578146,28.978146
23.178146,23.178146,21.778147,21.078146,20.078146,17.978146,17.378147,16.478146,16.278147,16.378147,17.778147,18.078146,19.078146,20.478146,21.778147,23.078146,24.878147,26.078146,28.378147,28.378147,27.178146,27.778147,28.678146,29.578146,29.578146,28.478146,28.378147,28.378147,26.178146,25.178146,23.578146,22.478146,20.078146,17.878147,19.578146,18.278147,17.378147,17.578146,16.778147,16.378147,15.778147,13.778147,15.078146,16.078146,17.478146,18.978146,20.578146,21.678146,22.978146,23.678146,24.978146,26.078146,27.278147,27.778147,28.578146,29.378147,30.078146
25.678146,24.978146,22.978146,21.978146,20.578146,18.178146,17.078146,16.478146,16.078146,16.478146,17.278147,17.778147,18.378147,19.078146,20.878147,22.478146,23.278147,24.578146,25.878147,27.278147,28.378147,28.578146,28.478146,29.378147,28.178146,25.378147,23.778147,24.778147,24.778147,25.078146,24.578146,22.678146,20.278147,17.278147,17.878147,18.578146,17.778147,16.778147,15.478147,14.678146,14.378146,15.778147,17.578146,18.978146,19.678146,21.578146,22.078146,22.878147,22.978146,25.078146,27.778147,29.278147,30.378147,31.178146,31.878147,31.578146,31.078146
28.178146,26.678146,24.578146,22.578146,20.578146,18.178146,16.678146,16.778147,16.378147,16.678146,17.178146,18.378147,18.678146,18.378147,19.878147,21.378147,22.578146,23.578146,24.778147,26.478146,27.878147,29.478146,28.678146,28.778147,28.878147,28.378147,26.978146,25.578146,25.078146,25.378147,24.078146,22.678146,20.478146,18.978146,16.878147,19.078146,18.378147,17.078146,15.478147,15.878146,17.178146,18.678146,20.278147,21.978146,23.378147,24.078146,25.178146,25.778147,26.978146,27.978146,29.078146,29.778147,31.578146,32.278145,32.478146,32.378147,31.678146
29.778147,27.878147,26.478146,23.678146,21.278147,19.178146,16.978146,17.378147,17.378147,17.478146,17.778147,17.978146,19.178146,19.278147,19.178146,20.678146,21.478146,22.978146,24.778147,25.678146,26.278147,27.378147,29.878147,30.078146,29.378147,29.478146,28.978146,26.878147,25.078146,24.878147,23.778147,23.378147,21.078146,20.778147,18.078146,19.378147,19.078146,17.678146,17.678146,17.778147,19.178146,21.378147,22.678146,23.978146,24.578146,25.778147,27.678146,28.678146,30.078146,30.678146,30.078146,30.478146,32.178146,32.478146,31.878147,31.478146,31.078146
30.478146,29.278147,27.978146,24.578146,22.078146,20.578146,18.178146,18.178146,18.478146,17.978146,17.978146,17.678146,18.278147,19.178146,19.178146,19.578146,20.878147,21.878147,22.978146,23.378147,24.478146,26.778147,28.378147,28.378147,27.778147,28.078146,27.778147,25.678146,24.678146,24.578146,23.978146,23.678146,22.578146,21.378147,19.478146,19.078146,19.478146,19.178146,17.078146,18.478146,20.878147,22.878147,24.578146,26.078146,28.378147,30.778147,32.678146,33.278145,33.278145,31.178146,31.278147,32.478146,33.478146,32.578148,31.678146,30.778147,29.778147
30.378147,30.478146,28.078146,25.378147,23.578146,22.178146,19.778147,19.078146,19.478146,18.878147,18.278147,18.178146,17.578146,18.978146,19.078146,18.678146,19.478146,20.578146,20.978146,21.978146,22.978146,24.878147,26.178146,27.678146,27.478146,27.978146,26.378147,24.778147,23.778147,23.578146,23.678146,23.778147,23.678146,21.778147,20.478146,19.778147,19.178146,18.978146,19.078146,20.778147,23.378147,25.378147,26.878147,28.978146,31.878147,33.578148,33.478146,30.878147,30.378147,31.778147,32.778145,33.278145,33.978146,33.078148,31.178146,30.078146,27.078146
30.978146,30.578146,27.978146,26.178146,24.978146,23.078146,20.878147,19.978146,20.478146,20.178146,19.078146,18.678146,17.978146,17.678146,18.478146,18.178146,18.578146,19.078146,20.078146,21.278147,23.078146,23.578146,24.578146,25.578146,27.078146,26.478146,25.478146,24.778147,23.478146,23.678146,24.178146,24.278147,24.778147,22.678146,20.878147,19.178146,19.678146,20.478146,21.878147,23.978146,26.078146,27.778147,30.078146,30.578146,29.178146,28.278147,28.978146,30.278147,32.378147,33.378147,33.278145,34.678146,34.378147,32.978146,30.778147,27.778147,24.278147
31.778147,29.878147,27.578146,26.578146,24.878147,23.178146,20.978146,20.278147,20.078146,20.278147,18.978146,18.378147,17.878147,17.078146,17.378147,17.478146,17.778147,18.178146,18.878147,20.278147,21.478146,21.978146,23.578146,24.878147,25.678146,25.278147,25.178146,24.478146,24.078146,24.478146,25.078146,25.278147,26.078146,24.378147,22.778147,21.978146,21.178146,22.678146,24.878147,26.878147,27.378147,28.878147,29.478146,29.378147,28.778147,29.078146,29.378147,29.978146,31.178146,32.878147,35.178146,35.478146,34.478146,32.878147,29.078146,25.678146,22.678146
30.578146,28.778147,27.178146,25.778147,23.478146,21.878147,20.578146,19.478146,19.078146,19.378147,18.678146,17.778147,17.078146,16.278147,15.878146,16.178146,16.578146,16.978146,17.378147,17.978146,18.978146,20.578146,22.478146,24.078146,24.178146,23.778147,24.078146,24.778147,25.478146,25.678146,26.778147,27.778147,28.478146,27.878147,27.078146,26.878147,27.578146,29.078146,29.778147,30.678146,31.678146,31.378147,31.578146,31.278147,30.478146,30.278147,30.878147,32.878147,34.578148,35.878147,36.078148,35.678146,33.778145,30.578146,26.778147,24.178146,22.078146
29.178146,27.478146,25.578146,23.778147,21.678146,20.878147,19.878147,18.878147,18.378147,18.378147,17.378147,16.478146,15.878146,14.578146,14.378146,14.678146,14.978147,15.378146,15.678146,16.678146,17.878147,19.278147,21.178146,21.978146,22.578146,23.078146,23.578146,24.578146,25.178146,26.578146,28.578146,30.078146,31.278147,32.278145,32.678146,33.078148,33.378147,33.078148,34.178146,34.478146,35.678146,34.878147,34.478146,32.978146,32.878147,33.178146,34.678146,35.378147,36.978146,36.878147,36.178146,33.978146,30.778147,28.278147,24.978146,23.078146,21.478146
26.578146,25.478146,23.278147,21.078146,20.478146,19.078146,18.378147,17.478146,16.778147,16.578146,15.678146,14.678146,14.378146,13.378146,12.878146,12.978147,13.778147,13.578146,13.978147,15.478147,17.478146,18.978146,19.778147,20.878147,21.178146,22.278147,23.678146,24.978146,26.478146,27.978146,29.678146,31.778147,34.478146,35.978146,36.778145,37.778145,38.078148,38.178146,39.078148,39.778145,38.878147,38.778145,37.278145,36.978146,36.078148,36.478146,36.878147,37.578148,37.078148,35.778145,33.278145,31.078146,28.178146,24.678146,22.578146,21.078146,19.778147
