public/data/weather/2019/09/26/0000-wind-isobaric-10hPa-gfs-1.0.json
{"header": { "discipline":0, "disciplineName":"Meteorological products", "gribEdition":2, "gribLength":66202, "center":7, "centerName":"US National Weather Service - NCEP(WMC)", "subcenter":0, "refTime":"2019-09-26T00:00:00.000Z", "significanceOfRT":1, "significanceOfRTName":"Start of forecast", "productStatus":0, "productStatusName":"Operational products", "productType":1, "productTypeName":"Forecast products", "productDefinitionTemplate":0, "productDefinitionTemplateName":"Analysis/forecast at horizontal level/layer at a point in time", "parameterCategory":2, "parameterCategoryName":"Momentum", "parameterNumber":3, "parameterNumberName":"V-component_of_wind", "parameterUnit":"m.s-1", "genProcessType":2, "genProcessTypeName":"Forecast", "forecastTime":0, "surface1Type":100, "surface1TypeName":"Isobaric surface", "surface1Value":1000.0, "surface2Type":255, "surface2TypeName":"Missing", "surface2Value":0.0, "gridDefinitionTemplate":0, "gridDefinitionTemplateName":"Latitude_Longitude", "numberPoints":65160, "shape":6, "shapeName":"Earth spherical with radius of 6,371,229.0 m", "gridUnits":"degrees", "resolution":48, "winds":"true", "scanMode":0, "nx":360, "ny":181, "basicAngle":0, "lo1":0.0, "la1":90.0, "lo2":359.0, "la2":-90.0, "dx":1.0, "dy":1.0 }, "data":
[rows 78 to 103 of 181, columns 120 to 179 of 360]
2.91458,3.77458,3.71458,2.8745801,2.21458,1.97458,2.56458,2.54458,3.41458,2.40458,3.20458,2.8245802,2.3745801,2.67458,2.6045802,2.95458,2.51458,2.74458,2.23458,1.6445801,1.1545801,0.95458007,-0.49541992,-0.6354199,-0.6254199,0.9845801,2.17458,2.80458,2.8845801,1.49458,0.71458006,0.7445801,1.6645801,1.75458,1.0445801,1.23458,0.97458005,1.73458,1.5545801,2.5945802,3.1045802,3.45458,4.2645802,4.07458,2.8645802,2.47458,1.74458,1.1545801,0.4345801,-0.6954199,-1.00542,-1.4554199,-2.8954198,-2.74542,-3.09542,-2.31542,-1.77542,-1.4854199,-1.02542,0.034580078
2.93458,3.5745802,3.8445802,4.4545803,4.54458,3.3745801,2.96458,2.96458,2.70458,2.29458,1.4345801,1.5545801,1.7845801,1.85458,1.8945801,1.7745801,1.75458,1.9445801,1.5145801,0.77458006,0.78458005,0.59458005,0.2745801,0.5745801,0.29458007,0.38458008,0.5745801,1.1345801,1.4245801,1.5545801,0.6945801,1.6745801,1.2945801,0.8045801,0.5745801,0.4645801,1.46458,2.3545802,2.70458,3.1445801,2.94458,2.68458,3.24458,3.05458,2.80458,1.7745801,1.3145801,-0.24541992,-1.5954199,-2.1154199,-1.87542,-3.30542,-3.6454198,-3.72542,-3.3854198,-2.9054198,-1.8454199,-0.5654199,-0.025419923,0.21458007
2.91458,2.0945802,2.28458,2.90458,2.8645802,2.66458,2.41458,2.30458,2.3345802,1.37458,0.35458007,0.11458008,0.33458006,0.89458007,1.5645801,0.83458006,-0.06541992,-0.4754199,0.16458008,0.19458008,0.32458007,0.8645801,0.6745801,0.26458007,0.3745801,0.8045801,0.65458006,0.25458008,0.25458008,0.9345801,1.1745801,0.65458006,0.16458008,-0.40541992,0.034580078,0.4345801,1.21458,2.46458,3.6145802,3.68458,2.6045802,1.6445801,1.61458,0.8845801,0.08458008,-0.12541991,-0.43541992,-1.02542,-1.8254199,-2.3954198,-3.3854198,-3.77542,-3.07542,-1.8454199,-1.13542,-0.42541993,-0.8854199,-0.84541994,-0.8154199,-0.5654199
3.1145802,2.98458,2.52458,0.7645801,0.5145801,1.1745801,1.1545801,0.77458006,1.2045801,0.71458006,-0.13541992,-0.9254199,-0.96541995,-1.1854199,-0.85541993,-0.8854199,-1.0854199,-1.62542,-1.37542,-1.12542,-0.5554199,-0.8154199,-0.005419922,0.90458006,0.034580078,0.29458007,0.08458008,-0.30541992,-0.33541992,0.004580078,0.14458008,0.9245801,0.8845801,0.44458008,-0.12541991,0.64458007,0.3745801,0.4345801,1.0445801,2.3445802,1.9445801,1.5645801,0.42458007,0.12458008,-0.38541993,-1.4554199,-1.25542,-0.72541994,-2.34542,-3.26542,-3.32542,-3.22542,-2.25542,-2.56542,-1.64542,-1.12542,-0.35541993,-0.18541992,-0.015419922,0.32458007
1.7945801,1.8145801,1.4545801,0.96458006,0.24458008,0.36458007,-0.04541992,0.33458006,0.21458007,0.39458007,-0.4754199,-0.78541994,-1.4154199,-1.51542,-1.51542,-1.2954199,-1.87542,-2.04542,-1.4554199,-1.13542,-1.24542,-1.4154199,-1.0754199,-0.6454199,-0.42541993,-0.45541993,-0.5054199,-0.78541994,-0.3454199,-0.96541995,0.29458007,-0.055419922,0.104580075,0.33458006,0.6045801,0.95458007,0.7545801,-0.08541992,-0.7354199,-0.65541995,-0.23541993,0.8745801,0.5545801,-0.13541992,-0.19541992,0.41458008,0.6945801,0.83458006,1.22458,0.11458008,-1.7354199,-3.05542,-3.45542,-3.30542,-2.57542,-1.2054199,0.04458008,1.1945801,1.5345801,1.0745801
1.2745801,0.7545801,0.8245801,1.3845801,2.43458,2.3245802,1.34458,0.29458007,-0.7654199,-1.2254199,-1.00542,-1.89542,-1.4654199,-1.6154199,-1.6954199,-2.31542,-2.8754199,-3.07542,-2.69542,-2.93542,-2.1554198,-1.8354199,-0.3454199,-0.9954199,-0.85541993,-0.9854199,-0.84541994,-0.36541992,-0.53541994,-0.15541992,-1.65542,-1.9754199,-0.8654199,-0.8054199,-0.09541992,-0.4454199,0.08458008,-0.06541992,-0.5654199,-1.15542,-1.1754199,-1.3354199,-0.29541993,0.004580078,0.12458008,0.29458007,1.2045801,1.1745801,0.26458007,-0.26541993,0.04458008,-1.0554199,-0.5854199,-0.43541992,0.29458007,0.4645801,1.4145801,2.0745802,2.8845801,2.3845801
0.7445801,0.6645801,0.64458007,1.3145801,1.7845801,1.2945801,0.9945801,0.20458008,0.014580078,-0.21541992,0.034580078,-0.4454199,-0.91541994,-1.5454199,-1.1154199,-1.64542,-1.62542,-1.88542,-3.6454198,-3.51542,-2.77542,-2.6054199,-1.8554199,-0.48541993,-0.2854199,0.054580078,0.44458008,-0.39541993,-0.40541992,-0.72541994,-1.1054199,-1.9654199,-2.18542,-1.4154199,-1.62542,-1.9354199,-1.7354199,-1.3454199,-0.9554199,-0.8654199,-0.2554199,-0.5854199,-0.9854199,-1.38542,-1.02542,-0.41541994,-0.06541992,0.2745801,-0.29541993,-1.62542,-1.2954199,-0.32541993,1.6545801,1.25458,0.6745801,0.6945801,1.1845801,1.74458,2.1445801,2.00458
-0.2854199,-0.40541992,0.08458008,-0.005419922,0.53458005,0.90458006,-0.40541992,-1.00542,-1.1954199,-0.6154199,-0.7454199,-0.9254199,-1.8254199,-1.39542,-0.9954199,-1.6154199,-1.9154199,-2.04542,-2.3554199,-2.93542,-3.54542,-1.25542,-0.115419924,0.7445801,0.77458006,-0.79541993,-1.39542,-1.75542,-0.65541995,0.5045801,-0.005419922,-1.03542,-2.20542,-1.9554199,-2.07542,-2.19542,-2.95542,-3.04542,-2.1054199,-1.1054199,-0.075419925,-0.32541993,-0.48541993,-0.26541993,-1.1154199,-0.22541992,-0.21541992,-1.14542,-0.6154199,-0.18541992,0.6145801,0.89458007,1.86458,1.6345801,1.9445801,2.3445802,2.67458,2.66458,1.9545801,2.16458
-0.90541995,-0.8254199,0.024580078,0.9345801,0.5545801,0.8045801,-0.29541993,-1.62542,-2.21542,-1.4754199,-2.18542,-2.28542,-1.7954199,-1.8254199,-1.3454199,-1.8054199,-1.7254199,-1.9854199,-1.6154199,-0.42541993,-0.8354199,-1.03542,-0.7354199,-0.91541994,-1.38542,-0.24541992,0.19458008,0.42458007,0.034580078,-0.9354199,-0.91541994,-0.96541995,-0.90541995,-0.96541995,-1.8454199,-1.6954199,-1.6954199,-2.4154198,-1.8254199,-1.40542,-0.77541995,0.2745801,1.1845801,1.3045801,1.59458,0.48458007,0.26458007,0.8245801,1.3145801,1.9245801,2.02458,2.73458,4.03458,4.71458,4.81458,5.15458,5.04458,4.4745803,3.1145802,2.70458
-0.24541992,-0.66541994,0.16458008,0.58458006,0.25458008,-0.33541992,-0.3154199,-1.49542,-1.89542,-1.9754199,-2.09542,-1.74542,-1.14542,-1.1054199,-1.9654199,-2.6654198,-3.08542,-2.04542,-1.40542,-1.03542,-0.21541992,0.5645801,0.53458005,0.17458008,-0.9254199,-1.88542,-1.2254199,0.11458008,-0.2854199,-0.79541993,-1.3554199,-1.5654199,-1.13542,-1.00542,-0.8754199,-1.0654199,-0.15541992,0.53458005,0.36458007,-0.3154199,0.20458008,0.4345801,1.1345801,2.29458,2.98458,2.6345801,2.51458,2.45458,2.6445801,2.6145802,2.1245801,2.75458,3.47458,3.98458,4.65458,4.32458,4.43458,4.07458,3.6145802,2.80458
-0.33541992,-1.4854199,-1.7054199,-1.0754199,-1.3654199,-1.5654199,-1.8154199,-1.5554199,-1.02542,-0.7454199,-1.0654199,-0.9354199,-1.1054199,-0.8754199,-0.90541995,-1.1154199,-1.49542,-1.63542,-0.6454199,-0.30541992,0.13458008,0.23458008,-0.16541992,0.3045801,-0.14541993,0.18458007,0.48458007,1.24458,-0.3454199,-0.7354199,-1.0654199,-0.9854199,-1.37542,-1.62542,-0.2554199,-0.30541992,-0.20541993,1.10458,1.62458,1.6845801,2.3945801,2.6045802,3.16458,3.73458,3.29458,4.18458,3.53458,3.04458,2.8645802,2.78458,2.71458,2.8445802,3.1045802,3.26458,4.11458,3.53458,2.48458,3.45458,3.47458,3.1445801
-2.07542,-1.4154199,-1.90542,-2.28542,-2.6254199,-3.18542,-3.24542,-2.3854198,-1.64542,-2.55542,-1.9354199,-1.7354199,-1.9454199,-0.6254199,-0.66541994,0.42458007,0.4945801,0.28458008,-0.27541992,-0.6854199,-0.19541992,0.024580078,-0.18541992,-0.025419923,-0.78541994,0.52458006,0.5545801,0.34458008,0.6845801,1.47458,1.4545801,1.11458,-0.08541992,-0.13541992,-0.2554199,-0.10541992,0.08458008,0.9845801,0.89458007,1.9345801,2.20458,3.00458,2.46458,1.62458,2.8545802,2.81458,3.0845802,3.8745801,3.51458,3.6345801,3.8445802,4.10458,3.80458,4.25458,4.4545803,3.30458,2.8645802,3.54458,3.8745801,3.3245802
-0.7554199,-1.5454199,-1.8654199,-2.48542,-2.45542,-2.02542,-0.79541993,-2.00542,-1.9254199,-3.1254199,-4.0054197,-4.43542,-3.82542,-2.3554199,-1.2354199,-0.5154199,-0.5754199,0.41458008,0.19458008,-0.15541992,-0.26541993,0.36458007,0.77458006,1.4245801,1.6845801,0.6145801,0.84458005,1.0545801,0.78458005,0.52458006,0.4945801,1.71458,1.1445801,0.77458006,0.9445801,0.4045801,1.0345801,0.6045801,0.17458008,0.8145801,1.12458,1.6845801,0.8545801,1.3145801,3.19458,2.47458,2.76458,3.52458,4.10458,3.81458,4.17458,4.00458,4.40458,4.67458,4.56458,3.93458,3.68458,3.42458,2.74458,2.3445802
-1.3654199,-1.5654199,-2.3854198,-2.3654199,-2.6654198,-2.45542,-1.8354199,-2.31542,-2.34542,-2.01542,-2.43542,-3.1054199,-3.53542,-3.01542,-1.3354199,-0.22541992,0.14458008,-0.59541994,-0.30541992,0.5645801,-0.40541992,0.6045801,0.77458006,1.35458,2.1245801,1.98458,1.9545801,1.49458,1.1745801,1.21458,0.71458006,0.5045801,1.0145801,1.7645801,1.86458,1.47458,1.23458,0.59458005,0.6645801,0.3745801,0.16458008,0.3745801,0.8645801,2.28458,2.74458,1.98458,2.6345801,3.42458,3.54458,4.0145802,4.52458,4.75458,4.33458,3.8445802,3.44458,3.42458,3.50458,3.42458,3.1245801,2.25458
-0.40541992,-0.6854199,-2.1754198,-2.3554199,-2.56542,-2.25542,-2.19542,-1.0654199,-0.66541994,-0.3454199,0.09458008,0.33458006,-0.38541993,-1.49542,-1.6054199,-1.1154199,-0.09541992,0.26458007,-0.075419925,0.21458007,0.07458008,1.61458,1.59458,2.46458,2.6445801,1.3245801,1.0645801,1.4045801,1.9345801,1.5645801,0.9945801,0.24458008,-0.15541992,0.52458006,1.25458,1.7845801,1.8845801,1.5745801,1.98458,1.25458,0.44458008,0.65458006,1.3145801,1.9445801,1.5345801,0.9845801,3.31458,3.74458,3.79458,3.99458,3.95458,4.68458,4.44458,4.15458,3.66458,2.74458,3.5745802,4.35458,4.12458,3.53458
-0.025419923,-0.5554199,-0.9954199,-1.9154199,-3.06542,-3.07542,-2.53542,-2.06542,-1.8054199,-1.1954199,-1.0454199,-0.60541993,-0.3454199,-0.8654199,-0.7054199,-0.5854199,-1.65542,-0.71541995,0.004580078,-0.08541992,-0.22541992,-0.6954199,0.78458005,0.8545801,0.6945801,0.4345801,0.89458007,0.97458005,0.9145801,2.0945802,1.3245801,0.95458007,0.6845801,0.4945801,0.4045801,0.5445801,-0.10541992,0.7645801,2.03458,1.22458,1.72458,0.5645801,1.12458,1.3845801,1.0445801,1.4545801,2.06458,2.53458,3.1245801,3.47458,4.13458,4.13458,4.50458,5.28458,4.73458,4.60458,5.03458,5.23458,4.64458,4.27458
-1.0554199,-1.2054199,-1.5654199,-1.15542,-1.8154199,-2.1054199,-2.51542,-3.28542,-2.99542,-2.50542,-1.6954199,-1.40542,-0.7654199,-0.66541994,-1.1854199,-1.0754199,-0.60541993,-0.035419922,0.08458008,0.064580075,-0.16541992,-0.40541992,-0.08541992,-0.9854199,-2.24542,-2.07542,-1.4354199,-0.7454199,0.38458008,0.24458008,0.8145801,1.0445801,0.9345801,1.47458,0.48458007,-1.12542,-0.6954199,0.004580078,1.3845801,0.52458006,-0.09541992,0.6745801,1.1845801,0.9445801,2.01458,1.9045801,2.02458,2.3245802,2.22458,2.81458,3.06458,3.05458,3.97458,4.44458,4.35458,4.37458,4.4545803,4.10458,3.8245802,3.67458
-2.3554199,-2.76542,-2.4254198,-2.50542,-1.8554199,-2.6554198,-2.57542,-3.84542,-4.19542,-3.1554198,-2.51542,-1.4754199,-0.90541995,-0.24541992,-0.54541993,-0.19541992,0.52458006,0.7345801,0.3745801,0.054580078,-0.60541993,-0.59541994,-1.0754199,-1.4354199,-2.1354198,-3.32542,-2.84542,-1.8654199,-2.46542,-1.9754199,-1.90542,-1.2054199,-0.6754199,1.0745801,-0.19541992,-0.54541993,-0.5054199,-0.04541992,-0.48541993,-0.9254199,-0.9854199,-1.6854199,-0.54541993,0.024580078,0.9245801,1.7645801,2.47458,1.8145801,1.96458,1.75458,2.5845802,2.5845802,3.0845802,3.06458,3.26458,3.93458,3.04458,3.24458,3.1445801,2.6145802
-2.3554199,-2.82542,-3.1054199,-3.25542,-2.33542,-2.1754198,-3.58542,-3.69542,-4.30542,-3.25542,-1.75542,-0.43541992,0.5045801,1.21458,0.7945801,0.6045801,0.9845801,1.0445801,1.4145801,0.48458007,0.97458005,-0.85541993,-0.15541992,-0.5054199,-0.9554199,-1.1754199,-2.4054198,-2.9154198,-2.50542,-2.9254198,-2.74542,-2.34542,-1.9754199,-1.2954199,-1.03542,-1.7054199,-0.8854199,-0.79541993,-1.9254199,-0.9554199,0.18458007,-1.0654199,-0.9454199,-0.3754199,-0.2854199,-0.035419922,0.7945801,1.1445801,2.02458,2.5745802,1.7745801,2.3945801,1.74458,1.1345801,1.34458,1.2645801,1.5745801,2.01458,1.2745801,1.3945801
-3.53542,-4.31542,-5.65542,-5.67542,-4.34542,-3.94542,-4.35542,-4.62542,-3.58542,-2.1054199,-1.15542,1.0245801,2.04458,2.3445802,3.1345801,2.1145802,2.28458,1.10458,0.6745801,0.5645801,0.6745801,0.4645801,-1.4754199,-1.5554199,-1.40542,-1.24542,-0.77541995,-1.3054199,-2.03542,-1.99542,-3.49542,-2.48542,-2.6754198,-3.21542,-2.3854198,-2.1154199,-1.5554199,-1.0554199,-0.96541995,-0.15541992,0.024580078,0.28458008,0.24458008,-0.84541994,-0.22541992,-0.5754199,0.8145801,1.6945801,3.1045802,1.84458,1.8945801,2.19458,2.27458,1.1745801,-0.7454199,-1.0554199,-0.2554199,-0.8254199,-0.48541993,0.8045801
-4.66542,-4.57542,-6.14542,-6.55542,-6.34542,-5.7354198,-4.30542,-4.33542,-3.71542,-1.6754199,-0.5554199,0.5445801,2.3445802,2.91458,3.3945801,3.6445801,3.15458,2.70458,2.8345802,1.75458,0.42458007,-1.0554199,-1.88542,-1.6854199,-2.31542,-2.51542,-1.74542,-1.78542,-2.3654199,-2.77542,-2.34542,-2.97542,-2.8654199,-3.4054198,-3.8954198,-4.06542,-3.70542,-2.1754198,-1.7254199,-1.38542,-1.2154199,0.034580078,0.09458008,0.2745801,0.44458008,0.5445801,-0.15541992,0.9245801,1.2845801,1.0445801,1.2745801,1.87458,2.03458,0.04458008,-0.7054199,0.36458007,-0.23541993,-0.8954199,-0.36541992,-0.17541993
-5.65542,-6.41542,-7.14542,-7.42542,-6.95542,-6.5054197,-5.33542,-5.2754197,-4.34542,-3.9054198,-2.3554199,0.004580078,2.16458,2.8445802,3.71458,4.11458,3.71458,3.0745802,3.1245801,3.95458,3.23458,1.3345801,-1.3054199,-2.27542,-2.01542,-3.72542,-3.1554198,-4.06542,-4.09542,-3.51542,-3.96542,-4.07542,-3.56542,-3.34542,-3.97542,-4.2954197,-4.17542,-3.9254198,-3.05542,-1.4654199,-1.1754199,-0.9254199,-0.38541993,0.07458008,-0.90541995,-1.1054199,-0.6454199,-0.20541993,0.31458008,-0.32541993,0.31458008,1.24458,-0.04541992,0.14458008,-0.32541993,-1.1154199,-0.8754199,-1.24542,-0.85541993,-0.6354199
-5.14542,-7.2354198,-7.64542,-8.22542,-7.26542,-7.32542,-6.90542,-7.21542,-6.0254197,-4.5454197,-2.1054199,-0.4454199,1.4245801,3.0745802,3.79458,4.65458,4.03458,3.48458,2.1445801,3.55458,2.8645802,2.52458,1.98458,0.77458006,-0.72541994,-1.28542,-3.05542,-3.3854198,-4.71542,-6.0054197,-4.89542,-5.58542,-5.65542,-5.69542,-5.78542,-5.17542,-4.35542,-4.69542,-3.04542,-2.9154198,-1.7354199,-1.6154199,-1.3054199,-1.6654199,-2.19542,-1.8254199,-2.26542,-0.60541993,-1.25542,-0.79541993,-0.5754199,-0.2554199,-0.8254199,-0.15541992,-0.21541992,-0.8854199,-1.4754199,-1.39542,-0.5654199,-0.5154199
-4.90542,-6.39542,-7.58542,-8.15542,-6.36542,-6.96542,-7.18542,-7.01542,-7.17542,-5.21542,-3.20542,-1.4554199,0.14458008,1.9245801,3.46458,4.05458,4.59458,3.8445802,3.3245802,3.3945801,3.3945801,3.45458,2.80458,2.3645802,1.7845801,-0.21541992,-1.15542,-3.3554199,-4.5054197,-4.58542,-6.33542,-6.05542,-6.15542,-6.67542,-6.82542,-6.35542,-5.41542,-4.95542,-5.03542,-3.52542,-2.79542,-2.4154198,-1.4654199,-2.6654198,-2.79542,-1.8154199,-1.78542,-1.0854199,-0.72541994,-0.6954199,-0.2554199,0.47458008,-0.5854199,-0.5154199,-0.84541994,-0.96541995,-0.97541994,-0.66541994,-0.43541992,0.4345801
-2.20542,-4.84542,-6.56542,-8.48542,-6.94542,-6.7954197,-7.19542,-7.0454197,-6.5054197,-5.39542,-2.75542,-1.28542,0.45458007,1.46458,2.46458,3.1145802,2.0945802,3.1345801,3.8545802,3.06458,3.6445801,3.1145802,3.27458,2.3345802,2.80458,1.11458,-0.66541994,-2.6254199,-4.5454197,-4.31542,-5.87542,-6.84542,-7.03542,-8.00542,-6.33542,-6.61542,-6.2554197,-5.92542,-7.0454197,-5.34542,-4.40542,-3.49542,-2.1554198,-2.9254198,-3.83542,-2.70542,-1.89542,-1.5954199,-0.48541993,-0.9554199,-0.8354199,-0.9554199,-0.23541993,-0.48541993,-0.9254199,-1.01542,-0.8054199,-0.42541993,-0.20541993,0.29458007
-0.12541991,-2.31542,-5.30542,-8.12542,-6.80542,-7.17542,-6.0454197,-5.47542,-4.85542,-4.2754197,-2.9254198,-0.5554199,0.41458008,2.74458,3.47458,3.0845802,2.55458,2.68458,2.8745801,2.51458,1.5645801,0.25458008,0.5445801,-0.015419922,-0.30541992,0.5545801,-1.00542,-3.50542,-4.68542,-6.57542,-7.5454197,-7.70542,-8.84542,-9.47542,-8.69542,-7.40542,-7.16542,-8.08542,-7.38542,-7.37542,-6.0254197,-5.16542,-3.28542,-2.4054198,-2.9154198,-4.05542,-3.83542,-2.27542,-1.9354199,-2.1454198,-1.01542,-1.12542,-1.28542,-1.2254199,-1.03542,-0.035419922,0.32458007,1.10458,0.8545801,1.3945801
