public/libs/0000-wind-surface-level-gfs-1.0.json
{"header": { "discipline":0, "disciplineName":"Meteorological products", "gribEdition":2, "gribLength":78025, "center":7, "centerName":"US National Weather Service - NCEP(WMC)", "subcenter":0, "refTime":"2019-10-01T00:00:00.000Z", "significanceOfRT":1, "significanceOfRTName":"Start of forecast", "productStatus":0, "productStatusName":"Operational products", "productType":1, "productTypeName":"Forecast products", "productDefinitionTemplate":0, "productDefinitionTemplateName":"Analysis/forecast at horizontal level/layer at a point in time", "parameterCategory":2, "parameterCategoryName":"Momentum", "parameterNumber":2, "parameterNumberName":"U-component_of_wind", "parameterUnit":"m.s-1", "genProcessType":2, "genProcessTypeName":"Forecast", "forecastTime":0, "surface1Type":103, "surface1TypeName":"Specified height level above ground", "surface1Value":10.0, "surface2Type":255, "surface2TypeName":"Missing", "surface2Value":0.0, "gridDefinitionTemplate":0, "gridDefinitionTemplateName":"Latitude_Longitude", "numberPoints":65160, "shape":6, "shapeName":"Earth spherical with radius of 6,371,229.0 m", "gridUnits":"degrees", "resolution":48, "winds":"true", "scanMode":0, "nx":360, "ny":181, "basicAngle":0, "lo1":0.0, "la1":90.0, "lo2":359.0, "la2":-90.0, "dx":1.0, "dy":1.0 }, "data":
[rows 25 to 49 of 181, columns 171 to 227 of 360]
-1.7973657,-3.7573657,-6.3173656,-6.4873657,-4.307366,-4.2173657,-4.4173656,-1.8773657,-2.5673656,-1.8073658,-1.6973658,-2.0573657,-2.2673657,-2.6173658,0.66263425,2.5026343,0.65263426,1.3026342,1.5626342,1.0426342,1.7426343,1.2226343,1.9926343,2.9026344,1.6426343,2.7326343,1.3126342,1.1726342,2.7026343,3.1426344,4.1226344,2.2926342,5.072634,2.6826344,0.97263426,1.8026342,2.0526342,1.4926343,2.1426344,2.8226342,2.6826344,1.1126343,1.1226343,1.3226342,1.6326343,1.4426342,0.23263428,0.30263427,-0.6073657,0.5626343,1.0126343,0.8726343,-0.23736572,0.43263426,0.65263426,-0.6973657,0.36263427
-3.8873658,-1.7173657,-1.9873657,-1.8473657,-2.1773658,-2.7673657,-2.1473658,-0.9873657,-1.1273657,1.3126342,2.3826342,2.3726342,2.2126343,1.9426342,1.6926342,2.3726342,3.7726343,5.3126345,5.922634,5.9126344,3.0026343,3.6926343,2.9826343,4.5826344,5.6826344,3.9726343,2.9626343,3.3726342,1.7126343,2.8426342,1.4826343,1.4026343,1.5526342,2.0026343,2.3326342,2.3026342,1.9826343,2.8926344,3.1426344,2.7926342,1.4526343,0.08263428,0.83263427,0.8826343,2.1726344,1.8426343,0.4726343,-0.5673657,0.10263428,-0.6873657,-0.6773657,0.07263428,-0.6773657,-0.2773657,-0.8573657,-0.6273657,-1.1573657
-0.38736573,-5.327366,-4.4673657,-2.6373658,-2.8873658,-1.4673657,-0.6373657,1.3726343,0.83263427,2.3026342,3.7426343,3.4526343,3.1926343,3.3226342,3.7226343,3.1926343,3.1226342,4.5526342,5.1626344,5.922634,6.7426343,3.3126342,3.5526342,3.5926342,3.6926343,3.8026342,3.9926343,4.502634,3.8126342,1.7626343,2.1226342,3.3726342,2.2326343,1.3726343,1.6726342,1.4826343,1.7926342,0.7526343,-0.23736572,-0.6373657,-0.30736572,-0.057365723,1.0626342,0.11263428,0.5726343,-0.8073657,-0.90736574,1.1526343,-0.31736574,-0.34736574,-0.5473657,-0.077365726,-0.5673657,-0.5573657,-0.7573657,-1.0473657,-0.64736575
-1.5673658,-1.2673657,-2.7373657,-2.9573658,-1.9973657,-2.5973656,-3.1273658,-2.2973657,-0.14736572,1.1226343,2.5926342,3.4626343,3.7926342,4.7826343,4.8126345,3.4926343,2.8526342,3.6226342,4.7926345,5.362634,6.652634,7.5826344,3.8326342,3.4726343,4.0426345,4.0826344,3.3026342,2.4426343,1.8326343,2.6626344,2.7726343,2.2326343,2.1926343,0.65263426,0.41263428,-1.0773658,1.1426343,0.8626343,0.5126343,1.1826342,-1.1573657,-1.3473657,-1.7373657,0.77263427,1.0126343,-0.5573657,0.5726343,-0.91736573,-1.1773658,-0.12736572,-0.36736572,-0.59736574,-0.8873657,-1.1173657,-0.4073657,0.23263428,0.14263427
1.8726343,0.19263428,0.78263426,0.44263428,0.26263428,0.14263427,0.7326343,0.35263428,0.08263428,1.1426343,2.1326342,2.9626343,4.0426345,4.462634,5.132634,5.9526343,6.1026344,4.0226345,4.422634,5.4926343,6.3526344,6.8726344,8.0226345,6.712634,3.7726343,2.4526343,1.9626343,1.6326343,2.1826344,2.1426344,0.77263427,1.0026343,0.6326343,0.71263427,1.7926342,1.8226342,0.38263428,-1.7373657,-2.2773657,1.0026343,-0.14736572,-0.32736573,-0.117365725,-1.3473657,-0.25736573,0.60263425,-0.5773657,-0.057365723,-2.0873656,1.1026343,0.23263428,-1.2773657,0.07263428,-0.29736573,-0.7673657,-0.4673657,-0.22736572
9.912634,9.972634,4.4526343,3.0526342,2.6126342,2.4926343,2.0426342,1.9726343,1.7626343,1.4326342,2.3226342,4.152634,3.6926343,4.3326344,4.632634,5.072634,5.902634,6.4526343,5.7826343,4.982634,5.7426343,6.942634,6.322634,6.7626343,6.4126344,4.1226344,3.6126342,2.7526343,2.5826342,1.7926342,1.4426342,1.3226342,0.5726343,0.8626343,1.8726343,1.2626343,0.27263427,-1.6973658,-0.71736574,0.3726343,-2.2173657,-1.9973657,-5.3173656,-10.897366,-11.737366,-10.857366,-12.857366,-10.237366,-4.2973657,-2.2673657,-0.9473657,-1.7573657,-1.6973658,-0.10736572,1.8426343,0.2826343,-0.017365722
9.222634,7.8926344,7.092634,5.172634,4.342634,4.572634,4.962634,3.2126343,2.5426342,4.322634,3.0526342,4.0326343,4.672634,5.1026344,4.5826344,4.572634,4.732634,5.652634,5.4526343,5.692634,4.5526342,5.6026344,6.6026344,7.712634,7.7626343,6.4926343,5.5526342,3.5926342,4.112634,2.8226342,0.91263425,-0.64736575,-0.14736572,1.6526343,1.9826343,1.5426342,5.612634,2.6526344,3.1826344,0.45263427,-4.2573657,-4.9773655,-3.6273658,-0.66736573,-2.1973658,-4.497366,-3.6973658,-3.4773657,-5.077366,-12.377366,-12.417366,-2.5273657,-1.7773657,-1.3373657,-1.6273657,1.6426343,0.8726343
6.982634,7.5826344,6.592634,5.8026342,5.8926344,5.9526343,4.8126345,4.4926343,4.092634,5.2926345,4.5226345,4.172634,5.4526343,5.3726344,6.5226345,5.0426345,5.0126343,5.882634,4.9526343,5.0426345,5.942634,7.692634,6.632634,7.442634,8.062634,6.0126343,5.2226343,4.7626343,6.0426345,5.1226344,4.7226343,3.0726342,2.8226342,3.0726342,1.3826343,-0.6973657,1.4626343,4.212634,4.4126344,2.5926342,2.2526343,-0.6773657,-0.8673657,-2.5173657,-0.44736573,2.2326343,-0.52736574,-1.0273657,-0.6073657,-1.0773658,-3.1073656,-8.717365,-10.307365,-2.5673656,-3.7473657,-2.6173658,-0.8273657
6.2226343,7.6226344,7.252634,6.2226343,5.982634,5.902634,5.4926343,5.382634,4.7626343,5.3726344,5.8526344,4.8326344,5.7826343,5.902634,6.322634,6.5226345,5.922634,5.6826344,5.7926345,6.2026343,6.342634,5.942634,6.0826344,6.2226343,7.2426343,8.382634,7.5626345,6.2826343,6.672634,5.7026343,6.5526342,2.9526343,3.1126342,4.2226343,3.7226343,1.0426342,5.7226343,3.1826344,1.1826342,2.3226342,1.5026343,4.0126343,2.2926342,0.90263426,0.52263427,1.1526343,0.5726343,-0.58736575,0.4726343,1.6326343,1.5826343,0.9926343,-4.427366,-7.267366,-2.4073658,-2.9073658,-1.7873657
6.3026342,5.842634,6.7826343,6.382634,5.1426344,4.422634,3.9626343,3.5226343,5.7826343,6.0826344,5.3326344,5.4326344,6.0426345,6.362634,7.072634,7.4926343,6.8026342,6.692634,6.0626345,6.5126343,6.192634,4.5626345,5.902634,7.0526342,5.5426345,6.382634,7.0526342,6.692634,6.592634,3.9826343,2.1926343,5.1226344,8.292634,6.322634,5.2926345,3.7126343,-6.287366,-4.617366,-1.5573658,-0.7673657,-0.10736572,1.6526343,1.2626343,4.6426344,0.97263426,-0.34736574,-0.26736572,0.2826343,1.5126343,2.1126342,1.3826343,0.32263428,-0.087365724,-2.8073657,-4.347366,-2.3573656,-1.6973658
5.1626344,5.0526342,5.632634,4.5126343,3.4226344,4.0426345,4.8526344,6.252634,4.5426345,5.6826344,5.7026343,6.4726343,6.8026342,6.732634,7.4526343,7.4326344,7.6026344,7.1426344,6.482634,6.572634,6.5226345,6.8726344,7.9726343,7.212634,6.252634,6.2626343,6.7226343,6.2426343,6.152634,8.322635,9.042634,6.4326344,8.142634,5.8526344,3.8126342,6.1226344,6.2726345,6.0326343,7.732634,9.112635,9.922634,8.632634,7.3326344,7.1226344,6.7826343,3.7126343,1.4526343,0.8926343,1.9126343,1.3426343,-0.117365725,0.71263427,-0.6273657,-0.8273657,-1.0173657,-0.96736574,-0.25736573
5.232634,5.1226344,4.422634,2.6726344,3.1026342,3.5526342,4.9926343,5.7226343,6.112634,4.3526344,4.4726343,6.2726345,6.732634,6.962634,7.2826343,7.5126343,7.712634,7.2426343,6.8726344,6.9726343,6.1626344,6.002634,6.342634,8.852634,9.392634,10.072635,8.382634,7.3726344,9.882634,9.172634,8.142634,3.3626342,6.8926344,5.862634,6.7026343,7.9526343,8.032635,10.102634,10.362635,10.462634,9.312634,8.492634,7.6826344,9.112635,8.082634,4.8526344,2.3226342,3.0926342,2.8826342,1.1626343,0.2526343,0.2826343,-0.35736573,-0.31736574,-1.1973658,0.5526343,1.3026342
5.4526343,4.3526344,3.3926344,2.3826342,3.6526344,3.1026342,2.9926343,4.9326344,5.3926344,4.1026344,4.8326344,5.7426343,6.592634,6.2026343,7.2726345,7.3526344,7.4126344,7.6626344,7.0426345,6.9526343,7.2926345,3.9526343,8.322635,9.442635,7.002634,8.652635,9.842634,9.872634,8.472634,8.872634,8.972634,8.552634,8.392634,8.462634,5.752634,6.7926345,9.322635,9.512634,9.202634,9.842634,10.852634,10.922634,8.842634,8.362635,9.122634,4.9126344,4.0126343,3.0126343,2.0726342,1.9426342,1.2926342,1.6426343,1.8226342,-0.06736572,-0.8173657,0.48263428,0.40263426
4.9526343,4.2926345,3.9726343,3.8326342,3.6326342,2.8526342,2.2926342,4.1826344,3.4426343,2.9226344,3.8626342,3.3826342,3.6926343,3.5526342,5.5226345,6.8126345,6.2926345,6.3526344,8.012634,8.312634,9.192635,9.232635,9.092634,9.232635,9.282635,8.292634,8.782635,9.582634,9.252634,8.632634,8.732635,9.182634,10.102634,10.932634,10.162634,9.942635,9.002634,9.282635,8.7726345,9.912634,10.222634,11.142634,9.832634,8.352634,10.072635,6.8526344,3.6126342,2.4226344,2.5726342,1.3726343,1.6026343,2.3526342,1.8426343,0.49263427,0.7626343,1.2526343,1.2726343
4.2926345,3.4326344,3.7026343,4.1026344,4.2426343,4.1826344,2.2726343,4.2226343,3.6926343,3.0826342,3.3926344,4.3926344,5.192634,5.2826343,5.462634,5.9126344,6.4126344,6.482634,6.712634,7.2026343,7.752634,8.662634,8.682634,8.352634,8.232635,8.422634,8.652635,8.322635,8.702634,9.132634,9.642634,10.352634,10.952634,11.0226345,10.652635,10.492634,10.152635,10.212634,9.302634,9.302634,10.372634,11.282635,10.532635,10.062634,9.582634,7.132634,3.6626344,2.5926342,1.4226342,1.1626343,1.3226342,2.3926344,1.8126342,1.7726343,1.8826343,2.0726342,1.9026343
4.462634,3.5626342,3.6926343,4.362634,4.422634,3.8826342,2.5126343,3.6426344,2.8826342,2.8126342,3.4726343,4.502634,4.8326344,4.5526342,5.092634,5.3526344,5.8026342,6.0526342,6.112634,6.0426345,7.1226344,7.9126344,8.142634,8.5226345,8.482635,9.162634,8.562634,8.7726345,9.112635,9.672634,10.442635,11.972634,11.372634,11.122634,11.432634,11.242634,11.862635,12.452634,10.252634,9.912634,10.2726345,11.082634,11.502634,9.982635,10.202634,6.132634,2.8526342,2.3026342,1.0226343,1.1626343,2.7126343,2.3926344,1.5926343,1.7026343,2.7326343,1.7526343,2.2026343
3.3726342,2.6626344,2.9426343,3.6326342,3.8026342,2.4626343,2.3726342,2.8126342,2.3726342,2.5526342,2.9226344,3.7826343,3.6926343,3.7726343,4.1626344,4.7226343,4.8926344,5.192634,5.0426345,6.0526342,6.0226345,6.5526342,7.422634,7.7026343,8.302634,9.232635,10.732635,11.552634,12.122634,11.712634,11.282635,11.902635,12.362635,12.552634,13.112635,13.542634,13.832634,12.952634,11.472634,10.472634,10.152635,11.052634,11.442635,10.352634,10.762634,5.6626344,2.2826343,1.7326343,1.1226343,1.0226343,2.6726344,2.5226343,2.0226343,0.96263427,2.7826343,1.7626343,2.2126343
2.0226343,2.0326343,2.2926342,2.8026342,2.1326342,1.9826343,1.6926342,1.6326343,1.6826342,1.1026343,1.4926343,2.2026343,2.3326342,1.8726343,2.2226343,2.7526343,3.3326342,3.5426342,4.0826344,5.152634,5.442634,5.6426344,5.5826344,6.1226344,6.862634,8.852634,9.692635,10.402635,11.292634,11.492634,11.252634,11.092634,11.512634,12.372634,13.002634,12.942635,12.832634,11.932634,11.392634,10.212634,9.732635,10.592634,11.202634,11.042634,10.662634,8.242634,4.7226343,1.9726343,1.7226343,1.5826343,3.3226342,2.6626344,1.7326343,1.4926343,2.1626344,1.6726342,1.2826343
1.3326343,1.1726342,1.5226343,1.6426343,1.2826343,1.5026343,1.0426342,0.60263425,-0.5773657,-1.2373657,-1.3773657,-1.0773658,-1.5273657,-1.9573658,-1.2873657,-0.91736573,0.13263428,1.0426342,1.8726343,2.6726344,3.4426343,4.232634,4.572634,4.982634,5.9126344,6.7726345,7.8926344,8.782635,9.192635,9.322635,9.782635,10.122634,10.642634,11.012634,11.662634,11.572635,11.262634,10.312634,9.612635,8.882634,8.942635,9.942635,10.832634,10.462634,10.652635,9.822635,6.8026342,3.3926344,1.8426343,2.4126344,3.2526343,2.7526343,1.2626343,1.1526343,1.5926343,1.1526343,0.3426343
0.52263427,0.6226343,0.40263426,0.16263428,0.092634276,-0.10736572,-0.90736574,-1.3373657,-2.6773658,-3.3773658,-3.3973658,-3.2973657,-3.5373657,-3.6573658,-3.7273657,-3.7473657,-3.2873657,-2.4373658,-1.4373658,-0.22736572,0.7326343,1.9626343,2.7826343,3.4126344,4.2826343,5.1026344,5.9526343,6.6426344,7.3126345,7.9726343,8.602634,9.212634,9.712634,9.572635,9.712634,10.332634,9.632634,9.142634,7.862634,7.942634,8.182634,9.032635,9.532635,8.952634,9.912634,8.852634,5.8326344,4.192634,1.9626343,2.5526342,3.0726342,2.0726342,1.8226342,1.0126343,1.1926342,0.6226343,0.77263427
-0.38736573,-0.84736574,-0.7473657,-1.1273657,-1.0073657,-2.6573658,-3.3573656,-3.7073658,-4.2773657,-5.1073656,-5.0273657,-5.4773655,-5.867366,-6.267366,-5.9873657,-5.6073656,-5.4573655,-5.1273656,-4.3373656,-3.3573656,-2.4373658,-1.5473657,-0.58736575,0.7026343,1.3526343,2.2526343,2.9926343,3.9626343,5.3126345,6.2726345,6.712634,7.3326344,7.5426345,7.7826343,7.9526343,8.262634,8.482635,7.2226343,7.2226343,7.212634,7.442634,7.5626345,7.5326343,7.882634,8.482635,7.8326344,5.6226344,4.0626345,2.9226344,3.7826343,2.4226344,2.3726342,2.0126343,2.3826342,0.7526343,0.46263427,-0.5773657
-0.45736572,-2.6573658,-2.5973656,-2.3873658,-3.8873658,-5.4473658,-6.2573657,-6.907366,-6.617366,-6.557366,-7.4873657,-7.8773656,-7.597366,-7.9173656,-7.6473656,-7.5673656,-7.267366,-6.887366,-6.137366,-5.247366,-4.1973658,-3.4673657,-2.5073657,-1.2873657,-0.5673657,0.4726343,1.2226343,2.0526342,3.3326342,4.2026343,4.882634,5.4126344,5.5526342,5.5126343,6.6826344,6.6826344,5.6226344,5.5226345,5.862634,5.7626343,6.2426343,5.8526344,5.6426344,6.232634,6.0826344,5.4326344,4.982634,3.4026344,3.4426343,3.4126344,2.1726344,2.6826344,2.4726343,3.1626344,0.52263427,0.17263427,0.16263428
-2.5573657,-3.5473657,-3.8373656,-4.7373657,-6.2973657,-7.577366,-8.037366,-8.427365,-8.857366,-9.157366,-9.397366,-9.597365,-9.207366,-9.827366,-10.047366,-10.117366,-9.927365,-9.107366,-8.577366,-8.247366,-7.3773656,-6.037366,-4.8373656,-3.7573657,-2.0173657,-0.8873657,-0.3773657,0.36263427,1.9726343,2.6526344,3.3326342,3.4926343,3.7426343,5.0426345,4.1226344,3.3026342,3.1926343,3.4026344,3.9126344,3.8226342,3.0626342,3.6526344,4.212634,4.822634,4.9726343,4.572634,3.0726342,3.3026342,3.8626342,2.9926343,2.5426342,2.5726342,1.5826343,4.0426345,3.8926344,0.6926343,0.43263426
-4.077366,-4.4173656,-5.3773656,-6.9173656,-7.767366,-8.767365,-9.097365,-9.817366,-10.877366,-10.837366,-10.577366,-11.297366,-11.707366,-12.337366,-12.217365,-12.177365,-11.847365,-11.647366,-10.797366,-9.637365,-9.657366,-8.487366,-7.8773656,-6.4673657,-4.7173657,-3.5873656,-2.0373657,0.052634276,0.79263425,0.8226343,1.5926343,3.1426344,2.2626343,1.2126343,0.8926343,1.1426343,1.5026343,2.1726344,1.9226342,2.1226342,1.9326342,2.1826344,3.1426344,3.3126342,3.3126342,2.7126343,3.1126342,3.0526342,2.8726342,3.0726342,2.3526342,2.3726342,1.7226343,1.1826342,0.9226343,0.49263427,0.66263425
-5.0673656,-5.9773655,-7.6073656,-7.9573655,-8.487366,-9.877366,-10.797366,-11.037366,-11.857366,-12.247366,-12.487366,-13.327366,-13.337366,-13.657366,-13.927365,-13.867366,-13.067366,-13.317366,-12.097365,-10.567366,-7.7073655,-9.597365,-8.097365,-5.7973657,-5.0273657,-4.4173656,-2.8073657,-1.6073657,-1.3673657,-1.6273657,-1.3373657,-1.4773657,-2.0273657,-0.83736575,-0.037365723,-0.4673657,-0.0073657227,1.0126343,1.3026342,1.8326343,2.8326342,2.7526343,2.8726342,3.0826342,4.5626345,2.6826344,3.6126342,2.5926342,3.2526343,3.1226342,1.6926342,1.5226343,1.2926342,-0.8873657,-0.14736572,-0.39736572,0.19263428
