public/libs/0000-wind-surface-level-gfs-1.0.json
{"header": { "discipline":0, "disciplineName":"Meteorological products", "gribEdition":2, "gribLength":78343, "center":7, "centerName":"US National Weather Service - NCEP(WMC)", "subcenter":0, "refTime":"2019-10-01T00:00:00.000Z", "significanceOfRT":1, "significanceOfRTName":"Start of forecast", "productStatus":0, "productStatusName":"Operational products", "productType":1, "productTypeName":"Forecast products", "productDefinitionTemplate":0, "productDefinitionTemplateName":"Analysis/forecast at horizontal level/layer at a point in time", "parameterCategory":2, "parameterCategoryName":"Momentum", "parameterNumber":3, "parameterNumberName":"V-component_of_wind", "parameterUnit":"m.s-1", "genProcessType":2, "genProcessTypeName":"Forecast", "forecastTime":0, "surface1Type":103, "surface1TypeName":"Specified height level above ground", "surface1Value":10.0, "surface2Type":255, "surface2TypeName":"Missing", "surface2Value":0.0, "gridDefinitionTemplate":0, "gridDefinitionTemplateName":"Latitude_Longitude", "numberPoints":65160, "shape":6, "shapeName":"Earth spherical with radius of 6,371,229.0 m", "gridUnits":"degrees", "resolution":48, "winds":"true", "scanMode":0, "nx":360, "ny":181, "basicAngle":0, "lo1":0.0, "la1":90.0, "lo2":359.0, "la2":-90.0, "dx":1.0, "dy":1.0 }, "data":
[rows 78 to 103 of 181, columns 232 to 289 of 360]
7.3338866,6.7138867,5.993887,5.5438867,5.5438867,5.243887,4.533887,3.3938868,2.0138867,1.4438868,1.9438868,-0.7461133,-0.40611327,-4.256113,-3.9461133,-0.2861133,-1.3561133,-1.0261133,0.41388673,2.2538867,3.4638867,2.3138866,2.4538867,4.053887,3.0738866,3.2638867,2.4438868,0.8138867,-0.45611328,-0.8361133,-1.1661133,-0.85611326,-1.4361132,-1.9561133,-2.0161133,-2.2861133,-2.9461133,-3.1461134,-1.3561133,1.3938867,3.3638868,3.2538867,1.5538868,-0.24611329,1.0338867,2.9638867,1.5638868,0.6338867,-0.046113282,1.3938867,1.6938868,0.9838867,1.3538867,4.1838865,0.71388674,-2.2261133,-3.3561132,-0.9361133
7.4338865,7.1838865,6.533887,5.843887,5.033887,4.073887,3.1038866,3.0238867,2.9438868,2.8238866,1.4438868,1.4038867,2.1538868,2.1238868,1.3238868,1.5838867,0.8838867,2.1338868,3.0738866,3.3938868,2.9638867,3.4138868,4.0238867,3.8438866,3.5538867,2.0538867,0.7538867,0.023886718,0.03388672,-0.7561133,-1.1261133,-1.7861133,-2.9161134,-1.8761133,-2.7961133,-2.4461133,-3.0061133,-3.9461133,-2.8361132,-0.6261133,1.5338867,-0.5561133,-1.0161133,2.2438867,0.7638867,4.3738866,2.7038867,0.70388675,-0.15611328,1.5638868,0.7938867,0.9238867,1.6538867,4.8738866,1.1438867,-0.42611328,-0.6861133,-1.1061133
6.8338866,6.323887,6.0038867,5.533887,4.383887,3.6438868,3.3638868,2.7138867,1.0038867,4.5638866,3.1538868,3.8838868,4.6638865,4.3938866,4.033887,3.6038866,3.4438868,3.4038868,3.1338868,4.2938867,4.633887,5.363887,4.8538866,4.133887,3.0638866,1.4938867,0.5738867,0.32388672,0.35388672,-0.6261133,-2.1661134,-3.0961132,-1.7361133,-1.9761133,-2.3361132,-2.6861134,-4.096113,-3.8761132,-2.6361132,-1.9961133,-1.2361133,3.4238868,6.053887,3.2638867,1.2538867,2.8538866,1.3138868,2.2238867,2.5838866,1.2538867,1.2338867,0.5138867,0.8038867,0.043886717,0.0038867188,-0.7061133,-0.7661133,-0.91611326
6.863887,6.423887,5.923887,4.7938867,4.153887,3.8538866,3.0538867,3.5538867,5.553887,5.6438866,5.3738866,5.0038867,4.4838867,3.8938868,3.3038867,2.2038867,2.4138868,3.1738868,5.6238866,6.4138865,6.053887,5.2538867,4.533887,3.3938868,2.4738867,1.7338867,1.1238867,0.6938867,-0.0061132815,-0.8761133,-1.1161133,-0.8861133,-1.2161133,-2.2061133,-2.7561133,-3.1461134,-4.2861133,-3.8561132,-3.6061132,-3.1361132,-0.9961133,0.42388672,1.9738867,3.5338867,3.8838868,-0.026113281,0.24388672,2.3438866,-0.14611328,-0.03611328,1.2238867,-0.06611328,-1.5761132,-1.4961133,-1.1761132,0.05388672,-1.5861133,0.7538867
5.8938866,5.363887,5.4438868,4.343887,4.1038866,4.243887,5.4138865,6.5438867,6.743887,6.0638866,5.1638865,4.9838867,4.383887,3.3638868,2.4938867,3.0738866,5.2238865,6.033887,6.5438867,5.8738866,4.763887,3.4438868,3.2738867,2.6938868,1.8238868,1.2638867,1.7038867,0.64388674,-0.72611326,-1.1261133,-0.3161133,-0.8661133,-1.6961132,-2.8361132,-4.006113,-4.2661133,-3.6761134,-3.0361133,-3.0661132,-2.5361133,-1.8361133,-1.4561133,4.7238865,4.0838866,4.1438866,1.8738867,3.0838866,1.7438867,-0.26611328,0.47388673,0.23388672,1.6138867,0.65388674,-1.5061133,-1.1561133,1.1438867,0.5038867,-1.3461133
5.1038866,5.0238867,4.423887,4.3138866,4.9338865,5.2138867,6.0238867,6.4738865,5.323887,4.5038867,3.3038867,3.8938868,2.6238868,4.513887,5.5238867,6.2738867,6.823887,5.9538865,4.403887,3.5438867,3.1038866,2.4738867,2.3138866,1.2138867,0.8238867,0.29388672,0.39388672,-0.0061132815,-0.13611329,-0.30611327,-0.3461133,-0.9961133,-1.9161133,-2.5561132,-3.1861134,-3.9661133,-4.096113,-3.0161133,-2.8561132,-2.1561134,-1.2261133,0.9138867,5.0438867,5.5238867,4.133887,4.0638866,2.3638868,-0.5761133,-0.5761133,-0.33611327,-0.4161133,1.0838867,-0.16611329,-0.40611327,-1.0561132,-0.13611329,0.7538867,0.25388673
3.6138868,2.6938868,3.0138867,2.9938867,4.1838865,5.923887,6.4338865,5.553887,5.033887,5.7738867,5.573887,5.093887,5.423887,5.8738866,6.9138865,6.7338867,6.343887,5.133887,4.7138867,3.8438866,3.4338868,2.6238868,1.6538867,1.2638867,1.1038867,0.16388673,-0.09611328,0.6338867,0.11388672,-0.05611328,0.23388672,-0.48611328,-2.1561134,-2.8861132,-3.2261133,-4.676113,-5.0861135,-4.7661133,-3.1261132,-1.1961132,0.6038867,4.8338866,6.013887,5.2938867,5.9338865,4.573887,2.2238867,1.4638867,0.38388672,1.6138867,0.8738867,0.6338867,0.05388672,-1.1161133,-0.18611328,0.8638867,-0.72611326,-0.84611326
3.3838868,3.0138867,2.3238866,5.0638866,5.7338867,5.593887,5.133887,5.343887,5.2338867,4.6038866,5.113887,5.0838866,5.493887,6.363887,5.843887,5.5038867,5.4538865,5.113887,4.3938866,3.7738867,3.1338868,2.1738868,1.4438868,1.3738867,0.53388673,0.25388673,0.6138867,0.5138867,0.9438867,0.6938867,-0.46611327,-0.66611326,-2.1461134,-3.1861134,-3.2261133,-2.8761132,-2.2461133,-0.85611326,1.5638868,4.573887,5.0238867,5.743887,6.763887,6.4438868,5.9638867,5.4438868,5.1438866,3.8338866,1.5738868,2.4038868,1.6938868,0.5638867,-0.8161133,-0.30611327,-0.05611328,-1.3961133,-0.78611326,-1.2661133
3.2738867,4.823887,5.4538865,4.6238866,4.673887,4.7038865,5.383887,5.883887,4.9138865,3.9738867,3.3438866,3.6138868,4.2538867,3.9438868,4.653887,4.903887,4.573887,3.8538866,3.8938868,3.4838867,3.3638868,2.3538866,3.1538868,2.1638868,1.6838868,2.2738867,2.0538867,1.7438867,1.3038868,1.2838867,1.4138867,-0.43611327,-1.2261133,-0.2861133,0.103886716,2.3038867,4.673887,5.8338866,5.283887,7.1838865,6.5638866,6.9838867,7.423887,7.1838865,6.493887,6.4538865,5.533887,3.5138867,2.5538867,2.3838868,1.4038867,1.0938867,0.83388674,-1.0161133,-0.2561133,-0.5561133,-1.9661133,-0.14611328
4.093887,4.3138866,4.993887,5.153887,4.4638867,4.763887,5.153887,5.133887,4.6038866,3.9438868,3.2838867,3.3338866,2.8038867,3.4038868,4.033887,3.8538866,3.9238868,3.6138868,3.0238867,3.0038867,2.6038866,2.0938866,2.9638867,3.0238867,3.1838868,3.1338868,2.9738867,2.3738868,2.8138866,3.0138867,3.9438868,5.5038867,6.133887,6.4138865,7.9438868,8.993887,8.873887,8.503887,8.313887,8.403887,8.363887,7.9838867,7.9138865,7.0638866,7.013887,6.033887,5.903887,5.0638866,4.343887,2.9338868,1.8238868,-0.2561133,0.18388672,1.9538867,-1.0861133,-1.5261133,-0.84611326,-0.23611328
3.1038866,4.2038865,4.633887,4.2938867,4.6838865,4.3138866,5.053887,4.9338865,3.3538866,2.9038868,2.0538867,1.9538867,3.0938866,3.3838868,3.0538867,3.4338868,3.0238867,3.0638866,2.3938868,2.1438868,1.9138867,2.8838868,3.4138868,2.8138866,3.6638868,3.9338868,3.9938867,4.4338865,4.173887,4.3938866,5.573887,6.2138867,6.993887,8.193887,9.113887,9.143887,8.303886,7.4138865,8.433887,8.493887,8.523887,7.923887,6.8938866,6.6938868,7.2538867,5.743887,5.4738865,5.7138867,5.783887,3.1638868,-0.09611328,1.3438867,0.03388672,-1.8661133,0.28388673,-1.0961133,-0.8661133,-0.8061133
3.5638866,2.9838867,3.2838867,3.6538868,3.8338866,3.5638866,3.2438867,3.5438867,3.2738867,2.2938867,2.0438867,1.6538867,2.4238868,2.6838868,2.5138867,2.4438868,2.5938866,2.4338868,1.8238868,1.4338868,1.8838867,3.0538867,3.4038868,3.2538867,3.5438867,3.6638868,4.263887,4.3938866,4.783887,5.8738866,5.303887,5.4138865,7.093887,7.6438866,8.173886,8.853887,8.813887,5.153887,7.903887,8.783887,8.573887,7.8138866,7.633887,6.863887,6.743887,7.153887,7.803887,6.923887,5.5838866,-0.5761133,-0.17611328,-0.4461133,-0.97611326,-0.36611328,0.48388672,0.8838867,-0.5261133,-0.7361133
2.0338867,2.0838866,1.8738867,2.0838866,1.7638867,0.78388673,0.6138867,0.9438867,2.0038867,2.4338868,2.2738867,1.1838868,1.3338867,0.6238867,0.6338867,0.7238867,1.2838867,1.3238868,1.0238867,0.96388674,1.4138867,1.3438867,1.8738867,2.6738868,3.2738867,3.9638867,4.3738866,4.863887,5.7038865,5.8338866,6.053887,5.9438868,6.4838867,7.0638866,7.593887,7.533887,8.863887,7.1638865,10.153887,8.903887,8.773887,8.303886,7.9838867,8.793887,8.243887,7.9638867,7.383887,6.6938868,1.0038867,-0.15611328,-0.09611328,0.4338867,-0.9361133,-0.5861133,0.14388672,-0.96611327,0.28388673,0.24388672
2.3138866,1.6538867,1.7338867,0.8638867,0.6838867,0.59388673,0.043886717,1.3138868,1.9838867,2.7838867,2.1438868,-0.96611327,-0.8261133,-0.8961133,-0.9961133,-0.21611328,0.3338867,0.44388673,0.24388672,0.6238867,1.1038867,0.6038867,0.8638867,1.7438867,1.7138867,2.6138868,2.5438867,2.9738867,4.2138867,5.6638865,5.8938866,5.823887,5.4838867,5.9738865,6.0638866,6.2038865,6.653887,5.033887,6.7338867,7.4838867,7.993887,8.4738865,8.653887,8.043887,8.073887,7.0838866,6.3738866,6.743887,-2.1761134,0.20388672,-0.54611325,-0.026113281,-0.18611328,-0.71611327,-1.0961133,-0.5861133,-0.32611328,-0.29611328
3.6438868,3.7538867,2.7838867,2.1738868,1.4438868,2.1338868,1.3638867,1.6138867,2.1738868,2.5438867,2.7638867,0.8538867,0.29388672,-0.06611328,-1.4061133,-0.15611328,-0.33611327,-0.6961133,-0.9961133,-0.9261133,0.11388672,0.44388673,0.5738867,1.6138867,1.5538868,1.6938868,2.3438866,2.2738867,2.5138867,3.2138867,4.073887,5.2238865,5.6438866,6.3138866,6.4738865,6.763887,6.6438866,6.553887,7.3138866,7.8138866,8.513886,7.6838865,7.9538865,7.423887,7.133887,7.613887,6.613887,4.303887,2.6638868,1.0138867,0.32388672,-0.6761133,-0.21611328,-0.4461133,-0.3861133,-0.08611328,1.0338867,-0.14611328
3.9238868,3.9938867,3.7038867,2.4638867,1.4638867,1.2138867,1.9438868,2.5638866,1.3138868,1.8738867,1.0138867,2.3738868,1.2838867,0.9338867,0.58388674,-0.36611328,0.47388673,1.0538868,-0.16611329,-0.5561133,-0.8161133,-0.16611329,-0.54611325,0.3338867,1.4038867,1.3338867,1.5838867,1.9838867,1.9138867,2.7938867,3.5438867,4.513887,5.5038867,5.4638867,5.673887,5.8338866,5.7938867,6.2738867,7.133887,6.6938868,6.6038866,6.1838865,6.3538866,6.6638865,7.323887,7.4138865,7.7538867,6.2738867,1.9838867,3.1738868,-0.6261133,-0.8361133,-0.8161133,-0.6461133,-0.6461133,0.44388673,1.2138867,0.45388672
3.5038867,3.3638868,3.6038866,3.5338867,3.0938866,3.0938866,1.9738867,1.9238868,1.6438867,0.89388674,1.7738867,2.6538868,1.8738867,0.9238867,-0.07611328,-0.40611327,0.5538867,0.5738867,1.1038867,0.16388673,-0.13611329,-0.08611328,0.3038867,0.4638867,1.0838867,1.6538867,1.6538867,2.3838868,3.0338867,3.5938866,4.0638866,4.6238866,5.5238867,6.0038867,5.9638867,5.783887,5.743887,6.133887,6.673887,6.783887,6.363887,6.343887,6.5038867,6.5438867,6.6238866,7.783887,9.593886,8.093886,1.5038867,0.28388673,-0.5561133,-0.53611326,-0.8861133,-1.0261133,-0.78611326,-1.4161133,-0.7661133,0.13388672
2.6638868,2.1338868,3.3838868,3.5338867,4.113887,3.3338866,3.0438867,1.8538867,2.2238867,2.0738866,2.1438868,2.3238866,2.3438866,1.5938867,1.4738867,0.28388673,-0.8761133,-0.48611328,0.3038867,0.70388675,0.42388672,1.1438867,1.7038867,1.2938867,1.3438867,1.0338867,2.1338868,2.7338867,3.3338866,3.6738868,4.053887,5.0038867,5.093887,6.173887,6.073887,6.2038865,6.7538867,6.8738866,6.383887,6.7338867,6.593887,6.2738867,6.7238865,6.593887,6.783887,7.3138866,8.553886,7.4638867,2.1738868,-0.6461133,1.3638867,-0.4461133,-0.5661133,-1.1461133,-0.8161133,-0.84611326,-0.8661133,-0.09611328
2.8438866,2.7338867,3.3138866,3.4538867,2.9638867,2.4738867,2.8238866,2.9538867,2.6638868,2.3038867,2.1038866,2.1438868,2.3438866,2.4938867,1.7138867,2.4338868,0.28388673,0.15388672,0.5438867,0.8838867,1.7038867,1.3838867,2.4138868,2.8038867,3.1638868,3.4338868,4.4338865,4.4338865,5.033887,4.9838867,5.0638866,4.493887,4.9838867,5.7238865,6.093887,6.5438867,7.3138866,7.243887,7.263887,7.343887,6.6938868,7.4438868,7.5638866,7.533887,7.3938866,7.133887,7.4838867,7.243887,6.9738865,-0.0061132815,-0.7061133,0.21388672,-0.42611328,-0.9261133,-0.17611328,0.5738867,-0.05611328,-0.18611328
1.8038868,2.3938868,2.1638868,2.6038866,3.5038867,2.0738866,2.6738868,2.1338868,2.4638867,3.0338867,2.8738868,2.7238867,2.6638868,2.3238866,1.7938867,2.8838868,2.1738868,1.7838867,1.2238867,0.84388673,2.1438868,2.0138867,2.1638868,3.5638866,3.8138866,4.593887,4.9738865,5.403887,5.573887,5.363887,5.2338867,5.423887,5.533887,5.923887,6.843887,6.863887,6.6638865,6.6238866,7.1038866,7.2238865,7.6638865,7.6938868,7.783887,8.373887,8.483887,8.233887,7.5238867,6.7138867,6.7938867,0.8238867,-2.5061133,-1.2561133,-1.2261133,-0.7461133,0.25388673,-0.09611328,0.023886718,-0.8661133
1.8038868,2.0938866,1.0838867,1.3038868,1.8038868,1.9138867,1.6338867,1.6238867,0.6938867,1.7938867,2.6138868,1.9138867,2.7238867,3.1538868,2.4638867,2.8738868,3.6538868,2.3438866,2.2638867,1.3138868,2.0538867,2.5838866,2.1638868,3.2838867,3.4938867,3.9638867,3.9638867,4.2538867,4.613887,5.4838867,5.9638867,6.0238867,6.343887,5.863887,6.513887,7.1938868,6.9338865,6.7938867,6.3538866,6.263887,6.9838867,7.3938866,7.6838865,8.233887,8.283887,8.093886,7.6638865,7.3138866,6.553887,2.9038868,3.2038867,0.45388672,1.2638867,-1.0261133,-0.3861133,-1.4561133,-0.3461133,-1.8261132
1.6338867,1.6838868,1.6538867,1.3238868,1.9238868,1.6138867,0.043886717,1.3738867,1.3438867,0.6138867,1.7138867,2.1938868,2.1938868,3.0738866,2.4138868,2.9438868,2.5838866,2.8438866,2.1938868,2.0038867,2.3938868,2.3938868,2.8038867,2.3738868,2.6938868,2.3038867,2.9238868,3.7438867,4.4838867,5.133887,5.383887,5.6038866,5.493887,5.6838865,5.403887,6.1038866,6.5638866,6.423887,6.1038866,6.1438866,6.6238866,7.113887,7.6638865,7.8538866,7.863887,7.903887,7.993887,7.513887,7.5238867,5.303887,0.6038867,0.48388672,-0.46611327,-0.4761133,-1.0661132,-0.4461133,-2.5161133,-0.66611326
1.4338868,1.6638867,1.5738868,2.2538867,1.6538867,1.5538868,1.6838868,2.8238866,1.5338867,1.4438868,1.4238868,1.1438867,1.2738867,1.6938868,2.5038867,2.6138868,1.9338868,1.5338867,1.7338867,1.7338867,1.9738867,1.3038868,1.5838867,2.5638866,2.1338868,2.3438866,2.9638867,3.4438868,3.8238866,4.093887,4.383887,4.9138865,4.8338866,5.1238866,5.283887,5.553887,6.0038867,6.033887,6.403887,6.7238865,6.6638865,6.903887,7.1938868,7.4338865,7.763887,8.103887,8.063887,7.7238865,7.4638867,7.2338867,1.6838868,1.4038867,-0.23611328,-0.7761133,-0.6861133,-0.90611327,-1.0761132,-0.0061132815
1.0738868,1.4438868,1.6838868,0.7438867,1.5138867,1.3938867,1.3438867,2.0838866,2.9238868,2.3738868,1.8938867,1.6538867,1.0638868,0.7338867,0.9138867,1.6038867,1.9138867,1.2838867,1.5038867,1.1238867,0.89388674,1.6038867,1.9838867,2.1338868,2.0038867,2.0738866,1.9838867,1.7538867,2.5938866,2.9238868,3.4338868,3.8338866,4.4738865,4.763887,5.3938866,5.5038867,5.923887,6.173887,6.493887,6.673887,6.8338866,7.073887,7.533887,7.4538865,7.4738865,7.2738867,7.6438866,7.763887,7.6038866,7.403887,5.9538865,0.8138867,-1.0461133,1.2138867,-0.19611329,-0.9261133,-0.5061133,-1.3961133
0.19388671,0.8838867,1.0638868,0.38388672,1.3338867,0.7938867,1.8138868,1.4738867,2.6238868,1.2138867,1.4538867,1.1038867,1.9038867,1.3338867,1.0938867,1.6138867,1.8438867,1.8738867,2.1138868,1.7438867,1.7538867,0.9438867,0.8838867,1.5238867,1.5638868,1.9438868,2.2938867,2.6238868,2.7038867,2.7838867,2.7038867,3.3038867,3.8338866,4.8538866,5.2538867,5.423887,5.553887,6.0238867,6.5438867,6.7538867,7.3138866,7.4138865,7.2938867,7.153887,7.113887,7.2938867,7.153887,6.993887,7.1938868,7.303887,5.903887,3.9438868,1.5238867,-0.84611326,0.84388673,1.3238868,2.3038867,-0.5861133
1.3538867,1.7538867,1.1938868,1.1938868,-0.30611327,0.5738867,0.5538867,0.38388672,1.6938868,1.2338867,1.0838867,0.24388672,1.1338867,0.78388673,0.4038867,1.1838868,1.2838867,1.0938867,1.5338867,2.0138867,1.3638867,1.9438868,1.7638867,0.9238867,1.2138867,1.7638867,1.6638867,1.3638867,2.3338866,3.0438867,3.3238866,3.3938868,3.9538867,4.653887,4.8738866,5.4438868,5.6438866,6.2038865,6.3138866,6.763887,7.0638866,7.4738865,7.7738867,7.783887,7.533887,7.1938868,7.303887,6.8338866,6.4138865,6.4138865,6.9638867,5.133887,-0.11611328,2.4538867,-0.39611328,0.20388672,-0.6161133,1.3638867
