public/libs/0000-wind-surface-level-gfs-1.0.json
{"header": { "discipline":0, "disciplineName":"Meteorological products", "gribEdition":2, "gribLength":78343, "center":7, "centerName":"US National Weather Service - NCEP(WMC)", "subcenter":0, "refTime":"2019-10-01T00:00:00.000Z", "significanceOfRT":1, "significanceOfRTName":"Start of forecast", "productStatus":0, "productStatusName":"Operational products", "productType":1, "productTypeName":"Forecast products", "productDefinitionTemplate":0, "productDefinitionTemplateName":"Analysis/forecast at horizontal level/layer at a point in time", "parameterCategory":2, "parameterCategoryName":"Momentum", "parameterNumber":3, "parameterNumberName":"V-component_of_wind", "parameterUnit":"m.s-1", "genProcessType":2, "genProcessTypeName":"Forecast", "forecastTime":0, "surface1Type":103, "surface1TypeName":"Specified height level above ground", "surface1Value":10.0, "surface2Type":255, "surface2TypeName":"Missing", "surface2Value":0.0, "gridDefinitionTemplate":0, "gridDefinitionTemplateName":"Latitude_Longitude", "numberPoints":65160, "shape":6, "shapeName":"Earth spherical with radius of 6,371,229.0 m", "gridUnits":"degrees", "resolution":48, "winds":"true", "scanMode":0, "nx":360, "ny":181, "basicAngle":0, "lo1":0.0, "la1":90.0, "lo2":359.0, "la2":-90.0, "dx":1.0, "dy":1.0 }, "data":
[rows 26 to 51 of 181, columns 174 to 231 of 360]
5.3538866,1.2738867,4.553887,3.7838867,4.6838865,7.6838865,8.933887,9.413887,8.963886,8.133886,7.0838866,6.6238866,5.3738866,4.363887,3.2538867,2.2738867,1.2238867,1.3538867,-0.03611328,0.12388672,-2.4861133,-4.2961135,-3.9061134,-2.8961134,-3.6161132,-2.5661132,-0.4461133,-0.79611325,-0.4761133,0.83388674,0.90388674,0.8838867,1.1238867,0.29388672,0.24388672,1.2038867,0.48388672,-0.07611328,-0.5661133,-0.7661133,-1.2661133,-0.22611327,0.05388672,-0.14611328,-0.27611327,-0.106113285,0.07388672,-0.23611328,0.3338867,0.4638867,-0.13611329,0.48388672,0.22388671,-0.27611327,0.24388672,1.1438867,1.1738868,0.78388673
2.6738868,2.3438866,2.8738868,8.013886,5.9438868,4.2138867,10.4738865,9.793887,8.423886,7.5238867,6.923887,6.1038866,5.673887,5.013887,3.6238868,2.0738866,0.41388673,-0.71611327,1.0438867,-0.9261133,-1.6061133,-3.2761133,-4.096113,-3.6661134,-1.8961133,-1.2361133,0.26388672,0.3638867,-0.6161133,-0.24611329,-0.8961133,-0.9461133,-0.72611326,-0.19611329,-0.9861133,-0.49611327,-3.6661134,-3.3061132,-2.8061132,-2.1761134,-2.8561132,0.32388672,-1.1261133,-0.54611325,0.03388672,-0.45611328,-0.65611327,-0.40611327,-0.27611327,-0.5161133,0.4038867,-0.90611327,0.013886719,-0.3461133,0.17388672,0.6638867,0.26388672,1.4338868
1.0838867,4.4438868,9.513886,10.103887,9.693887,8.583887,8.983887,8.463886,7.903887,7.283887,6.4138865,5.1038866,4.993887,5.0838866,3.7438867,1.4638867,0.29388672,-0.9561133,-3.1361132,-1.9061133,-1.5661132,-3.1161132,-2.3461132,-2.4161134,-2.1061132,-1.3261132,-0.45611328,-1.0061133,-1.9761133,-3.3961134,-1.9961133,-3.5561132,-2.6861134,-2.2961133,-1.7161133,-2.6661134,-3.1361132,-1.4261132,-1.4861133,-1.8861133,-0.96611327,-1.3861133,0.9338867,0.08388672,-0.90611327,-0.90611327,-1.2861133,-0.8761133,0.4338867,0.34388673,0.5738867,0.043886717,1.5838867,0.6938867,-0.7761133,0.26388672,0.6038867,-0.046113282
11.523887,11.933887,11.333887,11.393887,11.503887,11.063887,10.043887,8.833887,7.9738865,7.533887,6.6838865,6.363887,5.1438866,2.4838867,3.5538867,2.2338867,-0.8161133,-1.4161133,-1.9861133,-3.1661134,-3.6061132,-2.5961132,-3.5761132,-4.2961135,-2.4161134,-1.6461133,-1.1961132,-4.446113,-2.9461133,-2.6361132,-5.3961134,-6.506113,-0.32611328,-2.7661133,-1.4861133,-4.196113,-3.3361132,-2.1861134,-1.2561133,-3.3561132,-1.7861133,-0.7061133,-0.6461133,-0.11611328,1.3138868,1.2438867,3.7438867,3.6338868,1.2038867,2.3438866,1.8838867,2.5638866,2.5638866,1.9638867,1.9738867,-0.54611325,0.15388672,0.023886718
11.523887,11.683887,11.563887,11.403887,11.953887,11.193887,11.103887,9.843886,8.453887,7.5238867,6.9438868,6.613887,5.1238866,2.8538866,1.4438868,1.3838867,-0.5161133,-3.3161132,-3.5261133,-3.3861132,-4.5361133,-7.096113,-4.8361135,-4.4161134,-1.4561133,-1.7861133,-1.9361132,-1.3961133,-4.366113,-5.3561134,-6.7261133,-4.096113,-1.8761133,-2.2161133,-7.7861133,-3.9661133,-2.8661132,-3.7361133,-7.9961133,-7.2761135,-2.3961134,-0.79611325,1.5538868,3.4638867,-1.2661133,-2.1861134,-0.9861133,-1.0061133,1.0838867,2.7838867,5.7338867,4.8538866,2.8738868,0.48388672,2.5838866,0.70388675,0.5738867,-1.2161133
11.873887,12.033887,11.553886,11.633886,11.353887,10.483887,9.353887,9.7238865,8.593886,7.9538865,6.4838867,6.093887,4.5438867,2.7738867,1.5238867,-0.85611326,-2.7961133,-0.6861133,-3.1061132,-5.1261134,-5.7761135,-6.596113,-7.326113,-6.716113,-3.3561132,-2.9561133,-3.3861132,-2.7661133,-5.5261135,-6.736113,-4.506113,-1.9961133,-3.1361132,-6.7761135,-9.556113,-4.406113,-4.5861135,-7.926113,-4.866113,-0.24611329,2.1038866,1.4138867,1.1938868,2.1738868,3.2838867,5.4438868,10.753887,11.293887,2.1638868,-0.09611328,0.71388674,1.7638867,6.303887,3.1638868,2.3238866,2.5438867,1.4038867,2.0038867
12.263886,11.543887,11.233887,11.273887,10.483887,9.063887,8.293887,9.063887,8.443887,7.7238865,6.763887,5.153887,3.1438868,1.3838867,0.32388672,-1.7261133,-3.0361133,-2.5161133,-1.1561133,-3.4161134,-6.6661134,-7.6061134,-8.486114,-4.846113,-4.196113,-5.6261134,-5.256113,-5.756113,-7.1061134,-5.826113,-6.4161134,-1.9561133,0.9838867,-1.4761133,-6.8361135,-7.5861135,-5.8961134,-6.8161135,-2.4661133,1.4238868,3.1538868,3.2838867,2.2538867,3.5938866,5.403887,5.1238866,5.6938868,8.243887,9.093886,1.7338867,1.8038868,2.7538867,0.013886719,3.1338868,2.7738867,-0.5161133,0.11388672,-0.13611329
11.743887,10.963886,11.123887,10.753887,9.743887,8.823887,8.403887,7.673887,9.083887,7.823887,6.6438866,4.6638865,3.0538867,1.0538868,0.16388673,-0.71611327,-0.20611328,-0.3861133,-1.7361133,-4.696113,-7.176113,-7.096113,-6.5161133,-7.136113,-5.7961135,-7.5161133,-4.616113,-6.1261134,-4.966113,-2.9761133,-4.5661135,-6.946113,-0.20611328,0.70388675,-1.8661133,-10.656114,-8.586113,-3.5961132,-0.7561133,-2.0361133,2.4438868,2.2138867,0.5138867,2.4338868,5.093887,5.553887,7.383887,9.663887,11.113887,14.313887,14.353887,1.4238868,3.6338868,1.9938867,1.7638867,1.4038867,0.71388674,-0.0061132815
10.193887,10.763886,10.373887,9.283887,8.393887,7.613887,7.2238865,7.803887,8.583887,7.283887,6.2538867,4.593887,2.1438868,0.9738867,0.15388672,-0.3861133,-2.2161133,-2.5061133,-3.7061133,-6.1461134,-6.866113,-7.826113,-7.676113,-7.9361134,-6.926113,-7.4561133,-4.3561134,-1.7661133,0.38388672,-6.256113,-4.5661135,-5.6261134,-7.7661133,0.12388672,-5.486113,-7.7761135,-6.0261135,0.17388672,1.5638868,1.5538868,2.9438868,2.5538867,1.4538867,4.2738867,6.763887,8.403887,10.103887,13.433887,14.523887,13.233887,11.873887,8.363887,4.2938867,0.32388672,1.5038867,1.5738868,0.34388673,-0.07611328
9.763886,10.863887,10.033887,8.853887,8.983887,7.4838867,7.493887,7.9438868,8.143887,7.0238867,6.0638866,4.403887,2.2438867,-0.18611328,-0.7561133,-1.1661133,-1.5961133,-1.3661133,-2.0761132,-3.4861133,-5.826113,-7.616113,-4.4161134,-7.5361133,-5.1861134,-3.4061134,-3.6661134,-5.5361133,-4.696113,-3.7261133,-6.326113,-6.8061132,-8.286114,-4.676113,-2.1061132,-0.7461133,0.15388672,1.1438867,1.3438867,2.7838867,1.6538867,-0.016113281,3.4938867,6.323887,7.9538865,10.283887,11.793887,12.773887,12.333887,11.043887,10.083887,9.503887,6.633887,1.4638867,1.8038868,1.9938867,0.6238867,-0.2861133
10.933887,10.403887,10.433887,8.873887,8.503887,8.173886,8.453887,8.703887,7.613887,6.8538866,5.6238866,4.133887,2.2038867,0.28388673,-1.3661133,-1.4261132,-1.1261133,-0.4461133,-0.36611328,0.023886718,-5.486113,-6.486113,-7.136113,-6.346113,-8.326114,-6.1661134,-5.9361134,-6.0361133,-4.256113,-7.9961133,-6.5561132,-5.466113,-4.386113,-2.3161132,-1.6661133,-0.26611328,1.2338867,1.5138867,0.103886716,-0.33611327,-1.7661133,-3.1761134,3.0138867,7.4438868,10.093886,12.073887,13.983887,13.633886,12.343886,9.933887,9.253887,8.623887,6.9138865,2.4338868,2.2138867,3.6538868,-0.43611327,2.2138867
9.063887,9.543887,9.353887,8.323887,7.3338866,7.2038865,8.423886,8.2238865,7.553887,6.8738866,5.7338867,3.8738868,2.1338868,0.4938867,-0.8161133,-1.0961133,0.12388672,-1.3261132,1.5038867,-1.1561133,-4.0361133,-3.4461133,-8.976113,-8.376113,-8.566113,-6.4361134,-5.3161135,-6.2261133,-7.0861135,-7.426113,-3.7861133,-4.446113,-4.2061133,-0.18611328,-0.84611326,0.15388672,0.4038867,0.31388673,-0.8961133,-1.7361133,-3.7161133,-2.7261133,5.363887,8.903887,10.713886,13.063887,14.023887,12.813887,10.623887,9.173886,7.653887,7.173887,4.9338865,2.7638867,0.2738867,3.1938868,2.7838867,0.42388672
8.793887,8.423886,8.853887,8.283887,7.343887,7.2038865,8.433887,8.063887,5.9738865,5.673887,3.3138866,4.033887,3.3338866,2.0238867,0.4038867,-0.5761133,-1.2861133,-1.5761132,-2.3861132,-3.6061132,-4.0461135,-6.116113,-5.9561133,-9.146113,-7.946113,-5.3561134,-5.6061134,-6.5261135,-7.446113,-6.156113,-4.8161135,-4.4161134,-1.2561133,-0.65611327,-0.12611328,2.3038867,0.8738867,-0.48611328,-1.6761132,-2.7061133,-3.8161132,-3.7661133,5.903887,9.313887,11.013886,11.9738865,12.873887,11.193887,9.133886,7.9138865,7.1938868,6.1638865,4.133887,2.4538867,1.0038867,2.3238866,0.043886717,2.8838868
8.463886,8.063887,8.333887,8.4738865,7.4638867,7.2338867,7.7238865,7.7338867,6.8138866,5.743887,4.4538865,2.9338868,1.7838867,0.7438867,0.07388672,-0.7361133,-1.4261132,-2.0561132,-3.2661133,-3.9061134,-5.0661135,-6.2461133,-8.386113,-7.7461133,-7.3061132,-6.616113,-5.8061132,-5.9561133,-5.676113,-5.736113,-5.5361133,-4.5461135,-3.0361133,-0.79611325,1.2938867,2.9338868,1.4838867,-0.8761133,-3.0461133,-3.2561133,-4.4161134,-2.4761133,5.5238867,9.4738865,10.743887,12.793887,11.373887,9.983887,8.2238865,7.013887,6.2038865,5.263887,3.3938868,2.2338867,1.2038867,0.77388674,0.4638867,1.4038867
7.8738866,7.843887,7.8538866,7.6838865,6.4338865,7.133887,7.7538867,7.863887,7.1838865,6.2538867,5.073887,3.2638867,1.7038867,0.4638867,-0.2561133,-1.2961133,-1.8961133,-2.2961133,-2.5461133,-3.4861133,-4.8161135,-6.756113,-7.326113,-7.5161133,-7.426113,-6.0461135,-4.0661135,-4.886113,-4.696113,-5.826113,-5.9161134,-4.1861134,-3.9661133,-0.23611328,1.6338867,3.3938868,1.0738868,-1.5861133,-4.256113,-4.756113,-4.9561133,-3.9161134,5.9638867,9.563887,11.273887,11.933887,12.163887,9.803886,7.8938866,6.2338867,5.3938866,4.1438866,3.2238867,1.4938867,1.3338867,0.44388673,-0.30611327,0.6338867
7.3538866,6.8338866,7.4338865,5.6938868,5.573887,6.9138865,6.533887,6.423887,5.9538865,5.153887,4.323887,3.1238868,1.6538867,0.6238867,0.103886716,-0.8861133,-1.6361133,-2.4161134,-2.2761133,-3.0161133,-4.3361135,-5.4161134,-6.6661134,-6.966113,-6.2461133,-4.8761134,-3.6561134,-3.6161132,-4.9761133,-5.986113,-4.8161135,-3.1261132,-1.8561133,-0.4461133,0.103886716,0.6238867,0.09388672,-2.6961133,-5.1861134,-5.616113,-5.7061133,-5.3361135,5.7338867,9.813887,11.083887,11.633886,10.413887,8.643887,6.7738867,4.843887,5.2338867,3.4738867,2.7338867,1.6338867,2.0838866,0.26388672,0.7438867,1.0638868
6.2238865,6.0438867,5.9838867,5.323887,5.783887,5.9538865,5.8338866,5.1638865,4.533887,3.5538867,2.9938867,2.3838868,1.1338867,0.17388672,-0.6761133,-1.1261133,-1.3661133,-1.9761133,-2.6561134,-2.5561132,-3.6661134,-4.9161134,-4.756113,-5.326113,-5.656113,-4.966113,-4.7761135,-5.5861135,-6.156113,-5.176113,-4.866113,-3.5061133,-2.0461133,-1.2161133,-1.5661132,-0.91611326,-2.2761133,-4.4161134,-5.716113,-6.6661134,-7.0361133,-5.8561134,2.7338867,9.743887,11.703887,11.873887,10.453887,8.003887,6.263887,4.7338867,4.1038866,2.4438868,1.8738867,2.5038867,0.4938867,0.38388672,1.7238867,1.6238867
5.653887,4.9338865,4.493887,4.2538867,4.113887,3.9838867,4.513887,4.173887,3.4538867,2.9238868,2.4438868,1.7738867,0.9938867,-0.046113282,-0.49611327,-1.0461133,-1.6861132,-2.3961134,-2.7561133,-2.7161133,-3.5661132,-4.3161135,-5.156113,-5.736113,-5.966113,-6.1661134,-6.176113,-6.386113,-6.3061132,-5.1661134,-4.2861133,-3.5761132,-3.1361132,-2.8461132,-2.7261133,-2.2961133,-3.8861132,-5.616113,-6.096113,-7.116113,-7.0361133,-3.9361134,2.6538868,8.773887,10.493887,11.043887,9.093886,7.173887,5.3938866,3.5638866,3.3338866,1.5338867,0.8738867,0.84388673,-0.40611327,0.9738867,0.013886719,0.9338867
3.7538867,2.8938868,3.5238867,4.053887,4.8538866,4.6938868,3.8538866,3.1638868,3.2938867,3.1238868,2.5838866,2.3038867,1.5338867,0.9438867,0.13388672,-0.6461133,-1.5361133,-1.7761133,-2.6461134,-3.4061134,-4.506113,-4.7761135,-5.346113,-5.8361135,-6.3161135,-6.6261134,-6.9161134,-6.7761135,-5.886113,-5.2861133,-4.756113,-4.6861134,-4.466113,-4.0361133,-2.6061132,-4.0661135,-5.576113,-6.5561132,-6.5561132,-6.326113,-5.426113,-3.2061133,1.7838867,6.4138865,9.153887,9.543887,7.8338866,5.803887,4.053887,1.3838867,0.9138867,0.23388672,0.3338867,-0.6761133,-0.4761133,-0.6261133,0.65388674,-2.0661132
2.8038867,2.6638868,3.0038867,3.9138868,3.9438868,3.1838868,2.9738867,2.4738867,2.3838868,2.0138867,1.6938868,1.4638867,1.2038867,0.64388674,-0.2561133,-1.2561133,-1.5661132,-1.8461133,-2.4961133,-3.3761132,-4.426113,-5.196113,-5.8361135,-6.596113,-7.116113,-7.2661133,-6.9961133,-6.5661135,-6.236113,-5.9561133,-6.096113,-5.5861135,-4.6261134,-2.8661132,-4.3561134,-6.176113,-7.006113,-6.676113,-5.9561133,-6.136113,-5.6261134,-2.8161132,1.2138867,5.843887,8.573887,8.103887,6.2738867,4.9138865,2.5138867,-0.016113281,-1.2461133,1.7538867,0.12388672,-1.2361133,-1.8061132,-2.4561133,-2.2661133,-3.4361134
1.7438867,1.9338868,1.4738867,1.2538867,1.4938867,1.8438867,1.4938867,1.4738867,2.2838867,1.7838867,1.5538868,1.4138867,0.8738867,0.59388673,-0.03611328,-0.32611328,-0.5661133,-1.1261133,-2.3761132,-2.8761132,-3.1061132,-4.1061134,-4.4761133,-5.006113,-5.4761133,-6.6061134,-6.5561132,-6.426113,-5.986113,-6.2261133,-5.966113,-4.0361133,-3.6661134,-5.256113,-6.2461133,-7.446113,-7.1661134,-6.866113,-6.466113,-6.1461134,-4.756113,-0.21611328,2.2538867,6.8538866,7.593887,6.403887,5.303887,3.9338868,1.1438867,-0.6961133,-3.3661132,-1.0261133,-1.7561133,-2.5661132,-3.2861133,-3.5061133,-3.9861133,-4.156113
0.78388673,0.53388673,0.5538867,-0.46611327,-0.05611328,0.58388674,-0.24611329,-0.54611325,-0.016113281,-0.21611328,-1.1161133,-1.5361133,-1.9961133,-1.5361133,-0.8161133,-0.36611328,-0.79611325,-0.9361133,-1.3361133,-1.8461133,-2.5661132,-3.6061132,-4.576113,-4.9761133,-5.986113,-6.076113,-6.096113,-6.716113,-6.1861134,-7.076113,-2.4861133,-4.1061134,-6.256113,-7.1061134,-8.006113,-8.686113,-8.056113,-7.0461135,-6.7861133,-5.5361133,-2.8861132,-0.3161133,5.3338866,7.0838866,6.093887,5.4538865,4.1938868,2.6838868,0.70388675,-2.5161133,-4.5661135,0.7938867,-3.8861132,-3.6461134,-4.3561134,-5.0861135,-5.0461135,-5.736113
-0.11611328,-0.79611325,-0.6161133,-0.8261133,-1.2561133,-0.8261133,-1.1961132,-1.8061132,-1.6361133,-1.8661133,-2.1861134,-1.7461133,-1.7161133,-1.8561133,-1.3261132,-0.5761133,1.0538868,-0.15611328,-0.6361133,-1.1161133,-1.9961133,-3.3261132,-4.1061134,-5.2461133,-4.986113,-5.6661134,-6.1261134,-6.2061133,-4.596113,-5.2761135,-5.466113,-6.7661133,-7.6461134,-8.826114,-8.576114,-8.196114,-6.506113,-6.5461135,-5.886113,-4.136113,-1.1261133,1.4138867,7.613887,6.1038866,5.323887,4.6238866,2.8238866,1.6138867,-0.14611328,-2.2861133,-1.8461133,-2.2761133,-3.6861134,-4.0661135,-5.506113,-6.5261135,-6.5261135,-6.006113
-2.1461134,-3.0661132,-2.6561134,-2.7461133,-2.6761134,-3.1061132,-4.0461135,-4.8061132,-3.5661132,-2.9861133,-3.4061134,-2.4761133,-0.8361133,0.5538867,2.2738867,3.0838866,3.1338868,2.4638867,2.3138866,1.2938867,-0.11611328,-0.78611326,-1.4161133,-3.3661132,-4.406113,-3.9961133,-4.7061133,-5.466113,-5.886113,-6.636113,-7.5161133,-8.626113,-8.286114,-8.146113,-7.946113,-6.7661133,-6.2061133,-5.0161133,-4.5461135,-1.9661133,-3.5061133,3.2338867,6.7038865,5.6238866,4.6638865,2.9138868,1.3638867,0.29388672,-1.2461133,-3.0461133,-3.6161132,-3.2461133,-4.3761134,-4.926113,-6.3761134,-7.326113,-7.1861134,-6.346113
-3.7061133,-3.9261134,-3.1561134,-4.5661135,-5.216113,-5.5861135,-5.506113,-7.156113,-6.3761134,-5.196113,-4.2761135,-2.3661132,-1.4761133,-0.11611328,0.59388673,0.59388673,0.89388674,4.093887,3.1938868,1.2638867,0.53388673,-0.8961133,-1.8961133,-2.5861132,-3.5761132,-4.136113,-5.1861134,-5.7861133,-7.216113,-7.9761133,-7.946113,-8.296113,-8.246113,-7.2761135,-6.406113,-6.3161135,-5.116113,-5.176113,-4.2061133,-5.236113,1.4638867,6.423887,6.383887,4.7538867,3.2838867,1.8538867,0.8038867,-0.8861133,-2.2561133,-4.0661135,-3.5961132,-3.1161132,-5.366113,-5.326113,-5.9161134,-6.6061134,-7.4361134,-6.9161134
-5.3061132,-5.3361135,-5.5461135,-6.1861134,-6.8361135,-7.9161134,-8.366114,-7.5561132,-5.7461133,-4.756113,-1.2361133,-0.6861133,2.6638868,-1.9061133,7.053887,8.563887,7.513887,4.9538865,2.7238867,1.4138867,0.06388672,-0.85611326,-2.2261133,-2.7961133,-3.7761133,-4.7661133,-5.846113,-7.0361133,-7.3961134,-7.9161134,-6.946113,-7.2261133,-7.2061133,-5.4961133,-6.196113,-5.906113,-5.9961133,-4.8061132,-6.1261134,-4.676113,5.343887,6.573887,4.9438868,3.2638867,2.0438867,0.90388674,-0.046113282,-1.8261132,-3.4061134,-4.9561133,-5.406113,-3.3961134,-5.3161135,-5.0261135,-5.5561132,-5.9361134,-6.406113,-5.8761134
