public/libs/0000-wind-surface-level-gfs-1.0.json
{"header": { "discipline":0, "disciplineName":"Meteorological products", "gribEdition":2, "gribLength":78025, "center":7, "centerName":"US National Weather Service - NCEP(WMC)", "subcenter":0, "refTime":"2019-10-01T00:00:00.000Z", "significanceOfRT":1, "significanceOfRTName":"Start of forecast", "productStatus":0, "productStatusName":"Operational products", "productType":1, "productTypeName":"Forecast products", "productDefinitionTemplate":0, "productDefinitionTemplateName":"Analysis/forecast at horizontal level/layer at a point in time", "parameterCategory":2, "parameterCategoryName":"Momentum", "parameterNumber":2, "parameterNumberName":"U-component_of_wind", "parameterUnit":"m.s-1", "genProcessType":2, "genProcessTypeName":"Forecast", "forecastTime":0, "surface1Type":103, "surface1TypeName":"Specified height level above ground", "surface1Value":10.0, "surface2Type":255, "surface2TypeName":"Missing", "surface2Value":0.0, "gridDefinitionTemplate":0, "gridDefinitionTemplateName":"Latitude_Longitude", "numberPoints":65160, "shape":6, "shapeName":"Earth spherical with radius of 6,371,229.0 m", "gridUnits":"degrees", "resolution":48, "winds":"true", "scanMode":0, "nx":360, "ny":181, "basicAngle":0, "lo1":0.0, "la1":90.0, "lo2":359.0, "la2":-90.0, "dx":1.0, "dy":1.0 }, "data":
[rows 25 to 49 of 181, columns 57 to 113 of 360]
1.7426343,1.3626343,1.0626342,1.1826342,0.48263428,0.96263427,2.3326342,1.7426343,1.8226342,2.6526344,2.5326343,3.3926344,3.9326344,4.072634,4.962634,5.3726344,5.172634,4.942634,4.2926345,1.1026343,-1.2573657,0.07263428,0.07263428,0.032634277,1.4326342,0.24263428,-0.72736573,-0.24736573,0.45263427,1.3426343,0.13263428,-0.7473657,-0.9373657,-0.16736573,0.15263428,0.8926343,0.46263427,1.0126343,1.7026343,1.3426343,1.0426342,1.2726343,0.5626343,1.1526343,1.5926343,0.9326343,0.8126343,1.1826342,0.79263425,1.9926343,0.8226343,-0.057365723,-0.9373657,-2.5073657,-2.0973656,-1.1573657,-1.4473658
0.41263428,0.3726343,0.5126343,1.1326343,2.8326342,2.8726342,3.6826344,2.8126342,3.0726342,3.4126344,2.5326343,2.8226342,3.2726343,4.382634,4.752634,5.0226345,5.152634,5.3526344,4.4526343,3.6526344,2.2726343,0.8826343,0.85263425,2.6426344,1.5426342,-0.10736572,-0.29736573,0.7326343,0.6726343,1.2926342,1.8426343,1.2326343,2.2226343,0.49263427,0.46263427,1.4226342,1.2926342,1.3226342,0.8826343,0.8926343,0.5526343,0.46263427,0.9426343,1.0626342,0.8826343,0.9426343,1.1726342,1.7126343,1.5326343,0.9426343,1.4926343,1.9726343,0.97263426,-0.6173657,-3.7973657,-3.9173658,-2.8373656
-0.117365725,-0.087365724,1.2526343,0.58263427,1.7126343,1.9226342,1.9226342,2.1626344,1.7526343,1.8126342,1.7726343,1.5326343,2.2626343,4.5426345,4.442634,3.6326342,3.3726342,4.2926345,4.8026342,6.502634,3.9626343,2.2526343,0.90263426,0.9926343,0.8826343,0.53263426,0.5026343,0.5726343,0.9826343,2.0326343,2.2726343,0.85263425,0.6126343,0.97263426,1.1426343,1.1926342,2.4426343,2.5726342,1.5126343,1.3826343,2.0726342,1.5326343,0.8726343,0.52263427,0.71263427,1.1126343,0.9326343,1.4626343,2.0526342,2.1926343,2.7426343,2.2826343,2.3026342,2.2626343,1.5026343,0.5026343,-1.3773657
0.24263428,0.33263427,0.26263428,0.12263428,0.35263428,0.77263427,1.4026343,1.2926342,1.5226343,2.3226342,1.3026342,1.6326343,1.4126343,1.8426343,3.7326343,4.192634,5.4326344,4.7026343,4.152634,3.9326344,2.0926342,1.1026343,0.39263427,1.2026343,1.1526343,0.97263426,0.60263425,1.1526343,0.7626343,1.4526343,1.2226343,0.9826343,1.0726342,0.6126343,0.6426343,0.38263428,0.60263425,0.59263426,0.49263427,0.71263427,2.1326342,1.7326343,2.0326343,1.5726342,1.4526343,1.7026343,1.9026343,2.0026343,1.5526342,2.7026343,2.3126342,1.9526343,2.5926342,2.2726343,3.2826343,3.8426342,2.4826343
0.16263428,0.44263428,0.40263426,0.10263428,0.54263425,0.8226343,1.2526343,1.0126343,1.1526343,1.3726343,1.7126343,1.7226343,3.3126342,2.3226342,2.4926343,2.9626343,3.1526344,2.9326344,2.8926344,3.0826342,2.8326342,0.9926343,1.1726342,1.3326343,0.9826343,0.77263427,0.44263428,0.83263427,1.7626343,1.2926342,1.8026342,1.1626343,0.7426343,-0.25736573,0.23263428,0.46263427,0.5526343,0.5026343,0.6226343,0.97263426,0.7026343,1.3526343,2.2026343,2.4826343,1.8326343,2.3626342,1.9326342,2.7926342,2.5826342,2.7626343,2.5626342,2.1526344,3.1426344,2.7426343,3.4326344,3.3726342,3.6426344
0.7326343,0.71263427,1.8826343,0.8726343,1.3726343,1.3026342,1.5326343,1.8126342,1.9126343,1.9026343,2.2826343,2.2826343,2.5126343,2.3626342,2.5326343,2.2626343,2.2726343,2.5326343,2.7226343,1.9226342,1.4626343,1.0426342,0.8926343,1.4726343,0.8726343,0.84263426,0.8026343,1.2326343,2.2326343,2.3826342,3.6826344,1.4526343,0.7326343,0.39263427,-0.4373657,0.38263428,0.79263425,0.77263427,0.90263426,0.77263427,0.71263427,0.8026343,1.2026343,1.5926343,1.7526343,1.9926343,1.8926343,2.2326343,2.2026343,2.1026342,2.1426344,1.6726342,2.2326343,2.7626343,2.4926343,2.2426343,2.7126343
0.8126343,1.3626343,3.3226342,2.2526343,1.6126343,0.8626343,1.7126343,1.4526343,1.7726343,2.0826342,2.0626342,2.0726342,2.6726344,2.4926343,2.3626342,2.3526342,2.8626342,2.1126342,2.2026343,2.2626343,1.6126343,0.72263426,1.5726342,1.8226342,1.7526343,0.97263426,0.9226343,1.3526343,1.7326343,2.4326344,3.3126342,3.5726342,1.1126343,0.8026343,0.9326343,-0.28736573,0.36263427,0.97263426,0.49263427,0.5126343,1.1326343,1.4326342,0.8726343,1.2026343,1.4326342,1.2926342,1.2926342,1.5126343,1.7326343,1.7426343,1.0026343,0.7326343,0.54263425,0.9226343,0.9326343,0.9426343,1.1126343
1.1726342,2.6126342,2.7026343,2.9826343,1.9126343,1.1826342,1.4226342,1.4126343,1.7526343,1.8426343,1.9726343,1.9026343,2.4926343,2.3126342,2.3626342,3.2626343,2.5126343,2.1426344,2.5526342,1.8626343,1.3426343,1.5726342,2.2526343,2.2926342,1.4226342,1.0826343,1.5926343,1.3326343,1.5426342,2.1126342,2.7626343,3.3426342,2.1626344,1.4226342,1.2226343,1.1726342,1.2326343,1.4626343,2.2226343,1.9826343,2.0026343,1.4826343,1.3526343,1.8826343,1.3326343,1.9426342,1.5026343,2.4626343,2.4726343,0.9426343,0.3726343,0.15263428,1.0126343,0.9226343,0.43263426,0.7426343,1.1526343
2.8626342,0.49263427,2.4826343,2.6226342,1.6026343,1.8326343,1.8426343,1.3626343,1.1826342,1.6326343,1.4126343,2.0026343,3.0326343,2.9326344,2.4926343,2.8326342,2.4526343,2.1226342,1.7326343,1.9126343,1.2026343,3.1426344,2.5326343,1.3826343,1.4326342,1.1826342,1.6326343,2.3726342,1.7426343,3.0226343,2.9426343,3.0726342,2.5326343,1.8226342,1.7226343,1.4226342,1.7226343,1.9226342,2.4926343,1.9926343,2.5426342,2.9726343,2.4326344,3.4826343,1.3826343,2.8626342,2.6326342,3.0726342,4.3026342,5.3726344,3.8826342,2.5626342,3.2826343,7.6826344,2.4726343,-0.30736572,0.18263428
1.2226343,1.2226343,1.1926342,1.5226343,1.8726343,1.8826343,1.9426342,1.7826343,2.0726342,1.7526343,2.3026342,2.6726344,3.0226343,2.8926344,2.9926343,3.2826343,3.0226343,3.7526343,2.9426343,2.2726343,2.0626342,2.5526342,1.7626343,1.1826342,1.1826342,1.2326343,1.1826342,1.8426343,1.8526343,2.0426342,2.9926343,4.7926345,4.212634,4.0326343,2.0626342,1.9326342,1.6026343,2.4826343,3.8826342,3.8626342,4.1426344,4.4326344,4.3326344,4.152634,4.0626345,9.282635,5.172634,4.9726343,5.962634,4.322634,5.9126344,0.8926343,2.1926343,1.7926342,1.7026343,0.71263427,0.79263425
-0.6873657,-0.36736572,0.49263427,0.9926343,1.9926343,1.9126343,1.7226343,1.7226343,1.2326343,2.2326343,2.3126342,2.7126343,2.8626342,3.2226343,2.9126344,2.5726342,3.0726342,3.2426343,3.0126343,2.3026342,3.1426344,3.3526342,1.7426343,1.6026343,1.6026343,2.1426344,0.38263428,1.2826343,2.1026342,2.1326342,2.0526342,1.2526343,2.2826343,1.5026343,0.59263426,0.85263425,1.3826343,0.78263426,0.9326343,1.3226342,2.3626342,4.2226343,2.7426343,4.572634,4.192634,4.4726343,4.4726343,5.382634,2.4226344,3.5026343,4.382634,1.6626343,6.1626344,2.7826343,0.5526343,2.0626342,2.8026342
-1.2073658,-0.44736573,1.4826343,1.9526343,1.6726342,1.8926343,1.7126343,1.6326343,0.6326343,1.8926343,2.2826343,2.6526344,3.1926343,4.0626345,3.6926343,2.8426342,2.5826342,3.0426342,2.5926342,2.5926342,2.4526343,2.3826342,1.9726343,1.7126343,1.4226342,1.3226342,1.1526343,0.39263427,0.5726343,0.8126343,0.5626343,-0.6373657,1.2726343,0.7026343,0.5126343,1.1426343,-0.7473657,-0.13736573,0.5526343,0.9226343,2.1226342,0.8126343,0.85263425,1.7226343,3.1026342,2.7126343,3.7926342,2.3126342,3.5326343,2.0426342,2.3126342,4.072634,7.6026344,2.9526343,3.3526342,2.4526343,3.1026342
-1.0473657,0.19263428,0.7626343,1.2626343,1.7226343,0.8026343,0.90263426,1.0526342,1.4526343,1.6426343,1.2226343,1.6726342,2.4726343,2.4226344,3.5626342,4.0126343,4.132634,3.3626342,2.6226342,2.1126342,1.7426343,2.0626342,1.8026342,0.71263427,1.1626343,1.4426342,1.2526343,0.36263427,0.7326343,0.60263425,0.04263428,0.23263428,0.6126343,2.0126343,0.8926343,0.2526343,-0.7473657,0.6826343,1.0126343,0.5626343,0.65263426,1.1626343,1.8226342,1.3826343,-0.52736574,1.1526343,1.5826343,1.1826342,1.6126343,2.9326344,3.9626343,6.402634,4.0626345,3.1526344,6.8526344,4.2226343,2.7226343
-1.1473657,-0.28736573,-0.5573657,-1.0773658,0.6826343,-0.06736572,-0.09736572,0.26263428,-0.28736573,0.5526343,0.24263428,1.0626342,0.96263427,1.7126343,2.4926343,2.8226342,2.7926342,3.4326344,3.0226343,2.3126342,0.96263427,1.1426343,0.91263425,0.6726343,0.7326343,0.6826343,0.9826343,0.72263426,0.5026343,0.45263427,0.022634277,-0.4073657,-0.28736573,0.10263428,0.15263428,-0.20736572,0.6926343,1.1126343,-1.0273657,-0.6273657,0.9826343,0.83263427,1.2826343,1.7526343,-0.4973657,-0.8173657,0.8126343,1.0526342,1.4226342,5.1226344,3.0526342,1.7826343,3.7626343,3.7126343,3.5426342,5.2826343,4.0826344
0.18263428,1.0926343,1.3526343,-0.45736572,-0.83736575,-0.9473657,-1.0273657,-0.21736573,-1.5773658,-1.3773657,-1.1373657,-1.0273657,-1.1173657,-1.1273657,-0.14736572,0.48263428,1.1326343,2.0226343,2.0826342,2.6126342,1.4426342,0.91263425,-0.0073657227,0.33263427,0.6226343,0.33263427,-0.45736572,0.08263428,-0.22736572,0.33263427,-0.5473657,0.11263428,-0.12736572,-0.44736573,-0.6773657,0.44263428,-0.97736573,-0.22736572,1.6526343,-0.087365724,0.14263427,-0.027365722,0.6326343,2.1226342,-0.39736572,-2.2173657,-0.58736575,-0.77736574,1.4226342,-0.19736572,2.0626342,0.9426343,0.7326343,1.3426343,2.5226343,1.9126343,2.8226342
-0.4373657,0.35263428,0.41263428,0.15263428,-0.96736574,-1.2973657,-1.6773658,-2.2173657,-2.7873657,-2.5573657,-2.1973658,-1.7773657,-1.9173657,-2.1573658,-1.9873657,-2.4173658,-1.8473657,-1.3673657,-0.8873657,-0.26736572,0.45263427,0.42263427,-0.09736572,-0.117365725,0.45263427,1.3426343,0.2826343,0.3726343,-1.0073657,-0.44736573,0.5026343,0.8226343,0.16263428,1.3326343,-1.9273658,2.0226343,-1.0473657,-1.6173657,1.2426343,0.08263428,-2.0473657,1.2726343,0.9526343,-1.5673658,-1.6273657,-2.0573657,-3.2073658,-0.8873657,-0.4073657,-2.0073657,-0.95736575,-0.9373657,0.59263426,0.062634274,0.7626343,0.23263428,-1.2473657
-2.4273658,-1.4573658,-0.44736573,-0.34736574,-0.6073657,-1.4773657,-2.5673656,-3.2673657,-3.2973657,-3.7473657,-4.287366,-3.4373658,-3.5273657,-3.8173656,-3.5673656,-3.3873658,-2.2173657,-2.7273657,-1.1673657,-1.0273657,-1.3373657,-0.64736575,-0.35736573,-0.6273657,0.052634276,1.0426342,0.6926343,-1.7073658,-0.35736573,0.032634277,-0.30736572,1.2626343,1.6226343,0.5026343,-1.0173657,-1.2473657,3.7226343,-1.2973657,-1.6373657,-0.04736572,1.6926342,-1.4773657,0.48263428,0.35263428,1.0926343,-1.4273658,0.6126343,-4.4573655,-6.0873656,-2.4573658,-0.4673657,-0.52736574,0.19263428,1.1626343,0.6426343,-0.8073657,-3.1273658
-1.9673657,-0.6873657,0.38263428,-0.8273657,-0.35736573,-2.3073657,-2.9973657,-3.7673657,-4.077366,-5.7173657,-4.927366,-4.9373655,-4.6273656,-5.057366,-3.7773657,-3.1073656,-3.6473658,-4.307366,-3.9573658,-2.8373656,-4.017366,-2.2273657,-1.9473658,-3.3873658,-2.9173658,1.2426343,3.5626342,7.112634,3.4326344,4.9526343,1.9326342,0.6326343,0.85263425,1.4826343,2.9126344,-2.9073658,2.5826342,3.0226343,0.052634276,1.9426342,-0.24736573,1.4626343,0.6326343,0.9226343,-0.30736572,0.77263427,-5.6473656,-4.847366,-2.8373656,-1.8973657,0.54263425,-0.06736572,0.092634276,-0.78736573,-0.6273657,-4.6473656,-2.3973658
-2.8273656,-3.2273657,-2.8473656,-2.2973657,-1.7673657,-2.1773658,-3.1873658,-3.9073658,-5.7573657,-6.6673656,-5.9473658,-5.9173656,-5.387366,-4.5273657,-5.4373655,-5.177366,-4.2173657,-5.5073657,-5.4573655,-5.2573657,-6.2273655,-5.3973656,-2.8973658,-1.7973657,-1.3873657,-2.7973657,-1.8473657,-0.34736574,-0.0073657227,1.5426342,4.2726345,4.4126344,3.8526342,1.6126343,1.6226343,1.6226343,2.9726343,6.3026342,4.9926343,5.482634,3.7626343,2.4926343,1.3026342,1.3826343,2.2226343,-0.13736573,-1.7573657,-0.7673657,1.4426342,2.9726343,0.062634274,1.2226343,2.1426344,2.7726343,3.0826342,4.0226345,2.8126342
-3.4673657,-3.5573657,-4.657366,-5.0273657,-4.307366,-1.7573657,-3.4373658,-4.7973657,-6.827366,-4.557366,-6.3973656,-5.577366,-4.907366,-5.637366,-5.7573657,-6.3173656,-4.3573656,-8.177365,-7.997366,-8.427365,-7.6873655,-7.0673656,-4.497366,-1.6473657,2.0926342,2.8726342,-1.7973657,1.4026343,-0.6173657,-6.407366,-6.5273657,-2.6073656,1.1226343,3.5026343,4.252634,1.4226342,1.0626342,2.1026342,-4.3373656,6.7826343,4.1626344,5.9726343,6.572634,4.092634,4.0826344,-0.15736572,-0.8173657,-5.3773656,-4.4873657,-0.6273657,1.4926343,0.71263427,3.1026342,1.6026343,5.5826344,5.2026343,1.4126343
-3.8973658,-5.4573655,-6.347366,-5.9373655,-4.9673657,-0.6073657,-0.5473657,-3.3673658,-3.5573657,-4.6673656,-5.597366,-6.2773657,-6.8373656,-6.3573656,-6.177366,-5.287366,-7.677366,-6.6473656,-5.5473657,-7.017366,-7.3173656,-2.1873658,-0.7373657,1.0026343,-1.4073657,-2.0073657,-4.2073655,-4.5273657,-2.7573657,-1.9373658,-5.8373656,-4.827366,-1.7973657,0.022634277,0.24263428,3.1026342,3.4426343,5.362634,3.9226344,6.8926344,2.1026342,1.7826343,0.12263428,-0.17736572,4.132634,2.4326344,-0.13736573,0.33263427,1.1926342,0.3126343,2.4926343,1.9726343,3.0726342,2.5726342,4.362634,2.3326342,4.7626343
-2.9873657,-2.6773658,-6.9673657,-6.137366,-2.6673658,-0.8873657,-0.34736574,0.40263426,-0.22736572,-1.1273657,-3.0073657,-2.5873656,-4.347366,-6.497366,-6.387366,-6.3573656,-5.9373655,-8.857366,-7.1673656,-4.3973656,-0.5173657,-1.5073657,-3.7573657,-2.8673658,-1.9773657,-2.2173657,-1.8773657,1.5026343,-1.4373658,-0.6773657,-3.0373657,-2.0373657,-1.0273657,1.0826343,4.732634,4.9526343,3.9826343,14.152635,10.722634,10.042634,12.7726345,6.0526342,5.5426345,-1.7473657,10.512634,3.9126344,1.4326342,2.6726344,1.0726342,2.6526344,2.9126344,1.4826343,0.26263428,3.0026343,2.1826344,2.1826344,1.3226342
-4.5673656,-4.5073657,-4.367366,-3.8373656,-2.5273657,-1.4873657,-1.7173657,0.27263427,0.9926343,1.2626343,2.2626343,-0.9873657,-3.2573657,-3.3273656,-0.0073657227,-2.2273657,-0.39736572,-0.10736572,0.10263428,-2.5073657,-1.0273657,-1.6473657,-0.7373657,-1.3273658,-0.77736574,-0.28736573,-1.1173657,-0.4673657,2.1526344,4.0626345,2.5526342,0.9426343,-0.4073657,-5.097366,1.6126343,3.6226342,2.4026344,-1.4373658,0.23263428,2.4426343,6.2226343,5.0126343,12.472634,5.572634,-2.8873658,-0.13736573,-4.0273657,-1.9973657,-0.44736573,0.97263426,0.5526343,0.8826343,1.4126343,2.0226343,1.5826343,3.4026344,2.0526342
-5.117366,-5.307366,-4.387366,-3.1173658,-2.0073657,-1.7473657,-0.14736572,-1.8073658,0.012634277,1.5426342,1.6526343,0.6226343,0.39263427,0.3426343,1.9726343,0.29263428,1.0626342,-0.97736573,-0.09736572,-0.31736574,0.35263428,0.012634277,0.5126343,-1.2773657,-0.5173657,-0.15736572,-1.5073657,-1.0573658,1.0826343,-0.25736573,-4.8173656,-4.4173656,-1.6073657,-4.157366,-5.2073655,4.0126343,1.5426342,-13.937366,-11.967365,-1.5073657,7.0626345,7.4126344,10.122634,3.1326342,6.572634,-1.6573657,-5.2173657,-3.6273658,-1.1273657,-0.4373657,-2.3173656,-2.5973656,2.2026343,2.8526342,2.1526344,3.6026342,0.032634277
-5.0473657,-6.287366,-5.9873657,-4.6973658,-3.3073657,-2.5073657,-1.6973658,-0.2773657,-1.6173657,1.2726343,4.362634,1.9426342,-0.8073657,-2.6673658,0.9526343,1.1426343,-0.83736575,-0.45736572,-0.28736573,-0.4373657,0.16263428,2.1326342,4.712634,0.6326343,-2.7773657,-3.9673657,-1.8673657,-5.867366,-7.767366,-3.7873657,-2.0773656,-2.4973657,-2.4573658,-3.2973657,-3.5173657,-4.3173656,0.062634274,3.2226343,-1.5273657,-7.267366,1.4226342,0.032634277,4.672634,2.7826343,3.7226343,-1.5973657,-3.1773658,-2.1373658,1.0426342,-5.8773656,-2.6373658,-3.3573656,-4.1673656,-2.1973658,-0.15736572,-0.33736572,1.1626343
