public/data/weather/2019/10/02/0000-wind-isobaric-1000hPa-gfs-1.0.json
{"header": { "discipline":0, "disciplineName":"Meteorological products", "gribEdition":2, "gribLength":79150, "center":7, "centerName":"US National Weather Service - NCEP(WMC)", "subcenter":0, "refTime":"2019-10-02T00:00:00.000Z", "significanceOfRT":1, "significanceOfRTName":"Start of forecast", "productStatus":0, "productStatusName":"Operational products", "productType":1, "productTypeName":"Forecast products", "productDefinitionTemplate":0, "productDefinitionTemplateName":"Analysis/forecast at horizontal level/layer at a point in time", "parameterCategory":2, "parameterCategoryName":"Momentum", "parameterNumber":2, "parameterNumberName":"U-component_of_wind", "parameterUnit":"m.s-1", "genProcessType":2, "genProcessTypeName":"Forecast", "forecastTime":0, "surface1Type":100, "surface1TypeName":"Isobaric surface", "surface1Value":95000.0, "surface2Type":255, "surface2TypeName":"Missing", "surface2Value":0.0, "gridDefinitionTemplate":0, "gridDefinitionTemplateName":"Latitude_Longitude", "numberPoints":65160, "shape":6, "shapeName":"Earth spherical with radius of 6,371,229.0 m", "gridUnits":"degrees", "resolution":48, "winds":"true", "scanMode":0, "nx":360, "ny":181, "basicAngle":0, "lo1":0.0, "la1":90.0, "lo2":359.0, "la2":-90.0, "dx":1.0, "dy":1.0 }, "data":
[rows 78 to 103 of 181, columns 0 to 56 of 360]
1.1982324,2.0482323,3.8382325,2.4982324,0.30823243,2.8882325,3.4682324,3.3382325,4.0082326,6.6482325,0.14823242,4.1082325,2.6582325,2.9382324,5.1482325,1.9582324,6.5282326,6.7982326,4.0782323,0.9482324,2.8982325,0.14823242,1.5282325,-1.8517675,-2.1117675,-0.8717676,-1.0517676,-1.9217676,1.1082324,0.21823242,0.65823245,-1.1017675,-1.8917676,-2.6017675,-0.4217676,-0.6817676,-2.2717676,-2.1917677,-1.1417676,0.10823242,-0.6117676,1.3582324,-0.5317676,-1.9217676,-4.5317674,-7.2817674,-7.1717677,-6.7317677,-5.7417674,-1.8217676,-3.0317676,-0.48176757,-1.1517676,-2.4817677,-2.4217675,-1.7817676,-2.8517675
-0.17176758,-0.09176758,-0.051767576,2.7682323,-0.84176755,0.9682324,1.5782324,2.3782325,2.8182325,0.92823243,1.0782324,3.3682325,-2.5617676,3.8882325,1.6982324,2.3782325,6.1282325,5.4982324,3.5382323,2.6382325,3.3182325,1.8182324,0.34823242,-2.3917675,-3.1817675,-2.0217676,-2.5717676,-1.3717675,-1.1017675,-1.7117676,-1.0317676,0.19823243,-2.2517676,-2.2517676,-1.3217676,-0.09176758,-1.0917675,-0.84176755,1.0082325,-0.37176758,2.0682325,1.4482324,-5.571768,-4.7917676,-4.0817676,-8.081768,-7.6517677,-4.571768,-1.5117676,-1.2117676,0.9982324,2.3182325,-0.59176755,-2.8317676,-3.3117676,-3.6417675,-4.3317676
-1.2517676,-0.31176758,1.6682324,3.1782324,3.3882325,1.4282324,3.7082324,3.2582324,0.3282324,0.4482324,1.1382325,2.7682323,0.34823242,1.9282324,1.0682324,3.0882325,2.7082324,3.7182324,5.2682323,5.1182323,3.4082325,1.3682324,-0.32176757,-0.6617676,-1.3117676,-1.3217676,-1.2817676,0.59823245,-0.13176757,-0.3317676,-0.9417676,-0.32176757,-1.3917676,-1.6117675,-1.0917675,0.54823244,-0.46176758,-1.7017676,-0.3917676,0.33823243,0.78823245,4.428232,-1.7617676,-2.2517676,0.17823242,-0.3917676,-1.8417675,-4.5517673,-1.8117676,-1.8017676,-0.46176758,0.10823242,-1.2217675,-3.0317676,-3.9417677,-4.3917675,-5.4917674
0.038232423,-1.4917675,0.8682324,1.9482324,2.8982325,3.5782325,2.2182324,2.3282325,0.97823244,1.6982324,7.3682323,6.6982327,-1.0117676,1.4482324,4.0182323,1.6582325,1.3082324,2.3882325,2.5882325,3.3882325,2.0482323,2.0182323,0.068232425,-0.6817676,0.98823243,-0.7317676,-0.71176755,0.6282324,-0.34176758,1.5582324,-0.57176757,0.038232423,-1.7517676,-1.1117675,-0.3317676,0.42823243,1.0382324,-0.29176757,-0.96176755,1.2482324,0.6982324,-0.111767575,1.0882324,-0.9817676,0.26823243,-1.6417676,-3.2917676,-4.4917674,-4.9217677,-1.2917676,-0.20176758,-0.46176758,-1.9417676,-3.8017676,-4.0417676,-5.4117675,-6.3117676
-0.84176755,0.008232422,1.6982324,2.4882324,2.0982325,1.2782325,2.0482323,4.1082325,3.5182323,3.1982324,5.0182323,5.4382324,-1.3217676,2.9382324,-0.12176758,0.8082324,1.7082324,2.2582324,3.1382325,0.65823245,2.9382324,0.5582324,-0.26176757,-0.24176759,-1.4617676,-1.2517676,-0.76176757,1.5082325,2.3182325,2.4882324,3.0282323,2.8982325,-0.15176758,-0.4917676,-0.35176757,-2.2917676,-1.3917676,-0.5517676,-0.5317676,-1.7317675,2.9682324,0.90823245,1.9182324,-1.9817675,-4.111768,-2.1317675,-4.6917677,-4.1917677,-2.4917676,-1.3017676,-0.96176755,-1.4917675,-2.0317676,-3.7917676,-4.0017676,-5.2417674,-4.8717675
2.1782324,3.5482323,3.4382324,3.6382325,3.6782324,2.7082324,5.0082326,6.2982326,8.008232,3.3282325,0.9582324,-1.2917676,-0.04176758,0.8982324,-0.19176757,-0.26176757,1.4582324,2.3082323,2.1082325,1.4282324,1.6082324,1.2082324,0.6982324,1.1882324,0.42823243,-0.95176756,-1.5917675,0.11823242,0.7182324,1.4682324,3.2082324,4.2582326,1.3782325,1.0882324,-0.71176755,-1.1117675,0.5082324,-1.5017676,0.73823243,-0.4217676,1.3382324,3.7682323,3.6582325,-1.5217676,-4.7417674,-3.3217676,-4.9317675,-4.5117674,-3.8617675,-3.6217675,-1.6117675,-1.5317676,-1.7917676,-2.2917676,-2.7117677,-3.1917677,-3.2817676
5.5182323,3.2282324,3.2082324,4.3082323,4.5182323,4.0582323,4.9482327,7.1082325,6.8082323,6.0182323,0.66823244,0.7682324,1.1182324,-0.111767575,0.19823243,0.5582324,1.1882324,1.6082324,1.1082324,1.0582324,1.3382324,1.7282324,1.2782325,0.42823243,1.5282325,2.1082325,0.038232423,0.3282324,0.018232422,1.4182324,2.2082324,3.0882325,2.6282325,1.1682324,-0.3017676,-0.9217676,-0.6217676,0.27823243,-1.3617675,0.5882324,2.2882323,1.9982324,0.13823242,-3.6217675,-5.9017677,-4.4617677,-3.0517676,-3.5317676,-3.7517676,-3.7417676,-1.5317676,-1.2617676,-1.7217675,-1.4317676,-2.8417675,-1.4917675,-2.5317676
3.2882323,2.8782325,1.9382324,3.2882323,4.7182326,5.5782323,4.9382324,5.4182324,5.8482323,1.5282325,0.17823242,1.3382324,1.3082324,0.45823243,0.40823242,1.5682324,0.53823245,1.1782324,2.2582324,2.4282324,1.2382324,2.6982324,1.4082325,0.97823244,1.0282325,0.7582324,1.5882324,-0.071767576,0.43823242,0.6482324,0.8782324,2.4382324,2.4582324,1.6682324,2.5282323,-0.7917676,1.5682324,-1.9017676,-2.2417676,1.5482324,0.7482324,0.40823242,-4.0517673,-5.7317677,-4.9517674,-4.3517675,-2.6717675,-2.8517675,-5.1517677,-3.1017675,-1.9317676,-1.4317676,-1.0217676,-1.3517675,-0.84176755,-0.14176758,2.3782325
2.6682324,0.91823244,0.5882324,2.7582324,4.4582324,4.6882324,5.1682324,5.8082323,4.2082324,4.9382324,3.1182325,3.8282325,1.0882324,0.19823243,0.84823245,1.0882324,1.3382324,0.9582324,1.3782325,1.9082325,3.4782324,1.8182324,3.4282324,0.21823242,0.22823243,0.11823242,1.2782325,1.5882324,-1.0817676,-0.2717676,0.07823242,1.5982324,0.60823244,1.5082325,1.7282324,-0.8617676,-2.5717676,-2.7217677,-3.8617675,-0.7517676,-0.6617676,-2.8117676,-5.4417677,-8.331768,-4.6717677,-1.3617675,-1.5317676,-4.6817675,-3.3517675,-2.2617676,-1.2417675,-1.4417676,-1.3317676,0.10823242,-0.3017676,-0.19176757,2.4282324
0.72823244,1.6182324,1.1882324,1.7382324,3.2182324,4.2382326,5.6682324,4.9482327,4.7382326,5.4782324,4.3782325,1.5882324,0.73823243,1.0382324,0.7782324,0.54823244,1.9282324,2.1982324,2.4282324,3.2482324,4.428232,3.2982323,3.0882325,0.49823242,-0.09176758,0.13823242,1.2382324,0.8182324,-0.3917676,-0.28176758,-0.51176757,2.5782325,0.79823244,0.43823242,2.2282324,-1.8517675,-9.211767,-7.9317675,-5.071768,-2.0117676,-2.6317675,-3.8817675,-4.3517675,-9.311768,-4.0517673,-1.4317676,-2.5817676,-2.8817675,-1.5917675,-1.3217676,-1.1117675,-1.0917675,-0.9117676,-1.0317676,0.028232422,1.2682325,0.7782324
0.2582324,1.2582325,1.6982324,1.3982325,2.4582324,3.6982324,4.8182325,4.3482323,4.7282324,4.6482325,4.0482326,1.4382324,0.8882324,1.2482324,-0.28176758,0.9982324,2.2082324,4.8182325,4.5082326,4.428232,4.3782325,3.9182324,5.3482323,0.42823243,0.7782324,1.0282325,1.1782324,-1.1817676,-0.34176758,-0.45176756,-0.9417676,0.98823243,0.92823243,-0.34176758,1.6182324,-0.8517676,-5.7617674,-2.2917676,-4.5017676,-4.8117676,-5.1717677,-4.2617674,-5.7917676,-6.571768,-6.0017676,-4.0317674,-4.7117677,-3.8117676,-3.2317677,-0.9217676,-0.51176757,-0.6217676,-1.0517676,-1.3217676,-0.6317676,0.6882324,0.31823242
-0.021767579,-0.08176758,1.4182324,1.4082325,2.7782323,2.8182325,3.8482325,3.1182325,4.6882324,4.0582323,3.0782325,1.0582324,1.5382324,0.84823245,0.7682324,2.1282325,2.6682324,3.9882324,5.2382326,3.4682324,4.7582326,4.2382326,3.1582325,1.5082325,1.3982325,0.85823244,0.91823244,0.31823242,-0.43176758,-0.6817676,1.2982324,0.91823244,1.7482324,-0.5517676,-0.8717676,-0.32176757,1.6882324,-0.76176757,-4.6217675,-3.6717675,-3.0417676,-4.3317676,-7.2117677,-7.0317674,-5.3817677,-4.9517674,-5.3917675,-3.3817675,-2.3817675,-1.5417676,-1.5317676,-0.71176755,-2.0717676,-0.32176757,-1.4817675,-0.51176757,-0.82176757
1.9982324,1.9582324,2.2082324,1.7782325,2.6482325,2.0082324,2.6782324,3.7982323,4.0182323,4.8482323,5.7782326,5.8782325,4.6682324,1.1082324,2.0082324,3.5282323,2.2482324,2.8782325,2.8682325,4.5482326,4.658232,6.0682325,3.3682325,1.4082325,0.7682324,1.5582324,-0.47176757,-1.2617676,-1.1617676,-1.3817676,0.85823244,1.4782324,0.5282324,1.3782325,-4.9017677,-1.1817676,0.39823243,-0.3617676,-0.10176758,-2.3317676,-2.2117677,-4.2217674,-6.7817674,-4.6817675,-5.0217676,-4.7717676,-3.5717676,-2.9717677,-2.0417676,-1.9717675,-1.6917676,-2.0817676,-2.1117675,-1.8617675,-0.9717676,-0.47176757,-0.8517676
1.6982324,2.8582325,2.5282323,2.5682325,3.1482325,2.5582323,2.0482323,3.5182323,3.8582325,4.6082325,5.2482324,2.8582325,1.9382324,3.8282325,2.4582324,4.4882326,2.1282325,1.7982324,3.5982325,4.3382325,5.1882324,3.2682323,2.6182325,2.2782323,0.39823243,1.4782324,-0.6917676,-1.0217676,-1.2717676,0.8682324,1.3682324,1.6582325,3.3782325,-1.3617675,-3.9017675,-2.0817676,-2.0317676,0.90823245,-0.8117676,-2.6017675,-2.5517676,-5.4217677,-5.1017675,-5.2417674,-4.6517677,-4.6517677,-4.0617676,-3.2917676,-2.6617675,-2.6117675,-1.7417675,-3.2217677,-3.0617676,-2.2317677,-0.9317676,-2.0817676,-2.1317675
2.5182323,3.4182324,2.7682323,3.5582323,4.0482326,3.8782325,3.7482324,3.3282325,3.7382324,3.6182325,3.1482325,4.428232,1.9282324,2.1182325,0.9682324,1.3482324,2.3482325,3.0982325,4.3182325,6.0782323,5.4782324,3.1282325,2.5782325,0.7782324,0.30823243,-0.12176758,-0.6217676,-0.8017676,-0.7217676,1.1382325,1.2882324,0.5582324,-1.2117676,-3.8317676,-0.17176758,-1.9517676,-1.0717676,-0.9717676,-1.8017676,-2.5517676,-3.5817676,-4.861768,-5.1617675,-5.0217676,-4.5817676,-4.4917674,-4.5117674,-4.111768,-3.5917675,-3.2417676,-3.3117676,-3.9217675,-3.3817675,-3.2417676,-2.2517676,-2.9917676,-2.9317675
2.1982324,3.1182325,3.4282324,4.2482324,3.8682325,3.3982325,3.4382324,2.8082323,3.0882325,3.5882325,2.9282324,2.2182324,3.7682323,2.8982325,2.1382325,1.4982324,1.3982325,2.9582324,4.408232,5.5682325,4.0382323,2.8782325,0.73823243,0.85823244,0.24823242,1.4582324,-1.8417675,-0.82176757,-0.89176756,1.7782325,0.49823242,-0.09176758,-2.9617677,-0.7517676,-1.3317676,-3.7917676,0.28823242,-0.8617676,0.67823243,-1.7917676,-4.6517677,-4.6617675,-5.1017675,-4.9417677,-4.7017674,-4.841768,-4.7217674,-5.071768,-4.591768,-4.9617677,-4.571768,-5.2017674,-4.571768,-4.0617676,-4.2917676,-4.591768,-4.4517674
0.8682324,1.1782324,1.6782324,2.0782325,2.6982324,2.5782325,2.1482325,2.3682325,2.8582325,3.4882324,3.6182325,3.1982324,4.2582326,2.8182325,5.7882323,3.1882324,1.5482324,3.1582325,2.7982323,4.0582323,1.5682324,1.1182324,0.2582324,0.24823242,1.0882324,-0.3617676,-1.2617676,-0.9817676,-0.25176758,1.6182324,0.33823243,-0.95176756,-3.0917675,-0.38176757,-0.57176757,-2.7917676,0.48823243,-1.6917676,-1.8517675,-1.6417676,-3.0517676,-4.7217674,-5.591768,-5.071768,-4.9417677,-5.8117676,-6.2217674,-5.5117674,-5.8717675,-6.7217674,-6.3317676,-6.5317674,-5.9817677,-5.9917674,-4.9717674,-5.6517677,-5.2617674
-1.2417675,-0.7417676,-0.29176757,-0.021767579,0.28823242,0.04823242,0.26823243,0.91823244,1.8882325,3.3582325,4.0682325,3.6782324,2.9182324,4.2682323,3.0182323,2.5482323,1.1182324,1.6282325,-0.20176758,0.85823244,0.008232422,1.0582324,-0.061767578,1.0882324,0.84823245,-1.1317676,0.068232425,-0.8717676,-0.3617676,0.26823243,-0.021767579,-0.7917676,-2.1217675,0.28823242,2.2082324,-2.6317675,-4.4117675,-3.5617676,-1.0817676,-1.5617676,-3.5917675,-4.2417674,-5.341768,-5.0617676,-6.7417674,-5.9617677,-5.9917674,-9.761767,-10.281768,-9.991768,-8.441768,-7.8317676,-6.9717674,-6.5617676,-6.6417675,-6.8517675,-7.0317674
-3.3717675,-2.5117676,-2.1517675,-2.5617676,-2.3617675,-1.8317676,-1.2117676,0.058232423,1.6182324,1.9582324,2.9482324,2.7882323,3.7182324,5.9582324,4.1482325,2.0082324,0.6982324,1.0182325,1.0082325,1.4482324,0.8282324,-0.10176758,0.33823243,1.1382325,0.9982324,0.09823242,0.028232422,-0.111767575,-1.0317676,1.6382325,-1.9117676,1.1482325,-0.8117676,-1.8417675,-4.6617675,-0.44176757,-3.5817676,-2.2417676,-1.0417676,-4.571768,-4.7317677,-6.2717676,-5.4217677,-6.9317675,-6.3817677,-8.671767,-9.921767,-10.491768,-10.531768,-10.381767,-9.651768,-8.741768,-8.561768,-7.9017677,-8.121768,-8.271768,-7.8717675
-4.6717677,-4.341768,-4.2017674,-3.4817677,-3.3317676,-2.3817675,-1.5817676,-0.70176756,0.53823245,0.33823243,1.2382324,2.9982324,4.4982324,4.408232,2.9182324,1.4082325,1.9282324,-0.25176758,-0.21176758,1.2182324,0.7782324,0.20823242,0.13823242,0.6982324,0.16823243,0.6982324,1.3882325,0.6282324,-0.51176757,0.9482324,-0.14176758,0.79823244,-0.34176758,-2.8217676,-2.8217676,-1.4917675,-2.2217677,-1.5617676,-0.83176756,-5.0817676,-4.571768,-6.2417674,-8.611768,-9.181767,-10.451768,-11.731768,-11.531768,-11.601768,-11.541767,-10.301767,-9.591767,-9.1417675,-8.031768,-8.061768,-8.971767,-8.511767,-8.051767
-4.1917677,-4.4017677,-4.4717674,-3.6017675,-3.7917676,-2.8617675,-1.9517676,-1.0617676,0.7682324,1.6882324,2.0282323,2.4382324,3.6382325,3.2882323,2.0682325,0.8082324,3.0782325,0.15823242,-1.0017676,1.1682324,1.1282325,0.5682324,-1.0117676,-1.4017676,0.12823242,0.19823243,0.5782324,-0.37176758,0.5882324,-0.13176757,1.4182324,-1.0917675,0.04823242,-4.9817677,-0.89176756,-1.1517676,-3.1717675,-5.0117674,-5.0417676,-3.6817675,-7.0517673,-9.071768,-10.781768,-10.881767,-11.281768,-11.411768,-12.091767,-11.831768,-11.351768,-11.311768,-10.421767,-9.581768,-9.091767,-9.071768,-9.3917675,-9.491768,-9.241768
-4.8717675,-4.5117674,-3.8017676,-2.5417676,-2.2017677,-2.5717676,-0.6717676,-0.15176758,1.6982324,1.9582324,1.4582324,2.2482324,3.0882325,2.6782324,0.66823244,3.0982325,3.9382324,1.1182324,0.54823244,-1.4217676,1.0282325,1.0782324,-2.2117677,-1.5017676,0.73823243,2.3982325,0.49823242,0.54823244,-0.3917676,-0.6817676,1.3982325,0.8182324,-1.7617676,-1.1517676,-1.0617676,-5.8717675,-4.9617677,-2.0217676,-1.7117676,-4.9417677,-9.011767,-9.901768,-11.211767,-11.3917675,-10.881767,-11.491768,-11.691768,-11.961767,-11.851768,-11.021768,-9.751767,-8.941768,-7.8917675,-8.341767,-8.401768,-9.251767,-9.111768
-5.5217676,-5.5117674,-5.0417676,-4.2917676,-3.0717676,-1.4617676,-0.14176758,1.3682324,3.0182323,2.9582324,2.3982325,2.2582324,2.2082324,0.8982324,2.2282324,1.6682324,2.4482324,1.1182324,0.7482324,-1.3817676,1.2482324,-0.40176758,-2.3717675,-3.8217676,-0.70176756,-0.18176758,-0.9417676,1.0582324,-1.6817676,-1.9817675,0.9682324,1.3982325,0.73823243,0.17823242,-0.10176758,0.008232422,-3.4217675,-1.9517676,-1.4517676,-5.2717676,-7.3017673,-9.421767,-9.801767,-10.281768,-10.781768,-11.461767,-12.911768,-13.701768,-13.111768,-11.791767,-10.741768,-9.091767,-8.301767,-8.191768,-8.951768,-8.541767,-8.211767
-5.7017674,-5.6017675,-4.9717674,-4.8817677,-4.2917676,-2.9917676,-2.3217676,-0.38176757,2.2282324,2.4382324,1.9282324,1.2682325,1.2782325,1.9882324,0.008232422,1.3882325,2.1282325,0.16823243,0.79823244,0.058232423,1.4682324,-1.0317676,-2.3617675,-1.3717675,-1.0917675,-0.2717676,0.97823244,-2.9217675,-2.0317676,-4.1217675,2.9782324,2.5682325,1.1282325,-1.0917675,-3.5617676,-3.1317675,-2.2117677,-2.7517676,-4.0617676,-6.1017675,-6.8117676,-7.6717677,-9.701768,-10.721767,-10.001767,-12.271768,-13.511767,-15.011767,-14.981768,-13.701768,-11.061768,-9.161768,-8.011767,-7.7117677,-9.451768,-7.8017673,-7.3517675
-5.7217674,-5.5317674,-5.1017675,-4.7117677,-4.3917675,-3.3917675,-1.9917675,-0.38176757,0.9682324,1.5982324,1.0482324,-0.82176757,-0.061767578,1.3482324,0.8182324,2.2682323,1.5882324,2.3882325,-0.061767578,0.92823243,1.7782325,2.3182325,0.67823243,-2.1117675,-0.8117676,1.1882324,1.8982325,-3.5517676,-0.6617676,-5.1317677,0.8682324,3.6782324,2.2682323,-2.7217677,2.0782325,-4.3517675,-2.4717677,-5.2217674,-5.3517675,-5.7417674,-6.2817674,-7.6517677,-2.2017677,0.4482324,-8.071768,-10.061768,-12.6417675,-14.281768,-15.871768,-14.361768,-10.791767,-8.861768,-9.171767,-8.071768,-8.581768,-7.9517674,-7.2317677
-5.591768,-5.2417674,-5.2317677,-4.861768,-4.2417674,-3.6417675,-2.4217675,-1.0317676,0.038232423,0.72823244,1.0482324,-0.82176757,-0.111767575,-1.2017676,0.73823243,0.9682324,1.5982324,1.9182324,0.37823242,0.9682324,-1.0517676,-1.0117676,-0.17176758,0.6282324,-0.83176756,1.2682325,-1.9817675,-2.6617675,-1.0417676,-0.21176758,-3.7817676,2.6582325,-2.3517675,0.028232422,-0.8017676,-4.7617674,-0.6017676,-3.1317675,-2.1817675,-4.2317677,-4.0517673,-0.8117676,-4.0017676,-5.7917676,-6.6017675,-6.5217676,-6.6817675,-10.061768,-6.0017676,-12.651768,-9.011767,-8.311768,-8.061768,-8.771768,-8.151768,-8.331768,-6.9417677
