public/data/weather/2019/10/02/0000-wind-isobaric-10hPa-gfs-1.0.json
{"header": { "discipline":0, "disciplineName":"Meteorological products", "gribEdition":2, "gribLength":41019, "center":7, "centerName":"US National Weather Service - NCEP(WMC)", "subcenter":0, "refTime":"2019-10-02T00:00:00.000Z", "significanceOfRT":1, "significanceOfRTName":"Start of forecast", "productStatus":0, "productStatusName":"Operational products", "productType":1, "productTypeName":"Forecast products", "productDefinitionTemplate":0, "productDefinitionTemplateName":"Analysis/forecast at horizontal level/layer at a point in time", "parameterCategory":2, "parameterCategoryName":"Momentum", "parameterNumber":3, "parameterNumberName":"V-component_of_wind", "parameterUnit":"m.s-1", "genProcessType":2, "genProcessTypeName":"Forecast", "forecastTime":0, "surface1Type":100, "surface1TypeName":"Isobaric surface", "surface1Value":1000.0, "surface2Type":255, "surface2TypeName":"Missing", "surface2Value":0.0, "gridDefinitionTemplate":0, "gridDefinitionTemplateName":"Latitude_Longitude", "numberPoints":65160, "shape":6, "shapeName":"Earth spherical with radius of 6,371,229.0 m", "gridUnits":"degrees", "resolution":48, "winds":"true", "scanMode":0, "nx":360, "ny":181, "basicAngle":0, "lo1":0.0, "la1":90.0, "lo2":359.0, "la2":-90.0, "dx":1.0, "dy":1.0 }, "data":
[rows 130 to 155 of 181, columns 58 to 115 of 360]
-0.5000488,-0.100048825,-0.60004884,-0.90004885,-0.7000488,-0.40004882,-0.90004885,-2.200049,-3.1000488,-3.5000489,-3.6000488,-3.700049,-4.100049,-4.4000487,-4.5000486,-4.4000487,-4.300049,-4.0000486,-3.700049,-3.5000489,-3.4000487,-3.6000488,-3.6000488,-3.4000487,-2.700049,-2.700049,-3.0000489,-2.9000487,-2.9000487,-3.5000489,-4.300049,-4.9000487,-5.0000486,-4.800049,-4.800049,-6.100049,-6.100049,-5.200049,-5.300049,-4.200049,-4.800049,-5.600049,-5.5000486,-5.800049,-4.600049,-2.1000488,-2.4000487,-2.4000487,-1.7000488,-2.200049,-4.0000486,-4.5000486,-4.0000486,-2.6000488,-1.2000488,-0.20004883,-0.100048825,0.29995117
0.6999512,-0.7000488,-1.3000488,-1.5000489,-1.7000488,-2.0000489,-2.200049,-2.3000488,-2.5000489,-3.3000488,-3.8000488,-4.300049,-4.300049,-4.700049,-4.700049,-4.9000487,-4.600049,-4.5000486,-4.100049,-3.8000488,-3.5000489,-3.200049,-3.0000489,-3.0000489,-2.9000487,-2.3000488,-3.200049,-3.3000488,-3.200049,-2.8000488,-3.8000488,-4.700049,-4.9000487,-5.0000486,-4.600049,-5.0000486,-6.300049,-6.200049,-4.800049,-4.600049,-4.0000486,-5.0000486,-5.5000486,-5.5000486,-5.800049,-5.600049,-3.6000488,-2.9000487,-1.6000488,-1.6000488,-1.6000488,-3.3000488,-4.100049,-3.9000487,-3.0000489,-1.8000488,0.19995117,1.5999511
-0.20004883,-1.3000488,-2.0000489,-1.9000489,-2.0000489,-2.200049,-2.8000488,-2.3000488,-2.6000488,-2.6000488,-3.200049,-3.4000487,-3.700049,-4.600049,-4.600049,-5.100049,-5.300049,-4.9000487,-4.800049,-4.4000487,-4.4000487,-3.8000488,-3.5000489,-3.4000487,-3.700049,-3.6000488,-3.1000488,-3.8000488,-3.9000487,-3.4000487,-2.9000487,-3.8000488,-4.9000487,-4.800049,-4.300049,-4.200049,-5.0000486,-5.4000487,-4.5000486,-5.200049,-4.700049,-3.9000487,-4.5000486,-4.700049,-5.300049,-5.800049,-5.800049,-3.200049,-2.4000487,-1.5000489,-1.1000488,-1.0000489,-1.9000489,-3.8000488,-3.6000488,-3.0000489,-2.4000487,-0.60004884
-1.3000488,-1.7000488,-2.3000488,-2.9000487,-3.1000488,-2.700049,-2.5000489,-3.200049,-3.700049,-3.6000488,-3.200049,-3.0000489,-3.0000489,-2.9000487,-3.9000487,-4.0000486,-4.700049,-4.600049,-4.300049,-4.5000486,-4.5000486,-4.700049,-4.100049,-4.200049,-4.300049,-4.4000487,-3.6000488,-4.200049,-4.200049,-4.0000486,-3.6000488,-3.4000487,-4.200049,-5.100049,-4.700049,-4.200049,-3.8000488,-4.700049,-5.9000487,-5.9000487,-6.0000486,-6.0000486,-5.200049,-4.5000486,-4.200049,-5.100049,-5.700049,-5.600049,-3.4000487,-0.90004885,-1.8000488,-0.90004885,-0.8000488,-1.9000489,-2.6000488,-3.0000489,-2.5000489,-2.0000489
-1.6000488,-1.9000489,-2.5000489,-3.4000487,-3.5000489,-3.9000487,-3.1000488,-2.200049,-2.1000488,-3.5000489,-3.3000488,-3.4000487,-3.5000489,-3.1000488,-3.3000488,-3.6000488,-3.5000489,-4.200049,-3.8000488,-3.700049,-3.8000488,-4.100049,-4.4000487,-4.4000487,-4.700049,-5.100049,-5.200049,-4.300049,-4.100049,-4.9000487,-4.800049,-4.300049,-4.200049,-4.600049,-5.5000486,-5.100049,-5.100049,-4.9000487,-5.800049,-6.0000486,-6.300049,-6.700049,-6.4000487,-5.200049,-3.9000487,-3.5000489,-4.200049,-5.100049,-5.0000486,-3.700049,-1.2000488,0.19995117,-0.20004883,-1.3000488,-1.8000488,-1.9000489,-2.200049,-2.4000487
-3.8000488,-3.0000489,-2.9000487,-3.1000488,-3.0000489,-3.6000488,-4.200049,-3.4000487,-3.700049,-3.3000488,-3.6000488,-4.300049,-4.200049,-3.8000488,-4.200049,-4.5000486,-4.0000486,-3.0000489,-3.9000487,-3.200049,-3.5000489,-3.6000488,-4.0000486,-4.700049,-4.600049,-4.600049,-5.200049,-5.4000487,-5.5000486,-4.9000487,-5.100049,-5.600049,-5.800049,-5.800049,-5.700049,-5.5000486,-5.200049,-5.9000487,-6.4000487,-6.600049,-6.600049,-6.800049,-7.300049,-6.9000487,-5.5000486,-4.200049,-4.0000486,-4.100049,-4.200049,-4.300049,-3.5000489,-2.0000489,0.59995115,0.49995118,-0.7000488,-1.6000488,-1.5000489,-1.0000489
-5.100049,-5.200049,-4.4000487,-4.0000486,-4.4000487,-4.600049,-5.0000486,-5.4000487,-5.100049,-5.100049,-4.600049,-4.200049,-4.800049,-5.200049,-4.600049,-4.700049,-4.300049,-4.100049,-4.0000486,-3.6000488,-3.9000487,-4.0000486,-4.4000487,-4.700049,-5.300049,-5.4000487,-5.600049,-6.0000486,-6.300049,-6.200049,-5.600049,-5.9000487,-6.600049,-7.0000486,-6.800049,-6.4000487,-6.100049,-5.700049,-6.200049,-7.0000486,-6.9000487,-6.700049,-7.700049,-8.400049,-7.700049,-6.4000487,-4.700049,-4.300049,-4.100049,-4.0000486,-3.700049,-3.200049,-2.0000489,-0.7000488,0.29995117,-0.40004882,-1.5000489,-1.3000488
-6.300049,-6.0000486,-6.100049,-6.100049,-5.800049,-5.4000487,-5.300049,-4.600049,-4.600049,-4.700049,-4.700049,-4.600049,-4.0000486,-4.100049,-4.700049,-5.200049,-5.600049,-5.300049,-4.700049,-4.5000486,-4.5000486,-4.5000486,-4.700049,-4.700049,-5.4000487,-5.700049,-6.100049,-6.300049,-6.300049,-7.200049,-7.100049,-6.4000487,-5.600049,-6.9000487,-7.5000486,-7.600049,-7.5000486,-7.0000486,-6.5000486,-6.800049,-7.4000487,-7.200049,-7.4000487,-8.900049,-9.300049,-7.9000487,-6.5000486,-5.0000486,-4.4000487,-4.100049,-3.700049,-3.700049,-3.3000488,-2.5000489,-1.6000488,-1.0000489,-0.100048825,-0.60004884
-7.600049,-7.600049,-7.0000486,-7.100049,-6.9000487,-6.700049,-5.9000487,-5.800049,-5.200049,-4.700049,-4.600049,-5.100049,-5.200049,-4.9000487,-5.100049,-5.4000487,-5.5000486,-6.300049,-6.0000486,-5.800049,-5.300049,-5.0000486,-4.9000487,-4.700049,-5.100049,-5.0000486,-5.600049,-6.200049,-6.200049,-6.4000487,-6.600049,-6.800049,-6.800049,-7.0000486,-7.200049,-7.9000487,-7.800049,-7.800049,-7.5000486,-7.5000486,-7.4000487,-8.100049,-7.800049,-7.800049,-9.500049,-9.300049,-7.600049,-5.5000486,-4.4000487,-4.100049,-3.700049,-3.4000487,-4.0000486,-3.700049,-2.9000487,-2.200049,-2.0000489,-1.1000488
-10.200048,-10.200048,-10.200048,-9.700048,-8.900049,-8.100049,-6.9000487,-6.5000486,-6.5000486,-6.600049,-5.700049,-4.9000487,-4.9000487,-5.4000487,-5.800049,-5.200049,-5.800049,-5.9000487,-6.800049,-6.800049,-6.9000487,-6.4000487,-6.300049,-5.700049,-5.200049,-5.4000487,-5.4000487,-6.600049,-7.200049,-7.0000486,-7.0000486,-7.300049,-7.0000486,-6.9000487,-7.300049,-7.9000487,-8.600049,-8.500049,-8.200048,-8.300049,-8.300049,-8.600049,-8.700048,-8.100049,-7.9000487,-9.100049,-8.900049,-7.5000486,-5.700049,-4.800049,-4.5000486,-3.3000488,-3.1000488,-4.100049,-5.100049,-4.300049,-3.1000488,-2.3000488
-10.700048,-10.900049,-11.500049,-11.900049,-12.000049,-10.800049,-8.900049,-8.500049,-7.800049,-6.600049,-7.200049,-6.800049,-6.5000486,-5.100049,-4.9000487,-5.700049,-5.800049,-6.200049,-6.300049,-6.800049,-7.5000486,-8.200048,-7.800049,-7.600049,-7.0000486,-6.4000487,-6.0000486,-5.9000487,-7.4000487,-7.600049,-7.800049,-8.100049,-8.300049,-7.600049,-6.9000487,-7.200049,-7.700049,-8.200048,-8.200048,-8.500049,-9.100049,-8.900049,-9.700048,-9.400049,-8.400049,-8.300049,-8.700048,-8.700048,-7.5000486,-5.9000487,-4.9000487,-4.9000487,-4.300049,-4.200049,-4.800049,-5.5000486,-5.5000486,-4.700049
-10.400049,-11.400049,-11.400049,-12.200048,-12.900049,-12.400049,-11.900049,-11.300049,-8.500049,-7.9000487,-7.5000486,-6.700049,-7.200049,-6.4000487,-5.9000487,-5.300049,-5.700049,-6.300049,-6.300049,-6.700049,-7.600049,-8.500049,-8.900049,-8.800049,-8.400049,-8.200048,-8.200048,-7.4000487,-7.300049,-8.100049,-8.300049,-8.200048,-8.000049,-8.300049,-7.600049,-7.200049,-7.700049,-8.200048,-8.100049,-8.300049,-8.500049,-9.100049,-9.300049,-9.700048,-9.600049,-8.800049,-8.900049,-8.600049,-8.500049,-7.4000487,-5.700049,-4.9000487,-4.9000487,-5.100049,-5.300049,-5.4000487,-6.0000486,-6.300049
-13.500049,-12.300049,-12.100049,-11.700048,-12.100049,-12.700048,-12.800049,-12.700048,-11.900049,-10.700048,-9.700048,-8.800049,-8.300049,-8.600049,-8.400049,-7.700049,-6.600049,-6.4000487,-7.200049,-8.200048,-8.000049,-8.800049,-9.100049,-9.300049,-9.100049,-8.800049,-9.000049,-9.600049,-8.900049,-8.800049,-8.700048,-8.300049,-8.100049,-8.300049,-8.500049,-8.200048,-7.4000487,-8.000049,-8.600049,-8.700048,-8.500049,-8.900049,-8.800049,-9.600049,-10.000049,-9.300049,-9.200048,-9.200048,-8.700048,-8.300049,-7.300049,-6.0000486,-5.200049,-5.200049,-5.100049,-4.800049,-5.5000486,-5.800049
-14.600049,-15.200048,-13.900049,-12.700048,-13.000049,-13.000049,-12.500049,-12.800049,-12.200048,-12.200048,-11.500049,-11.200048,-10.600049,-10.600049,-10.200048,-9.700048,-9.400049,-8.400049,-7.9000487,-8.100049,-9.000049,-9.300049,-9.200048,-9.300049,-9.300049,-9.400049,-9.200048,-9.500049,-9.500049,-9.300049,-9.200048,-9.100049,-9.000049,-8.400049,-8.400049,-8.700048,-8.300049,-8.000049,-8.300049,-9.000049,-9.400049,-9.000049,-9.100049,-9.300049,-9.700048,-9.900049,-9.100049,-9.100049,-9.000049,-8.700048,-8.400049,-7.700049,-6.300049,-6.0000486,-5.9000487,-5.9000487,-5.9000487,-5.700049
-15.100049,-15.700048,-15.700048,-15.600049,-14.000049,-14.000049,-13.700048,-13.800049,-13.600049,-13.700048,-12.600049,-12.600049,-12.400049,-12.400049,-12.100049,-12.000049,-11.900049,-11.400049,-10.900049,-10.100049,-9.300049,-9.900049,-9.400049,-9.400049,-9.200048,-9.000049,-9.500049,-9.100049,-9.400049,-9.400049,-9.900049,-9.400049,-9.700048,-9.300049,-8.700048,-8.100049,-8.500049,-8.200048,-8.100049,-8.600049,-9.000049,-9.600049,-9.500049,-9.000049,-9.500049,-9.800049,-9.800049,-9.300049,-9.000049,-8.500049,-8.500049,-8.300049,-8.000049,-7.100049,-6.600049,-6.200049,-6.700049,-7.200049
-17.800049,-16.50005,-16.40005,-16.50005,-16.00005,-15.900049,-14.000049,-14.700048,-14.300049,-14.500049,-14.700048,-14.500049,-13.800049,-13.500049,-13.900049,-13.400049,-12.900049,-12.100049,-12.700048,-13.100049,-12.500049,-11.200048,-10.400049,-10.300049,-10.300049,-9.800049,-9.100049,-9.500049,-9.300049,-9.300049,-9.400049,-9.700048,-9.500049,-10.200048,-10.600049,-10.200048,-9.200048,-9.200048,-8.900049,-8.800049,-9.200048,-9.400049,-9.600049,-9.500049,-9.300049,-9.600049,-9.700048,-9.600049,-9.700048,-9.100049,-8.900049,-8.800049,-8.800049,-8.500049,-7.4000487,-7.100049,-7.0000486,-7.200049
-17.100048,-19.100048,-17.800049,-16.50005,-16.700048,-16.800049,-16.700048,-15.200048,-16.100048,-16.00005,-15.300049,-15.200048,-14.800049,-14.400049,-14.200048,-13.600049,-13.600049,-13.500049,-13.500049,-14.200048,-14.800049,-14.100049,-12.500049,-11.900049,-11.200048,-10.600049,-10.600049,-10.200048,-9.400049,-9.400049,-9.500049,-10.000049,-10.000049,-10.100049,-10.900049,-11.400049,-11.800049,-11.100049,-10.500049,-10.100049,-9.600049,-10.100049,-10.000049,-10.300049,-9.700048,-9.700048,-9.900049,-9.700048,-9.700048,-9.900049,-9.600049,-9.200048,-9.100049,-9.400049,-9.400049,-8.600049,-8.300049,-7.9000487
-17.800049,-18.200048,-19.40005,-18.300049,-17.300049,-18.100048,-18.300049,-19.50005,-18.00005,-17.50005,-16.50005,-15.700048,-14.900049,-15.100049,-15.400049,-15.700048,-15.400049,-14.600049,-14.700048,-14.000049,-14.000049,-14.600049,-14.900049,-14.300049,-13.500049,-12.500049,-11.600049,-10.700048,-10.200048,-10.200048,-10.200048,-10.100049,-10.100049,-10.700048,-11.000049,-11.600049,-11.800049,-12.400049,-12.100049,-11.400049,-10.900049,-10.700048,-11.000049,-10.800049,-10.900049,-10.300049,-10.100049,-10.100049,-9.700048,-9.400049,-9.700048,-9.600049,-9.100049,-9.400049,-9.600049,-9.900049,-9.800049,-9.300049
-21.90005,-19.300049,-19.50005,-19.50005,-18.700048,-19.40005,-20.50005,-19.700048,-20.100048,-18.00005,-17.700048,-16.300049,-16.50005,-16.200048,-16.800049,-17.100048,-16.50005,-15.400049,-15.700048,-15.700048,-15.300049,-15.900049,-15.700048,-15.000049,-14.700048,-14.800049,-13.600049,-12.200048,-11.700048,-11.200048,-11.300049,-11.300049,-11.300049,-11.000049,-11.200048,-11.400049,-12.200048,-12.900049,-13.000049,-12.700048,-12.100049,-11.500049,-11.300049,-11.700048,-11.400049,-11.300049,-10.700048,-10.700048,-10.900049,-10.300049,-9.600049,-9.700048,-9.700048,-9.500049,-9.300049,-9.700048,-9.900049,-10.000049
-26.800049,-24.200048,-21.600048,-20.600048,-20.50005,-20.100048,-20.800049,-20.90005,-20.300049,-21.50005,-20.00005,-20.300049,-20.100048,-19.300049,-17.90005,-17.90005,-16.300049,-17.300049,-17.50005,-16.90005,-17.300049,-17.300049,-16.90005,-15.800049,-15.200048,-14.700048,-15.400049,-15.200048,-14.000049,-13.100049,-12.800049,-12.900049,-12.600049,-12.300049,-12.000049,-11.900049,-12.100049,-12.500049,-13.600049,-13.600049,-13.200048,-13.100049,-12.400049,-12.400049,-12.200048,-12.000049,-11.700048,-10.900049,-10.900049,-11.100049,-11.000049,-10.600049,-10.300049,-9.900049,-9.500049,-9.400049,-9.300049,-9.900049
-33.20005,-30.200048,-27.200048,-24.90005,-23.100048,-21.90005,-20.600048,-20.90005,-21.700048,-21.800049,-24.50005,-23.700048,-21.100048,-19.300049,-18.50005,-17.100048,-18.90005,-19.700048,-18.700048,-17.300049,-19.00005,-19.300049,-18.90005,-18.50005,-17.00005,-16.200048,-16.200048,-16.700048,-16.600048,-16.200048,-15.400049,-14.600049,-14.000049,-13.900049,-13.400049,-13.700048,-13.200048,-13.200048,-13.300049,-14.300049,-14.300049,-14.200048,-13.900049,-13.600049,-13.500049,-13.600049,-13.000049,-12.600049,-11.500049,-11.400049,-11.500049,-11.500049,-11.600049,-11.500049,-11.100049,-10.700048,-10.600049,-10.200048
-36.50005,-34.70005,-31.700048,-28.90005,-26.40005,-23.600048,-23.200048,-24.700048,-24.40005,-20.90005,-21.90005,-23.90005,-23.200048,-21.200048,-20.50005,-21.90005,-22.800049,-20.600048,-20.00005,-20.50005,-20.50005,-20.200048,-19.40005,-20.40005,-19.100048,-18.300049,-18.100048,-18.300049,-18.100048,-17.50005,-17.700048,-17.40005,-16.600048,-15.600049,-15.000049,-14.600049,-15.100049,-14.300049,-14.500049,-13.800049,-14.800049,-14.900049,-15.400049,-14.700048,-14.800049,-14.600049,-15.000049,-14.100049,-13.500049,-12.700048,-11.900049,-11.900049,-12.100049,-11.800049,-11.900049,-12.100049,-11.900049,-12.000049
-38.20005,-37.900047,-36.900047,-34.400047,-30.200048,-27.100048,-25.200048,-26.700048,-28.200048,-27.200048,-23.90005,-21.100048,-21.00005,-22.700048,-25.100048,-25.800049,-25.300049,-24.700048,-23.600048,-23.300049,-22.800049,-21.800049,-20.90005,-21.300049,-21.700048,-19.600048,-19.200048,-20.50005,-19.50005,-18.90005,-19.200048,-18.700048,-18.700048,-17.90005,-17.40005,-16.800049,-16.00005,-15.800049,-15.700048,-15.400049,-15.300049,-15.300049,-15.600049,-16.100048,-16.200048,-15.600049,-15.900049,-15.400049,-15.100049,-14.300049,-13.600049,-13.000049,-12.400049,-12.300049,-12.300049,-12.300049,-12.800049,-12.900049
-39.900047,-39.80005,-39.00005,-38.50005,-37.100048,-35.00005,-31.100048,-28.300049,-28.100048,-26.90005,-27.600048,-27.700048,-25.700048,-26.50005,-29.00005,-28.700048,-28.00005,-28.00005,-26.700048,-25.600048,-24.800049,-25.300049,-24.40005,-23.700048,-22.600048,-21.90005,-21.100048,-22.700048,-21.200048,-19.800049,-20.00005,-20.100048,-19.600048,-19.800049,-19.100048,-19.200048,-19.300049,-18.40005,-17.100048,-17.600048,-16.00005,-16.100048,-16.00005,-16.50005,-16.50005,-17.00005,-17.100048,-16.50005,-16.00005,-15.900049,-15.500049,-14.600049,-14.100049,-13.500049,-12.900049,-13.400049,-13.400049,-13.500049
-40.400047,-40.70005,-41.100048,-40.20005,-38.80005,-36.30005,-33.900047,-31.200048,-29.90005,-30.90005,-31.90005,-32.400047,-30.40005,-28.700048,-29.00005,-30.600048,-29.600048,-28.200048,-27.50005,-28.50005,-26.50005,-24.100048,-25.40005,-26.40005,-26.100048,-25.50005,-24.50005,-23.800049,-22.90005,-22.800049,-21.800049,-22.90005,-21.800049,-21.700048,-21.00005,-19.90005,-21.90005,-21.200048,-20.00005,-19.200048,-19.40005,-18.200048,-17.300049,-17.300049,-16.800049,-17.100048,-17.300049,-17.800049,-17.700048,-16.600048,-16.100048,-15.800049,-15.200048,-14.800049,-14.500049,-14.200048,-14.300049,-14.700048
-40.900047,-40.70005,-41.00005,-42.100048,-41.900047,-40.600048,-38.50005,-37.00005,-36.00005,-34.80005,-35.80005,-35.50005,-33.50005,-31.50005,-31.200048,-31.800049,-31.800049,-30.100048,-27.300049,-26.200048,-28.200048,-29.100048,-29.00005,-29.600048,-27.800049,-27.300049,-28.50005,-27.00005,-26.50005,-26.40005,-24.90005,-23.800049,-25.50005,-26.00005,-24.300049,-21.90005,-23.40005,-23.800049,-21.800049,-20.00005,-21.600048,-20.50005,-20.00005,-19.300049,-18.700048,-17.700048,-17.40005,-18.100048,-17.600048,-18.00005,-17.40005,-16.90005,-16.100048,-15.700048,-15.500049,-15.300049,-14.800049,-14.900049
