public/data/weather/2019/10/02/0000-wind-surface-level-gfs-1.0.json
{"header": { "discipline":0, "disciplineName":"Meteorological products", "gribEdition":2, "gribLength":78223, "center":7, "centerName":"US National Weather Service - NCEP(WMC)", "subcenter":0, "refTime":"2019-10-02T00:00:00.000Z", "significanceOfRT":1, "significanceOfRTName":"Start of forecast", "productStatus":0, "productStatusName":"Operational products", "productType":1, "productTypeName":"Forecast products", "productDefinitionTemplate":0, "productDefinitionTemplateName":"Analysis/forecast at horizontal level/layer at a point in time", "parameterCategory":2, "parameterCategoryName":"Momentum", "parameterNumber":3, "parameterNumberName":"V-component_of_wind", "parameterUnit":"m.s-1", "genProcessType":2, "genProcessTypeName":"Forecast", "forecastTime":0, "surface1Type":103, "surface1TypeName":"Specified height level above ground", "surface1Value":10.0, "surface2Type":255, "surface2TypeName":"Missing", "surface2Value":0.0, "gridDefinitionTemplate":0, "gridDefinitionTemplateName":"Latitude_Longitude", "numberPoints":65160, "shape":6, "shapeName":"Earth spherical with radius of 6,371,229.0 m", "gridUnits":"degrees", "resolution":48, "winds":"true", "scanMode":0, "nx":360, "ny":181, "basicAngle":0, "lo1":0.0, "la1":90.0, "lo2":359.0, "la2":-90.0, "dx":1.0, "dy":1.0 }, "data":
[rows 104 to 129 of 181, columns 232 to 289 of 360]
-1.1792016,-1.5192016,-0.50920165,-0.11920166,-0.61920166,-0.41920167,-0.43920165,-0.9792017,-0.23920166,-0.32920167,0.18079834,0.21079834,0.9607983,1.2907983,0.7107983,0.76079834,1.0707984,1.6507983,1.8607984,2.1207983,1.5707984,3.1307983,3.1007984,2.9707983,2.9207983,2.9707983,2.7507982,2.7807984,2.6907983,2.6207983,2.8307984,3.2007983,3.5007982,3.9507983,4.3207984,4.9707985,5.0107985,5.4907985,5.9307985,6.3207984,6.6307983,7.2607985,7.870798,8.620798,7.7007985,7.350798,6.5907984,6.6907983,6.770798,6.9107985,8.280798,8.310799,1.5607983,0.63079834,0.98079836,-2.9492016,-4.1192017,-3.6992016
-0.7192017,-1.0592017,-1.3292017,-0.18920165,-0.69920164,-0.50920165,0.27079833,-0.07920166,0.08079834,-0.50920165,-0.63920164,-0.12920167,0.19079834,1.4207983,-0.40920165,-0.07920166,1.1207983,1.5207983,1.0807984,1.7707983,2.3507984,2.5807984,2.5807984,2.4307983,2.3607984,2.5407984,2.5607984,2.3907983,2.1807983,2.4907982,1.9407983,2.5907984,2.8707983,2.8007984,3.0907984,3.5807984,4.830798,5.3907986,5.560798,5.810798,6.370798,6.6607985,7.1907983,7.7807984,8.130798,8.270799,7.2107983,6.3007984,6.120798,6.350798,5.9507985,7.6907983,7.3007984,4.4807982,1.8607984,3.2907984,3.7307982,3.5407984
-0.06920166,-1.2692016,-1.5392016,-0.39920166,-0.02920166,-0.46920165,-0.18920165,-0.19920166,-0.12920167,0.47079834,0.24079834,0.48079833,0.41079834,0.9007983,-0.12920167,-0.09920166,-0.11920166,1.3607984,1.4507984,1.4507984,1.2707983,0.85079837,1.2207984,2.0707984,1.7907983,2.0807984,2.1207983,2.2407982,2.1007984,2.4707983,2.4307983,2.7107983,3.2107983,4.1507983,4.3807983,4.7807984,4.4007983,4.4407983,5.060798,5.290798,5.520798,6.270798,6.790798,7.1607985,7.6307983,7.6307983,7.6707983,7.8807983,6.350798,6.600798,5.9007983,5.8607984,7.4207983,6.4607983,3.5907984,0.60079837,1.7907983,2.9207983
-1.2292017,-1.7192017,-1.8292017,-2.5592017,-1.7092017,-1.0892017,-0.9092017,-0.49920166,-0.56920165,-0.11920166,-0.24920166,0.16079834,-0.22920166,1.2807983,1.1207983,0.9607983,-0.5992017,0.54079837,0.54079837,-0.31920165,0.04079834,-0.02920166,0.67079836,1.5207983,2.0307984,2.4807982,2.3207984,1.9207983,1.8907983,1.6007984,1.7007984,2.2407982,3.1807983,3.0507984,3.6707983,3.9707983,5.020798,5.000798,4.9907985,5.5107985,5.4107985,5.2807984,5.830798,6.1107984,6.5907984,7.2207985,7.4307985,7.3807983,7.1707983,7.2407985,6.8207984,6.5507984,6.0707984,6.6307983,5.580798,3.7907984,2.8207984,-0.26920167
-2.1892016,-2.2392015,-1.7392017,-2.5092018,-2.0192018,-1.5892017,-1.5692017,-1.4092016,-0.48920166,-1.4792017,-1.2592016,-0.9792017,-0.92920166,-0.31920165,-0.46920165,0.23079833,-0.54920167,-0.88920164,-1.3992016,-0.5992017,0.17079835,1.2007984,1.4807984,2.3607984,2.9707983,2.4707983,2.6807983,2.3207984,1.6907983,1.6507983,1.7307984,2.1907983,3.2507982,3.2807984,3.3707983,3.7907984,4.1407986,4.2807984,4.6107984,5.100798,5.4207983,5.830798,5.290798,5.9107985,6.5307984,6.100798,6.8607984,7.250798,7.2407985,7.1307983,6.9307985,6.9407983,5.7207985,5.8607984,5.9207983,5.2007985,4.9707985,4.0307984
-2.3192017,-2.7292016,-3.1792016,-2.8292017,-2.7892017,-1.7792016,-1.2892016,-2.2992017,-2.2292016,-2.0392017,-1.2992016,-1.4092016,-1.4292016,-0.86920166,-1.1092017,-0.85920167,-1.9092016,-1.8592017,-1.2792016,-0.69920164,0.38079834,0.75079834,1.4007983,2.1207983,1.7607983,1.4307983,1.9607984,1.8707983,1.7407984,1.6007984,1.8507984,2.0607984,3.1207983,2.8507984,3.0207984,3.4907982,4.1307983,3.8207984,4.8607984,4.9207983,5.1707983,5.6607985,5.850798,6.040798,5.7607985,6.2407985,6.330798,6.4707985,7.2407985,7.4607983,7.560798,7.3007984,6.1907983,5.9207983,5.2207985,4.9807982,5.830798,4.1507983
-3.0992017,-2.9392016,-2.2192016,-3.1092017,-4.0592017,-3.6692016,-3.0292017,-1.4892017,-1.8492017,-2.3792017,-2.7292016,-1.7292017,-2.3392017,-1.8892016,-1.9792017,-2.5992017,-1.9092016,-1.6192017,-1.5992017,-1.1392016,-0.12920167,0.80079836,1.6007984,1.5207983,1.4407983,1.6207983,1.2407984,0.88079834,1.0507983,1.3607984,1.9607984,2.3907983,3.0107985,3.0107985,2.8207984,2.7207983,3.6307983,3.9407983,4.1907983,4.370798,5.1307983,5.2207985,5.7207985,7.2107983,7.310798,7.1507983,7.5307984,7.000798,7.850798,8.110798,8.130798,7.9007983,7.9207983,7.5707984,5.9807982,5.3407984,4.500798,4.1707983
-3.8492017,-3.5892017,-3.6092017,-3.4592016,-2.8992016,-3.2792017,-3.2392015,-3.3792017,-3.0492017,-1.8092017,-2.9292016,-2.6692016,-2.9092016,-3.4592016,-3.3192017,-3.3692017,-2.9392016,-1.9692017,-2.2492018,-1.0392016,-0.6692017,0.43079835,0.8307983,1.6607983,1.2207984,1.9307983,1.5407983,0.50079834,0.41079834,1.4607984,2.4307983,2.1907983,2.3907983,2.2307982,2.3607984,2.8507984,3.1807983,3.3407984,3.7907984,4.620798,4.6407986,4.7807984,5.2407985,5.8407984,6.2307982,6.500798,6.9307985,8.240798,7.8407984,8.490798,8.450798,9.030798,9.070798,8.180799,8.110798,6.9207983,5.9507985,5.5107985
-5.2392015,-4.3292017,-4.169202,-3.0192018,-4.229202,-4.479202,-3.6192017,-3.3292017,-3.5092018,-3.1092017,-4.0692015,-3.3692017,-3.0292017,-3.8392017,-3.0192018,-3.5692017,-3.2792017,-3.1992016,-3.5792017,-3.1992016,-2.3492017,-0.61920166,0.48079833,0.54079837,1.3507984,2.7507982,0.22079834,1.4807984,1.4407983,2.0107985,1.6307983,1.8307984,1.4507984,1.3907983,1.8107983,2.3507984,2.2907984,3.2507982,4.040798,4.5707984,4.0707984,4.2807984,4.9107985,5.330798,6.500798,6.3607984,6.520798,7.4607983,7.810798,8.770799,8.900799,9.270799,9.340798,9.070798,8.870798,8.700798,7.6907983,7.4007983
-5.499202,-5.3592014,-4.249202,-4.499202,-3.4592016,-3.4792016,-3.7192016,-4.0592017,-3.4192016,-3.2492018,-3.8292017,-4.0992017,-3.2792017,-2.7192016,-2.7792017,-2.6192017,-3.9292016,-4.7792015,-3.6392016,-3.8792017,-3.8592017,-1.8692017,-0.95920163,-0.22920166,0.27079833,1.5107983,0.60079837,0.56079835,0.82079834,0.8307983,1.1107984,1.3407984,1.5007983,1.1707983,1.4507984,1.6707983,2.5407984,3.2707984,3.5007982,3.3907983,4.6807985,4.9107985,5.4507985,5.540798,5.750798,5.9907985,6.5307984,6.9007983,7.4507985,7.8907986,8.410798,9.430799,9.700798,9.490798,9.350799,9.420798,9.020799,9.010798
2.7607985,-1.9092016,-5.2692018,-5.2892017,-5.249202,-4.5892015,-3.3692017,-5.3492017,-3.8292017,-4.3692017,-3.1792016,-3.6692016,-4.209202,-2.3792017,-3.1292017,-2.7792017,-5.0992017,-4.5192018,-4.1092014,-4.1192017,-4.499202,-3.0992017,-2.7092016,-1.7592016,-1.1392016,-0.63920164,-0.57920164,-0.31920165,-0.19920166,-0.30920166,-0.08920166,0.37079835,0.76079834,1.2407984,0.9707983,1.2607983,2.1907983,2.5407984,2.8907983,4.120798,4.1507983,4.3407984,5.3907986,5.4007983,6.2607985,6.2207985,7.0707984,7.2407985,7.4807982,8.400799,9.620798,9.860798,9.120798,9.980799,9.850799,9.780798,10.360798,9.150799
0.81079835,1.5507983,2.7407982,0.09079834,-1.9692017,-4.7892017,-5.0492015,-4.129202,-6.1392016,-5.7892017,-4.919202,-2.6692016,-3.4192016,-4.169202,-2.9292016,-2.9892015,-4.0292015,-5.2392015,-3.7992017,-3.4292016,-4.7392015,-4.8692017,-3.8992016,-3.5792017,-2.5292017,-1.8692017,-1.5392016,-1.0692017,-1.1792016,-1.1392016,-0.94920164,-0.25920165,0.76079834,0.7707983,1.6307983,1.6607983,1.9907984,2.2407982,2.7107983,3.5907984,3.4507983,3.9307983,4.2607985,4.7007985,5.6407986,6.040798,6.620798,7.3607984,8.270799,9.200798,9.230799,8.880798,9.190799,9.770799,10.050798,10.7207985,10.570798,11.170798
1.1107984,3.5207984,3.7407982,3.9007983,2.8507984,2.0307984,6.6707983,-6.5992017,-5.919202,-5.8192015,-4.169202,-4.1092014,-3.3392017,-2.5592017,-2.3892016,-2.0192018,-2.3392017,-4.8692017,-4.649202,-4.6192017,-4.8692017,-4.5292015,-5.0792017,-5.7392015,-4.7892017,-3.5692017,-2.4892015,-2.0292017,-1.2192017,-2.6692016,-1.0992017,-0.29920167,-0.75920165,0.30079833,0.6607983,1.6407983,1.7807983,2.5107985,3.2707984,3.4907982,3.8807983,4.0507984,4.9507985,5.4207983,6.870798,7.1807985,7.6107984,7.6107984,8.310799,8.590798,9.110798,8.750798,9.240798,9.290798,10.510798,10.790798,10.7207985,10.100799
3.7807984,1.3807983,2.6207983,2.2507982,3.2107983,2.2407982,3.5707984,-3.2092016,-3.2692018,-5.0192018,0.23079833,0.9607983,1.7007984,2.7507982,-0.05920166,1.4507984,-0.5292017,0.03079834,-4.0892015,-5.149202,-5.0892015,-4.8392015,-4.6392016,-5.8592014,-5.9292016,-4.999202,-4.0592017,-2.8892016,-2.1292017,-2.1892016,-1.5392016,-0.79920167,0.28079835,0.51079834,1.3407984,1.6007984,1.8507984,2.9207983,2.7807984,3.7607985,5.1507983,4.6807985,5.5707984,5.6807985,6.2107983,6.080798,7.350798,8.330798,8.680799,9.070798,9.310799,9.850799,9.120798,9.460798,9.880798,11.120798,11.550798,9.130798
1.5707984,-0.05920166,0.01079834,1.3207984,2.0807984,3.1207983,3.4707983,-2.1592016,0.43079835,-3.0592017,-2.4392016,2.2107983,1.9307983,3.3407984,3.7907984,3.0107985,2.4407983,4.0707984,3.1807983,-2.4392016,-5.5692015,-5.399202,-6.0692015,-6.9492016,-6.8092017,-6.0692015,-5.6992016,-4.499202,-3.4092016,-2.7592018,-2.0992017,-1.0992017,-0.79920167,0.23079833,1.2507983,2.0307984,1.6007984,2.7907984,3.1307983,3.4807982,4.580798,4.3007984,5.4407983,5.4407983,6.370798,6.370798,7.2607985,8.100799,8.790798,9.670798,9.510798,9.380798,9.690799,9.600799,9.750798,11.020799,12.870798,2.2807984
-0.06920166,-1.0392016,-1.2192017,-0.62920165,1.4107983,1.3007983,1.2907983,0.54079837,1.1107984,-5.669202,-3.1392016,-3.7792017,-4.2392015,-1.0592017,-0.21920165,-2.3392017,1.1607983,2.0007982,2.2707984,2.7907984,1.6907983,-7.1092014,-6.249202,-7.5792017,-7.4092016,-7.169202,-6.8892016,-5.979202,-4.959202,-4.7692018,-2.7292016,-2.5392017,-1.5492016,-0.46920165,1.0707984,1.4507984,2.3707983,2.3207984,2.2607985,2.5607984,3.7107983,4.1907983,4.1507983,5.020798,6.2307982,6.870798,7.4307985,8.390799,8.140799,8.760798,9.060799,9.630798,10.460798,9.770799,9.540798,9.380798,11.390799,2.1007984
-1.9792017,-1.6792016,-1.5692017,-1.8292017,-0.86920166,-1.7792016,-2.5292017,-2.4292016,-2.8792017,-2.9792016,-4.2592015,-4.919202,-4.729202,-4.3892016,-3.2892017,-1.1592016,0.6507983,1.5407983,2.8507984,4.350798,5.790798,0.29079834,-7.3092017,-5.5692015,-7.8492017,-7.149202,-6.3592014,-6.3292017,-6.0892015,-5.499202,-4.499202,-3.5592017,-2.4892015,-1.5092016,-0.22920166,0.60079837,1.5307983,2.4207983,2.9507983,3.3207984,3.0507984,4.1507983,4.000798,4.7807984,5.9707985,6.580798,7.1107984,7.7607985,7.5707984,8.930799,9.630798,9.750798,9.920798,9.9707985,9.050798,8.540798,9.950798,-1.1092017
-1.5292016,-2.8092017,-3.5392017,-3.4692016,-2.7692018,-3.0792017,-3.6992016,-4.2792015,-4.919202,-4.1092014,-4.149202,-4.8892016,-3.8192017,-3.9592016,-3.1692016,-1.6792016,-0.92920166,0.82079834,2.4507983,4.1807985,5.2807984,5.540798,-7.439202,-9.5292015,-10.349201,-8.559201,-7.629202,-8.089202,-8.169202,-7.1092014,-6.0592017,-4.6992016,-3.9592016,-3.1792016,-1.8792017,0.06079834,1.7807983,2.8407984,4.060798,2.6607983,4.560798,4.790798,4.1507983,5.4307985,6.000798,6.4907985,7.370798,7.1807985,7.8207984,8.450798,8.530798,8.960798,9.260798,9.330798,7.560798,7.060798,8.200798,0.26079834
2.2107983,-1.6192017,-3.2192016,-4.689202,-4.8492017,-4.6192017,-4.689202,-5.0192018,-4.709202,-3.4292016,-3.7692018,-3.7592018,-4.0292015,-3.7592018,-3.4392016,-2.1192017,-1.3092017,0.82079834,2.4507983,4.3207984,4.810798,4.3407984,4.3007984,-10.369202,-11.579202,-10.0292015,-8.069201,-9.0292015,-8.489202,-7.2992015,-6.3492017,-4.999202,-3.2492018,-3.5692017,-1.3692017,0.25079834,1.5707984,2.2907984,3.7107983,3.6807983,2.7907984,5.3207984,4.9107985,5.7807984,6.1107984,6.2007985,6.7607985,6.8007984,7.560798,7.8607984,7.810798,8.540798,8.840798,8.170798,6.810798,4.8907986,4.8407984,1.1707983
2.1707983,1.1207983,-1.2892016,-5.629202,-5.0892015,-6.4692016,-6.4292016,-5.2392015,-5.459202,-4.9692016,-4.879202,-4.9892015,-3.9392016,-4.3192015,-3.0292017,-1.7692016,-1.0192016,0.9107983,1.9407983,2.3307984,3.2307982,3.9307983,7.270798,-10.909202,-12.609201,-11.7792015,-10.699202,-10.589202,-9.429202,-7.5692015,-7.5192018,-5.7892017,-3.6592016,-2.7892017,-1.2192017,0.46079835,1.4307983,2.9907982,3.6207983,4.540798,5.0907984,5.080798,4.9807982,5.250798,5.9307985,6.060798,7.4607983,6.7207985,6.2607985,6.290798,7.2007985,8.260798,8.400799,7.4807982,6.2307982,2.3607984,2.5307984,0.44079834
0.08079834,0.36079833,0.94079834,-2.1692016,-6.6792016,-6.5092015,-6.3392015,-6.1392016,-5.7992015,-5.5992017,-5.3092017,-4.6192017,-4.1792016,-3.5292017,-3.4692016,-1.7092017,-1.1492016,-1.0892017,1.5007983,1.7407984,1.6007984,3.5007982,3.8707983,5.8607984,-12.719202,-12.429202,-11.379202,-10.539202,-9.169202,-7.6592016,-6.729202,-5.3392015,-4.669202,-2.9092016,-1.8892016,0.7707983,1.0907984,2.9407983,3.4207983,4.7107983,4.7407985,4.1707983,4.8807983,5.600798,5.8807983,6.3207984,6.4907985,6.2007985,6.4407983,5.500798,7.1607985,7.2807984,8.160798,7.850798,6.4007983,2.0307984,-0.13920166,0.81079835
-1.3692017,-2.2392015,-2.1692016,-1.4392017,-2.9692016,-8.239202,-8.419202,-6.8492017,-6.8892016,-7.4492016,-6.169202,-5.669202,-4.6392016,-3.9192016,-3.3992016,-2.2792017,-1.6892017,-0.04920166,0.57079834,2.6507983,0.22079834,1.9507984,3.1107984,3.5707984,-10.309201,-11.189201,-11.879202,-11.369202,-9.429202,-8.319201,-7.5692015,-5.8392015,-4.5492015,-4.0592017,-0.92920166,0.9107983,2.1807983,2.7307982,3.0807984,4.3007984,4.4407983,4.7007985,5.560798,5.620798,5.520798,6.2407985,6.6807985,6.6907983,5.8207984,5.6807985,5.810798,6.1707983,7.600798,8.360798,7.020798,2.3707983,-0.05920166,0.79079837
7.9833984E-4,-0.62920165,-3.8992016,-5.5492015,-3.6992016,-6.1392016,-9.679202,-8.949202,-9.039202,-7.7192016,-8.299202,-6.399202,-4.5892015,-3.3792017,-3.6392016,-3.0092018,-2.8392017,-1.5092016,0.47079834,2.8207984,3.0507984,3.9307983,3.9907982,1.6107984,-12.819201,-13.809201,-13.809201,-12.229201,-10.599201,-9.469202,-8.039202,-6.7692018,-5.7892017,-3.7092016,-2.2092016,2.0307984,2.8107984,3.6807983,3.6507983,4.7307982,5.2407985,5.520798,5.6107984,5.9707985,5.4407983,5.4807982,5.1107984,5.3907986,5.100798,4.830798,5.350798,5.1907983,6.4307985,7.4507985,6.2207985,3.5407984,1.5907984,-0.6592017
-1.0492016,-2.0292017,-3.3492017,-6.8392015,-7.9292016,-5.5792017,-10.979201,-10.739202,-10.039202,-8.819201,-8.559201,-6.999202,-6.0592017,-5.189202,-3.6792016,-2.7092016,-2.5892017,-1.4692017,0.51079834,2.9107983,3.8707983,4.7107983,5.370798,2.9907982,-13.409202,-14.539202,-14.149201,-12.949202,-11.359201,-8.939201,-7.5592017,-6.669202,-5.4492016,-1.9392017,-0.6592017,1.6507983,3.0707984,4.1607985,4.7107983,5.0107985,5.2007985,5.6807985,5.850798,5.4407983,5.1807985,5.2307982,4.9107985,5.350798,4.1707983,4.5707984,4.4207983,3.7407982,4.9807982,5.7207985,7.4007983,0.29079834,-0.50920165,-1.2392017
-2.0692017,-2.3592017,-3.7792017,-5.7892017,-10.059201,-8.059201,-10.599201,-12.0292015,-11.2792015,-9.429202,-8.709202,-8.089202,-6.629202,-5.689202,-4.689202,-2.8892016,-1.7792016,-0.34920165,0.44079834,2.4407983,4.2607985,5.2007985,5.7107983,2.5107985,-12.469202,-14.129202,-12.579202,-13.009202,-11.149201,-8.5292015,-8.109201,-6.709202,-4.729202,-2.5892017,-0.85920167,0.8407983,3.3707983,4.500798,5.7807984,5.4407983,6.330798,7.1807985,7.1607985,6.5707984,4.810798,2.0207984,0.27079833,0.93079835,2.2707984,2.7207983,3.0207984,3.2207983,3.9207983,4.6507983,5.9507985,-0.75920165,-0.07920166,0.14079835
-1.3192017,-1.7392017,-4.1392016,-8.789202,-10.649201,-10.109201,-12.039202,-11.119202,-12.209202,-10.149201,-8.719202,-7.7392015,-7.3492017,-5.9092016,-4.6992016,-3.5892017,-1.4692017,0.35079834,1.4107983,3.0907984,3.3507984,5.060798,4.5707984,0.14079835,-11.499202,-12.889202,-13.889202,-12.559201,-9.5292015,-8.719202,-7.5992017,-6.2892017,-4.4292016,-2.1292017,-0.82920164,2.6307983,4.4307985,5.4507985,6.4707985,7.4707985,8.110798,8.570798,7.8607984,8.620798,7.9907985,7.750798,5.040798,3.7507982,-1.2592016,0.49079835,1.9907984,2.2607985,2.6207983,3.5307984,4.580798,0.37079835,-0.26920167,-1.0792017
