public/data/weather/2019/10/02/0000-wind-isobaric-1000hPa-gfs-1.0.json
{"header": { "discipline":0, "disciplineName":"Meteorological products", "gribEdition":2, "gribLength":79150, "center":7, "centerName":"US National Weather Service - NCEP(WMC)", "subcenter":0, "refTime":"2019-10-02T00:00:00.000Z", "significanceOfRT":1, "significanceOfRTName":"Start of forecast", "productStatus":0, "productStatusName":"Operational products", "productType":1, "productTypeName":"Forecast products", "productDefinitionTemplate":0, "productDefinitionTemplateName":"Analysis/forecast at horizontal level/layer at a point in time", "parameterCategory":2, "parameterCategoryName":"Momentum", "parameterNumber":2, "parameterNumberName":"U-component_of_wind", "parameterUnit":"m.s-1", "genProcessType":2, "genProcessTypeName":"Forecast", "forecastTime":0, "surface1Type":100, "surface1TypeName":"Isobaric surface", "surface1Value":95000.0, "surface2Type":255, "surface2TypeName":"Missing", "surface2Value":0.0, "gridDefinitionTemplate":0, "gridDefinitionTemplateName":"Latitude_Longitude", "numberPoints":65160, "shape":6, "shapeName":"Earth spherical with radius of 6,371,229.0 m", "gridUnits":"degrees", "resolution":48, "winds":"true", "scanMode":0, "nx":360, "ny":181, "basicAngle":0, "lo1":0.0, "la1":90.0, "lo2":359.0, "la2":-90.0, "dx":1.0, "dy":1.0 }, "data":
[rows 78 to 103 of 181, columns 114 to 170 of 360]
-1.6217675,-1.2017676,-0.051767576,0.54823244,-0.23176758,-0.71176755,-1.0017676,-2.0617676,-0.89176756,-1.0317676,-3.5117676,-1.6117675,-1.1217675,0.21823242,0.7682324,0.5582324,0.7482324,2.0282323,1.7282324,0.53823245,-0.021767579,-0.38176757,-0.35176757,0.67823243,0.5182324,0.7482324,1.0182325,1.8482324,2.3182325,2.9882324,5.0882325,4.0382323,2.6382325,0.72823244,-1.3417675,-2.0817676,-2.6417675,-2.2517676,-1.1617676,-1.1417676,-0.95176756,-0.46176758,1.9282324,0.84823245,-0.15176758,0.17823242,0.53823245,1.1182324,3.1182325,2.8282325,1.6382325,0.39823243,0.4482324,-0.18176758,-0.90176755,-0.21176758,0.17823242
0.24823242,0.8282324,1.6882324,0.45823243,-1.2117676,-0.6217676,-2.6017675,0.31823242,0.53823245,-1.4217676,-2.7717676,-2.5417676,-2.0117676,-1.0917675,0.16823243,1.9382324,2.0582323,2.1282325,0.65823245,0.8182324,0.8982324,1.2482324,1.3782325,0.8782324,0.31823242,0.9482324,2.3082323,2.1582325,3.0682325,3.8782325,4.7582326,5.8082323,6.4182324,5.0282326,3.3182325,1.3982325,0.6482324,0.22823243,0.3282324,0.4782324,1.6982324,2.3882325,2.7782323,2.2582324,1.8882325,1.9382324,2.2482324,1.5782324,2.7682323,1.9282324,1.4982324,1.3182324,1.1982324,0.8382324,1.2282324,0.8982324,0.67823243
1.3982325,1.3982325,1.4782324,0.13823242,-1.2717676,-1.1117675,-2.6717675,0.29823244,0.24823242,-0.34176758,-3.2017677,-1.9417676,-2.8317676,-1.5617676,-0.51176757,0.7482324,1.3782325,0.7082324,0.29823244,-0.5417676,-0.5017676,0.90823245,-0.41176757,-0.5617676,-0.7217676,-0.011767578,0.6982324,1.8982325,2.6182325,3.8882325,4.658232,5.5082326,7.178232,7.1982327,7.2082324,6.4582324,4.5682325,2.3482325,3.0182323,3.9882324,4.6682324,4.428232,3.6582325,2.0482323,3.0782325,2.4082325,2.4182324,2.1282325,1.6982324,1.8882325,1.9482324,1.7682325,1.6682324,1.5182325,1.6482325,1.0782324,0.98823243
1.1682324,1.8982325,2.0882325,0.2582324,-2.0817676,-2.5917675,-5.2617674,-1.5817676,1.8282324,2.5882325,2.2482324,0.3882324,-0.4917676,-1.3517675,-0.6217676,0.28823242,-0.071767576,-0.43176758,-0.21176758,-0.76176757,-0.071767576,0.78823245,-0.48176757,-0.40176758,0.27823243,0.66823244,0.4482324,2.0682325,2.5182323,3.4982324,5.0382323,5.4982324,6.408232,6.9782324,8.198233,8.558232,6.8782325,6.0182323,6.0582323,5.4182324,6.4882326,5.2982326,4.7282324,3.5182323,3.1782324,1.0982324,2.8882325,2.4282324,1.9482324,1.2282324,1.6882324,2.0282323,2.3882325,1.7082324,2.2782323,1.5982324,0.85823244
1.3382324,2.0982325,3.0382323,0.09823242,-2.9717677,-3.5517676,-4.571768,-1.8117676,-2.0517676,-0.5617676,-0.051767576,-0.9117676,2.4682324,0.28823242,-0.40176758,-0.12176758,-0.9417676,-1.2717676,-0.52176756,-1.2017676,-0.89176756,-0.23176758,-0.8117676,-0.57176757,0.34823242,1.1982324,0.65823245,0.84823245,1.9082325,3.1282325,4.178232,4.7882323,5.3382325,6.1482325,7.678232,6.9882326,6.7782326,6.3082323,4.6282325,5.3982325,6.8282323,5.0582323,5.6182323,3.7282324,2.4182324,3.1082325,1.8282324,1.9782324,1.0282325,1.6182324,1.4182324,2.2182324,1.1282325,0.5282324,1.7582325,1.6182324,1.0682324
1.4882324,3.4082325,2.7582324,-0.26176757,-2.0717676,-4.9417677,-5.091768,-4.4317675,-1.9717675,-0.9117676,-1.1917676,0.67823243,0.028232422,0.29823244,0.46823242,-0.44176757,-0.8817676,0.17823242,-1.1617676,-1.9317676,-0.20176758,-0.51176757,-0.24176759,-0.5317676,0.15823242,0.22823243,0.5582324,0.10823242,1.2782325,2.4582324,3.3482325,4.2882323,5.4482327,5.9882326,6.9182324,6.0282326,6.1482325,5.4982324,4.9582324,4.7782326,4.8482323,4.1982327,4.1282325,3.2482324,2.8882325,2.4682324,2.1782324,1.9582324,0.91823244,1.7782325,0.8882324,0.24823242,0.66823244,0.5082324,0.84823245,0.7782324,0.3882324
1.2182324,3.5782325,1.6182324,0.8882324,-2.0317676,-3.7917676,-4.8817677,-5.1217675,-4.8817677,-3.8217676,-1.7817676,-0.64176756,-0.7317676,-1.2417675,-2.0417676,-1.5917675,-1.3617675,-0.9217676,-0.3317676,-0.29176757,-0.08176758,-0.021767579,-0.21176758,-0.71176755,-0.7817676,-0.6317676,0.31823242,0.12823242,0.7482324,2.1282325,2.4082325,3.1782324,4.0682325,4.638232,5.4582324,5.2582326,4.0682325,3.9982324,3.9582324,2.8782325,3.5482323,2.9682324,3.3482325,3.5782325,1.8582324,1.7582325,1.1782324,0.54823244,1.4182324,1.4582324,2.6982324,1.0682324,0.6182324,-0.071767576,-0.45176756,-0.24176759,-0.52176756
-0.051767576,0.8382324,0.19823243,0.5582324,-0.96176755,-1.9017676,-4.7217674,-4.8817677,-4.4817677,-4.1017675,-4.7217674,-4.5517673,-2.4517677,-1.4817675,-1.3417675,-0.9717676,-0.95176756,-1.1917676,-1.1317676,-0.2717676,-0.95176756,-0.70176756,-1.1717676,-1.2217675,-1.4517676,-1.0617676,-1.1417676,-0.011767578,0.8682324,1.9682324,2.2982323,3.2382324,3.1382325,3.5782325,4.0582323,3.6082325,2.8282325,3.0882325,3.4982324,3.1382325,3.0382323,2.4182324,2.1382325,2.7582324,1.3082324,0.8082324,0.59823245,0.2582324,0.7682324,0.49823242,0.4182324,0.5582324,-0.52176756,-0.96176755,-1.6917676,-1.4517676,-1.1117675
0.5282324,-0.64176756,0.04823242,-0.051767576,-0.52176756,-1.5517676,-3.2417676,-2.9817677,-2.1317675,-5.5617676,-5.3317676,-3.6817675,-2.5217676,-1.6817676,-1.3517675,-1.5717676,-1.2017676,-0.7417676,-0.5017676,-0.52176756,-1.0317676,-1.0017676,-0.7917676,-1.5317676,-1.6017675,-1.4617676,-1.5617676,-0.70176756,0.7782324,1.5682324,1.0882324,2.3482325,3.2482324,3.4582324,3.0482323,2.0282323,2.3382325,2.5882325,1.9782324,2.1482325,1.9682324,1.7582325,1.6982324,0.8882324,0.43823242,-0.20176758,0.4482324,0.04823242,-0.40176758,-0.24176759,-0.35176757,-0.40176758,-1.6317676,-3.0917675,-2.2117677,-1.5017676,-2.1117675
-2.3617675,0.37823242,0.54823244,0.16823243,0.91823244,-1.0117676,-1.7517676,-1.2017676,-0.77176756,-0.96176755,-4.2817674,-5.1417675,-2.4517677,-2.2017677,-1.7117676,-1.4017676,-0.71176755,-0.4217676,-0.34176758,0.34823242,-0.13176757,-1.4117676,-2.0317676,-1.8117676,-2.2917676,-1.1417676,-0.89176756,0.15823242,-0.46176758,0.7682324,0.6382324,2.2082324,2.2082324,2.7282324,3.5682325,1.4582324,1.8982325,2.2582324,1.4982324,0.5682324,1.4782324,1.4582324,0.8382324,0.36823243,0.6282324,-0.10176758,-0.08176758,-0.43176758,0.33823243,0.19823243,-0.8517676,-1.3117676,-1.9717675,-3.5017676,-2.9317675,-2.9317675,-3.1017675
-1.8917676,-0.5517676,0.028232422,1.4982324,1.8482324,0.5882324,1.2282324,0.34823242,-0.70176756,-0.46176758,-1.6917676,-4.6417675,-1.6617676,-1.9417676,-1.8617675,-0.9417676,-0.44176757,-0.84176755,-0.6017676,-0.111767575,-0.5517676,-1.8617675,-1.4317676,-2.0917675,-2.9817677,-2.3717675,-1.5517676,-2.0517676,-1.4717675,-1.0517676,0.92823243,1.8982325,1.8982325,2.4082325,2.6982324,2.9782324,1.2982324,1.6782324,1.2182324,0.3582324,1.6382325,1.0282325,0.21823242,1.0682324,0.4182324,-0.37176758,-0.29176757,0.11823242,0.22823243,-0.25176758,-1.3317676,-1.5017676,-2.7817676,-2.5817676,-2.9817677,-3.6417675,-3.9017675
-1.0017676,-1.1517676,0.08823242,0.8682324,1.8082324,1.2882324,0.92823243,-0.95176756,-0.3017676,-0.40176758,-2.4917676,1.2882324,-0.8617676,-0.71176755,-0.70176756,-0.24176759,-0.04176758,-1.1317676,-0.70176756,0.08823242,-1.4017676,-1.8017676,-0.76176757,-0.7217676,-2.4817677,-4.2117677,-2.7117677,-2.1517675,-2.0217676,-1.0417676,0.5782324,0.9382324,1.8582324,2.7782323,2.0682325,2.8482325,2.0682325,1.6282325,2.2482324,0.59823245,1.5282325,0.54823244,1.8182324,-0.96176755,-1.3717675,0.3282324,-1.1917676,-0.4917676,-0.64176756,-0.40176758,-0.6617676,-2.0017676,-2.8617675,-2.6217675,-3.7117677,-4.2917676,-4.4017677
-0.5017676,-1.0117676,-1.4117676,0.26823243,1.2582325,-0.4917676,-3.7617676,-3.6517675,-2.6117675,-0.5017676,0.11823242,0.5682324,-2.0217676,-1.5217676,-2.3017676,-3.7717676,-1.6117675,0.78823245,-1.4017676,-1.9417676,-2.0817676,-1.9917675,-2.0117676,-4.1817675,-3.4517677,-4.2917676,-4.0517673,-3.0617676,-2.3417675,-1.6917676,-0.51176757,0.27823243,1.7982324,2.2982323,1.9282324,2.7082324,2.7882323,2.4982324,2.5082324,2.4082325,1.5282325,2.0482323,0.67823243,-1.1717676,-0.15176758,-0.41176757,2.1382325,1.3782325,0.9482324,0.7782324,-0.9317676,-1.4017676,-2.4817677,-2.8717675,-3.8217676,-4.5517673,-4.841768
-1.2317675,-0.31176758,-2.2317677,-1.9717675,0.33823243,0.4782324,-0.89176756,-1.0417676,-0.16176757,4.1282325,-0.15176758,-3.1117675,-4.9517674,-2.6217675,-2.0817676,-4.841768,-4.7117677,-1.2317675,-1.1917676,-0.6017676,-2.4917676,-2.5317676,-3.8617675,-4.3317676,-5.321768,-5.4417677,-4.3317676,-4.361768,-2.3617675,-2.2217677,-2.0217676,-0.20176758,1.3482324,0.91823244,1.5482324,2.9582324,2.7382324,2.8382325,3.2782323,2.7182324,2.5082324,1.4682324,0.29823244,0.90823245,1.9082325,2.5882325,2.3482325,1.7582325,1.3982325,1.2882324,-0.2717676,-1.2017676,-2.0317676,-3.1417675,-3.8817675,-4.0417676,-4.571768
-0.32176757,-0.17176758,-1.8017676,-1.5217676,-1.4117676,-0.29176757,-1.3417675,-0.71176755,-0.021767579,-1.3817676,-3.4217675,1.9382324,-1.6217675,-4.0017676,-0.22176757,-2.0417676,-4.9117675,-2.9517677,-3.7617676,-4.4117675,-2.3917675,0.09823242,-0.011767578,-2.1417675,-0.59176755,-3.3717675,-4.0817676,-3.6017675,-3.3817675,-2.9817677,-2.4317675,-1.5017676,-0.5617676,-0.26176757,0.8782324,1.4482324,2.3182325,2.4382324,3.4982324,2.1782324,2.3282325,2.3482325,3.7682323,2.6082325,2.9582324,3.7982323,2.0582323,1.8682324,1.9382324,0.04823242,-0.14176758,-0.23176758,-0.5517676,-1.7917676,-2.8617675,-3.6217675,-4.0217676
-6.7317677,-2.6517675,-1.0717676,-1.8817676,-3.0517676,-0.6317676,-0.83176756,-1.7717676,-0.08176758,-3.0117676,-4.0817676,-5.1717677,-0.89176756,-4.1517677,-4.1717677,0.068232425,-2.4417677,-4.4517674,-2.7217677,-3.8917675,-0.24176759,0.54823244,1.6782324,-0.9117676,-0.89176756,-2.4317675,-1.6317676,-0.9217676,-2.7017677,-3.7317677,-2.0017676,-1.9417676,-1.4117676,-0.9917676,-0.28176758,1.0082325,1.7582325,1.5182325,1.7282324,1.2582325,1.2482324,3.4882324,4.7882323,4.0682325,3.7182324,2.5582323,2.0982325,1.9482324,1.1682324,1.0282325,0.08823242,0.40823242,-1.3117676,-1.4517676,-2.1417675,-1.9117676,-3.3517675
-7.2717676,-6.0617676,-4.9517674,-5.0517673,-10.131767,-10.121768,-6.0117674,0.08823242,-0.9117676,-4.321768,-5.6217675,-8.371768,-8.761767,-5.6717677,-6.091768,-4.5617676,-3.6417675,-7.0617676,-8.301767,-3.1417675,-9.421767,-2.5117676,0.26823243,0.6182324,0.34823242,0.23823242,-0.051767576,0.28823242,0.4182324,0.29823244,-0.65176755,-4.8917675,-2.8817675,-3.6617675,-2.4417677,-0.31176758,1.1782324,1.0082325,1.6482325,-0.43176758,2.0382323,2.7582324,3.9782324,2.3182325,2.9782324,2.4182324,0.48823243,-0.82176757,-1.0217676,2.2182324,1.0782324,0.46823242,0.04823242,-0.7317676,-2.2117677,-2.1317675,-3.6117675
-8.541767,-8.181767,-8.171767,-8.371768,-5.9617677,-2.1117675,-3.9717677,-6.7417674,-6.7517676,-6.0317674,-6.7617674,-6.4917674,-7.1617675,-7.5217676,-8.091767,-9.281768,-8.341767,-8.6417675,-7.7617674,-8.371768,-10.031768,-11.3917675,-5.9217677,-0.70176756,2.2882323,-0.061767578,3.3782325,0.17823242,-0.031767577,0.11823242,-0.40176758,-2.3117676,-4.8817677,-4.7417674,-4.6217675,-0.23176758,0.10823242,2.1182325,-1.5817676,3.5282323,4.3482323,2.6582325,0.5282324,0.24823242,-0.08176758,-0.16176757,-3.4917676,-4.0117674,-3.3317676,0.46823242,-1.5617676,0.6882324,-1.6817676,-0.8817676,-1.7217675,-2.6817675,-4.5417676
-6.1917677,-6.6317677,-8.581768,-9.801767,-10.371768,-11.911768,-11.181767,-8.761767,-8.331768,-8.101768,-7.1217675,-7.611768,-7.8717675,-8.021768,-8.951768,-9.801767,-9.981768,-9.821768,-8.951768,-8.451768,-8.731768,-8.711767,-5.6017675,-2.8617675,-3.3117676,-1.1217675,-2.0117676,-1.2817676,0.4782324,1.2382324,-1.7117676,-0.43176758,-0.76176757,-0.051767576,-5.4317675,-1.7817676,-0.7917676,0.7482324,1.1682324,-0.6717676,-2.2617676,0.6282324,-0.6317676,-2.0617676,-1.8017676,-2.0917675,-6.2717676,-3.7717676,-4.4917674,-1.5317676,-1.2717676,-3.1517675,-1.1617676,-1.6717676,-2.2517676,-4.9317675,-8.111768
-2.5117676,-4.1017675,-4.4717674,-6.0217676,-8.411768,-8.501767,-8.801767,-7.7717676,-6.7417674,-5.341768,-5.9017677,-6.4017677,-10.921767,-8.091767,-8.261767,-9.631767,-9.271768,-9.531768,-10.071768,-11.381767,-13.161768,-12.841767,-10.261767,-9.211767,-7.5417676,-7.9817677,-6.4617677,-6.5217676,-7.2117677,-1.2117676,0.59823245,0.84823245,-2.0117676,-1.4017676,-2.0617676,-4.3717675,-4.9217677,-3.9717677,-4.4017677,-5.6017675,-5.591768,-4.0517673,-1.5717676,-1.8817676,-3.6617675,-4.3317676,-3.9617677,-3.9717677,0.30823243,-0.6617676,-1.7117676,-5.3917675,-4.4017677,-6.1917677,-8.001767,-9.231768,-9.471767
-0.70176756,-0.7417676,-2.4717677,-5.4917674,-2.8717675,-4.9717674,-5.9817677,-5.1017675,-2.4717677,-5.2217674,-8.121768,-11.091767,-10.271768,-7.1017675,-7.611768,-9.121768,-8.801767,-10.881767,-11.491768,-11.691768,-12.151768,-13.471767,-11.661768,-9.991768,-8.431767,-8.241768,-10.111768,-8.571768,-10.231768,-10.601768,-7.4917674,1.1682324,2.1482325,-1.9417676,-1.4417676,-4.2917676,-8.821768,-7.8317676,-7.611768,-8.561768,-8.591767,-8.351768,-7.9817677,-4.3917675,-5.1317677,-1.6717676,-8.911768,-4.5217676,-6.2117677,-4.2217674,-6.9317675,-9.121768,-9.541767,-8.171767,-9.721767,-10.131767,-12.251767
-7.4217677,-5.7917676,-5.3817677,-2.9017675,-1.9317676,-4.6717677,-3.9517677,-1.7317675,-1.5917675,-3.5117676,-3.1117675,-3.0117676,-2.5817676,-3.6517675,-6.8017673,-8.331768,-9.701768,-11.3917675,-11.381767,-10.851768,-11.081768,-10.621768,-12.331768,-11.371768,-11.131767,-12.971767,-13.211767,-11.611768,-11.401768,-12.191768,-13.361768,-12.911768,-7.7217674,2.5382323,-0.25176758,-2.4917676,-0.22176757,-7.7017674,-8.711767,-9.671767,-11.241768,-11.731768,-9.791767,-9.471767,-7.7817674,-7.9617677,-12.601768,-1.9717675,-6.3017673,-8.241768,-10.071768,-12.151768,-11.341767,-11.711767,-11.311768,-12.581768,-12.701768
-8.471767,-8.121768,-7.361768,-6.9517674,-6.9017677,-5.6017675,-0.17176758,-2.0417676,-3.4717677,-3.4417677,-6.7917676,-5.7917676,-5.3917675,-5.8317676,-6.4817677,-7.4417677,-8.881767,-11.171767,-11.861768,-10.261767,-10.211767,-9.941768,-9.561768,-9.061768,-11.401768,-11.961767,-13.541767,-14.731768,-15.521768,-14.091767,-13.791767,-14.241768,-14.381767,-14.941768,-9.351768,-1.1517676,-3.2317677,-3.5917675,-8.261767,-9.421767,-12.301767,-11.951768,-12.371768,-12.131767,-10.311768,-11.821768,-9.921767,-7.7317677,-8.611768,-9.331768,-10.881767,-13.771768,-14.081768,-12.251767,-12.591767,-13.581768,-12.431767
-9.621768,-9.571768,-9.871768,-7.2517676,-7.591768,-7.4917674,-5.0317674,-7.0817676,-9.161768,-10.181767,-8.191768,-5.9417677,-5.0417676,-4.7317677,-5.4117675,-5.9317675,-7.2817674,-8.1417675,-10.541767,-9.781768,-10.221767,-9.671767,-8.441768,-8.571768,-8.481768,-9.711767,-11.021768,-12.021768,-12.781768,-13.721767,-14.401768,-14.241768,-14.201768,-13.781768,-13.381767,-13.331768,-12.541767,-12.101768,-10.171767,-9.291767,-10.071768,-12.921767,-13.711767,-13.821768,-11.691768,-9.111768,-10.781768,-10.231768,-9.981768,-10.671767,-11.361768,-12.511767,-14.001767,-12.421767,-11.631767,-12.421767,-11.991768
-9.711767,-10.061768,-9.621768,-8.481768,-7.7017674,-7.6017675,-6.9317675,-7.2517676,-7.4217677,-7.0817676,-6.5517673,-5.3017673,-2.7117677,-3.2517676,-2.9317675,-3.3217676,-2.5017676,-4.7517676,-8.531768,-6.4117675,-6.0017676,-7.7017674,-7.2517676,-7.6617675,-8.291767,-8.971767,-8.821768,-9.551767,-11.661768,-12.631767,-14.521768,-14.691768,-13.6417675,-12.801767,-13.161768,-12.261767,-12.441768,-12.061768,-11.521768,-10.191768,-11.471767,-12.381767,-13.681767,-14.591767,-14.211767,-10.411768,-8.211767,-8.971767,-9.271768,-10.431767,-12.431767,-12.081768,-12.791767,-12.991768,-13.231768,-12.351768,-12.471767
-9.701768,-9.461767,-9.261767,-8.291767,-7.4117675,-7.0317674,-5.0017676,-4.861768,-3.7617676,-3.4517677,-2.8217676,-2.4417677,-1.1517676,0.43823242,-0.7217676,-1.1717676,-1.4017676,-3.4117675,-5.2517676,-8.881767,-6.091768,-5.1917677,-5.7817674,-7.1717677,-7.7517676,-8.1417675,-8.731768,-8.441768,-10.321768,-12.791767,-13.901768,-15.1417675,-13.521768,-12.531768,-12.271768,-11.831768,-12.381767,-12.531768,-12.781768,-12.671767,-12.061768,-14.001767,-14.471767,-15.911768,-15.351768,-9.011767,-8.401768,-7.861768,-9.431767,-9.601768,-9.681767,-12.611768,-13.121768,-13.061768,-12.591767,-12.331768,-12.411768
