public/data/weather/2019/10/02/0000-wind-isobaric-500hPa-gfs-1.0.json
{"header": { "discipline":0, "disciplineName":"Meteorological products", "gribEdition":2, "gribLength":78052, "center":7, "centerName":"US National Weather Service - NCEP(WMC)", "subcenter":0, "refTime":"2019-10-02T00:00:00.000Z", "significanceOfRT":1, "significanceOfRTName":"Start of forecast", "productStatus":0, "productStatusName":"Operational products", "productType":1, "productTypeName":"Forecast products", "productDefinitionTemplate":0, "productDefinitionTemplateName":"Analysis/forecast at horizontal level/layer at a point in time", "parameterCategory":2, "parameterCategoryName":"Momentum", "parameterNumber":2, "parameterNumberName":"U-component_of_wind", "parameterUnit":"m.s-1", "genProcessType":2, "genProcessTypeName":"Forecast", "forecastTime":0, "surface1Type":100, "surface1TypeName":"Isobaric surface", "surface1Value":50000.0, "surface2Type":255, "surface2TypeName":"Missing", "surface2Value":0.0, "gridDefinitionTemplate":0, "gridDefinitionTemplateName":"Latitude_Longitude", "numberPoints":65160, "shape":6, "shapeName":"Earth spherical with radius of 6,371,229.0 m", "gridUnits":"degrees", "resolution":48, "winds":"true", "scanMode":0, "nx":360, "ny":181, "basicAngle":0, "lo1":0.0, "la1":90.0, "lo2":359.0, "la2":-90.0, "dx":1.0, "dy":1.0 }, "data":
[rows 130 to 155 of 181, columns 174 to 231 of 360]
29.545586,28.035585,24.815586,20.835587,17.835587,14.565586,12.4155855,11.525586,10.655586,9.435586,12.345586,19.275585,15.155586,8.445586,13.275586,14.565586,17.455585,3.3055859,9.565586,14.055586,16.415586,15.4555855,12.945586,13.535586,11.025586,11.095586,10.565586,10.535586,9.945586,8.985586,8.305586,7.135586,6.585586,5.795586,4.705586,4.535586,3.885586,3.655586,4.415586,6.045586,6.485586,5.995586,5.355586,4.605586,3.205586,2.125586,0.7555859,0.49558595,1.1255859,7.295586,6.615586,6.205586,7.415586,8.425586,9.7055855,11.135586,12.825586,11.1655855
17.935585,21.305586,21.315586,20.395586,18.965586,16.055586,13.295586,12.145586,11.125586,8.045586,8.155586,14.435586,20.485586,16.975586,-1.684414,12.325586,19.445585,15.855586,2.365586,8.7055855,15.035586,15.855586,14.515586,11.745586,9.895586,8.355586,9.265586,10.485586,9.465586,8.525586,8.695586,8.095586,8.145586,7.375586,6.655586,5.645586,4.795586,3.885586,4.115586,6.485586,7.9455857,7.585586,6.255586,5.105586,3.445586,3.3055859,1.915586,1.3655859,0.27558595,2.725586,4.775586,5.6955857,6.335586,7.9255857,8.795586,9.175586,8.635586,10.865586
10.715586,8.545586,18.195585,20.825586,19.415586,17.215586,15.795586,12.645586,10.7055855,7.865586,9.245586,7.565586,14.565586,19.455585,17.755587,2.0755858,9.325586,14.325586,17.025585,6.735586,7.155586,13.565586,10.725586,11.085586,9.975586,8.935586,9.925586,8.695586,9.005586,8.755586,8.885586,9.505586,9.095586,8.725586,8.795586,8.545586,7.905586,5.9455857,5.295586,5.555586,6.415586,6.995586,6.895586,5.005586,3.875586,2.625586,2.435586,1.6155859,0.6255859,0.6755859,3.635586,5.295586,5.705586,7.9255857,8.585586,7.9255857,8.565586,7.845586
13.105586,16.515587,19.485586,21.915586,19.465586,18.915586,15.055586,12.905586,10.655586,8.515586,5.335586,8.435586,4.075586,9.035586,14.905586,15.965586,7.555586,10.185586,17.855585,16.045586,19.165586,16.615585,10.835586,7.855586,10.835586,8.975586,10.765586,9.4555855,9.685586,9.185586,10.225586,10.075586,9.905586,10.635586,10.255586,9.7055855,10.255586,9.2055855,7.555586,6.575586,6.065586,5.995586,6.345586,5.625586,4.035586,3.395586,2.895586,2.165586,1.595586,0.20558594,2.5455859,4.385586,5.165586,4.765586,5.115586,8.655586,7.9455857,6.485586
15.365586,17.335587,15.555586,19.455585,18.475586,18.045586,16.505587,13.015586,11.575586,7.905586,6.4655857,7.575586,9.345586,7.745586,9.065586,11.6655855,11.605586,8.135586,10.4555855,14.435586,16.485586,15.225586,11.945586,15.6655855,16.365585,17.145586,16.725586,12.795586,10.995586,10.035586,10.6655855,10.385586,11.645586,10.905586,11.125586,11.565586,9.695586,11.1655855,10.725586,9.1655855,7.505586,6.515586,6.485586,5.765586,5.105586,3.8055859,3.245586,3.225586,2.165586,1.7355859,1.1255859,3.0855858,3.275586,2.675586,3.0755858,5.255586,4.885586,5.015586
17.795586,20.035585,15.025586,21.205585,20.825586,16.305586,15.365586,11.815586,11.085586,8.435586,5.875586,6.475586,11.505586,11.965586,10.575586,10.485586,12.605586,14.9555855,11.825586,8.685586,10.425586,10.235586,11.995586,14.395586,15.635586,14.865586,16.635586,16.675587,14.675586,15.055586,12.965586,12.7055855,12.425586,10.975586,10.225586,9.875586,9.875586,8.795586,9.755586,11.885586,11.025586,9.655586,8.175586,6.4455857,5.755586,4.485586,4.125586,3.985586,3.0455859,2.605586,1.6155859,1.835586,1.0355859,0.6855859,0.66558594,-0.13441406,-1.3744141,3.205586
17.475586,13.435586,24.275585,20.715586,18.745586,18.035585,14.4555855,11.825586,10.585586,8.135586,5.775586,5.135586,6.205586,11.625586,13.235586,9.795586,10.475586,10.305586,15.135586,14.515586,11.945586,12.245586,14.325586,15.535586,15.175586,17.355585,16.625586,17.135586,17.795586,18.005587,16.365585,14.055586,13.475586,12.245586,12.875586,12.4155855,10.395586,11.4555855,11.105586,9.135586,13.005586,12.135586,10.7055855,9.835586,9.625586,7.765586,6.435586,5.275586,4.165586,2.725586,2.2955859,0.6855859,-0.10441406,-1.934414,-1.8944141,-2.104414,-1.3944141,-1.8844141
21.315586,18.465586,12.885586,19.165586,19.575586,19.985586,14.225586,10.785586,11.615586,8.155586,5.855586,3.415586,2.495586,6.775586,9.785586,10.285586,9.125586,11.095586,11.815586,15.445586,15.065586,16.805586,16.715586,17.965586,18.955585,18.975586,19.265587,17.305586,21.725586,19.365585,18.965586,15.085586,16.035585,16.755587,16.305586,15.215586,17.105585,15.305586,13.975586,12.6655855,12.285586,14.055586,12.1655855,11.775586,10.045586,8.335586,8.195586,7.055586,4.375586,3.495586,2.255586,-0.06441406,-1.3744141,-3.274414,-4.254414,-5.674414,-5.134414,-4.174414
17.425587,17.575586,15.815586,11.7055855,13.075586,16.695585,12.305586,10.815586,11.155586,6.985586,6.085586,3.995586,0.9355859,-0.48441407,6.515586,12.2055855,11.9155855,12.975586,15.605586,17.195585,17.815586,22.155586,21.025585,19.915586,21.355585,21.805586,22.345587,21.895586,23.405586,27.705585,21.615585,22.605585,19.725586,18.595587,18.905586,18.785585,16.265587,15.325586,15.905586,15.595586,15.195586,15.2055855,15.005586,13.495586,12.1655855,11.1655855,9.1655855,8.355586,6.845586,4.475586,1.705586,0.82558596,-1.1044141,-3.634414,-5.384414,-6.2844143,-6.724414,-6.344414
14.385586,14.1655855,13.625586,9.535586,10.4555855,12.295586,9.515586,10.135586,11.695586,7.815586,7.005586,4.505586,2.625586,0.16558594,-1.424414,-0.28441405,8.195586,16.385586,18.955585,20.105585,23.825586,24.065586,22.745586,26.555586,24.375586,22.715586,24.205585,22.245586,25.575586,23.315586,24.315586,24.365585,25.315586,24.335587,24.345587,20.555586,18.055586,17.105585,16.135586,15.675586,15.695586,16.065586,15.755586,15.675586,13.4155855,12.275586,11.4555855,8.265586,8.335586,5.365586,3.355586,0.9955859,-1.044414,-2.854414,-5.264414,-6.264414,-5.754414,-6.524414
9.615586,10.585586,12.9555855,11.835586,12.365586,12.945586,11.625586,9.175586,10.295586,9.235586,8.545586,7.1955857,5.725586,4.245586,2.665586,1.665586,2.8255858,4.855586,8.385586,15.845586,24.635586,29.525585,30.485586,28.365585,26.015587,26.865585,28.245586,28.165586,26.525585,21.515587,21.925587,20.755587,19.385586,19.715586,22.805586,21.015587,20.395586,19.475586,17.475586,16.505587,16.835587,16.505587,15.555586,14.935586,13.225586,11.865586,12.325586,9.945586,7.775586,7.045586,4.325586,2.225586,0.6255859,-1.2744141,-3.064414,-5.204414,-6.224414,-4.524414
4.875586,8.2055855,9.945586,11.345586,11.895586,12.135586,14.935586,14.145586,11.105586,10.145586,10.1655855,9.895586,9.585586,8.465586,7.095586,6.555586,6.4655857,6.815586,9.645586,13.475586,18.345587,24.995586,30.675587,32.335587,28.485586,27.925587,28.385586,29.665586,29.185585,25.675587,22.465586,22.815586,22.765587,20.515587,21.755587,21.755587,21.085587,21.105585,20.165586,18.505587,17.415586,17.845587,16.295586,14.755586,15.795586,13.635586,11.285586,9.735586,7.265586,6.805586,6.555586,4.085586,2.135586,0.43558595,-1.0044141,-2.6644142,-3.774414,-5.924414
7.485586,7.515586,9.355586,11.845586,11.035586,11.735586,11.715586,13.195586,11.635586,11.495586,11.055586,11.875586,12.845586,12.255586,10.985586,10.4555855,10.015586,10.065586,10.755586,12.4155855,14.145586,16.725586,21.705585,26.925587,33.825584,30.905586,28.915586,28.425587,28.215586,25.835587,25.615585,25.775585,24.595587,24.165586,22.555586,21.565586,22.075586,20.965586,20.485586,19.075586,16.145586,16.385586,16.545586,16.005587,13.225586,13.605586,11.7055855,9.935586,7.205586,6.895586,7.545586,6.685586,4.435586,2.7955859,1.335586,-0.30441406,-2.064414,-4.654414
11.545586,11.395586,10.895586,10.125586,9.905586,10.9555855,8.605586,10.685586,12.305586,12.035586,12.825586,11.325586,11.985586,12.2055855,12.125586,12.105586,11.885586,12.375586,12.025586,12.395586,11.155586,11.695586,14.725586,17.295586,23.995586,29.875586,34.955585,31.135586,29.625586,29.475586,27.365585,28.625586,28.465586,26.005587,25.385586,23.235586,22.595587,20.735586,19.895586,19.995586,18.885586,18.305586,15.035586,14.145586,12.515586,8.525586,8.405586,9.995586,10.145586,8.595586,7.545586,8.285586,7.335586,5.765586,4.305586,2.905586,0.46558595,-1.9644141
11.265586,14.405586,13.315586,12.095586,10.335586,12.815586,13.835586,9.925586,13.465586,13.845586,15.675586,14.375586,12.075586,12.185586,12.935586,13.025586,13.275586,12.9555855,13.845586,13.925586,13.155586,14.435586,14.045586,16.905586,17.545586,19.595587,21.205585,29.095587,31.665586,28.805586,28.225586,26.715586,27.645586,27.815586,25.365585,24.115585,22.215586,20.445585,20.075586,20.685585,20.365585,20.605585,18.325586,17.335587,14.135586,11.975586,11.425586,11.585586,11.335586,9.605586,8.995586,9.245586,10.425586,8.745586,7.405586,6.325586,4.845586,1.8555859
9.745586,12.065586,14.585586,14.295586,13.215586,13.935586,16.995586,15.435586,15.105586,15.435586,15.4555855,16.435585,15.995586,14.925586,14.095586,14.995586,15.135586,14.595586,14.775586,15.285586,16.045586,16.995586,17.995586,18.325586,17.895586,16.395586,16.575586,18.005587,22.665586,21.685585,20.835587,20.315586,19.285585,22.775585,23.825586,21.375586,20.405586,20.045586,20.495586,19.445585,18.515587,18.475586,18.055586,17.265587,15.365586,16.405586,16.195585,15.695586,14.735586,13.595586,11.745586,11.495586,12.4555855,11.685586,10.215586,9.485586,8.525586,7.315586
9.885586,11.255586,13.585586,15.535586,14.895586,13.395586,14.9555855,17.355585,17.205585,15.625586,15.385586,15.295586,17.105585,16.705585,16.055586,15.855586,16.635586,16.045586,16.755587,16.635586,17.325586,18.155586,18.495586,17.625586,17.265587,14.105586,13.155586,11.935586,13.775586,13.525586,12.065586,12.685586,13.845586,12.865586,13.825586,16.635586,18.945585,18.905586,18.225586,16.915586,16.555586,16.815586,17.035585,18.265587,19.955585,21.275585,20.105585,18.455585,16.685585,14.355586,14.225586,14.4555855,14.005586,13.4155855,13.085586,12.905586,12.355586,10.985586
12.035586,10.785586,13.095586,15.465586,15.615586,14.545586,14.605586,15.935586,19.035585,17.575586,16.515587,16.035585,14.745586,15.695586,16.355585,17.195585,17.235586,16.165586,16.495586,16.685585,16.585587,16.065586,13.035586,11.655586,10.745586,11.575586,9.515586,7.455586,9.265586,10.605586,9.875586,9.345586,10.285586,12.315586,15.085586,17.635586,17.595587,17.585587,17.085587,16.525585,16.395586,17.175587,17.325586,17.245586,18.655586,19.975586,18.545586,18.125586,17.435585,17.215586,17.955585,17.535585,16.015587,15.005586,15.495586,12.555586,12.055586,13.785586
15.065586,13.485586,12.995586,14.015586,15.605586,16.985586,15.775586,14.265586,15.305586,17.505587,18.845587,21.145586,20.055586,17.865585,18.175587,16.755587,16.015587,14.9155855,15.115586,15.385586,12.745586,9.885586,6.845586,4.565586,3.455586,3.965586,4.9455857,4.6755857,4.4455857,5.555586,7.165586,8.355586,10.975586,13.425586,14.835586,13.9555855,14.2055855,13.545586,13.6655855,14.485586,15.185586,18.305586,19.005587,18.245586,19.025585,19.005587,19.805586,19.435585,19.685585,20.625586,20.855585,19.915586,17.295586,17.725586,17.685585,18.685585,17.565586,17.415586
19.745586,16.275585,13.145586,13.4155855,11.635586,13.7055855,16.515587,16.435585,15.545586,13.6655855,16.115585,18.225586,15.815586,17.565586,15.735586,13.995586,12.285586,12.975586,12.565586,11.255586,9.015586,6.785586,4.725586,0.22558594,-0.77441406,-0.024414062,2.485586,4.565586,4.825586,6.115586,7.385586,8.795586,9.865586,9.695586,9.725586,9.975586,11.215586,12.965586,13.995586,14.965586,16.955585,20.135586,23.215586,22.835587,22.195585,21.945585,22.655586,23.535585,22.985586,22.495586,22.235586,22.395586,22.765587,22.625586,22.155586,22.905586,23.275585,23.175587
22.745586,17.695585,14.905586,13.4555855,11.865586,9.815586,10.335586,12.535586,14.025586,13.275586,14.375586,13.075586,14.605586,13.405586,13.365586,12.335586,11.635586,10.695586,9.735586,8.025586,6.805586,6.395586,5.135586,1.9755859,-0.10441406,0.41558594,1.215586,3.275586,4.835586,5.395586,6.865586,8.175586,9.565586,10.885586,11.755586,13.135586,14.065586,14.125586,15.675586,17.095587,18.445585,20.695585,22.135586,23.085587,23.775585,24.375586,24.265587,24.785585,26.275585,27.755587,29.625586,31.635586,33.055588,34.005585,34.565586,34.835587,34.645584,34.145584
21.595587,17.885586,15.335586,13.065586,13.4555855,11.155586,9.365586,9.645586,10.795586,10.235586,11.995586,11.845586,12.745586,12.315586,11.195586,10.845586,9.755586,8.475586,7.275586,6.1755857,5.645586,5.6755857,7.165586,6.185586,5.485586,5.165586,4.615586,4.495586,5.905586,6.135586,7.845586,6.905586,9.235586,9.555586,10.845586,13.365586,15.395586,17.405586,18.765587,20.195585,21.365585,21.635586,22.015587,22.745586,24.415586,26.665586,28.475586,30.975586,32.765587,33.405586,33.415585,34.195587,34.865585,35.295586,35.805588,36.975586,38.575584,40.295586
17.695585,15.715586,14.945586,13.465586,12.6655855,12.315586,10.395586,9.285586,10.155586,9.835586,10.935586,9.635586,9.495586,9.395586,9.9555855,9.085586,7.955586,7.525586,6.185586,4.735586,2.755586,4.775586,6.485586,8.155586,9.135586,9.135586,8.875586,9.945586,10.325586,11.265586,12.365586,13.945586,16.465586,17.765587,18.665586,19.115585,19.795586,20.505587,21.045586,22.335587,23.585587,25.075586,25.945585,27.555586,27.985586,26.495586,24.745586,25.805586,27.965586,30.815586,32.915585,33.625587,32.725586,30.925587,30.015587,30.115585,30.405586,30.745586
14.055586,13.425586,13.335586,12.775586,11.215586,11.055586,10.315586,9.745586,8.755586,10.335586,11.385586,10.945586,10.225586,10.265586,9.855586,8.635586,6.955586,7.015586,6.1955857,5.245586,2.865586,-0.124414064,3.105586,6.375586,9.405586,13.345586,14.235586,14.425586,13.605586,14.235586,15.245586,16.725586,18.165586,19.405586,20.595587,21.495586,22.395586,23.785585,25.185585,25.505587,24.495586,21.805586,20.415586,20.725586,22.915586,25.525585,27.855585,29.215586,31.555586,30.865585,29.945585,28.735586,27.045586,25.625586,24.835587,24.135586,23.085587,23.195585
10.515586,10.485586,11.235586,11.385586,10.545586,11.055586,9.765586,10.865586,9.545586,9.485586,10.1655855,12.625586,10.6655855,9.715586,9.535586,9.335586,7.495586,6.885586,6.985586,6.385586,5.325586,3.3055859,0.45558593,-1.284414,-0.33441406,2.8155859,6.475586,9.465586,11.965586,13.405586,14.175586,14.305586,14.155586,13.985586,14.095586,14.315586,14.815586,15.465586,16.395586,17.515587,18.925587,20.415586,21.475586,22.445585,23.765587,23.755587,24.895586,26.345587,25.715586,24.985586,23.355585,22.415586,21.545586,20.665586,20.605585,19.415586,19.635586,20.315586
7.395586,7.995586,9.515586,9.795586,10.365586,9.675586,8.835586,9.945586,9.7055855,9.365586,9.6655855,11.835586,11.615586,10.765586,9.895586,9.565586,8.275586,7.825586,8.565586,8.305586,6.775586,5.405586,4.155586,3.205586,2.905586,2.8055859,2.705586,3.0955858,3.915586,5.085586,6.275586,7.7155857,9.145586,10.435586,11.655586,12.835586,13.965586,14.685586,15.645586,16.695585,17.745586,18.195585,19.225586,20.835587,22.055586,21.695585,21.195585,21.295586,20.925587,20.865585,20.075586,19.025585,18.765587,18.425587,17.795586,18.615585,18.685585,17.885586
