public/data/weather/2019/10/02/0000-wind-isobaric-500hPa-gfs-1.0.json
{"header": { "discipline":0, "disciplineName":"Meteorological products", "gribEdition":2, "gribLength":78052, "center":7, "centerName":"US National Weather Service - NCEP(WMC)", "subcenter":0, "refTime":"2019-10-02T00:00:00.000Z", "significanceOfRT":1, "significanceOfRTName":"Start of forecast", "productStatus":0, "productStatusName":"Operational products", "productType":1, "productTypeName":"Forecast products", "productDefinitionTemplate":0, "productDefinitionTemplateName":"Analysis/forecast at horizontal level/layer at a point in time", "parameterCategory":2, "parameterCategoryName":"Momentum", "parameterNumber":2, "parameterNumberName":"U-component_of_wind", "parameterUnit":"m.s-1", "genProcessType":2, "genProcessTypeName":"Forecast", "forecastTime":0, "surface1Type":100, "surface1TypeName":"Isobaric surface", "surface1Value":50000.0, "surface2Type":255, "surface2TypeName":"Missing", "surface2Value":0.0, "gridDefinitionTemplate":0, "gridDefinitionTemplateName":"Latitude_Longitude", "numberPoints":65160, "shape":6, "shapeName":"Earth spherical with radius of 6,371,229.0 m", "gridUnits":"degrees", "resolution":48, "winds":"true", "scanMode":0, "nx":360, "ny":181, "basicAngle":0, "lo1":0.0, "la1":90.0, "lo2":359.0, "la2":-90.0, "dx":1.0, "dy":1.0 }, "data":
[rows 130 to 155 of 181, columns 58 to 115 of 360]
22.085587,33.605587,33.685585,28.535585,30.865585,32.235584,22.425587,23.585587,20.995586,18.275585,17.755587,15.315586,16.175587,15.325586,16.375586,16.405586,14.345586,12.785586,13.345586,12.385586,12.225586,11.285586,12.715586,10.745586,9.565586,7.285586,6.435586,6.4655857,6.985586,8.095586,6.105586,4.645586,3.495586,2.025586,0.07558594,-1.6044141,-0.73441404,5.205586,6.305586,7.405586,13.195586,16.455585,17.875586,20.455585,21.495586,21.575586,21.135586,19.765587,20.075586,22.295586,21.395586,21.595587,21.585587,26.585587,25.145586,24.475586,25.855585,25.325586
34.735584,23.525585,27.895586,35.035587,32.485584,33.225586,30.095587,26.525585,21.925587,22.945585,19.935585,15.425586,14.625586,16.035585,16.065586,17.205585,16.545586,15.395586,15.695586,15.525586,14.355586,14.285586,13.645586,12.425586,10.245586,8.995586,8.195586,6.1955857,6.935586,8.595586,7.4255857,5.1955857,3.945586,2.915586,2.685586,1.435586,0.7355859,1.935586,8.525586,12.895586,12.045586,13.375586,14.645586,15.405586,17.055586,18.255587,19.725586,23.405586,20.465586,20.655586,21.535585,21.935585,24.005587,20.225586,19.525585,25.105585,23.965586,24.125586
38.005585,40.605587,21.965586,35.095585,34.995586,33.935585,29.075586,30.845587,26.355585,25.255587,22.875586,17.815586,16.835587,17.485586,17.275585,18.995586,18.405586,18.805586,17.055586,18.115585,16.785585,16.665586,15.735586,13.765586,11.135586,8.675586,9.1655855,7.905586,7.455586,8.785586,8.905586,6.265586,5.805586,4.345586,3.605586,3.645586,2.0755858,1.2655859,4.995586,10.965586,18.325586,17.845587,17.235586,16.635586,17.665586,15.4155855,15.645586,17.985586,20.745586,21.105585,22.035585,22.605585,23.035585,24.545586,25.765587,24.455585,26.335587,23.665586
37.765587,35.845585,41.275585,25.005587,22.335587,30.595587,32.285587,27.265587,30.125586,27.485586,23.095587,21.695585,19.915586,18.385586,20.105585,22.635586,22.525585,20.255587,19.355585,17.505587,17.695585,18.445585,17.695585,15.775586,13.545586,11.485586,11.155586,10.265586,10.275586,9.875586,10.275586,8.595586,6.7155857,6.105586,4.205586,4.155586,4.385586,2.765586,3.3455858,8.285586,14.275586,19.785585,19.595587,17.925587,17.155586,17.285585,17.865585,16.345587,16.085587,21.765587,22.055586,22.695585,22.015587,22.165586,21.395586,22.095587,26.395586,24.045586
37.335587,38.285587,38.865585,43.475586,32.815586,21.425587,30.025585,30.115585,31.115585,30.045586,27.795586,25.615585,25.795586,22.435585,23.005587,24.885586,23.675587,21.505587,19.565586,18.705585,19.325586,18.705585,18.285585,17.775585,17.285585,15.2055855,13.975586,13.755586,12.795586,12.025586,12.715586,10.895586,9.115586,7.765586,6.305586,5.105586,5.405586,4.435586,3.905586,5.285586,10.735586,16.335587,20.935585,20.755587,19.675587,19.935585,22.185585,22.975586,22.515587,20.985586,23.015587,23.665586,22.475586,21.605585,22.035585,22.545586,23.005587,24.845587
40.165585,37.945587,38.525585,38.835587,43.515587,43.295586,35.885586,25.905586,34.695587,33.855587,32.765587,29.615585,27.715586,25.305586,26.035585,26.755587,22.975586,23.225586,21.325586,20.675587,20.035585,19.145586,19.185585,19.235586,20.265587,19.725586,17.665586,16.125586,16.075586,14.7055855,14.815586,13.675586,11.115586,9.605586,7.9655857,6.305586,5.865586,5.205586,4.185586,4.785586,7.6955857,12.315586,14.795586,18.275585,20.755587,22.525585,26.235586,27.845587,26.675587,25.695585,23.485586,24.255587,25.635586,24.505587,22.475586,21.365585,24.385586,25.225586
43.465588,43.035587,39.835587,40.185585,39.965588,43.935585,43.765587,40.035587,32.915585,32.395584,36.085587,32.875587,30.105585,30.895586,28.455585,26.335587,24.995586,29.175587,24.605585,22.215586,21.905586,21.425587,21.935585,20.735586,20.615585,19.135586,19.785585,18.695585,17.995586,16.365585,16.065586,15.645586,14.135586,11.975586,10.185586,7.615586,7.115586,6.145586,4.595586,4.275586,5.155586,9.695586,13.435586,15.515586,17.325586,21.195585,21.915586,20.485586,21.975586,23.625586,23.625586,23.565586,23.305586,27.295586,26.875586,24.845587,23.065586,25.585587
32.995586,42.135586,44.185585,41.745586,42.295586,40.985584,43.435585,46.815586,42.895584,29.195585,31.725586,37.095585,35.525585,35.125587,31.295586,27.765587,27.495586,25.995586,27.195585,23.135586,25.165586,23.375586,24.985586,23.805586,19.785585,17.965586,19.715586,18.735586,17.985586,18.075586,17.975586,17.165586,16.105585,13.335586,11.215586,9.805586,8.535586,8.305586,6.345586,3.8455858,3.655586,6.405586,13.145586,13.675586,14.245586,16.125586,16.015587,16.025585,17.185585,19.045586,23.055586,20.815586,24.355585,23.545586,26.205585,28.365585,26.395586,25.435585
31.725586,33.245586,39.275585,44.605587,43.465588,42.545586,41.135586,42.465588,45.645584,44.685585,33.785587,35.055588,38.545586,33.115585,34.205585,32.405586,27.845587,31.205585,29.865585,32.795586,28.525585,27.735586,27.925587,26.325586,25.945585,20.975586,19.905586,20.095587,20.055586,19.635586,18.525585,19.105585,17.445585,15.685586,13.215586,11.155586,10.4555855,10.245586,8.485586,6.285586,3.8055859,3.375586,8.9155855,12.085586,11.185586,12.115586,12.325586,13.355586,12.905586,14.505586,19.285585,22.355585,22.285585,22.465586,26.585587,26.465586,29.365585,28.735586
28.915586,31.275585,34.825584,37.775585,43.105587,43.085587,42.015587,40.825584,40.025585,41.405586,43.515587,37.845585,35.485584,38.725586,35.265587,34.715588,31.145586,28.815586,30.415586,34.715588,33.245586,32.445587,30.975586,29.655586,28.185585,25.315586,23.485586,22.415586,22.715586,20.595587,19.765587,19.545586,18.575586,17.215586,15.695586,12.025586,12.075586,11.575586,11.095586,8.585586,5.375586,3.115586,4.705586,10.815586,11.575586,9.845586,12.395586,12.555586,13.4555855,13.765586,17.065586,22.655586,24.385586,23.835587,22.545586,24.925587,29.255587,29.235586
29.105585,28.935585,30.905586,35.355587,37.405586,41.185585,40.745586,40.425587,39.925587,38.735584,39.415585,44.615585,43.895584,36.605587,39.015587,39.545586,37.045586,36.985584,33.695587,35.215588,36.735584,33.955585,37.065586,33.805588,33.385586,31.295586,28.875586,26.205585,25.405586,23.395586,22.595587,21.095587,19.865585,19.745586,17.455585,14.565586,13.475586,13.065586,12.615586,11.075586,8.605586,4.825586,3.995586,7.505586,11.735586,10.675586,9.615586,13.475586,12.865586,15.155586,17.325586,20.835587,26.765587,27.415586,24.865585,23.455585,22.565586,29.625586
27.855585,27.035585,27.365585,28.245586,31.615585,35.375587,37.245586,38.935585,38.295586,37.135586,36.575584,38.865585,37.865585,42.325584,39.695587,40.175587,39.045586,40.405586,36.335587,35.165585,35.845585,35.935585,36.075584,35.125587,34.815586,33.975586,31.785585,27.745586,28.195585,26.675587,24.895586,23.705585,21.955585,21.515587,18.675587,17.215586,14.755586,14.805586,14.055586,13.245586,11.315586,8.405586,6.775586,7.905586,12.435586,13.245586,11.525586,11.315586,15.505586,15.375586,15.595586,20.195585,22.595587,27.945585,29.795586,25.875586,24.005587,22.515587
25.055586,24.525585,24.885586,25.065586,24.445585,26.495586,29.755587,33.055588,34.325584,34.585587,34.105587,35.095585,35.545586,35.125587,37.915585,39.635586,36.065586,37.775585,38.155586,37.745586,37.955585,37.155586,36.365585,35.725586,34.795586,34.445587,33.815586,32.735584,29.905586,28.015587,26.625586,24.885586,23.575586,22.225586,19.725586,18.615585,16.375586,16.605585,15.585586,15.305586,13.775586,11.995586,10.655586,11.135586,13.335586,16.165586,14.155586,12.655586,14.855586,17.365585,19.135586,19.385586,22.045586,23.885586,27.675587,29.605585,25.705585,23.945585
21.225586,21.375586,22.125586,22.035585,21.235586,22.185585,22.495586,25.885586,29.285585,30.735586,31.105585,32.295586,33.745586,32.245586,31.135586,31.265587,33.355587,38.405586,36.245586,35.545586,36.505585,35.275585,34.485584,32.865585,35.205585,37.695587,35.315586,33.855587,30.895586,29.115585,27.735586,25.695585,24.895586,22.535585,20.395586,18.815586,17.615585,17.455585,16.595587,16.595587,16.085587,15.295586,14.475586,13.875586,14.875586,16.395586,15.995586,14.795586,14.4555855,17.035585,19.975586,20.045586,19.945585,21.425587,23.195585,25.215586,27.875586,24.695585
18.305586,18.835587,19.365585,19.505587,19.195585,21.315586,23.455585,23.545586,22.475586,26.135586,27.205585,28.825586,29.955585,30.435585,30.305586,29.525585,31.435585,32.095585,32.555588,35.905586,37.005585,34.295586,33.275585,31.675587,34.025585,37.065586,33.275585,32.645584,32.775585,31.175587,28.035585,25.955585,25.785585,21.665586,21.595587,19.365585,18.645586,18.015587,17.365585,17.215586,17.445585,17.525585,17.185585,16.645586,16.885586,16.345587,15.475586,14.005586,13.6655855,14.505586,14.685586,17.255587,17.355585,16.915586,20.075586,20.955585,22.115585,22.085587
16.495586,17.045586,17.305586,17.255587,17.715586,18.565586,22.365585,24.065586,20.175587,20.275585,22.585587,22.945585,26.405586,27.815586,27.465586,27.305586,27.305586,27.315586,29.065586,29.895586,28.545586,27.895586,30.095587,31.415586,33.355587,33.795586,33.575584,34.125587,33.715588,30.505587,26.325586,26.365585,25.695585,21.695585,22.085587,19.715586,20.095587,18.535585,18.195585,17.995586,18.725586,19.675587,19.895586,18.825586,17.455585,16.225586,15.305586,13.2055855,12.355586,11.495586,10.845586,9.635586,10.115586,11.435586,14.945586,17.655586,18.025585,18.075586
14.485586,15.145586,15.295586,15.655586,16.365585,16.965586,18.275585,22.045586,21.175587,18.415586,19.645586,21.275585,21.975586,21.125586,22.205585,23.335587,22.665586,21.675587,21.575586,24.035585,25.785585,28.355585,28.005587,27.175587,27.215586,28.055586,31.645586,34.215588,33.685585,28.855585,26.185585,25.045586,23.795586,21.955585,21.635586,20.835587,20.555586,19.315586,19.135586,19.155586,20.235586,21.715586,22.175587,19.495586,17.865585,15.865586,14.825586,12.995586,10.925586,10.185586,8.725586,7.6955857,7.235586,5.805586,7.685586,12.605586,14.345586,15.625586
13.095586,13.695586,14.285586,15.695586,16.395586,16.385586,16.385586,18.175587,19.705585,15.485586,14.725586,17.385586,18.195585,19.175587,18.785585,19.165586,20.115585,20.275585,19.625586,20.575586,22.175587,22.585587,24.095587,25.545586,26.055586,27.565586,27.855585,28.675587,26.885586,25.995586,25.185585,25.185585,21.485586,21.895586,21.785585,21.895586,20.195585,19.935585,19.905586,20.605585,21.855585,23.075586,22.155586,18.325586,16.245586,15.005586,13.995586,12.495586,10.645586,10.595586,8.445586,8.725586,8.625586,8.105586,4.805586,7.745586,9.655586,12.815586
13.545586,13.355586,12.965586,13.375586,14.105586,14.505586,14.1655855,13.635586,15.675586,14.675586,14.365586,12.965586,11.725586,13.855586,16.655586,15.295586,13.645586,15.525586,16.845587,16.545586,17.895586,19.715586,19.885586,21.665586,22.125586,24.215586,23.155586,24.205585,26.035585,22.635586,23.205585,20.835587,20.895586,21.755587,21.995586,20.595587,20.405586,20.595587,21.255587,21.585587,22.755587,22.415586,19.065586,16.305586,15.195586,14.345586,13.815586,13.855586,11.595586,11.105586,10.225586,10.135586,10.735586,10.175586,11.015586,11.505586,11.335586,13.505586
10.605586,8.825586,8.565586,8.465586,8.9555855,9.895586,10.325586,10.925586,12.255586,15.835586,14.845586,12.285586,11.995586,12.335586,13.135586,12.855586,12.935586,14.175586,13.325586,13.635586,14.975586,16.575586,17.385586,18.745586,17.975586,19.495586,20.355585,20.935585,19.475586,20.145586,19.265587,19.645586,20.995586,21.275585,20.165586,20.465586,21.015587,21.985586,22.355585,23.325586,22.885586,21.335587,16.765587,16.085587,15.195586,14.615586,14.255586,13.485586,12.685586,12.215586,11.895586,10.9155855,10.535586,10.995586,10.145586,12.625586,13.215586,13.465586
5.275586,4.7155857,6.065586,6.595586,6.795586,6.775586,7.095586,5.295586,6.035586,8.375586,9.495586,11.275586,10.675586,10.355586,10.875586,13.225586,13.365586,12.795586,12.395586,13.545586,14.255586,14.755586,13.975586,12.9155855,16.295586,17.485586,16.135586,17.325586,17.455585,17.235586,18.685585,19.635586,19.635586,19.355585,20.375586,21.495586,22.375586,23.825586,24.915586,25.065586,22.745586,20.245586,18.315586,18.055586,17.055586,15.515586,14.605586,13.295586,12.365586,12.505586,12.7055855,12.365586,11.725586,10.335586,12.105586,12.4555855,13.255586,15.315586
3.185586,5.125586,4.575586,3.455586,2.985586,2.775586,1.3555859,0.015585938,0.6755859,1.6055859,4.625586,5.085586,8.965586,10.315586,11.335586,12.045586,11.605586,13.765586,14.695586,14.1655855,13.795586,12.235586,14.695586,13.9555855,13.465586,14.115586,15.355586,16.285585,17.005587,18.185585,18.275585,18.365585,19.135586,20.365585,21.855585,23.185585,24.785585,26.215586,26.285585,25.225586,22.175587,20.335587,19.775585,19.895586,17.235586,15.395586,13.865586,12.9555855,11.655586,12.085586,12.4555855,12.345586,11.4155855,10.255586,10.775586,12.605586,12.075586,12.735586
2.995586,-0.15441406,-2.344414,-5.714414,-6.194414,-8.434414,-8.524414,-8.024414,-5.854414,-1.304414,2.625586,6.115586,7.265586,7.535586,8.715586,10.925586,12.4555855,12.025586,11.2055855,9.735586,11.385586,11.815586,11.6655855,11.845586,12.495586,13.725586,15.005586,15.655586,16.975586,17.355585,18.705585,19.725586,20.845587,22.195585,24.235586,25.795586,26.565586,26.325586,25.975586,23.275585,20.595587,18.975586,18.555586,16.845587,14.985586,13.6655855,11.935586,11.375586,9.725586,9.975586,9.805586,9.105586,8.345586,8.745586,8.625586,7.595586,8.245586,7.6755857
-3.764414,-4.5544143,-9.194414,-6.934414,-6.274414,-7.834414,-7.604414,-5.864414,-3.144414,0.11558594,2.135586,2.155586,2.365586,2.915586,3.245586,3.395586,2.715586,3.875586,5.9655857,7.015586,6.995586,8.425586,9.275586,11.395586,12.945586,13.525586,14.9155855,16.305586,17.075586,18.425587,19.415586,21.145586,22.885586,24.615585,25.345587,25.315586,25.245586,25.485586,22.725586,19.975586,18.395586,17.315586,15.795586,13.115586,12.575586,10.805586,9.475586,8.015586,6.9455857,6.805586,5.905586,5.1755857,5.975586,5.4255857,6.265586,8.895586,10.295586,12.185586
-7.164414,-8.374414,-10.564414,-7.454414,-7.164414,-7.564414,-6.734414,-5.344414,-5.024414,-5.454414,-6.044414,-5.764414,-4.934414,-4.634414,-3.384414,-0.84441406,0.14558594,1.595586,2.925586,5.385586,6.735586,8.495586,9.9155855,11.225586,12.835586,13.645586,14.555586,15.865586,17.255587,18.975586,19.925587,21.555586,22.275585,22.515587,22.845587,23.775585,23.755587,20.315586,18.185585,17.405586,16.445585,15.135586,11.825586,10.765586,9.905586,7.485586,6.565586,5.535586,5.6755857,4.635586,3.375586,2.635586,3.675586,4.415586,4.865586,4.385586,5.535586,7.165586
-14.274414,-13.974414,-12.474414,-11.324414,-10.764414,-10.634414,-10.864414,-10.524414,-10.104414,-10.304414,-10.634414,-9.574414,-7.614414,-5.394414,-4.214414,-1.8444141,1.1155859,2.435586,4.575586,6.1755857,6.905586,8.295586,9.495586,10.385586,11.465586,12.845586,14.135586,15.395586,16.655586,17.375586,18.225586,19.045586,19.965586,20.915586,21.185585,19.355585,16.655586,15.215586,15.485586,14.005586,12.095586,10.405586,8.875586,8.2055855,6.045586,5.025586,4.555586,4.225586,4.045586,2.225586,2.715586,3.275586,3.625586,4.385586,5.355586,5.995586,6.615586,7.165586
