public/data/weather/2019/10/02/0000-wind-isobaric-1000hPa-gfs-1.0.json
{"header": { "discipline":0, "disciplineName":"Meteorological products", "gribEdition":2, "gribLength":80194, "center":7, "centerName":"US National Weather Service - NCEP(WMC)", "subcenter":0, "refTime":"2019-10-02T00:00:00.000Z", "significanceOfRT":1, "significanceOfRTName":"Start of forecast", "productStatus":0, "productStatusName":"Operational products", "productType":1, "productTypeName":"Forecast products", "productDefinitionTemplate":0, "productDefinitionTemplateName":"Analysis/forecast at horizontal level/layer at a point in time", "parameterCategory":2, "parameterCategoryName":"Momentum", "parameterNumber":3, "parameterNumberName":"V-component_of_wind", "parameterUnit":"m.s-1", "genProcessType":2, "genProcessTypeName":"Forecast", "forecastTime":0, "surface1Type":100, "surface1TypeName":"Isobaric surface", "surface1Value":95000.0, "surface2Type":255, "surface2TypeName":"Missing", "surface2Value":0.0, "gridDefinitionTemplate":0, "gridDefinitionTemplateName":"Latitude_Longitude", "numberPoints":65160, "shape":6, "shapeName":"Earth spherical with radius of 6,371,229.0 m", "gridUnits":"degrees", "resolution":48, "winds":"true", "scanMode":0, "nx":360, "ny":181, "basicAngle":0, "lo1":0.0, "la1":90.0, "lo2":359.0, "la2":-90.0, "dx":1.0, "dy":1.0 }, "data":
[rows 78 to 103 of 181, columns 177 to 235 of 360]
4.7748704,3.7548707,1.4248706,-0.9651294,-0.7351294,-2.0551293,-2.3151293,-3.0651293,-3.5751295,-4.9551296,-3.5451293,-1.6851294,-2.2651293,-2.7451293,-1.5651294,-1.2251294,-0.7651294,-1.0251294,-1.8651294,-1.1751294,-2.0651293,-2.3951294,-1.9851294,-1.9451294,-1.9951293,-1.5051293,-0.7551294,-1.2151294,-0.8951294,-1.1751294,-1.1651294,-1.0251294,-1.4651294,-1.8651294,-0.53512937,-1.5251294,-1.6451294,4.1348705,1.8348706,8.9248705,11.344871,10.1748705,8.064871,7.5748706,6.814871,6.5448704,8.804871,8.49487,6.5448704,4.4448705,3.6848707,3.5148706,3.5948706,2.4948707,2.9548707,3.8948705,5.5448704,5.6648707,3.1148705
4.1148705,2.9448707,1.5948706,-1.1051294,-2.4651294,-3.1951294,-2.7051294,-4.2551293,-3.7851293,-4.4751296,-4.0851293,-2.3651295,-2.8851295,-2.4851294,-2.3751295,-1.2351294,-1.5051293,-1.6151294,-1.9651294,-3.0951295,-2.2451293,-1.0451294,-1.4251294,-1.9051294,-2.2151294,-2.2851293,-1.3251294,-0.5751294,-0.5451294,-0.3551294,-0.4651294,-0.2051294,-0.2351294,-0.10512939,0.2648706,0.6948706,2.0148706,4.4748707,3.4948707,7.7348704,11.62487,10.884871,9.224871,8.46487,8.904871,9.014871,8.75487,7.5548706,6.6648707,5.9748707,5.0048704,4.604871,4.7948704,4.9848704,6.1848707,7.1848707,6.2248707,5.2648706,4.0048704
3.9848707,1.7648706,0.7448706,-0.42512938,-1.2451293,-3.2751293,-2.7751293,-2.8651295,-3.7751293,-4.1751294,-3.4751294,-3.2151294,-2.7751293,-2.9251294,-1.8551294,-1.6451294,-1.9751294,-1.8751293,-2.9951293,-3.2851293,-3.5951295,1.6548706,-0.2951294,-1.2651294,-1.6451294,-0.6951294,-1.2351294,-0.06512939,-0.5651294,0.024870606,0.6948706,-0.2251294,-0.4351294,0.38487062,0.9048706,2.7048707,3.0448706,5.374871,7.9848704,7.0348706,10.37487,9.764871,9.79487,10.984871,9.78487,9.54487,8.614871,8.53487,8.264871,8.134871,6.5148706,6.9648705,6.374871,5.7848706,6.7348704,5.4848704,5.3848705,4.084871,3.9748707
3.6948707,1.8448706,0.6548706,-0.2351294,-1.0051293,-1.2651294,-2.8851295,-4.2251296,-4.0451293,-3.5451293,-3.4251294,-3.7951293,-2.6951294,-1.5851294,-1.1351295,-2.2151294,-2.8651295,-3.2851293,-3.8651295,-2.7751293,-2.8951294,0.5348706,0.1848706,-1.3051294,-1.7351294,-2.5151293,-1.2151294,1.8148706,-0.2251294,2.0548706,2.2048707,-0.2351294,0.4248706,0.4348706,3.0848706,2.5448706,5.6648707,7.6148705,5.3048706,6.0448704,9.904871,10.984871,11.364871,9.394871,9.99487,9.394871,8.444871,6.9948707,7.1348705,6.4548707,6.854871,6.9048705,5.1848707,4.6848707,4.4048705,4.2648706,3.9648707,3.2748706,2.7748706
2.2948706,0.9048706,0.1048706,-1.1251293,-1.2751294,-1.5951294,-2.6951294,-2.8551295,-3.7151294,-3.7451293,-3.2151294,-3.1051295,-1.8451294,-1.7051294,-1.7151294,-2.2451293,-2.6051295,-2.5151293,-0.8751294,-0.3551294,-0.13512939,0.9248706,0.5348706,-0.9351294,-0.7051294,-0.4851294,0.5748706,3.2448707,1.8948706,2.8048706,4.7648706,1.6548706,1.8948706,4.3248706,7.6848707,6.0748706,6.2248707,6.0048704,6.064871,9.16487,10.474871,9.864871,8.904871,8.95487,8.824871,8.04487,8.62487,8.384871,8.04487,7.4748707,6.7348704,6.4548707,5.2148705,4.2348704,4.1148705,3.9648707,4.3048706,4.0148706,3.2348707
1.0448706,-0.36512938,-0.9151294,-2.0251293,-2.5151293,-2.8451295,-3.1351295,-2.3151293,-3.7051294,-4.395129,-4.2051296,-1.4951293,-1.5751294,-1.2651294,-0.9551294,-1.6351295,-0.4351294,-0.72512937,0.9948706,1.5348706,0.9548706,1.5548706,1.6848706,0.2848706,0.5848706,2.9248705,3.6048706,3.1148705,1.5348706,2.2048707,1.4248706,4.7948704,7.0548706,4.7248707,6.6948705,8.594871,8.474871,9.144871,9.524871,10.064871,8.614871,8.03487,7.6548705,8.184871,8.4248705,8.33487,8.444871,7.4048705,6.1648707,5.6848707,5.4548707,4.5948706,4.2548704,4.314871,4.2148705,4.4848704,3.9948707,3.7348707,4.6548705
0.4448706,-0.8051294,-1.3051294,-2.3551295,-2.9651294,-3.1851294,-3.6651294,-3.3751295,-3.4351294,-1.8451294,-0.97512937,-0.18512939,0.0648706,0.6048706,-0.2551294,-0.2651294,0.8048706,0.6148706,1.8248706,2.6748705,2.3348706,1.7848706,0.71487063,0.8848706,2.1248705,4.3248706,5.4148707,5.8948708,5.9848704,3.9148705,5.9748707,7.854871,8.33487,8.70487,8.87487,8.58487,7.874871,7.6848707,6.9348707,8.064871,8.29487,7.9648705,7.4248705,7.7348704,7.4448705,7.7348704,7.6548705,7.7348704,6.314871,4.6448708,3.8348706,4.0548706,5.9648705,4.9248705,3.9148705,4.064871,3.7148707,4.5248704,4.814871
-0.2851294,-1.2151294,-1.2251294,-1.1951294,-1.4351294,-1.1651294,-1.6351295,-0.4951294,-0.2651294,1.2948706,1.8348706,1.8248706,1.4148706,1.1048706,1.9348706,2.1648705,1.8148706,2.4148705,5.1148705,3.6748705,3.3948705,3.5848706,3.2448707,2.2648706,3.6248705,5.104871,5.1348705,5.4548707,5.3648705,5.9448705,5.9248705,6.3948708,7.5448704,6.874871,7.4848704,7.5448704,6.7248707,7.7148705,7.4248705,6.8448706,6.8448706,5.6748705,5.8848705,6.354871,6.7748704,6.9748707,6.0348706,4.7048707,3.8048706,4.0448704,6.9748707,6.0048704,5.4648705,4.9948707,4.834871,4.4748707,4.624871,4.7748704,5.124871
-0.2551294,-1.9051294,-0.5151294,-0.0751294,-0.53512937,-0.7551294,-0.97512937,0.2648706,1.6348706,1.2648706,2.4448707,2.2848706,1.7848706,1.6548706,2.0048707,2.8148706,3.1248705,3.7448707,4.3048706,3.9648707,4.2548704,3.7848706,4.0148706,4.5348706,3.7748706,3.6548705,4.1948705,4.354871,4.1448708,4.7648706,5.3248706,5.0948706,4.9748707,4.8648705,4.9248705,5.4348707,6.0548706,5.6648707,5.6748705,5.6648707,5.5348706,5.624871,5.814871,5.8848705,5.8048706,4.8248706,4.2648706,4.4648705,4.4248705,5.9048705,5.5048704,5.314871,4.9948707,5.374871,4.604871,3.7748706,4.2348704,5.1548705,5.3848705
-0.13512939,-0.45512938,-0.0751294,0.0648706,-0.4951294,1.0948706,2.6548705,2.6748705,1.9448706,1.2348706,1.3348706,0.6748706,1.0248706,1.6448706,2.2348707,2.8948705,3.3848705,2.7748706,2.3548706,2.2248707,1.6748706,1.9348706,2.3348706,2.6148705,2.8948705,3.3248706,3.4848707,3.4948707,3.6948707,3.8248706,3.8148706,4.4948707,4.7348704,3.9348707,4.5348706,4.7648706,5.2548704,5.2648706,5.354871,4.5748706,4.4748707,4.5248704,4.9848704,4.7748704,5.1948705,3.8748705,4.564871,5.6448708,5.5148706,5.5148706,5.334871,4.2648706,4.2348704,3.6148705,3.5948706,3.9048705,4.2148705,4.2648706,4.2248707
0.38487062,0.8348706,0.9148706,1.7348706,0.8448706,0.96487063,1.6048706,1.3848706,1.0448706,0.6848706,0.41487062,0.5448706,0.8048706,0.9148706,1.8248706,2.0148706,2.1048706,2.2148707,2.2648706,2.1948707,2.1348705,2.4348707,2.3148706,2.0348706,1.8748707,1.7348706,1.8448706,1.8248706,1.9248706,2.5748706,2.8548706,2.6548705,3.1348705,4.1348705,3.8648705,4.4348707,3.8848705,4.1148705,3.6648705,3.5648706,3.2248707,2.9348707,3.5148706,4.0048704,3.4048705,4.0448704,5.124871,5.2348704,4.7048707,3.9748707,4.2048707,2.8848705,2.5848706,3.1048706,3.0848706,3.0648706,3.5448706,4.2248707,3.5148706
0.4848706,0.07487061,0.32487062,0.8948706,1.1348706,1.1048706,0.8448706,0.8948706,-0.1651294,-0.5951294,-0.42512938,-0.5951294,-0.055129394,0.7848706,1.1748706,1.0748706,1.2148706,1.7048706,2.0648706,1.3948706,1.6848706,1.8448706,1.9148706,2.1348705,1.9448706,1.8548706,1.4748706,1.0848706,0.8748706,1.5048707,1.8248706,2.6848707,3.0648706,3.6748705,3.3648705,2.9448707,3.6248705,2.6748705,3.4648707,2.3748705,2.4548707,2.0748706,2.8648705,2.5748706,3.1748705,3.3648705,3.4848707,4.4848704,3.7648706,3.4348707,2.0948706,1.7048706,1.1448706,1.3748707,1.5148706,1.6048706,2.2648706,2.6348705,2.2648706
0.0648706,-0.1751294,0.2248706,0.7848706,1.2048706,0.6348706,-0.2351294,-1.1751294,-1.5551294,-1.6751294,-1.7151294,-1.1351295,-0.7451294,-0.13512939,0.4448706,0.8648706,0.7248706,0.6548706,0.17487061,0.7948706,1.0848706,2.0748706,2.9748707,3.0948706,2.5348706,2.1248705,1.4048706,0.7048706,0.7848706,1.4648706,1.3648705,1.4648706,1.5948706,2.1948707,2.5448706,2.3248706,1.9948707,1.5948706,1.5248706,1.4648706,1.0048707,1.8148706,1.7348706,1.6448706,1.3248706,1.5248706,2.8348706,3.1048706,2.3448706,2.3748705,2.2948706,1.2148706,0.8548706,1.1048706,1.2248706,0.8648706,1.4148706,2.3048706,1.1848706
-0.3851294,-0.21512939,-0.4651294,-1.1251293,-1.3751293,-1.8451294,-2.0251293,-2.2551293,-2.5351293,-2.6751294,-2.6051295,-2.6551294,-2.1851294,-1.0851294,-0.13512939,-0.1151294,-0.3851294,-0.7451294,-0.6951294,-0.5951294,0.3048706,1.2648706,1.5748706,1.6448706,1.1748706,1.9248706,1.6348706,1.2648706,0.7848706,0.124870606,0.6248706,0.8848706,1.1348706,1.4448706,1.3048706,1.5648706,1.6648706,1.5148706,0.6448706,1.4248706,1.0848706,0.9448706,0.9948706,0.1948706,0.2448706,1.3048706,1.3548706,1.1848706,1.7648706,1.6448706,1.8748707,1.3748707,1.0048707,1.2648706,1.4348706,1.6848706,1.4748706,1.9148706,0.8248706
-1.4151294,-1.5451294,-1.7451293,-2.1951294,-2.1851294,-2.1951294,-2.3251295,-2.7351294,-3.6951294,-4.4951296,-4.625129,-3.9151294,-3.1551294,-2.4151294,-1.6751294,-1.5251294,-0.6651294,-1.3751293,-1.7151294,-1.0251294,-0.45512938,0.3748706,1.0148706,0.6748706,-0.2551294,-0.3451294,-0.06512939,-0.035129394,-0.5851294,-0.53512937,-0.015129395,-0.055129394,0.4448706,1.0948706,1.4948707,1.5248706,0.5848706,0.07487061,0.8748706,1.0948706,-0.1151294,-0.72512937,-0.055129394,0.1848706,0.124870606,0.3648706,1.4148706,0.71487063,0.5448706,0.8848706,1.2048706,2.3148706,1.6548706,1.5648706,1.0248706,0.9048706,0.77487063,1.8948706,1.1548706
-2.2451293,-1.9651294,-1.7551293,-2.2051294,-2.3951294,-2.8651295,-3.2751293,-3.7951293,-3.9451294,-3.2951293,-4.0151296,-4.3151293,-3.3951294,-2.2351294,-1.8051294,-2.2751293,-2.3451295,-1.4851294,-1.0451294,-0.6351294,-0.2551294,-0.4451294,-0.72512937,-0.6051294,-0.6951294,0.054870605,-0.6651294,-0.8151294,-1.2151294,-1.6051294,-1.1751294,-0.3451294,-0.1951294,-0.1751294,-0.1751294,-0.1151294,-0.3551294,-0.045129396,0.9348706,1.4948707,1.4048706,-1.1951294,-0.13512939,0.6848706,0.3948706,0.9748706,0.7048706,1.1948706,0.8848706,0.96487063,1.5348706,1.5548706,2.2448707,1.3748707,0.5148706,0.8248706,0.1548706,1.1948706,1.9948707
-3.1151295,-3.0651293,-2.8251295,-3.3651295,-3.4051294,-2.9351294,-2.6551294,-2.0951295,-2.5051293,-3.5751295,-5.1151295,-3.5151293,-3.4751294,-2.8351295,-2.7451293,-2.3351295,-1.8651294,-1.3451294,-1.0651294,-0.6851294,-0.4851294,-0.5251294,-0.8351294,-1.4551294,-1.1851294,-2.0051293,-2.9151294,-3.4451294,-3.3151293,-3.0151293,-1.4051294,-1.1851294,-1.2151294,-1.7351294,-1.6951294,-1.0751294,-0.9951294,-1.1151294,0.7948706,1.0048707,1.0048707,2.0248706,1.2448707,0.9548706,-0.09512939,0.094870605,-0.10512939,0.6048706,0.35487062,0.024870606,1.1748706,1.2748706,2.2648706,1.1248707,2.0648706,0.3748706,0.14487061,0.20487061,0.4948706
-2.3951294,-2.8051293,-2.1951294,-1.9551294,-1.9351294,-1.9251294,-2.3351295,-2.0451293,-1.7451293,-1.9051294,-2.1251295,-3.7951293,-4.0651293,-4.1551294,-4.3651295,-4.4551296,-4.435129,-3.1251295,-2.1751294,-1.7551293,-2.5551293,-2.5251293,-2.3051293,-2.2851293,-2.5051293,-2.9751294,-2.3451295,-2.5051293,-2.5251293,-2.1351295,-2.1751294,-1.7351294,-1.5051293,-1.7451293,-2.2051294,-1.5751294,-1.1051294,-0.4751294,-0.1751294,0.3348706,0.5748706,1.5448706,1.0548706,1.2948706,0.7848706,1.2548707,-0.1651294,0.5848706,0.4448706,-0.0751294,0.23487061,0.8948706,1.2048706,1.3548706,1.5148706,0.9248706,0.9548706,1.0748706,0.5048706
-2.5651293,-2.3251295,-2.3551295,-2.1051295,-1.4351294,-1.4751294,-0.36512938,-0.8951294,-2.0351293,-1.6051294,-2.7351294,-3.7551293,-4.4851294,-4.2251296,-4.2351294,-4.645129,-4.8651295,-3.8651295,-3.0751295,-1.7151294,-1.0751294,-0.3051294,-0.06512939,-2.4251294,-2.9151294,-0.06512939,1.2648706,0.11487061,0.3448706,-0.10512939,-2.3151293,-2.8751295,-1.8451294,-1.4551294,-1.2351294,-1.8651294,-1.4451294,-1.5751294,-1.2851294,-0.6551294,-0.18512939,0.07487061,-0.13512939,0.52487063,0.8048706,0.41487062,0.41487062,-0.9051294,-1.0051293,0.07487061,-0.1451294,-0.045129396,0.3148706,0.4248706,0.124870606,0.7648706,1.1548706,2.5148706,0.8848706
-0.13512939,-1.6451294,-2.2751293,-2.0351293,-1.2151294,-0.5651294,0.9048706,-0.0051293946,-0.9251294,-1.7851294,-2.2351294,-2.9451294,-3.7651293,-3.2751293,-4.665129,-3.9851294,-3.7751293,-1.5451294,0.2148706,-0.045129396,0.6148706,1.0948706,1.4748706,2.2948706,2.5248706,2.5548706,1.6948706,1.7448707,1.6948706,1.4848706,0.11487061,-1.2051294,-1.2751294,-1.9051294,-0.5751294,-0.4451294,-0.4751294,-0.15512939,0.094870605,-0.78512937,-0.3251294,-0.9451294,0.11487061,0.5648706,1.0748706,-0.45512938,0.2848706,-0.3851294,-0.2551294,-0.9051294,-0.5751294,-0.06512939,0.1548706,0.3648706,-0.45512938,0.29487062,-0.0051293946,1.2848706,1.8548706
1.6548706,0.41487062,0.3748706,0.14487061,-0.0051293946,0.5548706,0.8148706,1.7748706,1.6748706,1.6448706,-0.8751294,-2.5351293,-1.2251294,1.6648706,5.8448706,2.7248707,1.2748706,0.2848706,-0.5451294,0.014870605,0.9348706,3.6048706,3.0348706,2.4248705,2.0148706,1.7148706,1.3248706,1.5248706,2.4348707,2.7048707,2.7848706,1.5548706,-1.1851294,-1.0751294,-1.0251294,-0.10512939,0.054870605,-0.2951294,0.4748706,-2.0851295,0.14487061,-0.4351294,-1.2951294,-1.2551293,-0.5551294,-0.2051294,-0.7551294,-0.6951294,-1.3151294,-0.6651294,-0.8451294,-0.7951294,-0.2951294,-0.39512938,-1.4151294,-0.9151294,-0.7551294,0.41487062,0.9848706
3.0548706,2.5748706,2.4748707,1.9548706,2.2148707,2.0748706,2.3348706,3.4348707,4.9248705,4.3848705,2.1248705,2.1448705,2.2848706,3.2748706,2.9848707,3.5048707,2.6748705,2.3448706,2.2548707,2.7548707,3.1648705,3.4448707,3.9448707,3.5848706,2.7448707,2.4048705,2.8548706,2.8848705,2.4148705,2.0248706,1.9448706,3.1248705,2.8848705,1.5548706,-0.72512937,-0.24512939,0.08487061,-0.2851294,0.9548706,-1.3951294,-0.53512937,-0.2551294,-1.9651294,-3.0551293,-3.3251295,-3.1451294,-2.8351295,-1.3651294,-0.045129396,-0.72512937,-0.4851294,-0.7651294,-1.5151294,-0.53512937,-0.6051294,-0.8651294,-0.4751294,-0.4951294,-0.2951294
3.5748706,3.6648705,3.4948707,3.4748707,3.6748705,3.5048707,2.4248705,2.4248705,3.1248705,3.2848706,2.7348707,1.5948706,3.3048706,2.9248705,2.3748705,2.7148707,2.4448707,1.3748707,1.2248706,1.6148705,2.0048707,3.0148706,4.3648705,3.5748706,2.8448706,2.8848705,2.6448705,2.6148705,2.5648706,2.8148706,1.8148706,2.3948705,3.0848706,3.8148706,1.6148705,1.3548706,1.1848706,0.9548706,-0.21512939,-0.7651294,-1.5651294,-0.10512939,-0.0751294,-2.8451295,-2.3551295,-2.5351293,-3.4551294,-2.0651293,-2.0551293,-0.8351294,-0.24512939,-0.3451294,-0.6451294,-1.5851294,-1.5951294,0.29487062,-1.6551294,-1.1451294,-0.39512938
3.8748705,3.7748706,5.6148705,5.8648705,5.3048706,4.604871,3.1348705,0.9848706,2.1448705,2.3348706,2.5748706,3.1348705,3.6148705,3.7248707,3.8148706,3.6148705,2.9248705,2.6548705,2.7148707,2.6048706,2.1848707,2.9048705,3.4148705,4.4948707,5.0948706,3.5948706,1.7548707,1.7548707,1.9548706,2.9448707,3.1448705,3.2648706,2.0648706,1.9048706,1.7948706,1.9748706,1.0148706,-0.1651294,0.5848706,-1.8451294,-0.6951294,-1.2251294,-0.7551294,-0.9951294,-2.1551294,-1.6251293,-1.4151294,-1.6951294,-1.8151294,-2.3351295,-1.8651294,-1.3851295,-0.1951294,-0.8951294,-1.0951294,-1.0751294,-0.18512939,0.024870606,0.1848706
3.7748706,3.6448705,4.3448706,4.6348705,4.854871,5.9748707,4.9548707,5.064871,2.5248706,1.8748707,1.5848706,2.5148706,3.2748706,3.4148705,3.8748705,4.2848706,4.4748707,3.2048707,2.9948707,3.5048707,3.7348707,3.9348707,4.9948707,5.9648705,5.9248705,5.2248707,3.9748707,0.8948706,1.6048706,2.3848705,1.6648706,3.0648706,3.6048706,2.5948706,1.5248706,-0.5651294,-0.1651294,-1.9551294,-0.025129395,-1.5451294,-0.4051294,-2.7551293,-1.3851295,-1.0751294,-0.1651294,-2.7251294,-2.3751295,-1.2351294,-1.9051294,-1.4951293,-1.2551293,-1.6651294,-1.9151294,-1.9951293,-1.4251294,-2.1251295,-0.2051294,-0.9351294,-0.6951294
5.1648707,3.6648705,3.7948706,4.1848707,4.2048707,4.2948704,4.0148706,3.1648705,2.2048707,1.1048706,1.2348706,2.3148706,2.1648705,2.0048707,2.0848706,2.5148706,3.0948706,3.1848707,2.7348707,2.6048706,3.7648706,4.624871,5.1948705,5.314871,6.4548707,7.9048705,7.7448707,7.4248705,5.7548704,4.4548707,4.0348706,3.3448706,2.8948705,1.6748706,2.2448707,0.7348706,-0.8451294,-2.5151293,-2.0051293,-2.4651294,-1.7851294,-1.7651294,-0.7151294,-0.3851294,-0.8251294,-0.6751294,-0.015129395,-1.0951294,0.044870604,-0.8451294,-1.0051293,-1.9151294,-1.7351294,-0.9351294,-1.4551294,-1.2551293,-0.7951294,0.11487061,-0.8851294
