public/data/weather/2019/10/02/0000-wind-isobaric-10hPa-gfs-1.0.json
{"header": { "discipline":0, "disciplineName":"Meteorological products", "gribEdition":2, "gribLength":44367, "center":7, "centerName":"US National Weather Service - NCEP(WMC)", "subcenter":0, "refTime":"2019-10-02T00:00:00.000Z", "significanceOfRT":1, "significanceOfRTName":"Start of forecast", "productStatus":0, "productStatusName":"Operational products", "productType":1, "productTypeName":"Forecast products", "productDefinitionTemplate":0, "productDefinitionTemplateName":"Analysis/forecast at horizontal level/layer at a point in time", "parameterCategory":2, "parameterCategoryName":"Momentum", "parameterNumber":2, "parameterNumberName":"U-component_of_wind", "parameterUnit":"m.s-1", "genProcessType":2, "genProcessTypeName":"Forecast", "forecastTime":0, "surface1Type":100, "surface1TypeName":"Isobaric surface", "surface1Value":1000.0, "surface2Type":255, "surface2TypeName":"Missing", "surface2Value":0.0, "gridDefinitionTemplate":0, "gridDefinitionTemplateName":"Latitude_Longitude", "numberPoints":65160, "shape":6, "shapeName":"Earth spherical with radius of 6,371,229.0 m", "gridUnits":"degrees", "resolution":48, "winds":"true", "scanMode":0, "nx":360, "ny":181, "basicAngle":0, "lo1":0.0, "la1":90.0, "lo2":359.0, "la2":-90.0, "dx":1.0, "dy":1.0 }, "data":
[rows 75 to 99 of 181, columns 285 to 341 of 360]
-35.978485,-35.278484,-34.678486,-35.678486,-33.978485,-32.978485,-31.678486,-33.878487,-33.478485,-33.178486,-34.278484,-34.778484,-33.778484,-33.578484,-33.078484,-32.178486,-33.078484,-35.178486,-36.378487,-35.878487,-36.078484,-36.378487,-36.278484,-36.078484,-35.978485,-35.578484,-35.978485,-36.578484,-37.578484,-37.978485,-38.778484,-38.478485,-38.178486,-37.878487,-38.878487,-39.178486,-38.278484,-37.178486,-37.378487,-36.278484,-34.878487,-33.078484,-31.278484,-30.578485,-30.878485,-30.278484,-29.478485,-30.278484,-29.778484,-30.278484,-30.278484,-29.678486,-28.978485,-29.678486,-29.978485,-29.678486,-28.278484
-34.278484,-35.678486,-36.278484,-35.478485,-34.178486,-32.678486,-33.478485,-33.378487,-34.678486,-35.378487,-34.578484,-34.578484,-34.378487,-33.278484,-32.678486,-32.878487,-33.478485,-35.078484,-36.278484,-37.078484,-36.278484,-37.278484,-37.078484,-35.378487,-35.278484,-35.378487,-35.978485,-37.278484,-38.678486,-38.378487,-38.578484,-38.078484,-38.178486,-38.278484,-38.878487,-38.378487,-37.578484,-37.278484,-36.678486,-34.978485,-34.578484,-32.678486,-31.578485,-31.078485,-29.978485,-29.978485,-29.778484,-30.278484,-30.078485,-29.778484,-29.478485,-28.678486,-28.878485,-29.378485,-28.978485,-29.078485,-28.878485
-34.778484,-35.878487,-35.978485,-35.678486,-35.078484,-35.378487,-34.478485,-33.978485,-36.978485,-37.078484,-35.478485,-34.578484,-34.178486,-32.378487,-32.978485,-33.678486,-33.078484,-34.678486,-36.378487,-37.178486,-37.278484,-38.078484,-37.378487,-35.978485,-34.478485,-34.478485,-35.378487,-36.878487,-38.278484,-38.778484,-37.478485,-37.778484,-37.678486,-38.378487,-38.478485,-37.978485,-37.578484,-37.578484,-36.378487,-34.678486,-33.778484,-32.478485,-32.078484,-32.078484,-31.078485,-30.578485,-30.978485,-31.578485,-31.278484,-30.978485,-30.278484,-30.078485,-30.278484,-29.978485,-29.078485,-28.378485,-28.478485
-35.778484,-35.778484,-36.678486,-35.778484,-35.878487,-34.078484,-34.678486,-35.378487,-36.778484,-37.378487,-35.478485,-35.078484,-34.378487,-32.578484,-33.578484,-33.778484,-34.478485,-34.678486,-35.878487,-37.078484,-36.978485,-38.078484,-38.478485,-35.578484,-34.978485,-35.578484,-35.778484,-36.878487,-36.978485,-37.078484,-37.178486,-37.478485,-38.378487,-38.178486,-37.878487,-36.878487,-36.678486,-37.178486,-36.578484,-35.878487,-34.478485,-32.778484,-32.978485,-33.178486,-32.478485,-31.278484,-32.278484,-32.478485,-31.678486,-32.178486,-31.878485,-31.878485,-30.978485,-31.178486,-29.678486,-27.978485,-28.978485
-35.178486,-35.278484,-36.278484,-35.178486,-35.078484,-33.678486,-35.178486,-37.478485,-36.478485,-36.678486,-35.378487,-35.478485,-34.678486,-32.878487,-33.878487,-34.578484,-34.978485,-35.278484,-35.278484,-36.478485,-37.378487,-38.078484,-37.678486,-36.378487,-36.178486,-36.878487,-36.678486,-37.178486,-37.078484,-37.478485,-36.678486,-37.078484,-37.378487,-37.378487,-36.878487,-36.378487,-36.778484,-36.578484,-36.078484,-35.478485,-34.478485,-33.978485,-34.578484,-33.578484,-33.178486,-33.578484,-32.978485,-32.878487,-32.878487,-32.578484,-33.278484,-31.678486,-31.878485,-31.778484,-29.978485,-29.178486,-29.578485
-35.278484,-35.978485,-35.578484,-33.478485,-34.178486,-35.478485,-35.078484,-37.478485,-36.578484,-36.478485,-35.178486,-35.178486,-35.278484,-33.478485,-34.278484,-34.478485,-35.578484,-35.978485,-36.278484,-35.878487,-37.978485,-38.178486,-36.978485,-36.978485,-37.778484,-38.378487,-37.278484,-36.878487,-37.278484,-37.078484,-37.278484,-37.078484,-35.778484,-34.778484,-34.878487,-34.678486,-35.378487,-35.378487,-34.978485,-34.578484,-33.878487,-33.778484,-34.578484,-33.378487,-33.478485,-33.378487,-33.278484,-33.678486,-33.378487,-33.978485,-33.878487,-31.378485,-32.178486,-31.778484,-30.578485,-30.678486,-29.878485
-34.478485,-35.978485,-35.378487,-34.178486,-34.378487,-36.278484,-35.878487,-37.278484,-37.178486,-36.378487,-36.278484,-36.278484,-35.678486,-35.178486,-34.378487,-33.078484,-34.978485,-36.378487,-36.578484,-36.678486,-37.878487,-37.378487,-36.478485,-35.778484,-37.678486,-38.478485,-37.178486,-36.978485,-37.778484,-37.678486,-37.278484,-37.078484,-36.378487,-34.578484,-33.378487,-33.378487,-33.578484,-34.578484,-34.278484,-33.578484,-33.378487,-34.078484,-34.178486,-33.278484,-32.678486,-32.678486,-33.378487,-33.778484,-33.778484,-33.878487,-33.278484,-33.178486,-32.578484,-31.078485,-29.978485,-29.778484,-29.878485
-33.578484,-34.178486,-35.178486,-34.278484,-35.378487,-36.078484,-36.978485,-37.678486,-37.878487,-36.878487,-35.778484,-36.078484,-35.878487,-36.378487,-35.478485,-33.578484,-34.278484,-36.178486,-36.678486,-36.878487,-37.178486,-36.578484,-36.978485,-36.278484,-38.378487,-37.978485,-37.078484,-37.178486,-38.278484,-38.078484,-37.278484,-37.278484,-36.478485,-35.078484,-33.378487,-32.578484,-33.378487,-33.678486,-33.578484,-32.878487,-33.078484,-33.278484,-33.278484,-32.478485,-32.178486,-32.178486,-33.078484,-34.078484,-33.978485,-33.978485,-32.778484,-32.578484,-33.178486,-30.878485,-29.078485,-28.778484,-29.378485
-34.278484,-34.078484,-34.578484,-36.178486,-36.478485,-37.078484,-37.778484,-36.878487,-36.078484,-36.878487,-36.878487,-36.178486,-35.278484,-36.178486,-34.978485,-33.978485,-34.278484,-35.278484,-36.378487,-35.978485,-35.778484,-35.878487,-36.278484,-37.678486,-38.178486,-38.378487,-37.178486,-36.878487,-37.178486,-37.378487,-37.178486,-36.678486,-35.978485,-34.578484,-34.178486,-33.178486,-32.678486,-32.078484,-32.678486,-33.078484,-32.878487,-32.878487,-32.878487,-32.678486,-32.478485,-32.878487,-32.278484,-32.378487,-33.678486,-34.278484,-33.678486,-33.578484,-31.978485,-31.478485,-29.778484,-28.378485,-28.478485
-35.078484,-35.778484,-36.078484,-37.078484,-36.578484,-36.478485,-37.278484,-34.778484,-35.078484,-35.278484,-35.778484,-36.278484,-36.678486,-34.978485,-35.378487,-34.178486,-34.378487,-35.178486,-36.478485,-36.578484,-36.178486,-35.878487,-36.878487,-37.978485,-38.378487,-37.678486,-37.778484,-37.378487,-37.078484,-36.978485,-35.978485,-36.278484,-36.378487,-35.178486,-33.078484,-32.778484,-32.978485,-31.378485,-31.778484,-31.978485,-32.178486,-31.878485,-31.778484,-31.978485,-32.678486,-32.878487,-33.178486,-31.678486,-32.678486,-32.978485,-33.778484,-32.978485,-33.078484,-32.178486,-31.378485,-30.278484,-30.078485
-36.478485,-37.278484,-36.278484,-35.578484,-34.578484,-35.478485,-35.478485,-34.978485,-34.378487,-34.878487,-34.978485,-35.478485,-36.478485,-34.878487,-35.278484,-35.078484,-34.278484,-34.278484,-35.878487,-36.678486,-36.178486,-36.878487,-36.478485,-36.678486,-36.678486,-36.578484,-35.478485,-35.378487,-35.778484,-35.678486,-35.378487,-35.678486,-35.578484,-33.978485,-32.878487,-32.578484,-32.378487,-31.478485,-30.078485,-29.878485,-30.778484,-31.078485,-30.978485,-30.878485,-31.978485,-31.578485,-33.578484,-32.578484,-32.178486,-32.578484,-32.078484,-32.578484,-33.178486,-32.378487,-31.978485,-30.778484,-29.878485
-35.978485,-36.478485,-36.678486,-37.278484,-35.678486,-34.678486,-34.378487,-34.678486,-34.478485,-33.978485,-34.578484,-35.978485,-35.378487,-34.878487,-34.278484,-34.778484,-34.678486,-34.678486,-34.278484,-34.278484,-34.778484,-34.078484,-34.078484,-33.578484,-33.078484,-33.678486,-33.878487,-32.878487,-33.478485,-33.778484,-33.378487,-33.278484,-32.278484,-31.978485,-32.278484,-31.978485,-31.878485,-30.778484,-29.178486,-28.478485,-28.778484,-29.378485,-29.678486,-29.378485,-29.878485,-31.078485,-30.978485,-33.478485,-31.378485,-31.578485,-30.978485,-31.978485,-32.678486,-32.578484,-31.378485,-30.278484,-31.378485
-34.578484,-35.778484,-36.078484,-36.178486,-35.478485,-33.778484,-34.178486,-35.078484,-34.578484,-32.978485,-32.078484,-32.178486,-34.078484,-33.178486,-33.078484,-32.778484,-32.578484,-33.478485,-32.678486,-32.878487,-32.478485,-32.278484,-32.078484,-32.878487,-32.678486,-31.578485,-32.578484,-32.578484,-32.378487,-31.778484,-31.478485,-31.078485,-30.578485,-30.678486,-30.578485,-30.978485,-31.178486,-30.678486,-28.778484,-27.478485,-27.678486,-27.978485,-27.178486,-26.978485,-27.778484,-28.178486,-28.478485,-30.678486,-30.178486,-30.878485,-30.878485,-31.178486,-31.278484,-31.778484,-31.578485,-30.678486,-31.678486
-33.178486,-34.278484,-34.378487,-34.778484,-33.878487,-33.378487,-32.078484,-32.278484,-32.678486,-32.678486,-32.478485,-32.778484,-33.678486,-33.578484,-33.278484,-33.078484,-31.878485,-31.078485,-30.878485,-31.478485,-31.278484,-31.178486,-31.178486,-32.378487,-33.278484,-32.778484,-31.978485,-31.778484,-31.578485,-30.178486,-29.478485,-29.578485,-29.778484,-29.378485,-28.878485,-28.978485,-28.778484,-29.478485,-28.778484,-26.978485,-26.578485,-26.778484,-26.578485,-25.178486,-25.778484,-27.278484,-27.878485,-28.078485,-28.978485,-28.978485,-30.478485,-30.578485,-30.478485,-30.378485,-31.178486,-31.378485,-32.578484
-33.478485,-32.078484,-31.578485,-31.378485,-31.778484,-30.978485,-31.878485,-31.378485,-30.678486,-29.578485,-29.978485,-31.378485,-32.978485,-33.078484,-31.978485,-31.178486,-31.078485,-31.378485,-31.078485,-31.578485,-30.978485,-29.978485,-31.578485,-31.978485,-32.778484,-32.178486,-30.778484,-29.978485,-28.978485,-29.878485,-29.778484,-29.178486,-28.578485,-28.578485,-28.778484,-28.378485,-27.778484,-27.878485,-27.378485,-26.578485,-25.678486,-25.878485,-26.378485,-25.278484,-25.178486,-26.278484,-28.678486,-28.178486,-28.478485,-29.178486,-29.778484,-30.878485,-31.078485,-30.578485,-30.578485,-31.278484,-31.278484
-29.278484,-30.378485,-30.378485,-28.078485,-28.478485,-28.378485,-29.678486,-29.578485,-29.678486,-29.378485,-28.578485,-28.678486,-28.578485,-28.578485,-28.678486,-28.278484,-29.978485,-29.778484,-28.278484,-28.278484,-29.378485,-30.078485,-31.778484,-31.278484,-30.978485,-29.778484,-29.078485,-28.878485,-28.278484,-27.978485,-27.878485,-28.078485,-28.678486,-28.278484,-27.178486,-27.478485,-26.978485,-26.878485,-26.178486,-25.278484,-25.578485,-25.478485,-25.578485,-25.978485,-24.878485,-24.978485,-27.078485,-28.578485,-28.578485,-28.778484,-28.778484,-28.878485,-30.078485,-31.178486,-30.778484,-29.078485,-28.078485
-27.078485,-27.178486,-27.078485,-25.578485,-25.378485,-25.578485,-26.778484,-27.578485,-28.978485,-29.778484,-27.978485,-27.378485,-28.878485,-28.578485,-27.378485,-27.178486,-29.078485,-27.478485,-26.778484,-26.578485,-27.478485,-28.178486,-30.478485,-31.578485,-29.878485,-29.278484,-27.978485,-28.778484,-28.878485,-27.578485,-26.678486,-26.278484,-25.278484,-25.278484,-25.978485,-26.478485,-26.578485,-27.078485,-26.178486,-25.478485,-24.778484,-24.878485,-25.678486,-26.478485,-25.978485,-24.978485,-25.978485,-27.678486,-28.478485,-28.178486,-29.078485,-29.678486,-29.878485,-30.078485,-31.178486,-30.678486,-28.178486
-24.178486,-24.078485,-25.278484,-24.578485,-23.578485,-24.078485,-25.078485,-25.278484,-26.278484,-27.678486,-27.278484,-26.578485,-26.778484,-27.778484,-26.278484,-24.678486,-24.678486,-24.178486,-25.278484,-25.878485,-26.978485,-28.678486,-28.878485,-29.578485,-29.978485,-27.678486,-28.678486,-28.778484,-27.378485,-26.478485,-25.378485,-24.278484,-23.678486,-24.478485,-24.878485,-25.578485,-26.278484,-25.978485,-25.678486,-25.278484,-25.278484,-26.278484,-26.378485,-26.378485,-25.678486,-25.378485,-25.678486,-26.078485,-26.278484,-26.978485,-27.478485,-28.778484,-28.878485,-29.478485,-28.978485,-29.178486,-26.478485
-22.278484,-22.578485,-22.078485,-23.478485,-23.378485,-22.778484,-22.778484,-24.378485,-24.778484,-26.378485,-26.378485,-25.778484,-25.678486,-26.278484,-25.878485,-23.978485,-22.978485,-23.878485,-24.578485,-26.678486,-28.378485,-28.178486,-28.478485,-27.878485,-27.678486,-27.278484,-28.178486,-27.678486,-26.178486,-25.078485,-23.578485,-23.478485,-23.178486,-23.578485,-25.178486,-24.678486,-24.578485,-25.078485,-24.678486,-24.778484,-24.978485,-25.278484,-25.278484,-26.478485,-25.478485,-24.278484,-25.078485,-25.778484,-25.478485,-24.878485,-25.378485,-26.978485,-26.378485,-26.578485,-25.878485,-26.478485,-25.978485
-22.678486,-23.078485,-22.878485,-21.478485,-23.178486,-23.678486,-22.478485,-24.678486,-24.678486,-24.678486,-25.078485,-23.578485,-23.878485,-24.278484,-24.978485,-23.478485,-22.378485,-22.078485,-23.778484,-25.778484,-25.278484,-26.378485,-27.378485,-27.178486,-25.278484,-26.078485,-24.978485,-24.778484,-24.578485,-24.678486,-23.378485,-23.878485,-23.678486,-22.678486,-23.878485,-23.778484,-23.678486,-23.978485,-23.878485,-24.378485,-25.378485,-25.978485,-25.878485,-26.478485,-26.078485,-24.878485,-24.778484,-24.878485,-25.778484,-24.878485,-24.478485,-24.778484,-24.878485,-25.178486,-25.878485,-25.778484,-25.378485
-21.578485,-22.678486,-22.378485,-22.278484,-22.078485,-22.178486,-23.378485,-23.378485,-23.178486,-24.278484,-23.478485,-23.278484,-23.978485,-24.278484,-23.278484,-21.578485,-22.978485,-23.378485,-23.378485,-22.978485,-24.478485,-25.478485,-24.678486,-25.378485,-24.378485,-23.378485,-23.778484,-24.678486,-23.878485,-24.978485,-24.078485,-23.478485,-22.978485,-22.178486,-22.278484,-22.678486,-22.278484,-23.178486,-22.878485,-23.178486,-24.278484,-25.778484,-26.878485,-27.378485,-26.878485,-25.778484,-25.078485,-24.078485,-25.678486,-25.378485,-23.978485,-23.578485,-24.078485,-23.978485,-24.678486,-25.178486,-25.778484
-20.478485,-20.378485,-22.078485,-22.278484,-22.278484,-22.678486,-22.778484,-21.378485,-21.278484,-22.078485,-21.478485,-21.478485,-21.978485,-22.678486,-21.478485,-20.278484,-22.178486,-24.178486,-22.478485,-22.978485,-24.078485,-22.378485,-24.878485,-23.978485,-24.878485,-24.978485,-24.478485,-24.678486,-23.778484,-23.878485,-22.878485,-22.678486,-21.478485,-21.378485,-21.478485,-22.178486,-21.978485,-21.578485,-21.678486,-21.978485,-23.878485,-25.778484,-26.078485,-25.878485,-26.178486,-26.278484,-26.478485,-24.978485,-24.778484,-24.478485,-23.878485,-23.478485,-22.978485,-23.378485,-23.578485,-25.378485,-24.678486
-19.678486,-19.878485,-20.378485,-21.378485,-22.678486,-22.678486,-21.178486,-20.178486,-19.378485,-19.778484,-19.778484,-20.078485,-19.978485,-20.578485,-19.878485,-18.778484,-20.978485,-21.878485,-21.478485,-21.978485,-23.778484,-23.778484,-23.478485,-23.178486,-22.878485,-25.078485,-25.378485,-22.478485,-21.478485,-22.878485,-23.278484,-23.078485,-21.578485,-21.178486,-21.778484,-21.678486,-22.078485,-20.978485,-20.578485,-20.778484,-21.678486,-22.678486,-24.578485,-25.378485,-26.378485,-26.478485,-25.978485,-25.078485,-24.478485,-24.878485,-24.478485,-22.978485,-22.378485,-22.778484,-23.478485,-23.978485,-22.878485
-20.078485,-20.978485,-19.878485,-21.478485,-20.578485,-21.778484,-19.978485,-19.378485,-18.878485,-18.778484,-18.478485,-17.978485,-20.078485,-18.378485,-18.078485,-19.378485,-17.878485,-20.278484,-17.778484,-20.578485,-22.578485,-22.378485,-22.778484,-21.678486,-23.578485,-23.478485,-23.378485,-23.378485,-21.578485,-22.678486,-22.778484,-23.478485,-22.078485,-20.578485,-19.878485,-21.178486,-20.978485,-20.278484,-19.778484,-19.178486,-19.778484,-20.278484,-21.278484,-22.978485,-25.478485,-25.878485,-25.078485,-24.178486,-23.378485,-22.978485,-24.278484,-23.778484,-22.578485,-22.878485,-22.778484,-23.378485,-22.578485
-19.478485,-20.478485,-20.278484,-20.178486,-19.078485,-20.278484,-18.778484,-18.478485,-18.378485,-17.178486,-17.078485,-16.578485,-17.178486,-16.478485,-16.978485,-18.078485,-19.278484,-18.178486,-17.778484,-19.478485,-19.578485,-19.878485,-21.278484,-23.278484,-23.278484,-23.878485,-22.878485,-21.478485,-21.578485,-22.578485,-22.978485,-22.978485,-21.778484,-20.178486,-19.978485,-20.078485,-19.978485,-18.578485,-17.978485,-17.878485,-17.078485,-16.878485,-17.878485,-19.578485,-21.778484,-23.078485,-23.178486,-22.778484,-22.378485,-21.278484,-21.378485,-22.178486,-21.878485,-21.978485,-21.378485,-22.778484,-23.778484
