public/data/weather/2019/10/02/0000-wind-isobaric-500hPa-gfs-1.0.json
{"header": { "discipline":0, "disciplineName":"Meteorological products", "gribEdition":2, "gribLength":79309, "center":7, "centerName":"US National Weather Service - NCEP(WMC)", "subcenter":0, "refTime":"2019-10-02T00:00:00.000Z", "significanceOfRT":1, "significanceOfRTName":"Start of forecast", "productStatus":0, "productStatusName":"Operational products", "productType":1, "productTypeName":"Forecast products", "productDefinitionTemplate":0, "productDefinitionTemplateName":"Analysis/forecast at horizontal level/layer at a point in time", "parameterCategory":2, "parameterCategoryName":"Momentum", "parameterNumber":3, "parameterNumberName":"V-component_of_wind", "parameterUnit":"m.s-1", "genProcessType":2, "genProcessTypeName":"Forecast", "forecastTime":0, "surface1Type":100, "surface1TypeName":"Isobaric surface", "surface1Value":50000.0, "surface2Type":255, "surface2TypeName":"Missing", "surface2Value":0.0, "gridDefinitionTemplate":0, "gridDefinitionTemplateName":"Latitude_Longitude", "numberPoints":65160, "shape":6, "shapeName":"Earth spherical with radius of 6,371,229.0 m", "gridUnits":"degrees", "resolution":48, "winds":"true", "scanMode":0, "nx":360, "ny":181, "basicAngle":0, "lo1":0.0, "la1":90.0, "lo2":359.0, "la2":-90.0, "dx":1.0, "dy":1.0 }, "data":
[rows 100 to 124 of 181, columns 0 to 57 of 360]
-2.6411743,-2.9811742,-2.7311742,-1.3811743,-0.7011743,0.3788257,1.1888257,2.5288258,3.0488257,2.8688257,2.9288256,2.7988257,3.4788256,2.5488257,0.9888257,1.0688257,0.63882565,-0.6411743,-1.7811743,-1.8611743,1.1688256,0.2588257,1.4988257,6.678826,-3.9611742,-4.2711744,-2.4411743,-1.1511743,-2.2211742,-6.071174,0.56882566,-1.9711744,0.5288257,-0.39117432,-1.5211743,-1.7411743,-0.22117431,0.4088257,0.7088257,0.8688257,0.16882569,0.74882567,1.7188257,2.0188258,1.4088256,1.6488256,1.6088257,2.6088257,2.8888257,3.0488257,2.9988258,3.8188257,3.9688256,4.0488257,3.3488257,2.6988256,2.5988257,1.0888257
-3.2011743,-2.4111743,-1.5711743,0.038825683,0.4388257,0.69882566,1.5388256,1.9088256,1.1888257,1.9888257,2.1588256,1.4988257,2.3588257,2.2788258,-3.6011744,-1.7711743,1.6488256,0.8988257,-2.6711743,-1.5211743,-2.4911742,-1.3911743,-1.7111744,1.3088257,4.238826,5.408826,2.3888257,3.4288256,0.9088257,4.4388256,-6.761174,-3.6111743,-4.1711745,-2.3411744,-2.9811742,-3.7111742,-2.1711743,-1.4911743,-0.5911743,-0.18117432,0.2888257,0.42882568,-0.25117433,1.0188257,1.4588257,1.9988257,2.3988256,2.8388257,2.1588256,3.0288258,2.0788257,2.8188257,3.3388257,3.6088257,3.3588257,2.6088257,1.9688257,1.4788257
-2.2311742,-2.2911744,-2.1411743,-1.1511743,0.23882568,1.4888257,2.2788258,0.5188257,0.93882567,2.1688256,2.1688256,3.0888257,2.5788257,2.2188256,2.8288257,1.4588257,0.26882568,3.5688257,5.658826,0.07882568,-1.6611743,-0.081174314,-3.1511743,-0.6611743,0.6688257,1.1088257,-1.2911743,-0.9211743,-1.4511743,1.8588257,-3.8711743,-0.5411743,-0.15117432,-3.8211744,-4.3111744,-4.761174,-1.9211743,-2.6211743,-1.3311744,-2.2111742,-1.9011743,-1.2011743,-0.031174317,-0.10117432,0.30882567,1.7188257,1.9388257,1.9888257,1.0988257,2.7088256,2.2088256,2.0388258,2.2088256,2.8388257,1.9888257,2.5688257,2.7988257,2.5488257
-3.0311744,-2.4211743,-1.6311743,-0.9411743,0.50882566,0.7888257,0.6088257,-0.06117432,0.8288257,1.4088256,1.0988257,1.2888256,2.4188256,1.9588257,2.6588256,3.1888256,3.1988256,4.988826,2.3288257,3.4288256,4.8488255,0.94882566,-0.21117431,0.20882568,2.4988258,0.07882568,-0.7911743,-2.3911743,3.8088257,4.3588257,-0.3011743,0.20882568,-1.5911744,-1.3811743,-4.4111743,-2.2911744,-2.2411742,-3.2611742,-2.8711743,-3.0711744,-3.2411742,-1.5311743,-0.61117435,-0.051174317,0.098825686,-0.2811743,0.15882568,1.6988257,1.3588257,3.1288257,2.3788257,1.8688257,2.0488257,3.2388258,2.8288257,2.0088258,1.8588257,2.3488257
-3.0011742,-1.8311744,-0.9811743,-0.6411743,-0.2711743,0.10882568,-0.2711743,0.14882569,0.30882567,1.3488257,1.9088256,2.0588257,2.2088256,1.7988257,1.7588257,0.62882566,-0.35117432,0.5988257,2.8088257,5.9788256,3.0088258,3.8088257,3.3088257,2.9588256,2.6288257,4.0988255,1.8188257,0.038825683,-0.9011743,5.3388257,0.6588257,0.028825684,-3.6911743,-0.5111743,-2.1811743,-0.8911743,-4.1511745,-3.3811743,-3.8811743,-3.3411744,-4.6211743,-4.341174,-1.9911743,-1.8011743,-0.5911743,0.4388257,1.7588257,0.4688257,0.9288257,2.1488256,2.3588257,0.4788257,1.8588257,2.6488256,3.1188257,2.8088257,2.7588258,2.4088256
-2.3711743,-1.4011743,-0.9611743,-0.6311743,-1.0711743,-0.9711743,0.12882568,0.2888257,1.0488257,1.7388257,2.3088257,3.0988257,3.7288256,4.3388257,5.1088257,4.698826,5.008826,4.8988256,4.9188256,6.0288258,5.6288257,2.3088257,2.8988256,3.3988256,4.2788258,4.678826,0.88882565,3.3888257,-1.6811743,0.12882568,2.3688257,-3.5811744,-0.8411743,0.35882568,1.9488257,-0.7311743,-1.4411743,-3.7711744,-4.3311744,-5.0411744,-3.1211743,-2.9011743,-3.0811744,-2.0111742,-1.9211743,-0.13117431,1.2688257,1.3688257,0.36882567,2.9388256,1.2888256,0.16882569,0.13882568,0.74882567,1.9288257,3.0788257,3.9888258,3.9288256
-1.8211743,-1.7911743,-1.2711743,-0.2711743,-0.09117432,-0.041174315,0.6588257,1.3488257,2.0088258,2.6388257,2.2488258,3.2388258,4.5488257,4.718826,5.7888255,5.9188256,6.0588255,6.1488256,6.5888257,6.6888256,5.1888256,4.2288256,3.7388258,2.6088257,2.8788257,3.1688256,0.7788257,-2.0011742,-0.3311743,-2.3711743,-0.8311743,3.9688256,0.3788257,1.0788257,0.6588257,0.63882565,-1.7811743,-3.7411742,-5.551174,-3.8911743,-5.1911745,-2.7511742,-1.6611743,-2.4811742,-2.6111743,-2.0011742,0.50882566,0.8088257,1.0088257,1.0088257,-0.19117431,-0.9111743,-1.7011743,0.39882568,1.8688257,1.9788257,2.0388258,3.1888256
-1.1411743,0.18882568,0.6788257,0.39882568,0.45882568,0.15882568,0.7188257,1.8888257,2.0288258,2.4288256,2.7688258,3.2188256,5.0188255,4.638826,4.488826,5.2288256,6.3088255,6.118826,6.3488255,6.1888256,5.9988256,5.8488255,2.9188256,0.9188257,1.2688257,1.5488257,-0.081174314,1.3488257,0.7888257,-4.361174,-0.4911743,-2.0411744,1.8988256,0.35882568,-1.4511743,-2.2111742,-0.7911743,-0.75117433,-3.4311743,-4.6411743,-4.5011744,-5.5011744,-3.9311743,-4.051174,-3.1211743,-3.4811742,-1.9611744,-1.0811744,-0.0111743165,0.75882566,0.6688257,-1.3011743,-1.3811743,-0.10117432,0.75882566,0.21882568,1.5788257,2.0188258
-0.021174317,0.68882567,1.2888256,1.0288256,0.45882568,0.24882568,0.5788257,1.0188257,2.2988257,3.0388258,3.0388258,3.3688257,4.2088256,4.988826,5.2488256,5.3388257,5.7288256,6.5688257,6.988826,7.4388256,7.8588257,8.258825,8.228826,4.218826,2.1688256,0.14882569,-0.2711743,-0.3311743,0.4688257,-0.12117431,-1.3611743,-4.111174,-0.4011743,0.6588257,-0.39117432,-2.4411743,0.12882568,0.23882568,-1.8111743,-2.8711743,-4.4311743,-5.2111745,-6.1811743,-5.8511744,-4.4411745,-2.9011743,-4.9611745,-2.6211743,-0.8411743,-0.6411743,-0.5811743,-0.6611743,-2.0711744,-2.1811743,-0.9211743,-0.4611743,-0.7811743,1.0388256
-0.031174317,2.0788257,3.0988257,1.4788257,0.8488257,0.9788257,1.4688257,1.0688257,1.9388257,1.9488257,2.6988256,3.4988258,4.0188255,4.1288257,4.0588255,4.5288258,6.218826,7.1288257,7.2688255,7.0188255,7.0788255,7.7888255,6.9188256,6.198826,3.8688257,0.5988257,-1.8211743,-1.6911743,-0.5411743,-0.35117432,0.30882567,0.7788257,2.2588258,0.39882568,-2.3411744,-2.1111743,-0.5911743,1.1488256,-0.111174315,-1.0511743,-3.7511742,-5.4811745,-6.821174,-6.2711744,-5.991174,-5.2311745,-4.3311744,-4.261174,-2.1511743,-1.1711743,-0.38117433,-1.1211743,-0.5211743,0.15882568,-1.2711743,-0.16117431,0.13882568,0.8088257
0.21882568,1.9688257,4.0188255,4.5288258,2.6588256,1.8288257,2.1288257,2.2088256,2.2888258,1.9288257,2.1588256,2.4588256,2.6688256,3.4788256,3.1888256,3.4888258,5.1488256,5.5388255,7.198826,8.238826,8.108826,7.7088256,7.4388256,4.138826,2.5388258,2.6588256,1.9088256,-0.4611743,-1.6511743,-1.7211744,-0.9811743,-1.0611743,-0.9211743,-3.5411744,-2.5811744,-2.2711744,-1.2711743,-0.7011743,-1.3211743,-2.0411744,-2.3311744,-4.281174,-5.511174,-6.011174,-6.381174,-6.1411743,-6.4111743,-5.571174,-2.5811744,-3.8311744,-2.4911742,-0.9111743,-0.8811743,-0.8811743,-1.1111743,0.4088257,1.7688257,2.4988258
-0.4911743,1.5988257,3.9188256,5.0388255,4.948826,2.8388257,2.3588257,2.0988257,2.0088258,2.3588257,2.3388257,2.9588256,2.6088257,3.0688257,3.1288257,3.7588258,4.0188255,6.368826,7.1288257,7.888826,7.1688256,8.698826,9.078826,7.1488256,3.9688256,2.9988258,4.1688256,4.2088256,2.2288256,-3.1211743,-2.6111743,-1.3911743,-3.5011742,-4.2011743,-5.6611743,-3.6111743,-3.1911743,-0.6011743,-0.8511743,-2.8711743,-2.3011744,-3.0111742,-4.6711745,-7.071174,-6.261174,-7.5211744,-7.341174,-7.531174,-7.801174,-3.8011744,-4.051174,-3.1111743,-0.6611743,0.8388257,1.4088256,1.7888256,2.2388258,4.118826
-1.0811744,1.5988257,3.8688257,4.508826,5.8988256,3.5388258,2.8088257,1.6788257,0.9288257,1.8888257,1.4588257,2.8588257,3.5788257,4.3788257,5.138826,4.658826,5.468826,5.8188257,6.0588255,5.968826,6.7788258,7.6888256,6.2788258,6.7088256,5.428826,4.5388255,5.008826,4.0188255,2.0588257,-0.6911743,-4.491174,-5.5411744,-4.801174,-5.991174,-7.071174,-7.4311743,-6.611174,-5.111174,-6.9511743,-3.8611743,-6.0011744,-4.8711743,-3.7411742,-3.9311743,-7.7711744,-6.3511744,-6.261174,-6.2211742,-7.0411744,-6.2711744,-3.6911743,-3.6011744,-2.3711743,-0.8811743,2.0188258,2.1588256,3.0488257,3.3388257
0.9188257,1.9088256,2.7288256,4.238826,4.3788257,3.8888257,3.0488257,1.5988257,-0.22117431,0.32882568,0.9588257,2.6288257,3.7388258,4.888826,6.0488257,6.638826,6.368826,5.7488256,6.5488257,6.7988257,7.4188256,7.4388256,6.0188255,6.218826,6.0488257,5.9588256,5.988826,5.3288255,6.2888255,6.0488257,-0.6411743,-4.6211743,-5.8311744,-6.7011743,-7.3111744,-9.881174,-9.641174,-8.131174,-5.6811743,-3.0411744,-11.581174,-8.621174,-3.1711743,-2.5111742,-2.9011743,-5.2511744,-6.1411743,-6.611174,-7.281174,-4.741174,-3.3211744,-1.9911743,-0.10117432,-0.45117432,0.8088257,0.6088257,1.9888257,2.6088257
2.4388256,3.4288256,3.6488256,4.158826,3.1588256,2.5488257,2.2988257,1.5688257,-0.06117432,0.098825686,0.8288257,2.5388258,4.158826,4.2488256,4.2488256,6.6088257,5.988826,5.468826,5.0488257,7.3388257,7.7488256,7.158826,4.8388257,5.5288258,6.7288256,8.078826,10.068826,12.328826,8.198826,4.008826,1.0888257,-3.3911743,-5.7211742,-7.3711743,-7.6911745,-10.531175,-12.101174,-10.721174,-9.781175,-4.7311745,-7.2911744,-13.341174,-4.841174,-2.6511743,-2.5211744,-2.2811744,-3.5611744,-5.7111745,-7.111174,-6.2911744,-5.301174,-1.7311743,-2.6411743,0.5388257,-0.75117433,0.7788257,0.6588257,0.9188257
1.5088257,2.1388257,3.4188256,4.198826,3.1688256,0.8988257,0.14882569,1.0388256,0.8488257,0.7688257,0.75882566,1.0788257,2.0088258,3.3688257,3.2588258,4.9788256,6.5188255,4.3488255,5.408826,7.008826,5.9388256,4.718826,3.7788258,6.5188255,9.478826,11.838825,13.668826,12.188826,6.7488256,3.8888257,1.2988257,-2.9711742,-2.7211742,-4.6011744,-5.761174,-10.571175,-11.731174,-11.991175,-9.571175,-7.2911744,-4.3111744,-9.181174,-9.891174,-6.8311744,-3.2211742,-2.4411743,-0.86117435,-4.131174,-5.861174,-4.6411743,-4.551174,-4.8711743,-2.4211743,-0.3411743,-1.6811743,-0.45117432,0.10882568,-0.6611743
2.6588256,2.4488256,1.6688256,2.3388257,3.5588257,2.4988258,0.7388257,0.45882568,1.0688257,2.0288258,1.8788257,1.5288256,1.4388257,3.3588257,3.7088256,3.4388256,5.638826,3.4888258,3.1088257,3.9988258,4.0288258,3.4788256,2.9488256,6.888826,10.008825,13.248826,13.648826,9.098825,7.468826,4.118826,1.7288257,2.5588257,-0.9011743,-3.3911743,-7.741174,-8.611175,-8.631174,-9.861175,-8.711174,-5.631174,-4.5411744,-2.5611744,-11.041174,-11.071175,-8.731174,-4.9511743,-3.6411743,-1.4011743,-5.4611745,-6.051174,-4.8311744,-3.9811742,-3.5911744,-2.4511743,-2.6611743,-2.4411743,-1.6211743,-1.9411743
-0.17117432,0.2888257,1.6088257,1.8388257,2.0088258,1.8488257,2.6688256,1.8088257,1.4488257,2.2288256,2.8388257,3.2488258,3.2388258,3.3888257,3.2688258,2.5688257,4.1288257,3.0588257,2.0888257,1.3688257,2.0588257,2.9188256,2.8388257,6.718826,11.158826,12.958826,12.788826,10.508825,7.5788255,7.0888257,6.0788255,2.3088257,0.48882568,-1.2011743,-0.9211743,-5.7011743,-3.7511742,-5.261174,-6.4111743,-8.311174,-5.7911744,-4.7011743,-2.7811744,-10.541174,-10.631174,-9.431174,-7.301174,-5.1511745,-3.6911743,-3.7111742,-4.071174,-4.071174,-3.6811743,-3.3811743,-2.6111743,-3.0311744,-3.1511743,-3.6011744
-0.7811743,0.028825684,0.4388257,0.5788257,1.5688257,2.0188258,1.6588256,1.9488257,2.5488257,2.7288256,3.1688256,3.8188257,4.1488256,3.0388258,2.2088256,1.8388257,2.7188256,1.3688257,0.7088257,0.5888257,-0.14117432,1.0388256,2.5388258,6.408826,11.128826,12.338825,10.908826,8.908826,8.218825,7.1888256,3.8288257,3.0888257,0.018825684,-0.6611743,0.7688257,-1.5411743,-2.3111744,-4.071174,-3.0111742,-4.1811743,-4.4011745,-4.5611744,-5.9011745,-4.821174,-5.7111745,-11.571175,-9.311174,-8.321175,-6.6011744,-5.1211743,-5.511174,-4.0211744,-3.8211744,-4.841174,-3.1611743,-4.091174,-4.9411745,-5.4311743
-1.0111743,-0.6611743,-0.45117432,1.6088257,0.4788257,0.94882566,-0.12117431,-0.13117431,-0.42117432,0.7988257,1.4988257,2.1688256,2.7988257,1.9288257,0.9888257,0.4088257,1.8988256,0.63882565,0.4688257,-0.051174317,0.6088257,1.3388257,3.1888256,7.3788257,9.548825,10.958826,8.538826,8.368826,7.3988256,4.0788255,1.9288257,1.2988257,2.3688257,1.7188257,0.4788257,0.9088257,1.5688257,0.8588257,0.6788257,-0.7711743,-1.0711743,-1.5811744,-4.7011743,-4.4411745,-5.5211744,-7.261174,-8.861175,-8.251174,-9.011174,-8.331174,-7.1711745,-7.341174,-4.091174,-5.1211743,-3.4211743,-3.4011743,-4.241174,-6.1511745
-2.0011742,-1.7711743,-0.93117434,0.24882568,-1.1411743,-0.61117435,0.038825683,-0.23117432,-0.4011743,-1.4911743,-0.5211743,-0.22117431,0.9688257,0.5988257,-0.10117432,-0.2811743,1.5388256,0.87882566,-1.3611743,-1.1911743,0.69882566,0.5488257,2.9288256,5.9988256,7.7088256,7.138826,6.5588255,7.5388255,6.4788256,3.8588257,2.1988256,1.7888256,3.3688257,3.0488257,2.9788256,2.3388257,2.5588257,3.0788257,3.4288256,4.2088256,1.9688257,0.018825684,-0.86117435,-1.2411743,-3.1011744,-5.9411745,-7.2011743,-7.821174,-7.6211743,-8.341174,-9.361175,-8.911175,-7.631174,-5.8311744,-4.8111744,-5.0811744,-3.5811744,-2.4611742
-1.2411743,-1.7111744,-2.6511743,-2.8911743,-2.8211744,-2.8211744,-2.4011743,-1.6011744,-1.3411744,-1.8211743,-3.0511744,-2.7011743,-1.6411743,-2.3211744,-1.8911743,-0.3111743,0.8988257,1.2588257,-2.4111743,-1.7711743,0.4688257,0.5288257,1.5388256,4.7088256,5.218826,5.0188255,4.4588256,5.738826,6.0488257,4.008826,2.3288257,2.3788257,2.5988257,3.0788257,2.8288257,2.6188257,2.6388257,2.4888258,1.5488257,1.5288256,2.3788257,0.9688257,0.5388257,-0.4011743,-1.8411744,-2.8911743,-4.861174,-7.051174,-9.471174,-10.111175,-9.901175,-10.041174,-9.841174,-8.831174,-7.6711745,-5.9111743,-5.9511743,-4.1711745
-2.1811743,-3.2711744,-2.5411744,-2.3411744,-2.8511744,-5.591174,-3.4811742,-3.4111743,-3.8311744,-2.2911744,-3.8011744,-4.9011745,-4.7711744,-3.3811743,-2.7311742,-1.6511743,0.018825684,-0.4311743,-2.3611743,-2.8911743,-2.2711744,-1.1111743,2.1388257,3.4688256,4.3388257,2.8388257,2.5788257,3.4588256,5.0288258,5.2688255,3.9888258,2.8588257,2.4288256,2.5688257,2.9488256,2.9788256,3.1188257,3.1288257,3.3888257,2.4688256,2.3788257,2.8888257,1.2988257,-0.5311743,-1.6711743,-4.071174,-5.5211744,-5.6611743,-11.001174,-13.771174,-9.6911745,-12.401175,-12.121174,-10.411175,-9.431174,-9.791174,-7.821174,-6.2711744
-0.7811743,-1.2111744,-1.4111743,-2.5311744,-2.8811743,-4.1011744,-3.5711744,-3.0011742,-4.321174,-5.0411744,-4.361174,-5.071174,-6.9611745,-6.031174,-5.361174,-2.7811744,-1.7511743,-1.6411743,-3.4811742,-1.4211743,-1.4111743,0.2588257,0.07882568,2.3388257,1.9588257,0.6588257,0.5888257,0.7888257,1.6888257,2.2288256,3.1888256,3.7588258,4.7488256,5.5288258,5.0588255,5.5688257,4.8188257,4.3088255,3.9388256,4.658826,4.9388256,4.4788256,2.9288256,0.22882569,-2.7411742,-3.6611743,-6.1911745,-7.011174,-6.7511744,-13.021174,-12.871174,-12.521174,-13.821175,-12.391174,-10.811174,-9.4411745,-10.811174,-9.551174
0.6788257,-0.10117432,-0.3011743,-0.81117433,-3.0511744,-2.7711744,-2.4211743,-2.8811743,-3.4211743,-1.9711744,-8.241175,-7.591174,-7.881174,-7.8311744,-5.9211745,-4.7911744,-4.111174,-3.2111742,-2.4911742,-0.3411743,-1.4011743,0.7788257,-0.021174317,1.0588257,-0.8811743,-0.15117432,0.4488257,1.3688257,2.2488258,3.1788256,3.8788257,5.658826,6.428826,6.3988256,5.118826,4.9188256,5.1288257,6.1688256,6.1688256,5.258826,5.6688256,4.658826,4.218826,2.5588257,1.3388257,-2.8711743,-6.4411745,-7.991174,-9.201175,-8.671174,-13.771174,-14.931174,-15.881174,-15.071175,-13.331174,-12.121174,-10.891174,-12.561174
