public/data/weather/2019/10/02/0000-wind-surface-level-gfs-1.0.json
{"header": { "discipline":0, "disciplineName":"Meteorological products", "gribEdition":2, "gribLength":77831, "center":7, "centerName":"US National Weather Service - NCEP(WMC)", "subcenter":0, "refTime":"2019-10-02T00:00:00.000Z", "significanceOfRT":1, "significanceOfRTName":"Start of forecast", "productStatus":0, "productStatusName":"Operational products", "productType":1, "productTypeName":"Forecast products", "productDefinitionTemplate":0, "productDefinitionTemplateName":"Analysis/forecast at horizontal level/layer at a point in time", "parameterCategory":2, "parameterCategoryName":"Momentum", "parameterNumber":2, "parameterNumberName":"U-component_of_wind", "parameterUnit":"m.s-1", "genProcessType":2, "genProcessTypeName":"Forecast", "forecastTime":0, "surface1Type":103, "surface1TypeName":"Specified height level above ground", "surface1Value":10.0, "surface2Type":255, "surface2TypeName":"Missing", "surface2Value":0.0, "gridDefinitionTemplate":0, "gridDefinitionTemplateName":"Latitude_Longitude", "numberPoints":65160, "shape":6, "shapeName":"Earth spherical with radius of 6,371,229.0 m", "gridUnits":"degrees", "resolution":48, "winds":"true", "scanMode":0, "nx":360, "ny":181, "basicAngle":0, "lo1":0.0, "la1":90.0, "lo2":359.0, "la2":-90.0, "dx":1.0, "dy":1.0 }, "data":
[rows 78 to 103 of 181, columns 295 to 353 of 360]
-7.809585,-7.819585,-6.839585,-7.059585,-6.069585,-6.4395847,-5.9195848,-5.609585,-5.949585,-5.909585,-6.6895847,-6.4395847,-5.099585,-5.229585,-6.779585,-7.139585,-9.419585,-8.379585,-8.609585,-8.439585,-8.069585,-7.679585,-7.569585,-8.509585,-7.389585,-8.689585,-8.569585,-8.969585,-8.309585,-7.479585,-6.309585,-6.109585,-5.219585,-5.619585,-5.209585,-5.459585,-4.769585,-4.469585,-4.459585,-4.479585,-4.839585,-5.309585,-5.219585,-4.079585,-2.929585,0.17041504,2.040415,3.070415,4.8104153,2.520415,2.110415,2.530415,-0.27958497,0.890415,-0.23958497,0.32041505,1.340415,-0.17958497,0.14041504
-5.809585,-2.439585,-8.019585,-7.219585,-5.979585,-5.9395847,-5.399585,-5.389585,-6.129585,-6.329585,-6.469585,-5.9395847,-5.129585,-5.909585,-6.4195848,-7.089585,-7.549585,-9.369585,-8.739585,-7.729585,-7.079585,-6.4395847,-5.929585,-4.519585,-5.299585,-6.889585,-5.219585,-6.9195848,-7.539585,-7.499585,-6.879585,-5.6895847,-5.449585,-5.089585,-5.059585,-5.059585,-4.899585,-4.899585,-4.119585,-4.229585,-4.229585,-4.959585,-4.929585,-4.639585,-4.1895847,-1.679585,0.32041505,2.410415,3.030415,4.780415,2.310415,0.85041505,0.17041504,1.030415,0.78041506,0.87041503,-0.11958496,0.06041504,0.640415
-1.059585,-0.63958496,-0.75958496,-6.549585,-5.909585,-5.949585,-5.599585,-5.959585,-5.869585,-6.279585,-6.769585,-6.1695848,-5.949585,-5.579585,-7.409585,-6.199585,-3.919585,-7.019585,-6.6895847,-6.4395847,-5.929585,-5.989585,-4.549585,-4.4395847,-2.079585,-2.3095849,-1.7295849,-2.3095849,-5.849585,-5.559585,-6.979585,-6.429585,-5.829585,-5.269585,-5.139585,-4.739585,-5.909585,-5.199585,-4.029585,-4.219585,-4.1695848,-3.879585,-3.129585,-3.029585,-4.279585,-3.649585,-1.2295849,0.38041505,1.470415,3.740415,4.940415,0.880415,1.470415,0.34041503,1.3704151,0.11041504,0.570415,-0.20958497,1.220415
-0.53958493,-2.479585,-3.0395849,-1.589585,-1.159585,-5.109585,-5.789585,-5.699585,-5.639585,-5.659585,-5.759585,-4.969585,-5.789585,-5.959585,-3.759585,-3.489585,-1.689585,-3.449585,-4.279585,-3.889585,-4.529585,-5.159585,-4.579585,-4.399585,-4.009585,-3.389585,-3.209585,-2.639585,-2.609585,-4.129585,-5.099585,-5.6895847,-6.039585,-5.749585,-5.379585,-5.209585,-5.779585,-5.009585,-4.739585,-3.869585,-3.8195848,-3.979585,-3.0395849,-3.999585,-3.629585,-3.589585,-2.249585,-0.76958495,1.2404151,2.220415,4.100415,4.430415,1.430415,-0.07958496,0.46041504,0.12041504,0.65041506,0.640415,-0.029584961
-2.859585,-1.899585,-2.0695848,-1.289585,-0.97958493,-0.749585,-3.919585,-5.099585,-5.309585,-5.739585,-4.809585,-5.639585,-5.699585,-5.339585,-2.949585,-2.099585,-1.539585,-2.5495849,-3.219585,-4.009585,-3.989585,-4.979585,-4.639585,-4.319585,-4.779585,-4.4395847,-4.599585,-4.309585,-3.5495849,-3.949585,-2.109585,-4.359585,-5.069585,-5.909585,-6.099585,-5.619585,-5.109585,-5.299585,-5.1695848,-5.449585,-3.759585,-4.759585,-4.119585,-3.939585,-2.229585,-1.939585,-0.63958496,0.17041504,0.35041505,2.120415,3.380415,3.6804152,3.640415,-0.20958497,0.21041504,1.030415,0.74041504,-0.09958496,0.31041503
-0.609585,-0.58958495,-1.889585,-1.039585,-1.1295849,-0.749585,-0.76958495,-4.099585,-4.599585,-4.819585,-4.6695848,-3.859585,-4.379585,-4.489585,-3.3195848,-2.369585,-1.639585,-1.2395849,-3.429585,-4.649585,-5.109585,-4.879585,-4.849585,-4.529585,-4.989585,-5.199585,-5.179585,-5.809585,-4.899585,-4.379585,-2.839585,-2.3195848,-2.129585,-4.869585,-4.899585,-5.209585,-4.9195848,-4.289585,-5.299585,-4.269585,-3.349585,-3.869585,-4.319585,-4.159585,-1.529585,-0.669585,0.68041503,1.6404151,1.410415,1.860415,2.840415,2.350415,2.9404151,2.840415,0.52041507,0.73041505,1.280415,1.700415,0.32041505
1.430415,-0.75958496,-0.52958494,-0.799585,-0.609585,0.17041504,-0.12958497,-0.96958494,-2.839585,-5.1895847,-4.529585,-4.359585,-3.919585,-4.929585,-4.089585,-1.329585,-1.8695849,-3.779585,-4.889585,-5.499585,-5.299585,-5.1695848,-5.159585,-5.449585,-5.649585,-5.599585,-5.699585,-5.9395847,-5.779585,-4.909585,-3.479585,-2.969585,-2.449585,-1.959585,-2.719585,-2.329585,-1.8495849,-3.489585,-1.4995849,-1.8695849,1.090415,3.350415,1.860415,0.20041505,1.2604151,0.72041506,1.2604151,2.4604151,2.660415,1.940415,2.270415,1.730415,1.420415,3.030415,3.300415,1.410415,0.87041503,1.5104151,1.1504151
0.33041504,0.13041504,-0.75958496,-1.029585,-1.0995849,-0.10958496,0.100415036,-0.70958495,-0.669585,-0.549585,-1.449585,-0.999585,-0.90958494,-5.9395847,-3.749585,-3.759585,-4.319585,-4.849585,-5.339585,-4.699585,-5.989585,-5.609585,-5.589585,-6.609585,-6.179585,-5.6895847,-5.9195848,-6.949585,-5.409585,-5.039585,-3.5495849,-3.019585,-3.089585,-3.659585,-2.459585,-0.78958493,1.590415,-0.28958496,-1.219585,-0.76958495,-2.699585,0.880415,2.980415,1.170415,2.590415,2.220415,1.970415,3.000415,2.7004151,1.9004151,1.460415,0.41041505,0.78041506,2.2104151,3.790415,2.7004151,2.170415,0.39041504,0.68041503
-0.89958495,0.22041504,-1.069585,-0.76958495,-2.639585,-1.799585,-0.39958495,-0.62958497,-0.41958496,-0.999585,0.580415,-0.58958495,-1.1095849,-1.679585,-5.859585,-5.109585,-4.929585,-5.199585,-5.409585,-5.369585,-6.269585,-5.799585,-5.9195848,-7.089585,-6.609585,-6.099585,-6.379585,-5.489585,-5.699585,-3.699585,-2.729585,-3.469585,-3.0395849,-4.679585,-2.689585,-1.719585,-2.029585,-1.589585,-1.8695849,-1.059585,-1.6295849,0.26041505,1.450415,1.690415,2.810415,3.7004151,1.5204151,2.390415,2.250415,1.210415,0.500415,-0.52958494,-0.17958497,1.200415,2.650415,0.97041506,2.140415,2.330415,1.810415
-0.609585,0.12041504,-0.38958496,-0.679585,-3.8195848,-1.3595849,-0.19958496,-1.019585,-0.57958496,-0.48958495,-0.799585,-1.9795849,0.73041505,-2.199585,-4.549585,-5.979585,-5.909585,-4.209585,-6.429585,-6.019585,-5.549585,-6.369585,-7.4195848,-7.199585,-6.959585,-6.089585,-6.159585,-5.039585,-5.109585,-4.799585,-3.439585,-3.709585,-3.119585,-2.689585,-2.689585,-2.5395849,-3.329585,-2.149585,-1.919585,-1.069585,-1.6295849,-0.46958497,0.19041504,0.48041505,1.970415,2.230415,2.130415,1.4004151,0.66041505,-0.33958495,-0.919585,-0.999585,-0.90958494,-0.08958496,0.30041504,0.38041505,0.96041507,1.690415,1.610415
-1.3695849,-1.069585,-0.63958496,-0.46958497,-1.089585,-0.84958494,0.08041504,0.29041505,-0.81958497,-1.8795849,-1.559585,-1.039585,0.35041505,-2.159585,-1.559585,-6.279585,-6.329585,-5.699585,-4.929585,-6.049585,-7.559585,-7.109585,-8.129585,-8.089585,-6.859585,-6.819585,-6.599585,-5.299585,-5.099585,-4.139585,-4.749585,-5.369585,-4.4195848,-3.8095849,-3.0595849,-3.159585,-3.969585,-2.519585,-1.9995849,-0.89958495,-0.62958497,-1.079585,-0.62958497,0.44041502,0.52041507,0.54041505,1.560415,0.32041505,-0.919585,-1.7295849,-1.039585,-1.0095849,-0.72958493,-1.519585,-0.52958494,-1.069585,-0.41958496,1.3704151,0.38041505
0.500415,-0.869585,0.53041506,-0.49958497,-1.539585,-0.17958497,-0.679585,-0.32958496,-0.09958496,-1.1195849,-1.089585,-0.56958497,-0.69958496,-1.899585,-2.599585,-3.659585,-7.489585,-6.909585,-5.969585,-7.199585,-7.269585,-7.859585,-7.619585,-7.999585,-7.409585,-7.509585,-5.969585,-5.549585,-6.019585,-6.879585,-5.049585,-5.349585,-5.019585,-4.599585,-4.079585,-4.449585,-3.999585,-3.429585,-3.029585,-2.3095849,-1.559585,-1.279585,-0.919585,-1.149585,-0.88958496,-1.079585,0.25041503,-0.41958496,-2.3095849,-2.579585,-2.099585,-1.179585,-1.5095849,-2.229585,-0.549585,-1.789585,-1.2295849,-1.189585,-0.89958495
-1.019585,-0.58958495,-1.3695849,-0.34958497,-1.139585,-0.40958497,-0.19958496,-0.33958495,-0.08958496,-0.799585,-0.88958496,-1.0995849,-1.649585,-1.529585,-6.409585,-3.919585,-8.589585,-8.709585,-8.479585,-8.419585,-7.619585,-7.4395847,-8.889585,-9.499585,-8.349585,-7.309585,-6.839585,-6.259585,-6.379585,-6.179585,-5.409585,-5.829585,-5.329585,-4.999585,-4.759585,-4.459585,-4.009585,-3.349585,-3.609585,-3.099585,-2.849585,-1.769585,-2.0595849,-2.769585,-2.7995849,-2.519585,-1.6195849,-2.519585,-2.519585,-3.109585,-2.909585,-2.259585,-1.819585,-3.459585,-2.0395849,-1.959585,-1.419585,-1.339585,-0.749585
-0.97958493,-0.81958497,-0.18958496,0.87041503,-1.319585,-0.28958496,0.47041503,0.100415036,-0.64958495,-1.0095849,-0.669585,-1.149585,-0.70958495,-1.839585,-1.339585,-1.809585,-2.8195848,-1.409585,-1.639585,-8.799585,-8.209585,-8.789585,-9.569585,-9.239585,-8.819585,-7.609585,-7.059585,-6.629585,-7.409585,-7.199585,-6.269585,-5.879585,-5.6895847,-5.659585,-5.869585,-4.899585,-4.409585,-4.279585,-3.8095849,-3.439585,-3.739585,-3.479585,-3.859585,-3.719585,-3.969585,-3.349585,-3.259585,-3.249585,-3.369585,-3.859585,-4.119585,-3.229585,-2.5695848,-2.679585,-2.8095849,-3.189585,-2.339585,-0.88958496,-0.84958494
-0.69958496,-0.06958496,-0.28958496,-0.21958496,-0.87958497,-0.31958497,-0.11958496,-0.619585,-1.189585,-2.699585,-2.379585,-1.159585,-0.49958497,-1.3595849,-1.2295849,-1.549585,-1.2395849,-1.2595849,-1.899585,-2.0695848,-1.1095849,-8.039585,-9.519585,-11.239585,-9.889585,-8.629585,-8.099585,-7.249585,-7.789585,-7.469585,-6.809585,-6.649585,-6.469585,-6.459585,-6.6895847,-5.349585,-5.289585,-4.819585,-4.129585,-3.979585,-3.5695848,-4.589585,-5.229585,-4.549585,-5.379585,-5.209585,-4.989585,-4.659585,-3.729585,-4.609585,-4.109585,-3.969585,-3.079585,-4.1695848,-3.859585,-3.269585,-2.729585,-1.549585,-0.0095849605
-0.88958496,0.13041504,0.29041505,-0.22958496,-0.06958496,0.42041504,-0.689585,-1.6295849,-1.299585,-0.76958495,-0.96958494,-0.38958496,0.14041504,-0.94958496,0.09041504,-0.95958495,-3.019585,0.29041505,-0.63958496,-1.679585,-1.289585,-1.3495849,-2.239585,-3.859585,-2.839585,-3.629585,-8.519585,-8.659585,-9.019585,-8.109585,-7.569585,-7.369585,-6.649585,-6.539585,-6.899585,-6.249585,-5.629585,-4.859585,-4.469585,-4.119585,-4.869585,-4.679585,-5.289585,-5.389585,-6.409585,-5.659585,-6.269585,-6.1695848,-4.559585,-4.809585,-4.629585,-4.539585,-3.679585,-3.909585,-4.489585,-3.619585,-2.989585,-1.829585,-1.819585
-1.169585,0.640415,0.47041503,-0.87958497,0.08041504,-0.859585,-0.76958495,-0.81958497,-0.669585,-0.94958496,-0.26958495,-0.34958497,-0.33958495,-2.129585,-0.23958497,-0.77958494,-0.939585,0.760415,-0.689585,-1.3795849,-0.83958495,-0.72958493,-0.42958495,-0.70958495,-2.7995849,-2.839585,-1.9895849,-8.609585,-10.059585,-8.659585,-7.799585,-6.589585,-7.469585,-7.069585,-6.779585,-6.319585,-6.379585,-4.079585,-4.359585,-4.309585,-5.6895847,-5.609585,-4.409585,-6.579585,-7.059585,-6.219585,-6.229585,-5.9395847,-6.349585,-5.899585,-5.659585,-4.459585,-4.609585,-3.8195848,-4.659585,-4.029585,-2.879585,-2.839585,-2.919585
-0.28958496,-0.29958495,0.78041506,0.14041504,0.25041503,-1.319585,-0.57958496,-0.619585,0.510415,-0.49958497,-0.989585,-0.38958496,0.48041505,-1.149585,-0.26958495,-0.75958496,0.23041505,-1.2295849,-0.30958498,-0.65958494,-0.029584961,0.54041505,0.26041505,-1.029585,-2.369585,-1.679585,-3.0595849,-2.009585,-9.959585,-7.4395847,-7.529585,-6.859585,-6.789585,-7.249585,-7.289585,-6.089585,-6.839585,-5.509585,-5.239585,-4.679585,-6.649585,-6.379585,-5.859585,-7.659585,-6.789585,-6.159585,-6.329585,-6.249585,-6.449585,-6.519585,-6.139585,-5.489585,-4.829585,-4.329585,-4.319585,-4.029585,-3.699585,-3.909585,-3.219585
-0.749585,-0.11958496,-0.05958496,0.08041504,0.17041504,-0.96958494,-0.81958497,-2.759585,0.61041504,-0.32958496,0.40041503,0.03041504,0.42041504,0.13041504,-0.559585,-0.26958495,-0.32958496,4.1503907E-4,-1.1195849,1.030415,-0.26958495,0.45041505,-0.0095849605,-0.71958494,-2.739585,-1.269585,-3.599585,-0.52958494,-2.459585,-3.139585,-6.199585,-6.519585,-6.789585,-6.859585,-7.889585,-6.779585,-6.699585,-6.569585,-6.429585,-5.949585,-7.809585,-7.449585,-7.9395847,-7.449585,-7.229585,-6.649585,-6.659585,-6.799585,-6.629585,-6.6695848,-6.229585,-6.329585,-5.789585,-5.209585,-5.129585,-4.819585,-4.539585,-4.039585,-4.029585
-1.299585,0.07041504,0.40041503,-0.64958495,-0.14958496,0.77041507,0.08041504,4.1503907E-4,-0.029584961,0.77041507,-1.429585,0.03041504,-0.11958496,-1.049585,-1.669585,-4.519585,1.700415,0.61041504,0.12041504,0.97041506,-1.709585,-0.21958496,-0.58958495,-1.019585,-1.9995849,-1.1295849,0.42041504,-4.339585,-6.909585,-5.759585,-1.839585,-6.359585,-6.209585,-7.319585,-7.719585,-7.049585,-7.069585,-7.109585,-6.989585,-6.479585,-7.779585,-7.769585,-8.129585,-7.819585,-7.159585,-7.109585,-6.499585,-7.389585,-7.259585,-7.079585,-6.879585,-6.819585,-6.829585,-6.209585,-5.6895847,-5.409585,-4.949585,-4.899585,-4.649585
-1.0995849,-0.35958496,0.12041504,-2.169585,-0.63958496,0.19041504,-0.71958494,2.9504151,1.5204151,1.0204151,-0.859585,-0.679585,-1.2295849,-1.709585,-0.07958496,-1.569585,-0.27958497,0.30041504,-0.30958498,1.220415,2.4304152,-0.83958495,-2.919585,-2.2995849,-3.109585,-1.899585,-6.309585,-5.599585,-4.039585,-1.7395849,-2.2895849,-5.859585,-6.659585,-7.549585,-7.529585,-7.379585,-7.709585,-7.009585,-7.299585,-8.209585,-8.089585,-8.519585,-8.559585,-8.239585,-8.339585,-7.809585,-7.859585,-8.009585,-7.829585,-7.799585,-7.509585,-7.159585,-6.899585,-6.549585,-6.729585,-6.279585,-5.849585,-5.619585,-5.639585
-1.209585,-0.87958497,0.11041504,-0.29958495,-0.90958494,0.010415039,0.25041503,1.230415,1.0204151,0.60041505,-1.0995849,-0.12958497,-3.5495849,0.42041504,1.060415,0.41041505,-0.669585,-0.21958496,0.500415,1.7704151,-1.179585,-3.8095849,-2.849585,-5.059585,-5.529585,-3.5695848,-6.019585,-5.469585,-1.469585,-1.639585,-4.699585,-5.779585,-7.429585,-6.859585,-8.259585,-7.6895847,-7.699585,-8.369585,-8.259585,-8.409585,-8.489585,-8.509585,-8.539585,-9.189585,-8.559585,-8.649585,-8.659585,-8.509585,-8.319585,-7.9195848,-7.999585,-7.729585,-7.459585,-6.499585,-6.679585,-6.459585,-6.479585,-6.199585,-6.149585
-1.669585,-1.179585,-0.16958496,0.03041504,-0.25958496,0.55041504,0.99041504,-0.07958496,0.32041505,0.99041504,-2.859585,0.23041505,-0.23958497,0.22041504,0.510415,1.2404151,-1.079585,1.1204151,-1.769585,-1.559585,-1.289585,-1.7295849,-2.0595849,-3.679585,-3.859585,-4.219585,-4.259585,-3.5495849,-2.129585,-4.929585,-5.809585,-6.769585,-5.479585,-7.1895847,-7.719585,-7.529585,-8.329585,-7.879585,-8.779585,-8.779585,-8.609585,-8.739585,-8.759585,-9.399585,-9.199585,-9.659585,-9.169585,-8.829585,-8.739585,-8.359585,-7.599585,-7.149585,-7.359585,-7.079585,-6.339585,-6.479585,-6.469585,-6.349585,-6.549585
-0.71958494,-0.549585,0.49041504,-0.03958496,-0.24958496,0.21041504,1.850415,1.330415,1.590415,-1.3695849,-2.159585,0.99041504,-0.029584961,-0.77958494,-0.15958495,0.810415,-0.36958495,-1.179585,-2.269585,-1.209585,-1.649585,-1.7295849,-5.069585,-7.249585,-2.439585,-5.489585,-2.379585,-2.629585,-4.619585,-6.309585,-5.539585,-6.299585,-6.709585,-8.099585,-7.679585,-8.239585,-8.669585,-7.909585,-8.479585,-8.989585,-8.699585,-8.979585,-8.9295845,-9.309585,-10.189585,-10.039585,-9.4295845,-8.989585,-8.849585,-8.299585,-7.999585,-7.509585,-7.059585,-6.779585,-6.309585,-6.099585,-6.369585,-6.1895847,-6.629585
-0.38958496,-0.939585,-0.21958496,-0.22958496,-1.1195849,0.87041503,1.840415,0.62041503,1.950415,-1.329585,0.41041505,2.4404151,0.560415,0.07041504,-0.45958495,-0.62958497,-1.799585,-2.0695848,-2.929585,-2.2995849,-0.95958495,-0.90958494,-1.7495849,-2.0595849,-1.9795849,-4.149585,-1.959585,-0.18958496,-6.4195848,-6.079585,-6.199585,-5.779585,-5.759585,-7.349585,-7.769585,-7.409585,-7.859585,-8.029585,-8.549585,-9.019585,-9.229585,-9.109585,-9.399585,-9.859585,-10.019585,-9.979585,-9.689585,-9.4295845,-8.4295845,-8.369585,-8.329585,-8.159585,-7.999585,-7.599585,-6.899585,-6.4395847,-6.399585,-6.279585,-6.269585
-0.10958496,-1.819585,-0.28958496,-0.39958495,-1.2295849,1.800415,1.710415,0.62041503,1.960415,-0.81958497,1.030415,0.880415,-1.199585,-1.199585,0.24041504,-1.069585,-1.719585,-2.759585,-2.509585,-3.5595849,-0.97958493,-1.299585,-2.5395849,-4.269585,-1.939585,-2.949585,0.40041503,-3.929585,-6.469585,-7.089585,-6.309585,-6.469585,-6.649585,-6.899585,-7.139585,-7.379585,-8.169585,-8.599585,-8.769585,-8.769585,-9.409585,-9.279585,-9.049585,-9.729585,-9.939585,-9.649585,-9.699585,-9.269585,-8.839585,-8.639585,-8.609585,-8.359585,-8.089585,-7.819585,-7.469585,-7.319585,-6.759585,-6.869585,-6.389585
