public/data/weather/2019/10/02/0000-wind-surface-level-gfs-1.0.json
{"header": { "discipline":0, "disciplineName":"Meteorological products", "gribEdition":2, "gribLength":78223, "center":7, "centerName":"US National Weather Service - NCEP(WMC)", "subcenter":0, "refTime":"2019-10-02T00:00:00.000Z", "significanceOfRT":1, "significanceOfRTName":"Start of forecast", "productStatus":0, "productStatusName":"Operational products", "productType":1, "productTypeName":"Forecast products", "productDefinitionTemplate":0, "productDefinitionTemplateName":"Analysis/forecast at horizontal level/layer at a point in time", "parameterCategory":2, "parameterCategoryName":"Momentum", "parameterNumber":3, "parameterNumberName":"V-component_of_wind", "parameterUnit":"m.s-1", "genProcessType":2, "genProcessTypeName":"Forecast", "forecastTime":0, "surface1Type":103, "surface1TypeName":"Specified height level above ground", "surface1Value":10.0, "surface2Type":255, "surface2TypeName":"Missing", "surface2Value":0.0, "gridDefinitionTemplate":0, "gridDefinitionTemplateName":"Latitude_Longitude", "numberPoints":65160, "shape":6, "shapeName":"Earth spherical with radius of 6,371,229.0 m", "gridUnits":"degrees", "resolution":48, "winds":"true", "scanMode":0, "nx":360, "ny":181, "basicAngle":0, "lo1":0.0, "la1":90.0, "lo2":359.0, "la2":-90.0, "dx":1.0, "dy":1.0 }, "data":
[rows 52 to 77 of 181, columns 232 to 289 of 360]
-6.8392015,-7.669202,-7.439202,-7.6092014,-7.3892016,-3.6892016,-0.35920167,-3.5592017,0.17079835,-4.2192016,-5.4092016,-2.8092017,1.1107984,2.1907983,4.5307984,3.5407984,4.9407983,5.7407985,3.6107984,5.4107985,2.5507984,4.9907985,6.3607984,2.3507984,-0.26920167,8.580798,7.3607984,4.7607985,4.7807984,2.7707984,0.51079834,5.6807985,5.2807984,4.3807983,3.2907984,1.8307984,2.9307983,2.7407982,3.7907984,3.4807982,3.1107984,0.68079835,-0.24920166,1.8107983,1.2807983,-0.9692017,-0.08920166,-0.039201662,0.6507983,2.1807983,1.9007983,1.7407984,6.9107985,5.9707985,3.5407984,2.9207983,2.7007983,1.8807983
-7.2692018,-7.379202,-7.499202,-8.159202,-8.709202,-6.669202,-3.4792016,-4.8492017,-2.5992017,1.5107983,0.57079834,-1.3792017,4.1807985,2.7807984,1.3107983,0.15079834,2.3607984,5.3907986,2.8107984,4.2207985,4.0307984,1.7207984,4.5507984,5.3907986,12.200798,7.080798,8.060799,6.4007983,4.6507983,3.1107984,3.9507983,4.2807984,4.2307982,3.5507984,3.4907982,2.6707983,2.6007984,2.6507983,2.8207984,2.1507983,0.9107983,0.5907983,0.33079833,-1.0292016,0.63079834,0.17079835,-0.11920166,0.74079835,2.1607983,2.7407982,2.1207983,1.7707983,4.6607985,1.4707984,1.2507983,-0.19920166,-0.67920166,0.44079834
-7.6192017,-7.6592016,-8.189201,-8.379202,-8.599201,-8.209202,-9.329202,-3.4092016,-4.0992017,-2.5192018,3.3807983,1.5507983,1.5607983,2.9707983,4.9107985,7.330798,6.6507983,5.0107985,6.6107984,5.000798,4.1507983,2.7607985,8.230799,4.2407985,7.8907986,7.100798,5.1407986,4.6707983,1.4407983,4.6607985,4.1907983,3.9907982,3.8407984,2.2307982,2.4807982,2.2007983,2.0207984,2.6807983,1.6807983,0.61079836,-0.29920167,-0.69920164,-0.35920167,0.21079834,-2.0492017,0.74079835,0.76079834,3.3707983,3.6707983,2.5507984,2.3807983,1.8807983,1.4807984,-1.8892016,-2.4492016,-1.1092017,-0.31920165,-0.47920167
-7.1192017,-7.8292017,-8.469202,-8.519201,-9.059201,-8.399201,-8.139202,-7.4292016,-4.879202,-3.3492017,-1.1892017,-1.3092017,-1.7792016,4.5107985,5.7107983,7.3907986,6.6107984,7.120798,6.3607984,5.1407986,2.1407983,9.2207985,5.770798,6.6407986,7.7107983,6.1707983,2.1007984,0.25079834,2.9507983,1.8907983,3.0607984,2.5607984,2.6007984,0.75079834,1.5207983,1.5207983,1.4807984,1.6707983,0.02079834,-2.5192018,-1.9092016,-2.1092017,-1.0392016,-0.79920167,-0.75920165,-1.3892016,2.0907984,2.9207983,2.6507983,1.3007983,-1.3092017,0.8407983,-1.4192016,-2.9792016,-2.0192018,-1.7992016,-2.2092016,-3.6692016
-6.939202,-7.169202,-8.139202,-8.349201,-9.259202,-9.609201,-9.739202,-7.6992016,-4.8092017,-0.5392017,2.6007984,-1.5792017,-0.82920164,-2.1592016,0.44079834,3.7407982,3.2507982,3.5407984,4.8807983,6.1707983,3.7407982,5.5107985,4.4207983,3.6407983,3.2407982,1.9007983,1.0407983,4.8407984,4.520798,2.5807984,1.7307984,1.9607984,2.8807983,2.2707984,1.3407984,1.0107983,1.4807984,0.5907983,-0.11920166,-0.92920166,-1.3292017,-0.24920166,-1.3292017,0.04079834,0.46079835,-0.21920165,1.6407983,2.2807984,1.0907984,2.6407983,0.40079835,-2.1892016,-2.5392017,-3.2692018,-3.5592017,-3.6892016,-4.0392017,-4.3692017
-6.979202,-6.2192016,-7.4892015,-8.489202,-8.159202,-9.129202,-8.459202,-7.3092017,-6.3592014,-5.3892016,-0.11920166,0.98079836,-0.26920167,1.8107983,2.1807983,0.8407983,0.28079835,-0.25920165,0.39079833,4.600798,1.7307984,2.7007983,0.5807983,1.7207984,-0.36920166,2.8407984,4.5307984,6.2207985,3.7407982,3.1307983,3.1407983,3.5607984,3.0207984,2.6207983,1.6707983,1.0507983,0.88079834,1.7107984,0.25079834,0.30079833,-0.38920167,-1.2592016,-0.05920166,0.80079836,0.69079834,2.0707984,-0.7192017,0.5907983,1.7307984,-0.63920164,-2.8092017,-2.8692017,-2.9192016,-3.7992017,-3.9292016,-4.1192017,-3.8992016,-3.8492017
-6.3892016,-6.0292015,-7.4092016,-7.189202,-7.6592016,-7.6092014,-8.329202,-7.9092016,-7.7592015,-5.5292015,-3.8192017,-1.8392017,1.9907984,-0.05920166,4.080798,5.4907985,3.1007984,3.6007984,2.4807982,5.520798,2.6107984,-1.5392016,-1.4992017,-0.25920165,-2.5392017,6.8907986,5.9507985,7.2807984,6.3807983,5.060798,3.0607984,4.1407986,3.1007984,2.6107984,2.3107984,1.9607984,1.9107983,0.54079837,0.60079837,-0.34920165,-0.76920164,1.0207983,1.6707983,1.2907983,0.17079835,-1.5092016,1.8707983,-0.04920166,-2.2092016,-2.9592016,-4.5192018,-5.2692018,-4.5292015,-3.8192017,-3.0392017,-4.5792017,-5.5592017,-5.9092016
-6.1192017,-6.1392016,-6.3392015,-6.8392015,-6.7892017,-7.7892017,-8.0292015,-7.399202,-7.479202,-6.209202,-6.229202,-4.419202,-0.31920165,-0.70920163,2.7807984,5.2807984,4.850798,3.0307984,5.1507983,1.8307984,0.47079834,-4.979202,-4.7392015,-0.40920165,2.5907984,6.250798,7.830798,6.4407983,5.370798,5.3807983,2.7707984,4.0307984,2.8407984,2.4207983,1.2207984,1.4007983,0.95079833,0.61079836,-0.7892017,-0.039201662,0.60079837,0.6607983,-0.76920164,-0.54920167,-0.95920163,1.2307984,-0.32920167,-0.68920165,-2.0092018,-2.5692017,-2.3592017,-2.6392016,-2.4992018,-3.0492017,-3.6192017,-5.3892016,-6.729202,-7.0492015
-5.0992017,-5.1992016,-5.6992016,-6.4892015,-7.4292016,-8.439201,-8.109201,-7.7992015,-8.039202,-6.7192016,-6.3192015,-5.4692016,-5.1592016,1.5007983,3.1607983,7.350798,7.040798,5.5907984,2.1807983,-0.98920166,-1.8892016,-4.0192018,-3.8992016,2.7407982,3.1207983,-0.24920166,8.940799,6.9807982,4.8807983,2.6707983,3.1807983,2.9607983,3.3307984,1.4807984,2.6407983,1.6507983,1.9207983,-0.26920167,1.3307984,2.4507983,3.7607985,4.1107984,4.3007984,0.80079836,-1.2992016,-3.1292017,-1.0092016,-2.6792016,-2.8892016,-2.5792017,-3.2392015,-3.4392016,-3.2392015,-4.0192018,-3.5092018,-5.4692016,-6.6192017,-6.9092016
-4.6392016,-4.919202,-5.9292016,-6.7892017,-6.6392016,-6.709202,-7.1592016,-7.5492015,-7.5892015,-7.439202,-7.4292016,-6.3092017,-5.2192016,-3.8292017,4.3407984,5.7607985,8.310799,2.7107983,-1.3492017,-0.32920167,-0.49920166,4.060798,0.30079833,5.100798,5.620798,3.6407983,5.0507984,4.9007983,2.3507984,2.0007982,2.7307982,1.9907984,0.56079835,2.3107984,2.0807984,1.5607983,3.5807984,1.3907983,-0.48920166,0.19079834,0.88079834,0.48079833,-0.5292017,-4.1992016,-4.4892015,-4.459202,-1.5092016,-1.6892017,-3.1092017,-3.4492016,-3.2292016,-3.0292017,-3.3692017,-4.0192018,-4.3192015,-5.1592016,-6.8192015,-7.3692017
-5.1592016,-6.169202,-5.399202,-6.8892016,-7.0592017,-7.4492016,-7.709202,-7.939202,-7.6992016,-7.4092016,-6.749202,-6.399202,-6.0292015,-2.1692016,-4.7792015,1.5407983,5.600798,0.6607983,-1.5092016,0.7807983,0.56079835,2.3607984,2.4907982,5.500798,4.4907985,3.3707983,0.01079834,3.6207983,2.5207984,2.8007984,2.4507983,2.8907983,2.3907983,1.6507983,1.6907983,-0.04920166,-1.4392017,-2.7792017,-2.9292016,-3.9392016,-3.3492017,-2.7292016,-3.9292016,-3.8292017,-3.7692018,-6.1092014,-1.6292017,-1.7392017,-3.7592018,-4.499202,-4.3592014,-3.8192017,-3.7092016,-3.1792016,-4.1092014,-4.6592016,-5.6792016,-6.4892015
-5.2792015,-4.7592015,-5.2792015,-5.6992016,-6.919202,-7.3392015,-7.899202,-7.8292017,-7.3092017,-7.6092014,-7.1192017,-6.9892015,-6.919202,-6.9492016,-0.13920166,5.5307984,-1.3392017,2.1707983,-1.3692017,-1.4592017,1.1207983,1.3107983,3.6707983,4.4607983,4.560798,1.4307983,1.0107983,1.9507984,4.6807985,2.5007982,1.4607984,2.4207983,2.1807983,1.4907984,0.6607983,-0.89920163,-2.5792017,-2.8392017,-3.7892017,-3.2092016,-3.5092018,-3.4692016,-5.1192017,-5.5392017,-5.189202,-3.1092017,-2.5792017,-3.0092018,-4.5492015,-4.939202,-4.4492016,-4.2692018,-3.2492018,-2.9992018,-3.7892017,-3.9192016,-5.0592017,-3.7292016
-4.1592016,-5.229202,-5.479202,-5.5892015,-6.3492017,-7.2392015,-7.1392016,-8.199202,-7.5492015,-7.7192016,-7.3292017,-6.7992015,-6.2992015,-5.5192018,0.34079835,0.63079834,-1.1292017,4.750798,1.3107983,-1.4492017,0.46079835,0.7207983,1.5607983,3.4007983,1.9607984,0.50079834,-3.1392016,-0.5992017,1.5707984,2.9007983,1.8807983,1.7607983,1.9007983,1.2207984,0.37079835,-1.9592017,-3.0592017,-3.0892017,-3.8692017,-3.6292017,-2.8192017,-3.3992016,-3.4292016,-3.5792017,-4.2592015,-1.5492016,-4.3692017,-3.1092017,-5.4892015,-3.2092016,-1.3692017,-1.1992017,-2.8192017,-2.2492018,-2.9292016,-3.7092016,-4.209202,-4.1792016
-4.6992016,-4.7692018,-4.7992015,-5.3192015,-6.169202,-5.6792016,-6.4092016,-6.669202,-7.189202,-7.5092015,-7.229202,-6.2792015,-5.3592014,-4.499202,-3.1892016,-1.6992017,-1.7592016,1.4507984,-0.82920164,-1.4192016,-0.70920163,1.2307984,1.5707984,1.9107983,1.5207983,4.1407986,1.0207983,4.0907984,-0.42920166,2.0207984,1.7907983,1.7007984,0.73079836,0.13079834,-0.75920165,-1.4892017,-2.9292016,-3.3092017,-2.8792017,-4.0592017,-3.6192017,-4.669202,-3.9692016,-4.1392016,-4.149202,-2.4892015,-1.4092016,-5.5292015,-5.3092017,-3.5292017,-0.37920165,-1.9792017,-0.9192017,-0.82920164,-2.1292017,-2.8192017,-3.8492017,-4.6092014
-4.149202,-4.1592016,-5.0292015,-4.5292015,-5.5892015,-5.979202,-5.9492016,-6.689202,-6.9892015,-7.1992016,-6.8492017,-5.8292017,-4.7392015,-4.3192015,-2.9792016,-2.4392016,-1.7992016,-1.6892017,-2.9692016,-1.5492016,-2.2592018,0.04079834,0.61079836,0.99079835,2.9607983,3.4407983,4.040798,2.6507983,-2.4792016,0.92079836,0.75079834,0.14079835,-0.45920166,0.12079834,-0.92920166,-2.7192016,-3.1392016,-2.8992016,-3.5892017,-3.7192016,-3.7392015,-4.9692016,-4.899202,-4.8192015,-2.9192016,-3.0492017,-3.6392016,-5.2392015,-5.0192018,0.17079835,0.5907983,1.0207983,0.07079834,-0.23920166,0.31079835,-0.7892017,-1.0592017,-1.1192017
-4.939202,-5.1392016,-5.419202,-5.2592015,-5.7392015,-5.5292015,-6.169202,-6.7592015,-6.9692016,-6.8092017,-6.5892015,-5.5692015,-4.8292017,-3.8292017,-3.6192017,-3.7092016,-2.9792016,-3.5892017,-3.8692017,-1.8792017,-1.9092016,0.22079834,0.12079834,0.87079835,0.02079834,1.9907984,3.0707984,0.99079835,3.3507984,1.0107983,-1.5692017,-1.3892016,-1.6292017,-1.7792016,-1.0492016,-1.8192017,-3.4492016,-3.1792016,-3.9592016,-2.7592018,-3.3592017,-5.229202,-5.439202,-4.229202,-3.6892016,-2.2492018,-2.3492017,-2.0792017,-2.3592017,2.5207984,6.1707983,5.2207985,4.3007984,1.1607983,-0.08920166,0.7707983,0.24079834,-0.46920165
-4.6392016,-5.3492017,-5.3692017,-5.249202,-5.4892015,-5.2592015,-5.7592015,-5.919202,-5.8892016,-6.0492015,-5.669202,-5.629202,-4.8592014,-4.479202,-4.209202,-3.4692016,-3.3792017,-4.5192018,-4.919202,-3.7092016,-2.6792016,0.87079835,1.8907983,0.03079834,-0.00920166,1.0007983,0.41079834,-0.93920165,1.9207983,-0.99920166,-0.21920165,-2.1392016,-1.5992017,-2.5092018,-2.5992017,-2.4492016,-3.7092016,-4.209202,-4.0892015,-3.0392017,-3.9192016,-5.0492015,-5.479202,-6.9892015,-3.3992016,-3.5892017,-4.2792015,-3.1192017,0.09079834,1.0907984,1.1307983,1.6507983,3.4007983,0.57079834,-1.6892017,-2.7392015,-1.9392017,-0.35920167
-4.649202,-5.3092017,-5.3092017,-5.399202,-4.7792015,-5.5292015,-5.6392016,-5.5392017,-5.0492015,-5.5092015,-5.5892015,-5.6992016,-5.5092015,-4.879202,-4.0292015,-2.9592016,-3.6392016,-4.939202,-4.8692017,-3.6292017,-1.3792017,1.2407984,1.6407983,-0.17920166,0.8407983,1.9207983,0.28079835,-2.7992017,-3.7892017,-1.2992016,0.04079834,-1.4892017,-3.8192017,-1.7792016,-2.4792016,-3.7692018,-5.2792015,-7.0092015,-2.3392017,-1.2192017,-0.79920167,-0.64920163,-3.5592017,-3.9592016,-3.4592016,-3.7792017,-2.4992018,-0.39920166,1.2907983,2.8707983,-1.3592017,-1.5092016,-0.13920166,-2.3892016,0.68079835,-0.92920166,-1.7192017,-0.48920166
-4.669202,-5.0092015,-5.479202,-5.5792017,-5.5992017,-5.3892016,-5.5592017,-5.2992015,-4.8492017,-5.189202,-5.2692018,-5.129202,-5.2992015,-4.5292015,-3.8292017,-2.8892016,-4.0592017,-4.4692016,-4.7792015,-1.9392017,-1.5992017,-0.5992017,1.2607983,0.33079833,3.0107985,2.4207983,0.26079834,0.55079836,-2.4892015,-5.1092014,-1.8092017,-0.38920167,-3.9092016,-3.1492016,-2.8092017,-4.4092016,-6.8192015,-8.349201,-1.2592016,-0.12920167,-0.43920165,-5.3392015,-5.1392016,-5.3192015,-5.0592017,-2.7192016,1.1307983,2.8307984,3.9807982,2.2907984,-0.7792017,1.4307983,-0.39920166,0.03079834,-0.68920165,1.0707984,-2.0992017,-2.0392017
-4.3692017,-5.479202,-6.0292015,-5.939202,-6.459202,-5.6192017,-5.5792017,-5.1992016,-4.9692016,-5.149202,-4.2192016,-4.999202,-4.6792016,-4.2692018,-4.2892017,-3.9992018,-4.6592016,-4.669202,-2.8492017,-1.5192016,-1.2192017,-0.05920166,1.7007984,3.6407983,1.3007983,0.64079833,-0.7292017,0.19079834,-1.6192017,-0.56920165,-0.61920166,-0.76920164,-3.6992016,-3.3492017,-3.7492018,-5.3192015,-6.6392016,-2.4192016,-0.56920165,0.13079834,-0.69920164,-4.2392015,-3.8092017,-3.6992016,-3.7892017,-2.4692016,1.8707983,4.250798,5.4207983,4.4507985,0.35079834,-2.5792017,3.6907983,-1.1692016,2.8907983,-0.31920165,1.2907983,0.36079833
-2.4192016,-3.8492017,-5.729202,-6.6392016,-6.9292016,-6.3492017,-5.3392015,-4.9092016,-4.729202,-4.8692017,-4.749202,-4.6592016,-4.3892016,-4.6992016,-4.6792016,-5.3292017,-4.379202,-4.5592017,-2.0792017,-2.8792017,-0.50920165,-0.23920166,-3.8292017,4.7807984,4.6607985,1.3407984,0.70079833,0.57079834,-0.9192017,-0.12920167,-0.05920166,-1.0792017,-2.2992017,-0.39920166,-2.6192017,-0.69920164,-0.41920167,-1.4892017,0.28079835,-0.98920166,-3.8492017,-3.5092018,-3.3092017,-2.9992018,-3.9192016,-1.0592017,2.7707984,4.5307984,6.020798,5.020798,2.7107983,0.37079835,4.4407983,3.2907984,-0.04920166,1.8207984,0.7807983,-1.5492016
-2.8592017,-2.9892015,-3.0692017,-2.8292017,-1.6992017,-2.2392015,-3.7792017,-4.7392015,-4.8592014,-4.709202,-4.6792016,-4.979202,-4.3892016,-4.0192018,-4.5492015,-5.2592015,-4.939202,-3.0292017,-1.3692017,-1.6992017,-2.0892017,-1.8092017,0.50079834,5.3907986,2.4107983,1.6307983,1.0607983,0.23079833,0.02079834,0.67079836,0.7707983,-0.08920166,-1.9592017,-2.1292017,-1.0192016,-1.3592017,-0.14920166,-0.9092017,0.56079835,-0.12920167,-4.129202,-3.8792017,-2.4992018,-3.0392017,-2.6692016,-2.2292016,2.5007982,3.1307983,4.4807982,3.6307983,3.5007982,1.0907984,2.1607983,2.5807984,1.3807983,0.93079835,-1.4892017,-1.4492017
-1.4892017,-1.6192017,-2.5192018,-2.7592018,-2.0392017,-2.7892017,-3.7192016,-1.9192016,-1.6192017,-2.6492016,-3.4392016,-3.0592017,-3.9692016,-4.3592014,-4.0192018,-4.9092016,-3.6192017,-0.79920167,-1.8792017,-1.5492016,-1.7092017,-1.8392017,4.0307984,7.6407986,6.370798,1.4607984,0.29079834,1.8707983,1.3107983,-0.7892017,-1.5792017,0.7107983,0.23079833,-8.749202,4.120798,1.6707983,-1.5092016,0.24079834,-0.33920166,-0.26920167,-1.3692017,-0.79920167,1.2907983,-1.5092016,-3.4292016,-3.9192016,1.0007983,1.8307984,4.100798,4.830798,3.2707984,1.0007983,-0.14920166,1.8907983,0.88079834,1.1107984,0.5907983,1.9507984
-1.2392017,-0.42920166,-1.9192016,-3.6492016,-2.1492016,-4.0692015,-3.2392015,1.9607984,-0.56920165,-2.3692017,-2.6192017,-3.2492018,-2.7692018,-4.149202,-4.0192018,-3.6092017,-2.7892017,-2.8892016,-3.2492018,-2.0792017,-2.6192017,2.8307984,5.2107983,4.9107985,1.0707984,1.8007983,1.8807983,1.7307984,1.1007984,0.54079837,-0.9692017,-2.7792017,-1.9392017,0.7207983,1.4307983,1.3307984,-0.50920165,-0.5892017,-1.4492017,-0.32920167,-0.67920166,-1.2892016,-0.98920166,-1.0592017,-2.5892017,-4.4092016,-1.2092017,3.4807982,3.1207983,3.4907982,2.9807982,1.1207983,1.1007984,3.1707983,3.4307983,1.4507984,1.1407983,2.3207984
1.2907983,1.8607984,-2.9792016,-0.75920165,-0.57920164,-0.06920166,1.5107983,6.020798,1.0307983,-1.6692016,-2.9592016,-2.1692016,-3.6692016,-4.4092016,-3.3892016,-3.1092017,-2.7792017,-2.3292017,-1.7192017,-2.0492017,-0.7192017,1.9507984,2.6907983,6.0107985,2.9007983,3.0707984,0.82079834,0.9607983,0.5207983,-0.44920167,-1.8092017,-2.3292017,-4.4092016,-3.5192018,0.06079834,0.28079835,0.86079836,-0.79920167,0.41079834,-0.01920166,-0.08920166,0.7207983,0.09079834,0.45079833,0.29079834,-0.23920166,0.6607983,1.8007983,2.1007984,2.8407984,2.3107984,1.1707983,1.4607984,1.8207984,1.2307984,0.37079835,-0.27920166,1.1007984
2.3507984,3.4607983,3.2407982,2.0907984,2.6207983,2.3807983,1.2807983,1.0207983,2.0207984,-1.9892017,-2.8392017,-2.6692016,-3.0992017,-3.9792016,-2.6392016,-2.0592017,-2.6692016,-2.5192018,-2.5192018,0.37079835,-1.7492017,2.8307984,6.0907984,4.350798,2.8607984,2.1007984,0.45079833,0.7707983,-0.38920167,-1.7692016,-2.7792017,-3.7192016,-2.9692016,-3.4892015,-1.5892017,1.0207983,-1.0892017,-1.1592016,-1.0492016,1.4807984,2.0607984,0.80079836,1.0707984,3.8607984,1.7507983,2.3907983,1.8207984,0.7207983,0.85079837,0.87079835,1.8007983,2.2307982,2.0707984,1.5307983,0.38079834,-0.7792017,-2.5192018,0.09079834
