public/data/weather/2019/10/02/0000-wind-isobaric-1000hPa-gfs-1.0.json
{"header": { "discipline":0, "disciplineName":"Meteorological products", "gribEdition":2, "gribLength":80194, "center":7, "centerName":"US National Weather Service - NCEP(WMC)", "subcenter":0, "refTime":"2019-10-02T00:00:00.000Z", "significanceOfRT":1, "significanceOfRTName":"Start of forecast", "productStatus":0, "productStatusName":"Operational products", "productType":1, "productTypeName":"Forecast products", "productDefinitionTemplate":0, "productDefinitionTemplateName":"Analysis/forecast at horizontal level/layer at a point in time", "parameterCategory":2, "parameterCategoryName":"Momentum", "parameterNumber":3, "parameterNumberName":"V-component_of_wind", "parameterUnit":"m.s-1", "genProcessType":2, "genProcessTypeName":"Forecast", "forecastTime":0, "surface1Type":100, "surface1TypeName":"Isobaric surface", "surface1Value":95000.0, "surface2Type":255, "surface2TypeName":"Missing", "surface2Value":0.0, "gridDefinitionTemplate":0, "gridDefinitionTemplateName":"Latitude_Longitude", "numberPoints":65160, "shape":6, "shapeName":"Earth spherical with radius of 6,371,229.0 m", "gridUnits":"degrees", "resolution":48, "winds":"true", "scanMode":0, "nx":360, "ny":181, "basicAngle":0, "lo1":0.0, "la1":90.0, "lo2":359.0, "la2":-90.0, "dx":1.0, "dy":1.0 }, "data":
[rows 0 to 25 of 181, columns 295 to 353 of 360]
-2.8751295,-2.8751295,-2.8751295,-2.8751295,-2.8751295,-2.8751295,-2.8651295,-2.8651295,-2.8551295,-2.8551295,-2.8451295,-2.8351295,-2.8251295,-2.8151293,-2.8051293,-2.7951293,-2.7851293,-2.7751293,-2.7551293,-2.7451293,-2.7251294,-2.7051294,-2.6951294,-2.6751294,-2.6551294,-2.6351295,-2.6151295,-2.5951295,-2.5751295,-2.5451293,-2.5251293,-2.4951293,-2.4751294,-2.4451294,-2.4251294,-2.3951294,-2.3651295,-2.3351295,-2.3051293,-2.2751293,-2.2451293,-2.2151294,-2.1751294,-2.1451294,-2.1151295,-2.0751295,-2.0451293,-2.0051293,-1.9751294,-1.9351294,-1.8951294,-1.8551294,-1.8151294,-1.7851294,-1.7451293,-1.7051294,-1.6551294,-1.6151294,-1.5751294
-2.2151294,-2.2151294,-2.2151294,-2.2051294,-2.2051294,-2.1951294,-2.1951294,-2.1951294,-2.1851294,-2.1851294,-2.1751294,-2.1751294,-2.1651294,-2.1551294,-2.1451294,-2.1451294,-2.1351295,-2.1251295,-2.1251295,-2.1151295,-2.1151295,-2.1051295,-2.0951295,-2.0851295,-2.0751295,-2.0651293,-2.0651293,-2.0551293,-2.0451293,-2.0351293,-2.0251293,-2.0151293,-1.9951293,-1.9851294,-1.9751294,-1.9651294,-1.9651294,-1.9551294,-1.9451294,-1.9351294,-1.9251294,-1.9151294,-1.9151294,-1.9051294,-1.9051294,-1.8951294,-1.8951294,-1.8951294,-1.8951294,-1.8951294,-1.8951294,-1.9051294,-1.9051294,-1.9151294,-1.9251294,-1.9251294,-1.9251294,-1.9351294,-1.9451294
-2.1551294,-2.0651293,-1.9851294,-1.8951294,-1.8051294,-1.7051294,-1.6051294,-1.5051293,-1.4051294,-1.3151294,-1.2151294,-1.1251293,-1.0251294,-0.9451294,-0.8651294,-0.7751294,-0.6951294,-0.6151294,-0.5451294,-0.4751294,-0.4151294,-0.3451294,-0.2951294,-0.2351294,-0.1951294,-0.1451294,-0.1151294,-0.0751294,-0.055129394,-0.035129394,-0.025129395,-0.0051293946,-0.0051293946,0.0048706057,0.0048706057,-0.0051293946,-0.015129395,-0.025129395,-0.045129396,-0.0751294,-0.085129395,-0.10512939,-0.13512939,-0.15512939,-0.1951294,-0.2251294,-0.2651294,-0.3051294,-0.3551294,-0.39512938,-0.4451294,-0.5051294,-0.5651294,-0.6251294,-0.7051294,-0.7751294,-0.8551294,-0.9451294,-1.0151294
-1.4051294,-1.1951294,-0.9951294,-0.7951294,-0.5951294,-0.39512938,-0.1951294,0.0048706057,0.20487061,0.3948706,0.5648706,0.7648706,0.9448706,1.1048706,1.2648706,1.4448706,1.6048706,1.7348706,1.8548706,1.9648706,2.0548706,2.1348705,2.1848707,2.2148707,2.2448707,2.2448707,2.2448707,2.2448707,2.2148707,2.2148707,2.1948707,2.1848707,2.1848707,2.1848707,2.1948707,2.2148707,2.2348707,2.2648706,2.3048706,2.3348706,2.3648705,2.4048705,2.4248705,2.4348707,2.4148705,2.3848705,2.3448706,2.2948706,2.2248707,2.1548705,2.0548706,1.9648706,1.8548706,1.7348706,1.6048706,1.4648706,1.3148706,1.1448706,0.9748706
-0.3251294,0.32487062,0.9248706,1.4548706,1.9648706,2.4648707,2.9448707,3.4748707,4.0048704,4.564871,5.1548705,5.7248707,6.314871,6.854871,7.354871,7.8248706,8.1748705,8.4248705,8.54487,8.50487,8.274871,7.9348707,7.5448704,7.084871,6.6548705,6.2748704,5.9248705,5.604871,5.314871,5.0348706,4.7648706,4.4848704,4.2548704,4.0148706,3.7748706,3.5248706,3.2948706,3.0848706,2.9448707,2.8048706,2.7148707,2.6248705,2.5748706,2.5348706,2.5248706,2.5248706,2.5348706,2.5548706,2.5948706,2.6648705,2.7348707,2.8148706,2.9048705,2.9348707,2.9548707,2.9048705,2.8548706,2.7448707,2.6048706
-0.2951294,0.2848706,0.9848706,1.7348706,2.5148706,3.3248706,4.1748705,5.0248704,5.9048705,6.7448707,7.564871,8.404871,9.324871,10.384871,11.484871,12.364871,12.724871,12.634871,11.934871,10.854871,9.394871,7.854871,6.6748705,6.124871,5.834871,5.4848704,4.8848705,4.354871,3.9748707,3.8348706,3.7948706,3.8048706,3.8448706,3.8548706,3.7748706,3.6448705,3.4448707,3.2048707,2.9648707,2.7248707,2.4648707,2.1848707,1.8848706,1.6148705,1.3848706,1.2548707,1.1948706,1.1248707,1.0148706,0.8648706,0.7248706,0.6348706,0.5748706,0.5848706,0.7048706,1.0048707,1.3648705,1.7848706,2.2048707
0.7448706,0.9848706,1.2248706,1.5748706,2.1048706,2.7348707,2.9548707,2.8648705,3.6448705,5.6948705,8.12487,10.21487,11.854871,13.014871,13.574871,13.264871,11.54487,9.024871,7.5348706,7.2748704,7.0048704,6.2748704,5.0348706,3.3648705,2.1248705,1.7848706,1.7548707,1.3748707,0.8048706,0.4748706,0.6048706,0.8548706,1.1948706,1.7148706,2.3548706,2.6148705,2.5848706,2.3448706,1.7348706,1.1248707,0.5748706,0.054870605,-0.42512938,-0.8851294,-1.2251294,-1.4051294,-1.3951294,-1.1851294,-0.72512937,-0.10512939,0.5548706,1.1948706,1.8248706,2.4648707,3.1248705,3.7548707,4.3248706,4.7748704,5.104871
1.2948706,0.3448706,-0.3151294,-0.2051294,1.1948706,3.2248707,5.9948707,8.094871,10.724871,13.484871,15.364871,13.384871,9.45487,6.8048706,5.3048706,5.3848705,5.834871,5.8648705,6.314871,5.624871,3.2848706,2.5348706,3.1648705,2.1848707,1.0648706,0.7348706,2.5648706,1.8148706,0.2248706,-0.6651294,0.3148706,1.0948706,1.0648706,2.0848706,2.1748705,1.6548706,1.2548707,2.1848707,1.3348706,0.5848706,0.3048706,-0.085129395,-0.3251294,-0.3251294,0.014870605,0.6148706,1.2948706,1.8848706,2.4148705,2.9148705,3.3548706,3.6848707,3.9648707,4.2648706,4.4748707,4.5048704,4.3448706,4.0148706,3.6948707
1.0448706,1.3348706,3.9948707,10.114871,12.134871,10.524871,8.46487,6.4148707,4.8248706,3.0248706,1.3248706,2.5048707,2.8048706,1.6848706,2.6448705,4.2648706,3.6148705,2.7748706,3.3648705,6.874871,6.314871,4.9648705,4.2648706,3.1648705,2.5448706,3.0148706,3.4648707,3.0248706,1.4248706,0.9848706,0.6648706,-0.4951294,-0.6651294,0.2148706,0.9748706,1.2048706,1.1048706,1.6548706,0.6948706,0.014870605,-0.06512939,-0.045129396,0.4248706,0.8848706,1.1248707,1.5848706,2.8148706,4.1948705,5.064871,4.6448708,3.4048705,2.3848705,1.4648706,1.2148706,3.3948705,6.9548707,9.574871,10.854871,11.33487
8.87487,7.8048706,6.9048705,8.234871,7.1748705,3.2248707,3.4048705,5.7348704,7.834871,8.29487,8.96487,8.9248705,8.99487,10.484871,10.29487,7.5348706,7.7548704,8.564871,8.644871,8.984871,8.95487,7.4548707,6.7948704,6.0748706,4.8248706,3.4948707,2.4348707,1.8148706,1.6248707,1.3248706,1.3248706,1.1648706,2.4548707,3.3648705,3.5248706,2.8648705,1.7148706,1.0148706,0.6348706,0.7948706,0.6648706,1.4548706,5.9848704,7.334871,3.9048705,3.9748707,4.604871,4.604871,3.0848706,2.8848705,6.4948707,8.71487,10.154871,10.824871,10.99487,11.16487,11.434871,11.774871,12.524871
2.3348706,2.0848706,3.4848707,3.5248706,3.2648706,5.834871,7.7048707,7.064871,6.5348706,6.564871,6.8248706,6.7848706,6.7048707,6.8948708,7.0448704,7.0348706,6.9148707,6.8048706,6.624871,6.354871,5.9548707,5.4748707,4.7748704,3.7748706,2.7748706,1.9848706,1.3348706,0.77487063,0.2748706,-0.21512939,-0.7551294,-1.3651294,-2.0251293,-2.6351295,-3.2251294,-3.6551294,-3.9751294,-3.9551294,-2.1251295,-0.3751294,1.3348706,3.3048706,2.6648705,1.1948706,1.8548706,3.4348707,1.5548706,3.1248705,7.9548707,9.25487,10.014871,10.594871,11.1748705,11.66487,12.224871,13.074871,14.134871,14.114871,13.344871
4.5048704,5.374871,6.2448707,6.7748704,6.6848707,6.624871,6.6448708,6.6548705,6.6148705,6.6448708,6.5948706,6.5148706,6.4248705,6.334871,6.3048706,6.2748704,6.2148705,6.1548705,5.9448705,5.564871,5.0348706,4.354871,3.5548706,2.6348705,1.7948706,1.1048706,0.4748706,-0.0751294,-0.5551294,-0.9151294,-1.3351294,-1.6951294,-1.8751293,-2.1051295,-2.2951293,-2.4251294,-2.5351293,-2.6851294,-2.8951294,-2.8951294,-1.9551294,-0.4151294,0.14487061,0.7248706,1.2348706,3.2348707,5.3248706,7.2148705,8.804871,10.264871,11.354871,12.384871,13.594871,14.75487,15.344871,15.884871,16.14487,15.654871,14.83487
4.834871,5.1448708,5.4148707,5.6748705,5.7948704,5.7748704,5.6948705,5.7948704,5.8848705,5.9048705,5.9148707,5.9848704,6.2448707,6.4948707,6.7048707,6.7748704,6.604871,6.4048705,6.2348704,5.854871,5.354871,4.7248707,3.9748707,3.2448707,2.5648706,1.9648706,1.4248706,0.9948706,0.5948706,0.2448706,0.034870606,-0.13512939,-0.3151294,-0.7551294,-1.1351295,-0.8551294,-0.24512939,0.2848706,1.2348706,0.07487061,-1.8751293,-3.4151294,-1.6551294,-0.8651294,2.9348707,2.8648705,3.8548706,6.8048706,9.134871,12.564871,14.54487,15.04487,15.524871,16.084871,15.884871,15.70487,15.41487,14.394871,13.114871
2.9048705,4.0348706,2.5948706,1.1748706,0.1348706,-0.13512939,0.29487062,0.8948706,1.7848706,2.9048705,3.7948706,4.4948707,5.1448708,5.6748705,6.1448708,6.4248705,6.5748706,6.6348705,6.5048704,6.2448707,5.8848705,5.374871,4.8848705,4.4948707,3.9948707,3.4048705,2.8648705,2.4448707,2.0148706,1.5248706,1.0948706,0.8148706,0.9948706,1.2148706,1.1548706,1.4348706,1.7848706,2.0448706,0.8748706,-0.2651294,-0.1151294,-0.8851294,0.7348706,1.3348706,0.2248706,3.0048707,6.7848706,8.324871,11.24487,13.184871,13.814871,14.844871,15.45487,14.854871,14.20487,13.474871,12.21487,11.324871,11.054871
2.5248706,1.4748706,-0.13512939,-1.7651294,-2.3451295,-1.1951294,-1.3651294,0.014870605,1.5348706,2.9348707,3.9848707,4.5548706,5.064871,5.4148707,5.8048706,6.1948705,6.564871,6.7048707,6.834871,6.874871,6.814871,6.6648707,6.1948705,5.4748707,4.7148705,4.124871,3.6848707,3.2748706,2.7248707,2.5748706,2.5348706,2.4148705,2.4348707,2.0548706,1.5348706,0.7248706,-0.21512939,-1.4751294,-2.6951294,-0.7351294,0.7848706,0.7448706,1.0848706,1.7448707,0.7048706,1.0748706,6.6148705,10.434871,13.104871,14.264871,14.804871,15.024871,14.194871,13.144871,11.54487,10.104871,9.4248705,9.474871,9.114871
3.5548706,2.1048706,0.3148706,-1.5151294,-3.0551293,-4.6151295,-4.7351294,-3.8151293,-0.53512937,1.0948706,2.5948706,3.7448707,4.6748705,5.564871,5.9948707,6.084871,6.2248707,6.5148706,6.604871,6.7048707,6.8648705,6.9248705,6.7648706,6.3248706,5.7248707,5.0148706,4.4548707,4.0448704,3.6648705,3.2548707,2.6748705,1.6948706,0.5848706,-0.18512939,-0.9251294,-1.8351294,-3.3551295,-5.435129,-6.7151294,-6.7751293,-7.0751295,-6.415129,-1.6651294,-0.3751294,-0.1951294,2.2348707,7.4048705,13.484871,14.49487,13.194871,13.484871,12.514871,10.83487,10.104871,8.87487,7.9448705,7.064871,7.2148705,6.9348707
2.8948705,1.9848706,0.20487061,-1.6851294,-3.6651294,-6.2251296,-7.6551294,-7.1751294,-5.7251296,0.024870606,1.9248706,4.874871,5.9648705,6.8648705,7.314871,7.2648706,7.2948704,7.2748704,7.3248706,7.1748705,7.1348705,7.1148705,6.9548707,6.624871,6.1948705,5.7148705,5.2848706,4.6948705,4.2148705,3.7848706,2.8548706,1.6948706,0.38487062,-1.1651294,-2.8251295,-5.7551293,-3.0051293,-1.9951293,0.044870604,-0.72512937,-1.0951294,0.8048706,0.7648706,1.2048706,-0.13512939,7.3648705,11.00487,11.104871,10.74487,10.91487,9.71487,8.064871,7.2448707,6.6948705,5.9748707,5.3848705,5.1448708,4.5748706,3.5348706
1.8648705,1.3348706,-0.6951294,-2.2351294,-3.9251294,-5.8551292,-7.165129,-7.395129,-7.4551296,-3.6951294,-0.7951294,1.7648706,7.4648705,8.50487,8.904871,8.644871,8.29487,7.7648706,7.4748707,7.6848707,7.604871,7.1548705,6.8648705,6.6948705,6.564871,6.0348706,5.2348704,4.4048705,3.2848706,1.4448706,-0.6051294,-2.2151294,-3.6351295,-4.5651293,-4.2451296,-1.3451294,-1.1551294,-0.6751294,-0.7451294,-0.7951294,0.8548706,0.8348706,0.7648706,3.0948706,7.3448706,8.944871,8.83487,10.184871,9.694871,8.114871,5.9148707,4.6848707,4.7448707,4.4748707,3.6448705,2.9548707,2.3448706,1.8148706,1.2548707
0.044870604,-1.2051294,-2.6551294,-1.6951294,-1.5651294,-4.4051294,-6.0651293,-6.125129,-4.7751293,-2.2351294,-0.055129394,-0.72512937,-2.1351295,0.094870605,2.2748706,2.8648705,5.4348707,6.3048706,6.7448707,6.5348706,6.3648705,6.0548706,5.7648706,5.2848706,4.7648706,4.084871,3.1448705,1.7348706,0.034870606,-1.2151294,-2.4151294,-3.9251294,-5.3051295,-6.4051294,-6.5151296,-2.6051295,-1.0851294,-1.7451293,0.35487062,1.1648706,0.29487062,1.3648705,1.2248706,5.0248704,7.3048706,7.9248705,9.814871,8.554871,6.6348705,5.1348705,3.1048706,2.4548707,2.6348705,2.1848707,1.6448706,1.2148706,0.6148706,-0.1451294,-0.7651294
0.35487062,-0.9651294,-1.7451293,-2.1451294,-2.6651294,-3.7351294,-4.4551296,-5.6551294,-3.5551293,-2.9951293,-1.4451294,0.9148706,2.5048707,1.2648706,-0.3551294,5.1148705,6.4048705,6.6148705,6.4448705,6.0348706,5.4348707,4.9248705,4.6448708,4.9348707,4.5248704,3.5948706,2.5348706,1.2848706,-0.5951294,-1.9551294,-2.9151294,-3.8051293,-4.6051292,-5.3051295,-6.4451294,-4.9551296,0.3648706,-2.0551293,-0.7351294,-0.035129394,3.7248707,1.5848706,1.1148705,1.5748706,6.2248707,8.41487,7.5748706,5.5448704,4.064871,2.9148705,0.6948706,0.9448706,0.77487063,-0.06512939,-0.6851294,-0.9151294,-0.7051294,-1.9751294,-2.6451294
1.7448707,1.3148706,-0.4651294,-1.8751293,-2.4751294,-3.3351295,-4.5251293,-5.8451295,-3.9651294,-1.9551294,2.0148706,0.7248706,3.8248706,0.024870606,3.2848706,6.1848707,7.8848705,7.9048705,6.4548707,5.4648705,5.084871,4.5248704,4.0748706,3.9448707,3.5048707,2.7148707,1.5748706,-0.2551294,-2.7151294,-4.4751296,-5.5951295,-6.6551294,-6.5451293,-5.1151295,-0.9851294,3.2448707,1.8148706,-0.45512938,2.5048707,0.8048706,0.124870606,-0.09512939,2.0648706,5.9048705,5.834871,5.9748707,4.3448706,3.8648705,2.5348706,0.3648706,-0.6051294,-0.2751294,-1.3551294,-1.7751294,-2.2651293,-3.5551293,-4.1551294,-4.5651293,-5.3251295
-2.2451293,-0.6851294,0.7548706,-0.45512938,-1.6651294,-2.2051294,-1.6751294,-1.6351295,-3.9051294,-4.5351295,-0.13512939,-2.2551293,-0.9251294,3.3948705,10.20487,14.104871,11.064871,8.95487,7.1348705,6.6948705,5.6648707,4.4348707,3.8348706,3.0148706,2.3948705,1.8248706,0.8948706,-0.7051294,-2.7151294,-3.9951293,-4.0651293,-4.2951293,-0.78512937,-2.0251293,-1.4051294,-1.7751294,-1.9251294,-1.6751294,-1.2051294,-0.1751294,0.7948706,0.3348706,0.6948706,3.9548707,3.8348706,3.0348706,3.1148705,2.4548707,0.4848706,0.1048706,-0.015129395,-0.085129395,-1.2051294,-3.2051294,-4.3451295,-5.0451293,-5.9451294,-6.7451296,-7.3651295
-3.0051293,-4.4951296,-4.8451295,-0.7151294,0.1548706,-0.4851294,-2.1451294,-1.8751293,-2.2951293,-5.685129,-5.5851293,-1.8951294,1.8848706,3.6948707,8.33487,6.5748706,9.364871,8.154871,7.7748704,6.9948707,6.3448706,5.4948707,4.2648706,2.9848707,1.3148706,-0.1951294,0.024870606,0.8348706,1.1748706,-0.42512938,-1.1951294,-1.7651294,0.5548706,1.7448707,0.024870606,-1.1751294,-1.5451294,-1.4451294,-0.9451294,0.1048706,0.71487063,0.6948706,1.2548707,1.6248707,1.6648706,1.4548706,1.5248706,1.6448706,0.5648706,1.4448706,0.054870605,-0.8251294,-2.4051294,-4.2351294,-5.2451296,-6.395129,-7.415129,-8.3251295,-9.485129
-1.3351294,-1.3551294,-1.5651294,-3.2651293,-4.935129,-0.8851294,-0.6051294,-2.5851295,-4.6151295,-5.4751296,-4.2251296,0.23487061,-0.2351294,-0.9951294,0.044870604,5.2048707,8.094871,7.5248704,7.314871,6.9448705,6.0548706,6.2448707,3.0848706,0.4848706,-1.4151294,-1.7851294,-1.5751294,-0.5551294,-1.1351295,-3.0951295,-4.1151295,-4.7851295,-6.4451294,-5.3251295,-3.7951293,-1.9651294,-0.7151294,-0.025129395,1.0048707,0.7248706,0.6948706,1.4748706,1.8748707,1.6048706,1.1948706,1.2348706,1.5648706,1.8648705,2.0748706,1.3248706,-0.6751294,-2.2151294,-3.1851294,-4.7451296,-6.6751294,-7.2551293,-8.21513,-9.91513,-10.855129
-0.6551294,-2.4251294,-2.5351293,-3.9951293,-2.4951293,-0.72512937,-1.9751294,-2.2051294,-3.9451294,-6.9451294,-7.8351293,-5.4851294,-1.7251294,-2.3351295,-0.1751294,6.4548707,7.7248707,7.5548706,7.834871,7.874871,5.0748706,2.7748706,0.6648706,-1.2051294,-2.0251293,-3.2951293,-3.3751295,3.0448706,0.8048706,-5.895129,-10.555129,-9.225129,-4.6951294,-2.2851293,-0.4951294,1.2748706,1.7948706,1.7548707,2.7348707,3.2748706,1.6848706,1.7448707,1.8848706,-0.53512937,-1.9251294,3.3048706,2.0448706,2.5748706,3.9148705,2.2148707,0.4048706,-2.8351295,-5.2351294,-6.0751295,-7.5951295,-8.62513,-9.685129,-11.635129,-12.655129
-3.6251295,-3.0851295,-1.1551294,0.4548706,-0.36512938,-1.5951294,-3.5751295,-3.3851295,-4.1151295,-7.1051292,-9.46513,-9.525129,-5.5051293,-2.8251295,-1.7751294,3.0548706,6.1648707,6.8948708,5.3648705,4.7148705,3.0148706,1.5948706,-0.5451294,-0.9151294,2.3048706,-4.9651294,-8.865129,-8.8251295,-7.9251294,-7.4851294,-5.9851294,-1.3251294,0.96487063,2.4648707,1.7948706,2.8148706,3.7848706,4.2248707,4.7748704,4.3848705,4.4448705,3.9748707,3.0748706,3.2048707,1.2448707,1.9748706,3.2448707,2.0148706,1.4148706,0.3948706,-1.2451293,-1.2551293,-7.4851294,-8.96513,-9.37513,-10.015129,-10.49513,-12.515129,-13.945129
