public/data/weather/2019/10/02/0000-wind-isobaric-10hPa-gfs-1.0.json
{"header": { "discipline":0, "disciplineName":"Meteorological products", "gribEdition":2, "gribLength":41019, "center":7, "centerName":"US National Weather Service - NCEP(WMC)", "subcenter":0, "refTime":"2019-10-02T00:00:00.000Z", "significanceOfRT":1, "significanceOfRTName":"Start of forecast", "productStatus":0, "productStatusName":"Operational products", "productType":1, "productTypeName":"Forecast products", "productDefinitionTemplate":0, "productDefinitionTemplateName":"Analysis/forecast at horizontal level/layer at a point in time", "parameterCategory":2, "parameterCategoryName":"Momentum", "parameterNumber":3, "parameterNumberName":"V-component_of_wind", "parameterUnit":"m.s-1", "genProcessType":2, "genProcessTypeName":"Forecast", "forecastTime":0, "surface1Type":100, "surface1TypeName":"Isobaric surface", "surface1Value":1000.0, "surface2Type":255, "surface2TypeName":"Missing", "surface2Value":0.0, "gridDefinitionTemplate":0, "gridDefinitionTemplateName":"Latitude_Longitude", "numberPoints":65160, "shape":6, "shapeName":"Earth spherical with radius of 6,371,229.0 m", "gridUnits":"degrees", "resolution":48, "winds":"true", "scanMode":0, "nx":360, "ny":181, "basicAngle":0, "lo1":0.0, "la1":90.0, "lo2":359.0, "la2":-90.0, "dx":1.0, "dy":1.0 }, "data":
[rows 104 to 129 of 181, columns 232 to 289 of 360]
-3.0000489,-2.700049,-2.200049,-2.1000488,-2.9000487,-3.200049,-3.1000488,-3.200049,-2.200049,-1.4000489,-1.1000488,-0.60004884,0.09995117,0.9999512,1.7999512,2.5999513,1.9999511,0.9999512,0.29995117,0.29995117,0.89995116,1.2999512,1.7999512,2.1999512,1.9999511,0.6999512,0.29995117,0.29995117,0.49995118,1.2999512,0.89995116,0.89995116,0.49995118,0.59995115,0.6999512,0.29995117,0.19995117,0.19995117,1.3999512,1.5999511,1.1999512,1.1999512,1.0999511,1.5999511,1.7999512,2.299951,3.299951,3.6999512,3.9999511,3.299951,3.6999512,2.6999512,2.0999513,2.5999513,1.9999511,1.6999512,2.9999511,1.8999512
-3.200049,-4.600049,-4.600049,-4.700049,-4.300049,-3.5000489,-2.6000488,-1.8000488,-1.7000488,-2.200049,-2.3000488,-1.8000488,-1.5000489,-0.30004883,1.0999511,1.5999511,1.5999511,1.5999511,1.1999512,1.3999512,1.2999512,1.1999512,1.2999512,1.6999512,1.3999512,0.59995115,-0.20004883,-0.8000488,-0.40004882,-0.30004883,0.49995118,0.39995116,0.39995116,0.39995116,0.39995116,0.39995116,0.39995116,0.39995116,0.89995116,1.5999511,2.0999513,2.0999513,1.7999512,2.0999513,2.5999513,2.799951,3.799951,5.4999514,5.299951,4.5999513,4.199951,3.0999513,2.9999511,2.5999513,3.0999513,3.0999513,1.0999511,3.1999512
-1.1000488,-2.5000489,-2.8000488,-2.700049,-2.700049,-3.3000488,-3.4000487,-3.200049,-2.700049,-1.9000489,-1.7000488,-1.8000488,-1.5000489,-0.30004883,0.19995117,0.9999512,1.4999511,2.1999512,2.6999512,2.8999512,2.9999511,3.299951,3.299951,2.3999512,1.8999512,1.4999511,0.6999512,-0.20004883,-0.30004883,0.09995117,0.09995117,0.59995115,0.59995115,0.59995115,0.9999512,1.3999512,1.0999511,0.7999512,0.9999512,1.7999512,2.3999512,3.1999512,2.6999512,2.4999511,1.8999512,2.4999511,3.1999512,4.199951,5.299951,4.9999514,4.899951,3.9999511,3.4999511,3.8999512,2.0999513,3.1999512,2.0999513,0.89995116
0.19995117,0.89995116,0.49995118,-0.100048825,-0.100048825,0.09995117,-0.7000488,-1.7000488,-2.4000487,-1.9000489,-1.4000489,-0.90004885,-0.60004884,0.09995117,1.0999511,0.7999512,1.1999512,1.3999512,1.6999512,2.0999513,2.799951,3.3999512,3.0999513,2.3999512,1.9999511,1.8999512,1.4999511,0.49995118,-4.8828126E-5,-0.5000488,-0.8000488,-0.20004883,0.59995115,1.3999512,1.3999512,1.3999512,2.1999512,1.9999511,1.8999512,1.3999512,1.4999511,2.3999512,3.5999513,3.6999512,3.0999513,2.9999511,2.6999512,3.5999513,5.399951,5.5999513,5.299951,4.699951,3.9999511,3.299951,3.4999511,2.5999513,1.5999511,-0.40004882
0.49995118,0.39995116,1.2999512,1.8999512,1.8999512,1.4999511,1.0999511,0.7999512,-0.5000488,-0.90004885,-0.60004884,0.6999512,1.6999512,2.299951,1.4999511,1.6999512,1.7999512,1.4999511,1.3999512,1.6999512,1.7999512,2.1999512,2.3999512,2.299951,2.5999513,2.3999512,2.1999512,1.8999512,0.89995116,0.89995116,-4.8828126E-5,-0.100048825,0.09995117,0.6999512,1.4999511,2.3999512,2.8999512,3.299951,2.799951,3.1999512,2.8999512,2.799951,3.0999513,2.9999511,3.0999513,3.5999513,4.299951,4.299951,4.699951,5.699951,5.899951,5.299951,5.299951,4.799951,3.9999511,3.1999512,2.299951,0.7999512
0.89995116,1.3999512,0.7999512,0.59995115,0.9999512,1.4999511,1.1999512,0.9999512,-0.100048825,-0.20004883,-0.30004883,-0.100048825,0.29995117,0.39995116,1.4999511,2.799951,2.299951,2.4999511,2.4999511,2.299951,1.7999512,2.1999512,2.5999513,2.8999512,2.8999512,2.8999512,2.1999512,1.5999511,1.0999511,1.1999512,1.0999511,1.1999512,1.2999512,1.7999512,1.8999512,2.3999512,2.9999511,3.0999513,3.0999513,2.799951,3.6999512,4.299951,4.699951,5.399951,5.399951,5.199951,5.399951,5.299951,5.199951,4.899951,5.399951,5.5999513,4.899951,5.5999513,5.5999513,3.799951,2.9999511,1.7999512
-0.7000488,-0.40004882,-0.100048825,-0.100048825,-0.20004883,-0.40004882,-0.7000488,-0.90004885,-0.90004885,-0.60004884,-0.60004884,-0.5000488,-0.30004883,0.6999512,1.1999512,0.9999512,1.7999512,2.3999512,2.1999512,2.1999512,1.5999511,1.0999511,1.4999511,1.3999512,1.6999512,2.299951,2.9999511,3.1999512,3.0999513,2.5999513,2.3999512,2.1999512,2.3999512,2.4999511,2.3999512,2.0999513,2.3999512,3.3999512,4.299951,4.5999513,4.699951,5.399951,6.299951,7.0999513,6.899951,5.9999514,4.9999514,4.899951,4.9999514,3.9999511,4.399951,4.5999513,4.399951,4.799951,4.899951,5.5999513,4.399951,3.8999512
-0.8000488,-1.1000488,-0.7000488,-0.8000488,-1.2000488,-1.8000488,-1.9000489,-1.5000489,-0.8000488,-0.20004883,-0.40004882,-0.5000488,-0.40004882,0.39995116,0.6999512,1.3999512,1.3999512,1.1999512,1.6999512,2.0999513,1.9999511,1.7999512,1.7999512,2.3999512,2.799951,2.8999512,3.299951,3.9999511,4.0999513,3.8999512,3.3999512,2.6999512,2.6999512,2.799951,2.299951,2.6999512,2.799951,2.6999512,3.3999512,4.899951,5.399951,5.699951,6.399951,6.799951,6.4999514,5.899951,4.899951,4.0999513,4.299951,3.9999511,3.0999513,3.3999512,3.1999512,3.3999512,3.5999513,4.199951,4.5999513,4.299951
-1.2000488,-1.1000488,-1.3000488,-1.7000488,-2.4000487,-2.4000487,-2.700049,-2.3000488,-1.9000489,-1.5000489,-1.6000488,-1.6000488,-0.5000488,0.49995118,1.4999511,1.6999512,1.3999512,1.1999512,0.49995118,0.29995117,1.5999511,2.0999513,2.4999511,2.9999511,2.8999512,2.8999512,3.5999513,4.199951,4.5999513,4.299951,3.9999511,3.6999512,3.299951,2.6999512,1.8999512,1.7999512,1.6999512,1.9999511,2.3999512,3.299951,4.699951,5.299951,5.399951,5.199951,5.799951,5.699951,5.899951,4.5999513,3.6999512,3.0999513,2.0999513,2.0999513,2.9999511,2.799951,3.3999512,4.299951,4.299951,3.799951
-1.0000489,-2.0000489,-2.6000488,-2.3000488,-2.3000488,-2.3000488,-2.3000488,-2.200049,-2.3000488,-2.5000489,-2.200049,-1.6000488,-1.3000488,-0.40004882,0.49995118,0.7999512,0.49995118,0.59995115,0.9999512,1.1999512,0.9999512,1.8999512,2.5999513,3.0999513,4.0999513,4.4999514,5.0999513,4.5999513,4.699951,4.4999514,4.0999513,3.5999513,3.1999512,3.799951,3.1999512,2.9999511,2.4999511,1.9999511,1.7999512,1.4999511,2.3999512,3.299951,3.5999513,3.5999513,4.0999513,3.799951,4.4999514,4.399951,3.4999511,2.6999512,2.3999512,2.4999511,1.9999511,1.9999511,2.5999513,3.299951,4.0999513,4.399951
-1.2000488,-1.3000488,-3.3000488,-3.6000488,-3.4000487,-3.200049,-2.5000489,-2.0000489,-1.9000489,-1.7000488,-2.1000488,-2.1000488,-1.6000488,-1.3000488,-1.2000488,-1.1000488,-0.7000488,-0.20004883,0.9999512,0.9999512,1.0999511,1.8999512,2.1999512,2.9999511,3.299951,3.9999511,3.9999511,4.199951,4.899951,4.899951,4.799951,6.0999513,5.199951,4.699951,4.399951,3.4999511,2.799951,2.4999511,1.7999512,1.3999512,1.4999511,2.0999513,2.299951,3.1999512,3.3999512,3.6999512,3.1999512,3.4999511,2.6999512,2.8999512,1.9999511,1.6999512,2.5999513,2.8999512,2.799951,2.0999513,2.299951,2.799951
-2.9000487,-1.7000488,-2.3000488,-3.4000487,-3.3000488,-2.4000487,-2.5000489,-2.1000488,-1.8000488,-2.3000488,-2.6000488,-1.8000488,-1.9000489,-2.0000489,-2.0000489,-1.6000488,-0.60004884,0.39995116,0.6999512,0.7999512,1.1999512,1.1999512,1.2999512,1.5999511,2.299951,2.9999511,3.3999512,3.799951,4.299951,5.199951,5.5999513,5.699951,5.0999513,4.699951,3.799951,3.5999513,3.6999512,4.399951,3.6999512,2.9999511,2.0999513,2.4999511,2.0999513,2.4999511,2.6999512,2.6999512,2.8999512,2.8999512,2.6999512,1.4999511,1.9999511,2.299951,2.6999512,2.4999511,2.5999513,2.1999512,1.0999511,1.2999512
-2.5000489,-2.3000488,-2.5000489,-2.5000489,-3.1000488,-2.4000487,-3.700049,-3.1000488,-2.8000488,-2.9000487,-2.200049,-2.4000487,-2.0000489,-2.200049,-1.7000488,-2.200049,-1.7000488,-1.7000488,-0.90004885,-0.30004883,0.09995117,0.39995116,-0.30004883,-0.20004883,0.19995117,0.7999512,1.6999512,3.0999513,3.8999512,4.9999514,5.0999513,5.199951,4.4999514,4.4999514,4.799951,4.799951,4.399951,4.199951,3.9999511,3.6999512,3.0999513,2.4999511,2.4999511,1.8999512,2.299951,1.9999511,1.7999512,2.1999512,1.5999511,1.2999512,1.4999511,1.5999511,2.1999512,1.5999511,0.7999512,-0.30004883,-0.20004883,0.19995117
-2.6000488,-2.5000489,-2.8000488,-3.4000487,-2.9000487,-3.0000489,-4.100049,-5.100049,-3.9000487,-4.300049,-4.200049,-3.5000489,-3.6000488,-3.4000487,-2.8000488,-2.4000487,-2.4000487,-2.8000488,-1.4000489,-2.5000489,-1.2000488,-0.40004882,-4.8828126E-5,-0.30004883,-0.60004884,-0.5000488,0.7999512,1.7999512,3.3999512,3.8999512,4.799951,6.199951,5.5999513,4.9999514,4.4999514,4.299951,3.4999511,3.4999511,3.1999512,3.5999513,3.9999511,3.299951,2.6999512,2.1999512,1.7999512,1.6999512,1.2999512,2.299951,2.3999512,1.5999511,1.8999512,1.9999511,1.8999512,1.2999512,0.6999512,-0.100048825,0.89995116,0.7999512
-3.1000488,-3.1000488,-3.3000488,-3.200049,-3.200049,-3.9000487,-4.600049,-4.700049,-4.200049,-3.4000487,-3.6000488,-3.1000488,-3.700049,-2.8000488,-3.1000488,-3.200049,-3.1000488,-3.5000489,-3.0000489,-2.8000488,-1.5000489,-1.2000488,-0.8000488,-0.100048825,-0.20004883,0.59995115,0.7999512,2.1999512,2.3999512,3.299951,4.5999513,4.799951,4.399951,4.199951,3.799951,2.4999511,2.3999512,2.1999512,2.799951,2.6999512,3.0999513,3.299951,2.9999511,2.799951,2.9999511,3.0999513,2.9999511,2.799951,2.799951,2.9999511,2.5999513,1.2999512,1.1999512,1.0999511,1.3999512,2.299951,2.9999511,2.9999511
-3.8000488,-3.6000488,-4.5000486,-4.200049,-4.300049,-4.200049,-3.9000487,-4.4000487,-3.9000487,-3.6000488,-3.9000487,-3.1000488,-2.700049,-3.200049,-2.700049,-2.700049,-2.5000489,-2.200049,-1.4000489,-2.0000489,-1.9000489,-0.40004882,0.09995117,0.19995117,0.89995116,1.9999511,2.6999512,2.9999511,3.0999513,3.4999511,2.9999511,2.4999511,2.6999512,3.0999513,2.4999511,2.5999513,1.9999511,1.8999512,2.299951,2.1999512,2.3999512,2.5999513,2.799951,2.799951,2.9999511,3.0999513,3.799951,3.6999512,3.799951,3.3999512,2.6999512,1.2999512,0.49995118,1.6999512,3.0999513,4.0999513,4.0999513,3.4999511
-4.300049,-4.9000487,-5.200049,-5.100049,-5.0000486,-5.0000486,-4.800049,-4.700049,-4.9000487,-4.5000486,-4.100049,-3.8000488,-3.8000488,-3.1000488,-3.5000489,-2.200049,-0.90004885,-0.7000488,-0.8000488,-0.20004883,0.6999512,0.49995118,0.89995116,1.3999512,2.9999511,2.799951,3.4999511,3.4999511,3.3999512,3.299951,2.6999512,3.3999512,3.9999511,3.6999512,3.3999512,2.799951,1.9999511,1.9999511,1.5999511,2.0999513,2.1999512,2.9999511,3.1999512,3.799951,4.199951,4.299951,4.899951,4.899951,4.5999513,3.8999512,2.8999512,1.4999511,1.3999512,2.4999511,3.0999513,3.4999511,3.299951,3.0999513
-3.9000487,-4.200049,-4.0000486,-4.9000487,-5.200049,-5.200049,-5.300049,-5.300049,-5.0000486,-4.0000486,-3.700049,-3.1000488,-3.200049,-2.6000488,-1.5000489,0.39995116,0.49995118,0.59995115,0.49995118,0.49995118,0.9999512,1.0999511,1.7999512,1.4999511,2.4999511,2.5999513,3.1999512,3.6999512,4.0999513,3.9999511,4.399951,3.9999511,3.799951,3.6999512,2.8999512,2.1999512,2.1999512,1.7999512,2.1999512,2.3999512,2.6999512,3.0999513,3.9999511,5.0999513,5.0999513,5.4999514,4.899951,4.4999514,4.899951,4.9999514,4.4999514,3.9999511,3.4999511,3.299951,3.0999513,3.1999512,2.9999511,2.3999512
-3.8000488,-3.6000488,-3.9000487,-3.8000488,-3.0000489,-2.8000488,-2.200049,-1.6000488,-1.3000488,-1.4000489,-1.0000489,-0.60004884,-0.100048825,0.29995117,1.0999511,1.1999512,1.4999511,1.2999512,1.0999511,0.89995116,0.59995115,0.6999512,1.3999512,1.9999511,2.6999512,2.299951,2.4999511,3.0999513,3.3999512,3.3999512,3.1999512,2.799951,2.6999512,1.9999511,2.3999512,2.299951,2.1999512,1.6999512,2.1999512,2.4999511,2.5999513,2.8999512,3.1999512,3.6999512,3.799951,3.4999511,3.9999511,4.199951,4.4999514,4.799951,5.399951,5.9999514,5.799951,4.4999514,3.1999512,3.5999513,3.0999513,2.0999513
-2.8000488,-2.3000488,-0.90004885,-0.5000488,0.29995117,1.0999511,2.1999512,2.299951,2.3999512,2.299951,2.5999513,2.299951,2.0999513,2.299951,1.7999512,1.5999511,1.0999511,0.9999512,1.2999512,1.2999512,0.6999512,0.59995115,0.6999512,1.1999512,1.9999511,1.9999511,2.299951,1.6999512,1.8999512,2.1999512,2.3999512,1.8999512,2.299951,2.1999512,3.0999513,2.8999512,2.9999511,2.799951,2.1999512,2.4999511,2.799951,2.3999512,2.799951,2.799951,2.5999513,3.299951,3.3999512,3.799951,4.0999513,4.199951,4.5999513,5.299951,5.4999514,5.0999513,3.9999511,3.0999513,2.5999513,2.1999512
-3.0000489,-1.8000488,-0.30004883,0.89995116,2.1999512,2.5999513,3.0999513,3.8999512,3.8999512,3.799951,3.4999511,3.1999512,2.8999512,2.3999512,2.3999512,2.3999512,1.9999511,1.9999511,1.6999512,1.6999512,1.3999512,1.6999512,1.9999511,1.3999512,1.3999512,2.0999513,1.7999512,2.0999513,1.6999512,2.4999511,2.799951,2.8999512,2.9999511,3.4999511,3.299951,3.299951,3.3999512,2.799951,3.299951,2.5999513,3.1999512,3.3999512,2.9999511,3.1999512,2.799951,3.0999513,3.299951,3.4999511,3.3999512,3.299951,3.1999512,3.799951,4.5999513,4.9999514,4.5999513,4.0999513,4.299951,3.5999513
-2.0000489,-1.7000488,-0.8000488,0.29995117,1.2999512,1.9999511,2.6999512,2.299951,2.1999512,2.4999511,2.3999512,2.1999512,2.299951,1.8999512,1.6999512,1.7999512,1.8999512,2.299951,2.799951,2.3999512,1.6999512,1.7999512,2.1999512,2.3999512,2.6999512,2.8999512,2.9999511,3.1999512,2.8999512,2.3999512,2.6999512,2.799951,4.0999513,4.799951,4.899951,4.399951,2.799951,1.7999512,1.9999511,2.9999511,3.5999513,3.8999512,3.8999512,2.3999512,2.3999512,2.6999512,2.3999512,1.6999512,1.7999512,1.9999511,2.6999512,2.6999512,4.299951,5.5999513,5.5999513,5.199951,4.699951,3.799951
-1.4000489,-1.1000488,-1.4000489,-0.7000488,-0.100048825,0.29995117,0.29995117,0.49995118,0.29995117,0.29995117,0.7999512,1.2999512,1.4999511,1.8999512,2.0999513,2.1999512,2.4999511,1.9999511,2.4999511,2.3999512,2.299951,2.3999512,2.299951,2.6999512,2.3999512,2.5999513,3.4999511,3.4999511,4.0999513,3.5999513,3.5999513,4.5999513,4.399951,4.899951,4.799951,2.3999512,1.5999511,2.799951,3.1999512,2.799951,3.5999513,4.4999514,3.8999512,3.3999512,3.1999512,2.6999512,2.0999513,1.6999512,2.5999513,3.5999513,3.3999512,3.8999512,4.199951,4.9999514,5.899951,5.399951,4.5999513,4.899951
-1.8000488,-1.8000488,-1.6000488,-1.2000488,-0.7000488,0.29995117,0.7999512,0.9999512,0.89995116,0.89995116,0.6999512,0.59995115,1.1999512,1.7999512,2.1999512,2.3999512,3.299951,3.799951,3.6999512,3.5999513,3.299951,2.6999512,2.8999512,2.6999512,3.0999513,3.1999512,3.8999512,4.799951,4.5999513,4.5999513,4.0999513,4.199951,3.799951,4.399951,3.9999511,3.4999511,3.299951,3.6999512,3.1999512,4.5999513,5.399951,4.699951,4.0999513,4.4999514,3.8999512,2.9999511,1.6999512,1.7999512,1.7999512,2.9999511,4.0999513,4.299951,4.699951,5.699951,4.799951,5.199951,5.5999513,5.399951
-0.90004885,-1.5000489,-1.6000488,-0.90004885,-0.60004884,-4.8828126E-5,0.9999512,1.2999512,1.3999512,1.6999512,1.7999512,2.0999513,2.299951,2.9999511,3.4999511,3.5999513,3.299951,2.5999513,2.4999511,2.6999512,2.8999512,3.299951,2.9999511,3.8999512,3.9999511,4.199951,4.9999514,4.799951,4.899951,4.799951,4.899951,4.699951,4.399951,4.199951,3.8999512,3.799951,4.199951,4.399951,4.4999514,4.699951,5.5999513,4.199951,3.9999511,4.199951,3.8999512,3.3999512,2.799951,2.299951,2.799951,4.399951,4.899951,6.0999513,5.4999514,5.199951,5.399951,5.299951,6.799951,6.199951
1.3999512,1.1999512,0.39995116,0.39995116,1.1999512,1.3999512,1.6999512,2.4999511,2.4999511,2.799951,2.8999512,2.9999511,3.1999512,3.1999512,3.1999512,3.4999511,3.3999512,3.9999511,3.9999511,3.8999512,3.8999512,3.3999512,3.6999512,4.4999514,4.9999514,4.699951,4.0999513,4.4999514,5.699951,5.799951,5.799951,6.0999513,5.799951,4.899951,4.899951,5.199951,5.299951,5.399951,6.199951,6.899951,5.5999513,6.299951,5.299951,4.299951,3.6999512,3.0999513,2.9999511,3.8999512,4.5999513,5.399951,5.5999513,5.4999514,6.0999513,6.299951,6.5999513,6.299951,6.699951,6.399951
