public/data/weather/2019/10/02/0000-wind-surface-level-gfs-1.0.json
{"header": { "discipline":0, "disciplineName":"Meteorological products", "gribEdition":2, "gribLength":77831, "center":7, "centerName":"US National Weather Service - NCEP(WMC)", "subcenter":0, "refTime":"2019-10-02T00:00:00.000Z", "significanceOfRT":1, "significanceOfRTName":"Start of forecast", "productStatus":0, "productStatusName":"Operational products", "productType":1, "productTypeName":"Forecast products", "productDefinitionTemplate":0, "productDefinitionTemplateName":"Analysis/forecast at horizontal level/layer at a point in time", "parameterCategory":2, "parameterCategoryName":"Momentum", "parameterNumber":2, "parameterNumberName":"U-component_of_wind", "parameterUnit":"m.s-1", "genProcessType":2, "genProcessTypeName":"Forecast", "forecastTime":0, "surface1Type":103, "surface1TypeName":"Specified height level above ground", "surface1Value":10.0, "surface2Type":255, "surface2TypeName":"Missing", "surface2Value":0.0, "gridDefinitionTemplate":0, "gridDefinitionTemplateName":"Latitude_Longitude", "numberPoints":65160, "shape":6, "shapeName":"Earth spherical with radius of 6,371,229.0 m", "gridUnits":"degrees", "resolution":48, "winds":"true", "scanMode":0, "nx":360, "ny":181, "basicAngle":0, "lo1":0.0, "la1":90.0, "lo2":359.0, "la2":-90.0, "dx":1.0, "dy":1.0 }, "data":
[rows 104 to 129 of 181, columns 118 to 176 of 360]
-2.3095849,-2.369585,-0.749585,-0.43958497,-0.999585,-1.529585,-0.619585,-1.399585,0.31041503,2.080415,1.440415,1.610415,0.040415037,-0.25958496,-1.079585,-7.229585,-4.549585,-3.989585,-2.429585,-3.7995849,-6.629585,-6.899585,-6.819585,-6.289585,-5.219585,-7.199585,-10.009585,-11.039585,-9.489585,-9.619585,-8.969585,-8.789585,-9.039585,-9.269585,-9.539585,-9.649585,-10.249585,-10.709585,-10.419585,-10.759585,-9.999585,-8.9295845,-7.339585,-6.459585,-7.659585,-8.719585,-8.459585,-5.219585,-9.989585,-9.709585,-8.989585,-8.749585,-8.559585,-8.149585,-7.829585,-7.259585,-6.349585,-6.909585,-7.369585
-2.119585,-0.88958496,-0.13958496,1.830415,0.59041506,-0.22958496,-0.84958494,-0.739585,0.91041505,1.560415,-0.28958496,0.28041503,0.760415,-1.459585,-2.519585,-3.3195848,-6.119585,-6.809585,-4.709585,-2.999585,-5.589585,-7.159585,-7.399585,-7.1695848,-5.749585,-6.149585,-6.489585,-5.999585,-8.879585,-8.789585,-9.339585,-8.989585,-9.229585,-9.459585,-9.549585,-9.959585,-10.279585,-11.049585,-11.109585,-10.299585,-10.6795845,-9.249585,-8.589585,-8.719585,-8.059585,-8.359585,-9.109585,-9.299585,-5.249585,-7.509585,-8.879585,-7.909585,-7.699585,-7.289585,-7.529585,-6.609585,-6.149585,-6.599585,-6.679585
-3.2995849,-1.4995849,-0.11958496,2.1904151,3.030415,1.5004151,-0.40958497,-0.83958495,-2.0395849,-4.239585,-3.519585,-0.29958495,-1.219585,-2.479585,-5.859585,-4.359585,-6.829585,-8.469585,-7.379585,-6.099585,-5.879585,-6.6895847,-6.739585,-6.359585,-4.829585,-3.219585,-3.3195848,-5.949585,-7.749585,-8.159585,-8.849585,-9.159585,-9.259585,-9.629585,-9.949585,-10.199585,-10.349585,-10.469585,-10.4295845,-10.819585,-10.459585,-10.629585,-9.329585,-9.049585,-9.299585,-9.609585,-9.029585,-10.249585,-10.139585,-5.929585,-7.329585,-7.639585,-7.549585,-7.409585,-6.849585,-6.369585,-5.809585,-5.009585,-4.809585
-1.2395849,-1.719585,-1.659585,1.6304151,3.220415,2.840415,0.890415,-0.21958496,-3.649585,-6.559585,-6.029585,-4.809585,-4.349585,-2.239585,-6.929585,-7.599585,-7.959585,-8.839585,-9.859585,-8.979585,-4.859585,-5.899585,-5.599585,-3.189585,-5.039585,-7.519585,-5.9195848,-6.329585,-6.289585,-7.679585,-8.089585,-8.779585,-9.129585,-9.359585,-9.699585,-10.249585,-10.569585,-10.789585,-10.459585,-9.649585,-9.749585,-10.139585,-9.959585,-9.639585,-10.199585,-10.379585,-9.779585,-10.739585,-10.239585,-9.349585,-8.899585,-8.159585,-7.599585,-7.079585,-6.829585,-7.199585,-5.999585,-5.329585,-6.409585
1.190415,1.8904151,0.46041504,0.27041504,1.950415,2.380415,1.960415,2.020415,-2.0495849,-6.109585,-6.329585,-6.509585,-3.839585,-3.519585,-5.489585,-5.619585,-7.739585,-8.209585,-8.889585,-10.319585,-10.289585,-6.839585,-3.469585,-3.939585,-5.299585,-4.009585,-6.409585,-6.629585,-3.8095849,-7.619585,-8.269585,-8.139585,-8.6795845,-8.999585,-10.049585,-9.9295845,-10.359585,-10.219585,-10.239585,-10.029585,-8.779585,-9.469585,-10.229585,-10.199585,-9.939585,-10.279585,-10.129585,-10.399585,-10.209585,-9.879585,-7.679585,-8.759585,-7.859585,-7.339585,-6.779585,-7.089585,-6.659585,-6.369585,-5.869585
2.280415,2.620415,2.860415,0.74041504,-1.149585,1.160415,2.730415,1.830415,-0.40958497,-8.189585,-8.379585,-7.239585,-5.699585,-4.209585,-5.889585,-7.029585,-8.989585,-8.999585,-9.099585,-9.579585,-10.189585,-10.249585,-6.979585,-2.879585,-4.809585,-6.029585,-7.009585,-5.029585,-5.009585,-7.829585,-7.479585,-7.479585,-8.079585,-9.039585,-9.939585,-10.219585,-10.419585,-10.439585,-10.009585,-9.909585,-9.909585,-9.329585,-9.199585,-8.859585,-8.779585,-10.119585,-10.559585,-10.529585,-10.159585,-9.659585,-8.539585,-8.599585,-8.129585,-7.829585,-7.839585,-6.529585,-6.399585,-6.719585,-6.289585
1.7704151,0.97041506,0.68041503,0.690415,-3.179585,-3.179585,-1.8495849,-1.389585,-2.629585,-8.129585,-6.399585,-6.879585,-6.399585,-7.369585,-7.359585,-7.089585,-9.439585,-7.599585,-8.949585,-8.559585,-7.589585,-9.269585,-7.429585,-3.649585,-3.129585,-3.019585,-5.9195848,-5.549585,-6.6695848,-4.529585,-5.489585,-5.999585,-6.259585,-8.569585,-9.499585,-9.659585,-10.169585,-9.909585,-10.039585,-9.659585,-9.489585,-9.249585,-9.209585,-8.739585,-8.759585,-8.379585,-8.509585,-9.869585,-9.039585,-9.109585,-8.669585,-8.569585,-8.109585,-7.519585,-7.089585,-7.299585,-6.219585,-5.679585,-5.6895847
0.040415037,-0.06958496,2.630415,0.820415,-1.269585,-2.909585,-2.079585,-2.8095849,-3.279585,-5.899585,-5.849585,-7.209585,-6.059585,-6.879585,-7.989585,-7.909585,-7.269585,-7.779585,-8.969585,-8.329585,-8.249585,-7.719585,-7.129585,-6.359585,-4.869585,-6.119585,-7.389585,-7.649585,-6.059585,-4.369585,-2.599585,-3.719585,-6.749585,-9.489585,-9.939585,-10.129585,-9.809585,-9.999585,-9.649585,-9.759585,-9.259585,-8.899585,-9.069585,-8.849585,-8.959585,-8.879585,-8.979585,-2.349585,-9.4295845,-6.809585,-7.979585,-8.009585,-7.829585,-7.489585,-6.929585,-6.569585,-6.1895847,-5.1895847,-4.569585
1.8904151,-0.20958497,0.55041504,1.6304151,-3.109585,-2.379585,-0.62958497,-2.139585,-2.749585,-3.989585,-5.679585,-4.819585,-5.879585,-5.909585,-7.269585,-6.799585,-6.999585,-6.359585,-7.749585,-8.279585,-7.6695848,-7.909585,-7.209585,-7.299585,-6.429585,-6.479585,-7.119585,-7.229585,-6.829585,-6.619585,-7.459585,-4.999585,-7.9195848,-10.339585,-10.379585,-9.999585,-10.399585,-9.479585,-8.989585,-9.279585,-9.459585,-9.129585,-8.379585,-8.799585,-8.729585,-8.759585,-8.859585,-8.599585,-7.199585,-6.539585,-7.349585,-7.289585,-7.109585,-6.629585,-6.319585,-5.879585,-5.4395847,-4.969585,-3.999585
-0.52958494,1.1304151,1.040415,0.820415,-1.0995849,-2.179585,-2.749585,-1.569585,-1.959585,-1.039585,-4.239585,-4.359585,-4.499585,-4.429585,-5.4395847,-6.549585,-6.119585,-3.849585,-5.589585,-7.6895847,-7.9195848,-7.989585,-6.889585,-7.099585,-7.259585,-7.099585,-6.739585,-6.529585,-6.6695848,-8.549585,-7.349585,-7.159585,-3.929585,-7.149585,-10.169585,-10.549585,-9.659585,-9.379585,-9.969585,-9.019585,-9.119585,-9.139585,-8.649585,-8.639585,-8.479585,-8.009585,-8.199585,-8.109585,-7.769585,-7.029585,-6.579585,-6.659585,-6.349585,-5.969585,-5.729585,-5.389585,-4.519585,-3.849585,-3.239585
-2.139585,-0.63958496,0.25041503,-0.559585,-2.5595849,-0.749585,0.25041503,-0.0095849605,0.17041504,1.300415,-2.179585,-1.559585,-2.2895849,-1.7395849,-2.379585,-3.919585,-3.759585,-4.749585,-4.719585,-6.959585,-7.299585,-7.729585,-7.109585,-7.139585,-7.679585,-6.4195848,-5.449585,-4.979585,-6.6895847,-6.539585,-7.299585,-5.319585,-3.769585,-4.349585,-9.539585,-11.219585,-9.609585,-9.6795845,-9.889585,-10.539585,-9.739585,-9.139585,-8.559585,-8.209585,-8.009585,-7.819585,-7.459585,-6.969585,-6.599585,-6.219585,-5.909585,-5.579585,-5.379585,-4.9195848,-4.6895847,-4.219585,-3.499585,-2.829585,-2.399585
-1.8495849,-3.329585,-0.51958495,-0.63958496,-2.589585,0.97041506,1.980415,0.570415,1.060415,0.510415,2.280415,-1.8695849,-0.10958496,-0.43958497,-0.59958494,-3.149585,-4.149585,-4.569585,-4.599585,-6.329585,-6.979585,-8.009585,-7.319585,-7.449585,-8.4295845,-6.959585,-4.509585,-3.259585,-4.1895847,-3.249585,-3.419585,-3.429585,-5.459585,-4.709585,-4.789585,-7.959585,-9.539585,-9.649585,-9.359585,-9.479585,-8.699585,-8.229585,-7.909585,-7.1695848,-7.089585,-6.709585,-6.119585,-5.989585,-5.879585,-5.259585,-5.299585,-4.599585,-4.309585,-4.039585,-3.579585,-3.129585,-2.579585,-1.909585,-1.3695849
-1.089585,-4.539585,-0.999585,-0.549585,-3.5695848,-3.089585,1.0204151,-2.009585,1.070415,4.1503907E-4,1.5104151,-1.3495849,-1.8595849,-1.8795849,-0.94958496,-0.96958494,-3.729585,-4.179585,-3.599585,-5.209585,-6.759585,-6.979585,-7.299585,-7.289585,-6.809585,-5.729585,-4.9395847,-4.799585,-4.309585,-6.129585,-5.249585,-5.9195848,-5.989585,-5.589585,-4.279585,-4.289585,-9.689585,-8.289585,-8.069585,-8.099585,-7.739585,-7.279585,-6.6695848,-6.019585,-5.999585,-6.129585,-6.579585,-4.539585,-4.659585,-4.779585,-4.309585,-3.959585,-3.459585,-3.279585,-2.529585,-1.799585,-1.3595849,-0.71958494,0.03041504
-1.1095849,-2.0595849,-2.239585,-1.969585,-6.679585,-8.249585,-7.159585,-8.779585,-6.1695848,-5.1695848,-5.259585,-0.679585,0.47041503,0.16041504,-0.03958496,-0.90958494,-2.0695848,-3.679585,-3.989585,-4.629585,-5.389585,-5.829585,-6.019585,-6.459585,-5.219585,-4.909585,-4.799585,-4.809585,-4.589585,-6.009585,-5.719585,-5.219585,-5.739585,-4.889585,-4.659585,-3.739585,-7.459585,-7.079585,-7.029585,-7.149585,-6.519585,-6.079585,-5.639585,-5.069585,-5.159585,-5.299585,-4.579585,-3.859585,-3.619585,-3.5395849,-3.159585,-2.699585,-2.019585,-1.689585,-1.2595849,-0.29958495,0.43041503,1.190415,1.940415
-1.1195849,-0.64958495,-2.769585,-2.399585,-8.569585,-8.849585,-8.229585,-9.969585,-7.619585,-5.519585,-9.869585,-4.289585,-4.709585,1.180415,0.59041506,-0.07958496,-2.159585,-2.5395849,-2.999585,-3.779585,-4.799585,-4.679585,-4.399585,-5.829585,-4.489585,-4.269585,-4.219585,-4.129585,-4.379585,-5.369585,-5.069585,-4.519585,-4.049585,-3.5595849,-2.589585,-2.419585,-4.779585,-5.509585,-5.879585,-5.579585,-5.749585,-4.789585,-5.249585,-4.229585,-3.399585,-3.089585,-2.839585,-3.229585,-2.2895849,-1.669585,-1.389585,-0.90958494,-0.44958496,-0.65958494,0.61041504,1.110415,1.970415,3.010415,3.830415
0.07041504,0.100415036,2.2104151,-2.7895849,-6.329585,-7.9195848,-8.299585,-6.819585,-10.139585,-10.649585,-5.149585,-7.319585,-4.859585,-2.619585,3.020415,0.35041505,-0.58958495,-1.559585,-2.599585,-2.689585,-3.8095849,-3.619585,-2.889585,-3.759585,-4.159585,-2.209585,-3.409585,-3.389585,-3.279585,-3.409585,-3.639585,-3.329585,-3.2895849,-1.1095849,-1.7395849,-1.2595849,-2.609585,-3.439585,-4.049585,-3.849585,-3.339585,-3.739585,-3.419585,-2.889585,-1.4895849,-1.7495849,-1.159585,-1.399585,-1.189585,0.31041503,0.28041503,0.78041506,1.1504151,1.410415,2.4404151,3.090415,4.590415,5.0804152,5.640415
-0.24958496,-0.21958496,-0.38958496,-4.219585,-5.129585,-8.079585,-7.519585,-6.639585,-8.869585,-7.079585,-7.949585,-5.149585,-5.1695848,-5.349585,-3.959585,1.350415,0.510415,0.11041504,-1.3695849,-2.169585,-3.349585,-2.179585,-1.219585,-1.299585,-2.519585,-1.5095849,-1.929585,-1.6095849,-2.499585,-1.719585,-2.079585,-1.8595849,-0.38958496,1.200415,-2.199585,0.48041505,-1.049585,-1.1195849,-2.009585,-2.759585,-2.599585,-1.7595849,-1.8795849,-1.319585,-2.109585,-0.77958494,0.05041504,-0.06958496,0.55041504,1.280415,1.810415,1.720415,2.400415,3.080415,3.860415,5.250415,5.730415,6.710415,7.420415
1.540415,-2.2995849,-2.999585,-3.079585,-5.709585,-6.1695848,-7.349585,-6.089585,-6.959585,-6.809585,-5.799585,-5.6695848,-4.709585,-4.179585,-4.339585,-1.719585,1.0004151,2.310415,0.640415,0.09041504,-0.84958494,0.510415,-0.38958496,-1.2595849,-1.1195849,-0.559585,-0.05958496,-1.439585,-1.019585,-0.57958496,-0.59958494,0.74041504,0.62041503,1.470415,-0.36958495,-1.649585,-0.21958496,0.700415,-0.14958496,-1.449585,-1.189585,-0.34958497,0.13041504,0.38041505,-0.22958496,0.700415,0.33041504,1.5204151,2.000415,2.600415,2.730415,3.240415,4.710415,5.480415,6.250415,6.880415,7.740415,7.820415,8.630415
2.380415,-1.8695849,-2.5695848,-3.139585,-4.479585,-1.2295849,-6.269585,-6.389585,-5.779585,-5.779585,-5.139585,-4.239585,-4.209585,-4.099585,-3.239585,-1.719585,0.40041503,4.0804152,3.590415,2.850415,1.0004151,-0.18958496,1.830415,1.480415,0.20041505,-0.76958495,0.14041504,0.93041503,0.91041505,0.12041504,1.5004151,2.010415,2.9304152,1.730415,-0.31958497,-0.78958493,0.23041505,1.290415,1.080415,-0.03958496,1.090415,1.3704151,0.84041506,0.73041505,0.750415,1.470415,2.170415,2.350415,2.990415,3.350415,4.320415,5.180415,6.300415,6.710415,7.160415,8.560415,8.100415,8.880415,9.640415
0.640415,-1.799585,-4.369585,-3.129585,-3.249585,-5.129585,-4.859585,-5.739585,-5.049585,-5.029585,-5.089585,-4.009585,-3.439585,-2.969585,-2.929585,-1.6195849,-0.62958497,1.360415,5.270415,6.430415,5.160415,2.640415,3.340415,2.070415,0.62041503,0.940415,0.690415,1.3804151,1.2604151,0.72041506,0.68041503,1.930415,1.950415,0.830415,0.77041507,0.750415,1.280415,2.130415,2.620415,2.370415,2.320415,2.800415,1.670415,2.480415,3.170415,3.240415,3.7004151,4.050415,4.960415,5.100415,5.740415,7.100415,8.050415,8.340415,8.890415,9.340415,9.280415,9.600415,9.770415
-0.019584961,-1.1095849,-4.719585,-5.999585,-5.019585,-5.009585,-5.809585,-5.1695848,-4.899585,-4.579585,-3.759585,-3.349585,-1.8495849,-1.139585,-0.689585,-0.63958496,0.61041504,1.480415,2.6904151,3.060415,5.040415,7.320415,1.200415,1.060415,0.87041503,1.680415,-1.079585,-0.47958496,-0.25958496,-0.019584961,0.87041503,2.850415,2.660415,0.52041507,0.38041505,1.410415,1.580415,2.590415,3.170415,2.650415,3.350415,3.520415,3.620415,4.030415,4.720415,4.870415,5.400415,6.210415,7.110415,7.860415,8.340415,9.310415,9.550415,9.700415,9.810415,10.440415,10.670415,10.680415,9.650415
0.39041504,-3.469585,-6.6895847,-6.6895847,-6.239585,-5.019585,-3.3095849,-1.779585,-2.5595849,-3.5495849,-2.279585,-1.9795849,-0.43958497,-0.23958497,0.49041504,1.560415,2.340415,3.170415,6.070415,3.9404151,2.770415,6.570415,-0.669585,0.06041504,-0.12958497,-0.30958498,-1.2395849,-1.2395849,-1.149585,-1.799585,-1.069585,2.400415,4.040415,-1.289585,0.67041504,1.330415,1.810415,1.660415,2.870415,3.300415,3.880415,4.530415,5.3104153,5.660415,5.840415,6.450415,7.100415,8.3204155,8.930415,9.590415,10.390415,10.630415,10.880415,11.160415,11.550415,10.870415,8.160415,10.130415,11.270415
-4.379585,-5.749585,-4.269585,-4.309585,-2.829585,-1.1195849,-1.019585,0.86041504,-0.37958497,-1.079585,-0.56958497,-0.46958497,1.060415,2.160415,1.960415,2.560415,3.830415,4.630415,4.950415,4.520415,2.660415,1.3704151,-2.409585,-3.609585,-2.719585,-2.699585,-2.449585,-2.639585,-3.379585,-1.159585,0.34041503,2.890415,-2.399585,0.07041504,1.300415,1.420415,1.560415,2.580415,3.040415,3.990415,4.570415,5.350415,6.130415,5.820415,7.100415,7.740415,7.980415,8.800415,9.380415,10.700415,11.040415,11.920415,12.490415,12.990415,13.440415,13.130415,8.410415,10.700415,12.310415
-4.119585,-3.239585,-1.569585,-1.1295849,-1.839585,-1.149585,0.640415,1.340415,0.55041504,-0.25958496,1.180415,2.310415,2.780415,1.9004151,2.620415,3.4604151,4.380415,4.900415,6.030415,7.300415,6.950415,0.59041506,-2.609585,-4.569585,-3.369585,-2.949585,-1.549585,-1.7595849,0.02041504,1.340415,2.540415,1.170415,-3.479585,0.890415,0.30041504,0.79041505,2.160415,2.510415,2.640415,4.5804152,5.660415,6.700415,7.200415,7.520415,8.040415,8.630415,8.870415,9.190415,9.740415,10.840415,11.940415,13.030415,13.950415,14.490415,14.790415,14.270415,14.120415,6.360415,8.710415
-1.299585,-2.279585,0.42041504,0.96041507,1.050415,2.060415,1.980415,2.380415,2.760415,0.80041504,2.220415,2.970415,3.2004151,2.530415,2.610415,3.480415,3.850415,3.970415,6.100415,5.490415,2.640415,-4.9195848,-2.829585,-2.349585,-0.939585,-2.8195848,1.5204151,1.190415,0.750415,-0.999585,-2.5695848,-1.549585,-0.59958494,-1.199585,0.06041504,1.700415,1.7404151,3.570415,4.470415,5.650415,6.350415,7.0804152,7.530415,8.360415,8.280415,8.730415,9.230415,9.620415,10.520415,11.290415,12.080415,13.020415,14.040415,14.760415,15.530415,15.720415,14.050415,5.650415,5.040415
1.550415,0.84041506,1.5004151,3.820415,3.9504151,3.580415,3.320415,2.550415,2.920415,3.150415,2.790415,2.970415,3.490415,3.160415,2.470415,2.610415,2.2104151,2.410415,1.3904151,-0.90958494,-4.529585,-4.179585,-4.099585,-2.359585,-3.239585,-4.049585,-2.509585,1.440415,0.26041505,-0.919585,-0.52958494,-1.159585,-1.419585,-0.549585,0.15041503,1.2604151,2.720415,4.050415,5.440415,5.660415,5.650415,6.570415,6.730415,7.300415,7.550415,8.090415,9.350415,10.190415,10.590415,11.400415,12.460415,13.460415,14.5704155,15.410415,15.360415,15.140415,13.730415,3.1904151,2.860415
