public/data/weather/2019/10/02/0000-wind-isobaric-500hPa-gfs-1.0.json
{"header": { "discipline":0, "disciplineName":"Meteorological products", "gribEdition":2, "gribLength":79309, "center":7, "centerName":"US National Weather Service - NCEP(WMC)", "subcenter":0, "refTime":"2019-10-02T00:00:00.000Z", "significanceOfRT":1, "significanceOfRTName":"Start of forecast", "productStatus":0, "productStatusName":"Operational products", "productType":1, "productTypeName":"Forecast products", "productDefinitionTemplate":0, "productDefinitionTemplateName":"Analysis/forecast at horizontal level/layer at a point in time", "parameterCategory":2, "parameterCategoryName":"Momentum", "parameterNumber":3, "parameterNumberName":"V-component_of_wind", "parameterUnit":"m.s-1", "genProcessType":2, "genProcessTypeName":"Forecast", "forecastTime":0, "surface1Type":100, "surface1TypeName":"Isobaric surface", "surface1Value":50000.0, "surface2Type":255, "surface2TypeName":"Missing", "surface2Value":0.0, "gridDefinitionTemplate":0, "gridDefinitionTemplateName":"Latitude_Longitude", "numberPoints":65160, "shape":6, "shapeName":"Earth spherical with radius of 6,371,229.0 m", "gridUnits":"degrees", "resolution":48, "winds":"true", "scanMode":0, "nx":360, "ny":181, "basicAngle":0, "lo1":0.0, "la1":90.0, "lo2":359.0, "la2":-90.0, "dx":1.0, "dy":1.0 }, "data":
[rows 0 to 24 of 181, columns 174 to 231 of 360]
1.0388256,1.1788257,1.3088257,1.4388257,1.5688257,1.6988257,1.8288257,1.9588257,2.0888257,2.2188256,2.3388257,2.4688256,2.5988257,2.7188256,2.8488257,2.9688256,3.0888257,3.2088256,3.3288257,3.4488256,3.5688257,3.6888256,3.8088257,3.9188256,4.0388255,4.1488256,4.258826,4.368826,4.4788256,4.5888257,4.6888256,4.7988257,4.8988256,4.9988256,5.0988255,5.198826,5.2988257,5.388826,5.488826,5.5788255,5.6688256,5.758826,5.8388257,5.928826,6.008826,6.0888257,6.1688256,6.2488256,6.3288255,6.3988256,6.468826,6.5388255,6.6088257,6.678826,6.738826,6.7988257,6.8588257,6.9188256
0.93882567,1.0688257,1.2088257,1.3388257,1.4688257,1.5988257,1.7388257,1.8688257,1.9988257,2.1288257,2.2688258,2.3988256,2.5288258,2.6588256,2.7988257,2.9188256,3.0388258,3.1588256,3.2688258,3.3888257,3.4988258,3.6088257,3.7288256,3.8388257,3.9388256,4.0488257,4.158826,4.2688255,4.368826,4.4788256,4.5788255,4.6888256,4.7788258,4.8788257,4.988826,5.0788255,5.1888256,5.2888255,5.388826,5.488826,5.5888257,5.6888256,5.7788258,5.868826,5.9588256,6.0488257,6.138826,6.2288256,6.3188257,6.3988256,6.488826,6.5688257,6.6488256,6.7288256,6.7988257,6.8788257,6.948826,7.0288258
0.10882568,0.16882569,0.22882569,0.30882567,0.38882568,0.4688257,0.5488257,0.62882566,0.7088257,0.7988257,0.87882566,0.9588257,1.0388256,1.1188257,1.2188257,1.2988257,1.3888257,1.4888257,1.5788257,1.6888257,1.7888256,1.8888257,1.9788257,2.0688257,2.1588256,2.2588258,2.3488257,2.4388256,2.5288258,2.6188257,2.7188256,2.8088257,2.9088256,2.9988258,3.0988257,3.2088256,3.3188257,3.4188256,3.5288258,3.6388257,3.7588258,3.8688257,3.9788256,4.0788255,4.1888256,4.2988257,4.388826,4.4788256,4.5588255,4.6488256,4.738826,4.8288255,4.928826,5.0388255,5.1488256,5.2688255,5.3788257,5.508826
0.9588257,0.8988257,0.8388257,0.7788257,0.7088257,0.63882565,0.5588257,0.4688257,0.3788257,0.26882568,0.15882568,0.048825685,-0.071174316,-0.17117432,-0.26117432,-0.3311743,-0.38117433,-0.41117433,-0.4311743,-0.41117433,-0.39117432,-0.38117433,-0.3711743,-0.3711743,-0.3711743,-0.36117432,-0.35117432,-0.3111743,-0.25117433,-0.18117432,-0.10117432,-0.0011743164,0.098825686,0.20882568,0.30882567,0.4188257,0.5388257,0.6588257,0.7888257,0.9088257,1.0188257,1.1288257,1.2288257,1.3188257,1.4088256,1.4888257,1.5588257,1.6288257,1.6988257,1.7988257,1.9088256,2.0288258,2.1488256,2.2788258,2.4088256,2.5488257,2.6988256,2.8488257
1.5288256,1.3788257,1.1588256,0.93882567,0.7088257,0.50882566,0.33882567,0.20882568,0.10882568,0.028825684,-0.041174315,-0.15117432,-0.2811743,-0.4611743,-0.6611743,-0.9111743,-1.1711743,-1.4211743,-1.6511743,-1.8511744,-2.0211744,-2.1511743,-2.2211742,-2.2311742,-2.2011743,-2.1511743,-2.1211743,-2.1311743,-2.1811743,-2.2811744,-2.3711743,-2.4311743,-2.4411743,-2.4411743,-2.4311743,-2.4211743,-2.4011743,-2.3611743,-2.3011744,-2.2011743,-2.0811744,-1.9411743,-1.7711743,-1.5711743,-1.3611743,-1.1411743,-0.9111743,-0.68117434,-0.45117432,-0.21117431,0.018825684,0.2588257,0.45882568,0.63882565,0.8088257,0.9888257,1.1788257,1.4188256
2.4788256,2.2788258,2.0788257,1.8688257,1.6388257,1.3788257,1.1088257,0.8588257,0.6088257,0.36882567,0.11882568,-0.15117432,-0.41117433,-0.6611743,-0.9111743,-1.1511743,-1.4211743,-1.6911743,-1.9711744,-2.2711744,-2.5811744,-2.9011743,-3.2111742,-3.5011742,-3.7111742,-3.8511744,-3.9311743,-3.9811742,-4.0211744,-4.0211744,-3.9711742,-3.8911743,-3.8711743,-3.9011743,-3.9711742,-4.031174,-4.0611744,-4.071174,-4.091174,-4.1011744,-4.0811744,-4.0411744,-3.9711742,-3.8911743,-3.7711744,-3.6011744,-3.3611743,-3.0911744,-2.8211744,-2.6311743,-2.4611742,-2.3111744,-2.1811743,-2.0511744,-1.9111743,-1.7411743,-1.5411743,-1.2711743
3.9588256,3.8288257,3.6788256,3.4888258,3.2988257,3.0288258,2.7088256,2.3588257,2.0288258,1.7088257,1.3288257,0.8988257,0.4088257,-0.10117432,-0.5911743,-1.0611743,-1.4711744,-1.8411744,-2.1311743,-2.3311744,-2.4811742,-2.5911744,-2.7511742,-2.9511743,-3.2411742,-3.5811744,-3.9011743,-4.2011743,-4.4511743,-4.6411743,-4.761174,-4.9011745,-5.1011744,-5.381174,-5.6911745,-5.9311743,-6.0611744,-6.1611743,-6.341174,-6.6211743,-6.8911743,-7.0411744,-7.0411744,-6.9611745,-6.8711743,-6.7711744,-6.611174,-6.4211745,-6.261174,-6.1611743,-6.1211743,-6.051174,-5.9211745,-5.7211742,-5.5011744,-5.2911744,-5.071174,-4.861174
3.1888256,3.2188256,3.0688257,2.8388257,2.7288256,2.8688257,3.0888257,3.2088256,3.1488256,2.9888258,2.8188257,2.6088257,2.2788258,1.8288257,1.2788256,0.7288257,0.22882569,-0.2811743,-0.7811743,-1.2711743,-1.8211743,-2.3111744,-2.6511743,-2.8711743,-2.9911742,-3.0711744,-3.2311742,-3.5011742,-3.8111744,-4.2311745,-4.841174,-5.5811744,-6.3511744,-7.0811744,-7.741174,-8.311174,-8.791174,-9.221174,-9.621174,-9.971174,-10.241175,-10.351174,-10.471174,-10.551174,-10.561174,-10.561174,-10.671174,-10.851174,-11.021174,-11.141174,-11.211174,-11.201175,-11.171174,-11.021174,-10.801174,-10.631174,-10.331174,-9.771174
5.3988256,5.0388255,4.638826,4.2288256,3.8188257,3.3388257,2.6888256,2.0588257,1.6288257,1.3688257,1.1088257,0.94882566,1.0688257,1.3688257,1.4388257,1.3288257,1.1988257,1.0688257,0.7888257,0.12882568,-0.6511743,-1.2011743,-1.4611744,-1.6211743,-1.8411744,-2.2211742,-2.7111742,-3.2011743,-3.8211744,-4.6511745,-5.5211744,-6.341174,-7.1811743,-8.031175,-8.871174,-9.661175,-10.411175,-11.161175,-11.921174,-12.6911745,-13.371174,-13.881174,-14.221174,-14.371174,-14.481174,-14.681174,-14.961174,-15.301174,-15.501174,-15.461174,-15.241175,-15.021174,-14.871174,-14.551174,-13.881174,-13.021174,-12.061174,-10.971174
5.448826,5.2088256,4.9988256,4.868826,4.8388257,4.8288255,4.7088256,4.3588257,3.8388257,3.1488256,2.4088256,1.8188257,1.2788256,0.5788257,-0.3711743,-1.2611743,-1.9811743,-2.4111743,-2.5311744,-2.1711743,-1.8311744,-1.7111744,-1.6711743,-1.6911743,-1.8411744,-2.4211743,-2.8811743,-3.1811743,-3.6911743,-4.4511743,-5.281174,-6.1411743,-7.1411743,-8.271174,-9.231174,-10.101174,-10.981174,-11.921174,-12.861175,-13.791174,-14.621174,-15.331174,-16.001175,-16.741175,-17.331175,-17.621174,-17.491175,-17.201174,-16.991175,-16.891174,-16.941174,-16.961174,-16.801174,-16.331175,-15.641174,-14.891174,-14.091174,-13.101174
6.4388256,5.9988256,5.468826,4.8988256,4.3088255,3.6988256,3.0588257,2.3888257,1.7488257,1.1388257,0.5888257,0.3188257,0.3788257,0.7888257,0.9888257,0.7688257,0.008825684,-0.9411743,-1.7411743,-2.4911742,-3.4311743,-4.3911743,-5.1911745,-5.7511744,-5.8911743,-5.6711745,-5.261174,-4.991174,-5.0611744,-5.4211745,-6.071174,-6.821174,-7.6611743,-8.591174,-9.511174,-10.251174,-10.971174,-11.761174,-12.521174,-13.381174,-14.241175,-15.021174,-15.741175,-16.321175,-16.781174,-17.201174,-17.521173,-17.861174,-18.111174,-18.191174,-18.301174,-18.131174,-17.511175,-16.661175,-15.531175,-14.491175,-13.801174,-13.631174
9.288826,8.8088255,8.318826,7.8188257,7.1488256,6.468826,5.7788258,4.988826,4.2088256,3.4288256,2.5888257,1.7288257,0.8488257,-0.0111743165,-0.80117434,-1.6511743,-2.6111743,-3.3211744,-3.1011744,-2.4711742,-1.9911743,-2.1211743,-2.9511743,-4.091174,-5.2111745,-6.2711744,-7.3111744,-8.501174,-9.521174,-10.081174,-10.301174,-10.351174,-10.421174,-10.491175,-10.6911745,-11.1911745,-11.611175,-12.061174,-12.901175,-13.791174,-14.661175,-15.151175,-15.4411745,-15.861175,-16.201174,-16.341175,-16.391174,-16.421175,-16.691174,-16.941174,-16.901175,-17.151175,-17.121174,-16.091175,-14.851174,-13.761174,-13.131174,-12.9411745
12.388825,11.668826,10.908826,10.418826,9.848825,9.158826,8.378826,7.5288258,6.738826,5.9788256,5.238826,4.5988255,3.9388256,2.9988258,2.0488257,1.2388257,0.39882568,-0.5111743,-1.5111743,-2.6611743,-3.5411744,-4.531174,-5.6011744,-5.7511744,-5.111174,-4.7111745,-4.9111743,-5.9611745,-7.5811744,-8.981174,-10.101174,-11.271174,-12.501174,-13.321175,-13.961174,-14.401175,-14.371174,-14.151175,-13.921174,-13.651175,-13.661175,-13.801174,-13.891174,-14.011174,-14.021174,-14.151175,-14.4411745,-14.641174,-14.831174,-14.961174,-15.051174,-15.421174,-15.721174,-15.381174,-14.701175,-13.951175,-13.171174,-12.361175
13.008825,12.598825,12.268826,11.928825,11.228826,10.8088255,10.218825,9.428825,8.658826,8.008825,7.5188255,7.178826,6.718826,5.968826,5.1688256,4.5388255,3.9488256,3.0888257,2.0088258,0.7788257,-0.5811743,-2.1311743,-3.5011742,-5.0011744,-6.531174,-7.631174,-8.911175,-9.371174,-8.381174,-7.4611745,-7.5811744,-8.401175,-9.561174,-10.861175,-12.081174,-13.041174,-13.641174,-14.271174,-14.951175,-15.411175,-15.791174,-15.751174,-15.221174,-14.551174,-14.021174,-13.331174,-12.921174,-12.901175,-13.211174,-13.301174,-12.931174,-12.741175,-12.851174,-12.631174,-12.291174,-12.041174,-11.481174,-10.861175
16.098825,16.308826,15.868826,15.388825,14.868826,14.028826,13.488826,13.498826,12.838825,11.268826,9.478826,8.368826,7.948826,7.5988255,7.2488256,6.5188255,5.468826,4.4588256,3.4088256,2.5288258,1.9588257,0.9888257,-0.45117432,-1.8711743,-3.4511743,-5.0011744,-6.6711745,-8.681174,-10.581174,-11.9411745,-12.831174,-12.401175,-10.231174,-9.6911745,-9.531175,-9.661175,-10.091174,-10.701175,-11.671174,-12.641174,-13.551174,-14.271174,-14.671174,-14.631174,-14.651175,-14.591174,-14.731174,-14.881174,-13.891174,-12.811174,-11.901175,-11.511174,-11.061174,-10.711174,-10.351174,-10.001174,-9.1911745,-8.621174
15.178825,15.688826,16.848825,16.728827,16.168825,16.268826,16.348825,16.108826,15.248826,14.198826,13.0588255,11.928825,11.028826,10.348825,9.488826,8.458826,7.2888255,5.8188257,4.3588257,3.0488257,1.9288257,0.7188257,-0.3011743,-1.3311744,-2.5711744,-3.1011744,-4.261174,-6.3911743,-8.121174,-9.701175,-11.531175,-13.021174,-13.9411745,-13.4411745,-11.981174,-9.661175,-7.741174,-7.031174,-7.4111743,-8.101174,-9.211174,-10.421174,-11.1911745,-11.901175,-11.931174,-12.401175,-12.891174,-12.601174,-11.991175,-11.341174,-10.771174,-10.241175,-9.831174,-9.521174,-9.261174,-9.031175,-8.761174,-8.271174
15.468825,16.798826,16.638826,17.328825,17.348825,17.318825,17.658825,17.698826,17.028826,16.138826,15.988826,15.388825,14.138825,13.478826,12.498826,11.418826,10.5588255,9.3088255,7.1888256,4.9788256,3.2388258,1.6988257,0.5888257,-0.7211743,-2.1011744,-3.2711744,-4.341174,-5.2711744,-7.0011744,-8.311174,-9.611175,-11.861175,-13.741175,-13.911175,-13.231174,-12.051174,-9.981174,-6.8511744,-5.1711745,-4.6911745,-5.6511745,-6.4611745,-7.321174,-8.271174,-8.651175,-8.461174,-8.391174,-8.501174,-8.621174,-8.6911745,-8.491175,-8.071175,-7.6711745,-7.3311744,-7.1011744,-6.881174,-6.7211742,-6.4411745
14.158826,15.938826,16.678825,16.788826,17.238825,17.858826,19.228827,19.668825,19.438826,18.908825,18.738825,18.468826,16.998825,14.758825,14.018826,14.118826,12.478826,11.158826,9.5588255,8.368826,6.718826,4.658826,2.7488258,0.5888257,-1.6311743,-2.9711742,-4.5011744,-6.031174,-7.241174,-8.511174,-10.251174,-11.861175,-13.111175,-13.681174,-13.901175,-12.811174,-10.661175,-9.221174,-7.4011745,-5.241174,-4.861174,-5.4211745,-5.4611745,-5.1911745,-4.9111743,-4.491174,-4.3511744,-4.261174,-3.8811743,-3.6511743,-3.8511744,-4.0211744,-4.0611744,-4.2711744,-4.7311745,-5.6911745,-6.4811745,-6.8311744
10.978826,11.678825,12.478826,13.578826,14.418826,15.038826,16.698826,18.318825,19.908825,21.078825,21.008825,20.478827,19.638826,18.888826,18.198826,16.838825,15.128826,13.228826,11.628826,8.848825,6.9788256,5.1888256,3.9188256,1.9488257,-0.38117433,-2.1511743,-3.6211743,-5.611174,-7.6611743,-9.021174,-10.591174,-12.101174,-12.961174,-13.261174,-13.151175,-12.001174,-10.621174,-8.271174,-6.0611744,-4.591174,-3.4611742,-2.8811743,-2.0811744,-1.9311743,-2.4511743,-3.2011743,-3.7911744,-4.7911744,-4.591174,-3.6811743,-3.4811742,-3.5011742,-3.4011743,-3.8511744,-4.4011745,-5.1711745,-5.7511744,-6.031174
12.178825,11.668826,11.0588255,10.178825,11.148826,12.838825,15.418826,18.318825,19.878826,21.438826,23.018826,23.528826,23.858826,22.228827,21.018826,18.838825,17.018826,15.868826,14.368826,12.068826,9.098825,7.7288256,5.7488256,3.1188257,0.008825684,-1.7511743,-3.1811743,-5.3311744,-7.3311744,-8.961174,-10.951175,-12.401175,-13.231174,-13.771174,-12.711174,-11.161175,-8.211174,-5.3111744,-3.6511743,-1.6111743,-0.45117432,-0.35117432,-0.48117432,-1.0511743,-1.5511743,-1.7811743,-1.9511743,-2.4211743,-3.2111742,-3.7111742,-3.9111743,-3.7211742,-3.7611742,-4.1411743,-4.821174,-5.9811745,-7.361174,-7.7111745
10.948826,9.018826,8.028826,8.598825,9.248826,9.528826,14.958826,17.988825,19.918825,21.508825,22.728827,22.928825,23.988825,24.658825,23.308826,21.578825,20.188826,19.318825,16.648827,13.958826,11.548825,9.038826,6.238826,3.8288257,1.4088256,-1.5611743,-3.2111742,-5.241174,-7.881174,-10.831174,-13.071175,-14.401175,-14.811174,-15.081174,-13.161175,-10.411175,-7.051174,-3.8911743,-1.0311743,0.38882568,0.8388257,1.5988257,2.3788257,2.6988256,2.6188257,2.4688256,1.5788257,0.8388257,-0.10117432,-0.61117435,-1.0011743,-1.4711744,-1.5811744,-1.3611743,-0.7011743,0.018825684,0.49882567,0.8688257
8.628826,8.738826,9.388825,7.758826,8.588825,13.588825,17.988825,20.508825,22.898827,23.458826,22.438826,21.238825,21.658825,21.958826,22.288826,22.368826,20.738825,19.318825,17.618826,14.358826,11.468825,8.868826,6.928826,4.3288255,0.9088257,-1.5611743,-3.7811744,-7.051174,-9.781175,-12.641174,-15.001174,-16.041174,-16.561174,-15.381174,-13.1911745,-8.311174,-4.2511744,-1.8811743,-0.32117432,2.1988256,3.7188256,3.8088257,4.2288256,4.988826,5.3088255,4.9388256,4.4988256,4.488826,3.5988257,2.8788257,2.4788256,2.6688256,3.0788257,3.4088256,3.3388257,2.8888257,2.7488258,2.8488257
8.168826,9.358826,10.418826,11.858826,13.828826,15.798825,17.598825,19.228827,20.758825,21.388826,22.208826,21.338825,20.228827,20.298826,20.218826,22.198826,21.328825,18.668825,16.518826,14.038826,10.778826,8.968825,6.4988256,3.0888257,0.11882568,-2.1611743,-4.9211745,-8.061174,-10.821175,-12.991175,-14.311174,-15.871174,-15.891174,-13.151175,-8.591174,-4.261174,-0.74117434,1.6888257,3.1488256,4.988826,7.638826,9.848825,10.778826,10.568826,9.008825,8.258825,7.4988256,7.0288258,6.638826,5.868826,5.5188255,4.698826,4.4588256,4.428826,4.5988255,5.0688257,5.3288255,5.238826
8.348825,9.518826,11.038826,12.508825,13.878826,15.108826,15.858826,16.698826,17.958826,18.378826,18.598825,18.308826,17.108826,16.768826,17.658825,19.048826,20.368826,17.928825,14.988826,12.638825,9.908826,7.1288257,5.1288257,2.0688257,-0.36117432,-3.0111742,-6.0411744,-8.651175,-10.321175,-10.901175,-13.361175,-14.401175,-12.481174,-7.7011743,-3.5111742,-0.25117433,2.5288258,5.8588257,8.628826,10.208826,10.918826,11.448826,12.508825,11.908826,11.718825,12.868826,12.748826,12.148826,11.978826,11.688826,10.818826,10.108826,10.0588255,10.068826,9.248826,8.368826,7.4388256,6.698826
9.988826,11.028826,12.118826,13.208826,14.748826,16.218826,17.388826,18.198826,18.168825,17.878826,17.378826,17.158825,16.258825,15.168826,13.718825,15.568826,19.448826,17.418825,14.868826,11.108826,8.448826,5.488826,3.0988257,0.7288257,-1.8611743,-4.9111743,-7.531174,-8.981174,-9.361175,-10.531175,-12.291174,-10.551174,-7.1011744,-3.7011743,1.0788257,3.6888256,4.7988257,5.4188256,7.238826,8.358826,8.568826,8.608826,7.8488255,9.628826,9.708826,6.3488255,8.238826,10.528826,8.358826,5.388826,5.2488256,7.5588255,9.468825,9.068826,8.438826,8.948826,9.268826,8.678825
