public/data/weather/2019/10/02/0000-wind-isobaric-10hPa-gfs-1.0.json
{"header": { "discipline":0, "disciplineName":"Meteorological products", "gribEdition":2, "gribLength":44367, "center":7, "centerName":"US National Weather Service - NCEP(WMC)", "subcenter":0, "refTime":"2019-10-02T00:00:00.000Z", "significanceOfRT":1, "significanceOfRTName":"Start of forecast", "productStatus":0, "productStatusName":"Operational products", "productType":1, "productTypeName":"Forecast products", "productDefinitionTemplate":0, "productDefinitionTemplateName":"Analysis/forecast at horizontal level/layer at a point in time", "parameterCategory":2, "parameterCategoryName":"Momentum", "parameterNumber":2, "parameterNumberName":"U-component_of_wind", "parameterUnit":"m.s-1", "genProcessType":2, "genProcessTypeName":"Forecast", "forecastTime":0, "surface1Type":100, "surface1TypeName":"Isobaric surface", "surface1Value":1000.0, "surface2Type":255, "surface2TypeName":"Missing", "surface2Value":0.0, "gridDefinitionTemplate":0, "gridDefinitionTemplateName":"Latitude_Longitude", "numberPoints":65160, "shape":6, "shapeName":"Earth spherical with radius of 6,371,229.0 m", "gridUnits":"degrees", "resolution":48, "winds":"true", "scanMode":0, "nx":360, "ny":181, "basicAngle":0, "lo1":0.0, "la1":90.0, "lo2":359.0, "la2":-90.0, "dx":1.0, "dy":1.0 }, "data":
[rows 25 to 49 of 181, columns 228 to 284 of 360]
15.4215145,15.4215145,15.4215145,14.621515,14.721515,14.821515,13.321515,13.121515,13.121515,13.321515,13.221515,12.221515,12.021515,12.221515,12.821515,13.021515,14.021515,14.721515,15.021515,15.221515,15.521515,15.4215145,15.021515,14.821515,14.321515,14.021515,13.9215145,14.321515,14.221515,13.521515,12.721515,12.621515,12.321515,12.121515,12.621515,12.621515,12.4215145,11.521515,12.021515,12.721515,13.221515,13.521515,13.721515,13.9215145,13.721515,13.4215145,13.021515,12.521515,12.4215145,12.821515,13.221515,12.821515,11.9215145,11.4215145,12.021515,13.221515,14.521515
14.021515,14.521515,13.621515,12.721515,12.621515,13.321515,13.221515,12.721515,12.021515,12.121515,12.021515,11.4215145,11.121515,11.821515,13.021515,13.321515,13.721515,15.021515,15.721515,15.9215145,15.321515,14.821515,14.621515,14.521515,13.821515,13.321515,13.321515,13.721515,13.321515,12.121515,11.521515,11.721515,12.4215145,12.9215145,13.221515,12.821515,12.4215145,11.621515,12.221515,13.221515,13.9215145,13.9215145,14.321515,14.821515,14.4215145,13.721515,13.4215145,13.121515,13.221515,13.721515,14.321515,14.321515,13.821515,13.4215145,13.721515,15.021515,16.221516
12.521515,12.621515,12.721515,12.321515,12.521515,12.121515,12.621515,12.4215145,10.621515,11.221515,12.4215145,11.9215145,12.521515,12.021515,12.9215145,13.221515,13.521515,14.021515,14.4215145,14.621515,14.121515,13.721515,13.721515,13.721515,13.121515,12.821515,13.121515,14.321515,14.021515,13.321515,13.521515,13.221515,12.521515,12.321515,11.821515,11.721515,12.221515,12.9215145,13.821515,14.321515,14.4215145,14.9215145,15.321515,15.121515,15.121515,15.4215145,15.4215145,15.621515,14.821515,14.221515,14.321515,14.4215145,14.521515,14.121515,14.721515,15.721515,16.421515
11.9215145,11.9215145,12.121515,11.221515,11.521515,11.9215145,11.721515,12.221515,11.621515,11.221515,11.721515,12.121515,12.121515,12.121515,13.021515,12.721515,12.321515,12.721515,13.321515,13.521515,13.4215145,13.321515,13.621515,13.221515,13.621515,13.9215145,14.521515,14.821515,13.9215145,13.721515,13.221515,12.221515,11.9215145,12.621515,12.821515,13.221515,14.321515,14.9215145,15.521515,15.9215145,15.621515,15.821515,16.121515,16.021515,16.221516,16.721516,16.621515,16.121515,15.221515,14.721515,14.621515,14.721515,14.621515,14.721515,15.021515,16.021515,16.421515
9.721515,9.821515,10.721515,11.821515,11.621515,12.221515,12.4215145,12.121515,12.221515,11.321515,12.021515,12.521515,12.4215145,12.021515,12.621515,12.721515,12.4215145,12.4215145,12.621515,12.721515,13.121515,13.621515,13.621515,13.721515,13.9215145,14.521515,14.621515,13.9215145,13.9215145,14.321515,14.121515,14.521515,14.721515,14.021515,13.9215145,14.4215145,15.4215145,15.721515,15.9215145,15.9215145,15.9215145,15.9215145,15.821515,15.521515,15.621515,15.9215145,16.421515,15.9215145,15.221515,15.4215145,15.021515,14.321515,13.9215145,14.521515,15.321515,15.621515,16.021515
8.121515,9.021515,9.321515,10.221515,11.4215145,12.4215145,11.821515,12.021515,12.721515,12.4215145,11.021515,11.821515,12.4215145,12.9215145,11.9215145,12.221515,12.621515,12.621515,12.721515,12.9215145,13.621515,14.221515,14.321515,14.521515,15.021515,15.121515,15.221515,14.9215145,15.021515,14.821515,15.021515,14.621515,14.021515,13.821515,14.321515,14.621515,15.121515,15.221515,14.9215145,14.821515,15.221515,15.521515,15.721515,15.4215145,14.821515,15.021515,15.221515,15.521515,15.721515,15.9215145,15.521515,15.721515,15.321515,15.321515,15.621515,16.221516,16.121515
6.2215147,7.621515,8.221515,8.9215145,9.121515,10.121515,11.121515,11.021515,11.021515,11.621515,12.021515,10.821515,10.9215145,11.621515,11.121515,11.621515,12.321515,12.4215145,13.321515,14.021515,15.021515,15.4215145,15.121515,15.521515,15.521515,15.221515,15.121515,15.221515,14.721515,14.821515,14.621515,14.621515,14.321515,14.221515,14.321515,14.9215145,15.021515,14.721515,14.4215145,14.221515,14.621515,15.221515,15.621515,15.9215145,15.321515,14.821515,15.4215145,16.021515,15.821515,16.421515,17.221516,16.921515,15.9215145,15.821515,16.421515,16.921515,16.821514
5.7215147,6.321515,6.921515,7.121515,7.421515,8.021515,9.621515,9.521515,9.321515,9.821515,11.021515,11.521515,10.521515,11.4215145,11.321515,11.821515,13.121515,14.021515,14.721515,14.221515,14.521515,14.9215145,15.221515,15.821515,15.9215145,15.321515,14.821515,14.621515,14.221515,14.4215145,14.321515,14.221515,14.4215145,14.621515,14.4215145,14.221515,13.9215145,13.521515,13.221515,13.321515,13.621515,14.021515,15.021515,15.9215145,16.421515,17.021515,17.021515,16.921515,16.821514,16.521515,16.321514,16.721516,16.521515,16.521515,16.821514,17.621515,17.521515
4.7215147,5.7215147,5.021515,5.7215147,5.7215147,6.421515,7.7215147,8.221515,8.321515,9.4215145,9.821515,11.721515,10.721515,11.121515,10.821515,12.221515,13.121515,13.721515,13.821515,13.221515,13.121515,13.721515,14.221515,13.821515,13.521515,13.9215145,13.9215145,13.821515,13.821515,13.521515,13.721515,13.521515,13.4215145,13.821515,14.521515,14.321515,14.321515,14.521515,15.021515,15.721515,16.021515,16.221516,16.621515,16.021515,16.421515,16.321514,16.721516,17.121515,17.521515,17.221516,16.821514,16.821514,17.321514,17.921515,18.021515,17.821514,16.921515
4.621515,4.921515,4.921515,4.821515,5.7215147,5.921515,7.021515,7.921515,8.721515,9.4215145,8.9215145,10.021515,10.4215145,11.221515,11.4215145,12.221515,12.121515,12.321515,11.9215145,11.321515,11.4215145,12.021515,12.721515,13.021515,13.121515,13.021515,12.821515,12.621515,12.821515,12.9215145,12.721515,12.521515,13.121515,14.121515,15.121515,16.021515,16.621515,16.921515,17.321514,17.621515,17.021515,16.521515,16.321514,15.521515,15.221515,16.021515,16.521515,17.921515,18.821514,19.321514,19.121515,18.521515,18.221516,18.421515,17.621515,15.9215145,15.121515
3.3215148,3.3215148,3.6215148,4.2215147,5.121515,5.7215147,7.021515,7.421515,7.521515,7.7215147,8.321515,9.221515,10.721515,11.721515,11.621515,10.9215145,10.721515,10.721515,10.4215145,10.9215145,11.121515,10.821515,10.721515,11.621515,12.4215145,13.221515,13.121515,12.321515,11.721515,11.621515,12.321515,13.321515,14.521515,15.821515,16.521515,16.521515,16.021515,16.321514,16.721516,17.021515,16.321514,16.121515,16.421515,16.521515,16.921515,16.721516,17.321514,17.821514,18.621515,19.121515,18.721516,17.521515,16.421515,15.4215145,14.021515,13.521515,13.621515
1.8215148,1.7215149,2.421515,3.8215148,4.821515,5.621515,5.7215147,5.621515,4.921515,5.921515,7.321515,9.4215145,10.521515,10.121515,10.021515,9.9215145,10.121515,9.9215145,9.4215145,9.321515,9.721515,10.521515,11.321515,12.021515,12.521515,12.321515,11.521515,10.721515,10.9215145,11.821515,12.721515,13.521515,14.521515,15.221515,15.321515,14.9215145,14.821515,15.4215145,15.821515,15.9215145,15.321515,15.521515,15.821515,16.421515,16.121515,15.821515,16.621515,17.021515,17.521515,17.721516,17.521515,16.721516,15.021515,13.721515,12.521515,12.221515,12.321515
2.721515,1.9215149,3.221515,3.521515,4.921515,5.7215147,5.2215147,4.821515,4.421515,5.621515,7.121515,8.121515,8.021515,7.921515,8.221515,8.521515,8.4215145,7.421515,7.121515,7.921515,9.321515,10.721515,11.021515,11.221515,10.9215145,10.221515,9.721515,10.121515,10.9215145,11.4215145,11.821515,11.821515,12.021515,12.9215145,13.521515,13.9215145,14.121515,14.521515,14.221515,14.721515,15.121515,15.321515,16.021515,16.721516,16.621515,17.121515,17.021515,17.521515,16.821514,16.521515,16.021515,15.221515,14.321515,13.9215145,13.4215145,12.621515,12.621515
3.921515,3.421515,2.421515,3.921515,5.2215147,5.7215147,5.521515,4.921515,5.021515,6.2215147,6.821515,6.321515,6.821515,7.321515,8.321515,8.521515,7.821515,7.121515,7.7215147,8.821515,9.721515,10.321515,10.9215145,10.621515,9.021515,8.9215145,9.821515,10.621515,10.9215145,11.021515,10.521515,10.4215145,11.121515,12.4215145,13.321515,13.321515,13.021515,13.221515,13.9215145,15.121515,15.321515,16.021515,15.121515,15.721515,15.9215145,16.821514,17.521515,16.921515,16.121515,15.021515,13.721515,12.721515,12.4215145,12.321515,12.9215145,13.121515,12.821515
3.8215148,3.421515,3.1215148,4.421515,5.821515,6.621515,6.421515,6.521515,6.821515,7.521515,7.421515,6.521515,7.7215147,8.621515,8.9215145,8.721515,8.121515,7.621515,8.221515,8.521515,9.321515,10.4215145,9.521515,8.4215145,8.121515,9.4215145,10.721515,11.021515,10.121515,9.321515,9.621515,10.521515,11.121515,12.121515,12.521515,12.721515,12.521515,11.821515,11.9215145,12.721515,13.721515,14.4215145,15.221515,15.721515,16.121515,15.9215145,15.9215145,15.621515,14.9215145,14.121515,12.821515,12.4215145,11.621515,11.321515,11.9215145,12.621515,13.4215145
3.8215148,4.521515,5.2215147,5.921515,7.121515,7.321515,7.621515,8.521515,9.021515,8.4215145,8.521515,9.121515,9.9215145,9.321515,9.721515,10.021515,7.7215147,7.2215147,7.821515,8.721515,10.121515,9.9215145,8.121515,7.2215147,9.121515,10.821515,10.9215145,10.221515,9.321515,9.621515,10.521515,11.121515,12.621515,12.621515,12.221515,12.221515,12.021515,11.4215145,11.321515,12.521515,13.4215145,13.821515,14.521515,15.821515,15.821515,15.621515,15.721515,14.021515,14.621515,13.321515,12.9215145,12.021515,12.121515,11.4215145,12.521515,13.121515,13.821515
4.821515,5.421515,7.021515,8.021515,8.621515,9.021515,10.521515,11.021515,10.221515,9.4215145,10.621515,11.221515,11.521515,11.121515,12.321515,10.9215145,8.9215145,8.021515,8.021515,9.721515,11.4215145,10.021515,8.4215145,8.9215145,11.621515,11.521515,11.621515,10.821515,10.621515,10.621515,12.021515,12.4215145,12.121515,12.721515,13.521515,13.021515,12.9215145,13.4215145,14.121515,14.021515,14.821515,15.221515,16.121515,17.021515,15.821515,16.121515,15.121515,14.4215145,13.321515,12.721515,12.021515,13.621515,13.821515,13.121515,14.621515,13.821515,15.4215145
7.421515,7.521515,9.9215145,11.221515,10.9215145,12.021515,12.821515,12.621515,11.621515,11.121515,12.021515,12.721515,12.9215145,12.9215145,13.521515,12.321515,11.021515,9.021515,9.621515,12.321515,13.021515,11.9215145,10.021515,10.821515,11.721515,12.721515,12.221515,11.121515,11.521515,12.721515,13.521515,12.4215145,13.321515,13.4215145,13.621515,15.021515,15.321515,14.821515,15.321515,16.321514,16.521515,16.721516,15.721515,14.021515,15.9215145,16.821514,15.9215145,14.4215145,13.321515,13.4215145,14.721515,16.621515,16.721516,16.321514,15.121515,15.321515,16.521515
8.721515,9.521515,10.121515,12.521515,12.021515,12.221515,12.821515,12.221515,11.4215145,11.9215145,12.521515,12.9215145,13.321515,13.4215145,13.4215145,12.4215145,10.021515,8.9215145,11.621515,14.121515,14.321515,12.9215145,11.621515,10.821515,11.621515,12.4215145,11.621515,11.121515,12.721515,13.9215145,13.4215145,14.721515,14.121515,14.521515,15.4215145,16.621515,16.921515,17.121515,17.521515,17.021515,17.421515,17.121515,15.521515,16.221516,16.321514,15.821515,17.721516,17.021515,15.821515,15.621515,15.9215145,17.721516,17.921515,17.621515,16.721516,16.421515,16.621515
9.721515,10.721515,10.821515,12.721515,12.621515,12.221515,13.121515,12.4215145,12.021515,12.4215145,12.4215145,12.9215145,13.321515,14.121515,12.821515,11.121515,9.521515,10.021515,14.021515,16.121515,13.821515,12.021515,10.521515,9.4215145,11.221515,12.221515,12.021515,12.721515,14.521515,13.321515,12.321515,12.9215145,14.221515,15.4215145,16.721516,17.221516,17.021515,17.521515,17.421515,17.421515,18.221516,16.921515,15.621515,15.321515,14.221515,13.721515,16.221516,16.621515,15.821515,15.621515,16.321514,16.021515,17.321514,16.121515,17.321514,18.521515,17.221516
11.121515,10.9215145,11.721515,12.621515,13.021515,12.621515,14.321515,13.621515,12.821515,12.321515,12.321515,13.021515,14.321515,12.821515,11.821515,11.221515,10.021515,11.521515,14.621515,14.621515,13.321515,10.9215145,10.4215145,11.621515,11.021515,12.521515,12.4215145,13.4215145,12.821515,12.4215145,13.121515,13.121515,14.621515,16.221516,17.321514,17.221516,16.721516,17.021515,16.821514,17.521515,19.421515,18.521515,15.9215145,14.521515,13.821515,12.9215145,14.021515,15.621515,15.4215145,16.721516,15.321515,15.721515,17.521515,17.121515,16.921515,17.921515,17.521515
11.121515,10.9215145,11.721515,12.121515,13.121515,13.621515,15.021515,13.821515,12.221515,11.021515,11.821515,12.721515,12.221515,11.821515,11.9215145,11.021515,10.621515,12.4215145,13.4215145,13.821515,12.721515,11.9215145,11.9215145,11.721515,12.621515,13.321515,14.321515,12.521515,13.121515,13.521515,12.9215145,14.321515,15.221515,16.221516,15.4215145,15.621515,17.221516,17.321514,16.921515,17.021515,18.421515,17.521515,16.521515,14.721515,13.321515,12.721515,12.821515,13.821515,15.721515,15.221515,15.621515,17.021515,18.121515,17.121515,17.421515,15.821515,16.621515
10.321515,10.121515,10.321515,11.121515,12.121515,13.021515,12.821515,11.621515,10.121515,10.721515,11.521515,10.521515,10.521515,11.821515,11.321515,10.9215145,11.521515,11.621515,11.4215145,13.021515,13.321515,11.9215145,12.121515,11.021515,12.121515,12.321515,13.721515,13.321515,12.721515,12.621515,14.021515,13.821515,15.721515,15.9215145,14.821515,15.621515,15.621515,16.521515,18.121515,17.721516,19.521515,15.821515,15.4215145,15.121515,13.821515,11.021515,13.321515,14.221515,14.621515,15.821515,15.9215145,17.721516,17.521515,15.321515,14.321515,14.021515,15.121515
8.221515,8.621515,9.121515,9.021515,10.021515,10.621515,9.4215145,8.621515,8.721515,9.121515,8.121515,8.621515,9.521515,9.9215145,9.521515,9.821515,9.121515,8.721515,10.621515,12.121515,11.4215145,10.721515,8.821515,8.621515,11.321515,11.9215145,11.221515,12.021515,12.621515,12.621515,13.621515,13.521515,12.9215145,12.321515,12.4215145,14.021515,15.521515,16.121515,15.621515,17.821514,16.921515,15.821515,13.221515,13.9215145,12.9215145,12.121515,13.4215145,13.721515,14.021515,14.221515,15.9215145,16.021515,16.121515,14.321515,14.4215145,14.521515,14.621515
6.621515,6.821515,6.921515,7.321515,8.021515,7.321515,6.921515,7.321515,7.621515,6.621515,6.621515,6.321515,6.2215147,7.521515,7.621515,5.821515,6.2215147,7.121515,8.521515,9.521515,7.921515,7.121515,6.7215147,8.4215145,9.021515,8.121515,8.4215145,9.221515,11.621515,12.021515,10.721515,10.321515,9.521515,9.621515,9.621515,12.021515,14.121515,12.121515,13.4215145,14.4215145,13.821515,13.021515,11.9215145,12.4215145,11.621515,13.021515,12.621515,12.321515,11.4215145,13.721515,14.4215145,14.521515,13.221515,13.9215145,15.4215145,14.4215145,15.9215145
